"x"
10.872078664409
1.51493094323626
6.62976359017193
2.20901472494006
4.2082377942279
5.66727975383401
6.91169013734907
5.3108970168978
1.41424608882517
13.4338310122585
2.47264196693807
9.45588340982795
3.08348590042442
1.06535390477346
9.50640653174671
5.32246539369226
3.07909254916012
5.60644252691418
8.62519708462059
2.13974586399317
2.05444720833723
4.42440004553646
11.7967265192419
5.11017892441138
5.1681496668607
14.1479422571138
1.46933547134606
2.51099281013012
0.0358576643019484
2.28959901043649
4.20435392078933
2.9474037932232
4.88902523534583
0.843456267036047
6.43089252989739
2.76693163905293
3.57729599345475
11.6431973641738
1.59481395967305
8.60767199192196
0.529033161268541
10.0483997026458
0.826441193930805
10.3247871389613
10.7780458172783
7.08972788678778
3.86070739477873
4.39083918463439
7.8610529191792
0.489988254467432
1.84186301395299
0.307376803527196
1.73004185780883
0.981336366385221
7.30542398523539
5.95737516414374
11.8458389537409
2.83738828729838
10.9614981105551
1.08210523612797
6.29471151013411
0.0980660784989595
6.12654276618576
7.07423748671374
4.33528774883598
2.33165702434613
5.84765539970249
0.353259826079011
5.49926948733628
0.0614293152466416
3.1152788316831
5.533432145603
2.82654736656696
3.37932778056711
2.97992464153243
1.76917050176847
7.32136021833867
6.74803087022156
7.88186891004443
3.35612840172034
13.4383081225678
4.00728324893862
2.29217050115678
3.87373962439597
10.5396072968868
2.21699005924165
0.52376157140091
0.626589350704251
3.81076404907301
3.85951590724289
14.0560544794425
0.218260249604973
1.50741848588098
0.424651405774057
2.03318626154214
2.61176316055398
5.48193762457071
5.07675979305255
4.46972898567167
11.7088783998042
2.56148819947076
2.69776077475399
0.35771990173917
8.49812058731914
5.02347124877237
1.83846938889474
1.08036305755377
1.53188111726195
5.21327580790967
4.23819557763636
9.69524157699198
0.516618397271605
5.00115340109915
1.83145364734019
3.85707101492975
0.334780756384134
2.57873015943915
0.952525692991912
9.11642330414808
8.09720323886722
0.23591963108629
1.8795122159645
3.15210055559874
4.35999243719558
10.9469691291451
2.73978116534708
8.84091362822801
3.07730748318136
2.73383094463497
1.88316414411054
1.99917243124904
3.01852214626063
0.558689446188509
6.3083654968068
4.98075398958268
4.8772468464449
4.16331061268303
3.03663150407374
8.51712746080011
6.28954791971357
1.36280542677679
4.60266943555325
1.73327738905267
5.79221409279853
0.629307597696521
0.545970862731338
7.59741582442075
0.732106529176235
15.0552302366123
1.62363904389928
2.21245086286217
3.96441551767243
1.96501916348132
0.160226830632697
2.93354766909033
0.502553147701746
0.888824628612569
4.22601958271116
10.0179380504414
3.05193208623677
2.76846269244879
2.05567273254722
4.40469931829727
2.3662244567598
1.7288148868829
6.49578482843935
4.60553145967424
2.96928039751947
10.0816370220855
11.4844873780385
1.2483986203814
0.395066851303636
3.23134335198378
4.98313456773758
9.77907283231616
7.94330270303727
4.14527296088636
6.21865082066506
14.606391149573
2.93333574663848
5.7562759378925
2.81218595337123
1.35119906626642
3.35772650142877
0.347777898423374
10.3302331175655
0.0223169336095452
11.6305655756574
3.7694444967145
9.66451696585864
1.99628381524235
10.1740401005372
0.871034205047682
5.4203090723604
5.56841648649424
6.53692709747702
0.0507798744365573
3.0762686394155
1.01143317297101
3.30858046654612
0.167339042876281
4.7621539823029
8.11267817780706
4.06205493491143
1.74834749988571
5.84580502472818
1.51836388770527
7.71479172109403
6.6329984460026
7.24598088002427
2.57288811262697
14.0158757334575
3.84221422398487
3.69118483251741
3.0205967836082
6.28151991404593
3.22128990665078
10.2514625992626
4.0903318207711
3.97200176066312
7.77771414723247
6.40027826644912
1.61228114777315
11.3211087902504
0.415175720560326
5.56059097871184
1.87522064921302
2.8101459145546
6.7401977951824
0.239138421602547
0.0415674330380637
8.00260331606
3.70078606065363
4.20752747776381
4.34659034945071
2.51900063276922
1.6082949237898
3.21835344090147
1.27010194119066
0.896425289101899
1.43951827194542
1.87714746780041
4.26014314772432
14.5590516738594
2.68074505575203
1.58521288540214
0.292328681523599
3.57098445775515
0.797246649156719
2.32027596794069
0.785840942456478
5.64267644658685
5.65812198910862
11.3071731757373
7.25770355670964
0.752438954077661
8.01507520955056
7.20981223315423
0.535526149906218
3.29398645553738
3.69135484449819
0.701309870438079
0.363154872320592
3.98235248867422
1.32875061247992
9.77016894798137
1.87776626553386
11.1764951662956
7.94754239950276
8.09961850766766
7.71447659935802
0.472140280689108
4.66592088341713
4.76431450806558
15.3567776532374
3.6068008314735
1.39822547706092
8.31843210112235
7.44032247981724
14.4993366440758
4.77416729554534
4.46720394181461
0.134890905948638
6.15124674513936
3.77013087272644
1.280492474325
5.96204260364175
3.87204147409648
11.623449344188
2.01757529011247
8.73196093501542
5.51442197649525
5.814842676364
9.82013482134789
6.94156773388386
5.99526807200164
3.76269605476409
2.84262895650254
4.39048493201335
0.309025263413787
1.48881707393962
11.1187314614654
6.00915422610161
3.1134196723799
3.83987408802755
1.68065214529634
6.15784892838602
1.54172240290791
0.0229493741406846
11.5511288675759
5.32493676905418
3.0588851775974
3.20526883006096
9.88030901644379
11.5968847414479
6.33837702448109
6.18911104030372
9.12696434552011
0.0843903282657266
6.15620771422982
0.0244630966335535
2.20148345258504
2.39071492105722
3.40632861692204
6.72105669509619
1.80821388347279
1.30163917783648
2.25257566198707
1.19413937216466
5.85178209003061
0.489103235304356
10.3476844764023
7.33268726457604
0.883312904588789
4.38400402199477
3.10488113151503
0.28991112485528
1.89494912046939
1.74989670049399
0.25209141895175
11.5315724397078
4.58539186511189
4.54199607654343
8.51925385650247
2.18266363709953
0.325209787115455
0.0472650863230228
5.5884765615033
4.84879146314287
1.5382883977743
4.22487200703472
5.85218274281965
13.2328127045184
4.96753249317408
1.95722536207924
1.00667776643772
1.37779560317149
6.92560927542186
1.25678926706314
9.49764146935195
1.97288586289632
3.8964192615822
10.550545877777
0.447500706650317
0.850419700145721
1.14204008132219
3.67304638025012
2.9406493762508
4.92700440809131
3.31862957682461
5.06348167546093
6.40350215161782
9.79317789897323
5.74284170288593
8.34941717330366
5.63814324297501
4.68704102853513
3.46276159398258
2.74809552356601
1.49752767756581
5.96479335799813
4.03951686779369
1.85059898067266
0.995056569208902
7.94458902131737
8.00288326572627
2.60935224073908
3.81637075915933
2.81739763449878
11.2491312014829
7.94656898360699
0.0136963052542752
4.37031239271164
6.5315970003092
6.41159757520554
3.94558795566352
4.58614316303283
5.86787785869092
0.73832148430151
9.80501214507967
1.98253363328862
5.63397030378879
0.561340665444732
0.882877362892032
0.197767556252331
10.0487096700817
2.10468559130527
1.83458765669885
3.3434484153986
0.684927910074887
3.25965603160145
1.44898411976832
7.98663790337741
1.19484667666256
8.43374801333994
2.59980570990592
5.78280319459736
8.5182138502906
1.15670281307689
3.39845428243279
3.5807246296469
4.11457573063672
1.67735416340142
6.6364201952785
2.34979426621913
6.09561552194997
6.13759699859455
4.44379849359393
1.28051717765629
1.79316270320631
7.98350565860182
1.07811200432479
4.1840267851665
1.25264753587544
1.33476469200104
0.081419968046248
5.20792186725885
10.3007487752707
4.66600377879525
1.66554073942211
0.842129485681653
3.74158006161451
2.84948134550966
3.87583202682436
3.74823547899723
0.0707240309566259
2.28155192453414
6.45592427146343
1.63841663471167
1.11232607105012
8.60147250350565
0.788176734931767
5.95224596544551
1.64281069301069
0.838650783867622
4.38253651484576
12.8033661516383
5.06029250100255
10.1117275422439
6.61387202649565
9.54128161538392
3.73707916587591
2.9207291310798
4.17999492492527
4.18261879805323
2.8877338860184
0.351537086709969
10.5475184973329
2.91644570710357
0.93294985126704
1.70705104991939
1.52438771910965
6.44602325431026
5.43250765185803
3.43891500508451
8.6371659534052
0.326913571916521
5.87870937270487
0.511674582958221
6.05574382934719
9.00786186102778
2.52469957251116
3.20032415911555
5.76042933688594
0.404775464181821
4.23939512111247
10.2177336346358
3.00552709959447
2.07506942097098
0.496131602573762
4.13445830701749
6.04400509037077
5.93506278862234
4.4420562737878
2.18505873344839
1.68564924970269
2.16336958106524
0.448189143894599
8.37814330589026
1.2610526470506
0.390223786234856
6.42698954325169
2.25645580862735
3.71603157836944
2.7694178226456
8.23908149242078
9.99939773408
0.786571227945387
2.23771030328143
5.31385252252221
0.621874281205237
0.227894471650619
12.573871947825
11.1851228168234
3.67608496453613
9.78424229912362
2.0747730275616
2.96666906504393
2.73792739808923
4.66519525962311
0.164027931168675
0.623079272918403
4.69662546302933
12.4212724156678
4.03626831248403
3.14261636749569
3.20414057971433
2.04059911157076
3.96381593309343
3.05493340456045
5.13917653387575
3.49828283533634
3.38326172156592
6.66043455712497
3.75517492452063
3.43230885869001
1.04926092201032
4.04309334081659
4.76522156968713
0.122031225221718
1.76605214684252
7.4040079023689
3.9128887001425
1.802758604169
6.31117497105151
9.93416716810316
8.26352237088017
7.19242993840246
7.63470918697045
3.11589876967004
0.0755270943045616
1.91333460949507
1.0169138899073
11.5141164790601
6.25901443418115
3.32865847929439
3.85319166091115
9.25699926447123
5.33721474930644
9.17300647124648
8.69336301068387
8.74085905174414
0.133133897609649
12.0915270177647
11.1719530810614
0.135819689896585
0.493946356737987
7.24555780179799
3.62461798861342
1.76330611575395
5.61332376932298
8.86561027728021
4.43223090842366
2.56676807650457
8.40138927324866
0.156904241844982
1.05537787545202
1.60010743783202
3.94547581666799
2.00346122937589
1.43551887071308
0.902701029554009
2.73205102421343
3.89742264524102
4.37715526204556
8.14239710963954
14.9468075318485
10.5631527025253
1.41413842577863
3.62590450055661
0.903722831180463
3.9085118798539
0.365815930524032
8.46281753347797
1.82698389980942
1.16918856266379
1.99491577222943
0.369477663720121
2.66941697336733
7.15482726227492
2.60647873243767
10.7515320119814
4.88628123421222
3.17316558212042
5.0740621984005
6.5715687116608
0.685164425522089
5.5263630580157
4.52044883277267
1.75422090105712
0.815989426337183
6.78308293605894
2.82834983026314
0.0257184728980064
11.5840090205893
6.29990417422529
3.01333047469276
1.89616440329701
9.38691250048578
5.10715923737735
6.03342612739652
4.82901262585074
0.377046501241039
5.04310599062592
2.02810631748915
8.25980775989592
0.555631751194596
4.47781444527209
8.45908669289201
1.07397520914674
9.24420410301536
3.10798618011177
6.22058300231265
4.56052800378374
3.7215017946437
1.96225130930543
1.48170832544565
3.20591072086245
9.17124154511839
8.60965687315911
1.42899454697201
3.11787652971808
1.53033304959536
4.95246648788452
10.7591811334714
2.96258074855657
2.56114640026426
4.70904183281601
5.84421195756574
2.79001121273316
1.9003662513569
2.98591028333318
4.84479267615825
0.515748537145555
12.2402659850195
0.703153340145946
6.45009734463016
10.0605217011869
4.73502196837217
5.11120927657813
1.08214342909911
16.1444478668272
5.39880122523755
0.400715212703204
1.35604166425765
8.66385957744927
5.10092236152014
0.545826507732272
2.5380046218486
1.23011705916356
3.55644503142685
3.50929683423921
0.939559633843601
3.73060535639524
4.9220192246139
6.60857050761209
18.2961472775787
6.6397990565747
1.17036845500937
0.292926664714419
4.96192243881524
2.43071708828211
6.52147548966442
4.28086233812421
2.43176952935755
2.84141455776989
2.13685418363895
1.35798344996896
1.84114600997418
3.47337175626308
1.58069496974349
7.05205097328871
0.552455807642577
1.80556098930538
5.17163265030831
6.26985698346368
4.19358922276196
1.41259953379631
3.73093080706894
0.534442719072104
4.9683288205415
5.24208889553149
2.93794905301183
3.35543800896078
9.95981923770159
2.68528868909925
13.2754768477753
14.131054119207
0.121983489952981
4.19833379889014
4.63450685845624
10.4047021828592
4.55283483024687
5.77884091058819
0.466215005144477
5.24830300328751
6.42080875113606
7.11444220945394
1.12732345332544
3.68494207876339
2.49804810255975
3.08456826023757
2.71721465978771
5.3592132171616
3.51664533965443
1.93465392144901
8.09735185466707
10.2113267823862
9.25311108585447
3.54623964522034
1.05451804120094
1.04845487204252
10.1782351266593
1.06177486013621
5.10755814611912
2.43615079671144
1.88600686805071
1.85376820154488
0.20261590834707
7.01710804667593
0.0864687841543168
6.89612422138453
6.21371432207525
5.55951016407279
3.34817252587527
3.98312725592405
2.73031296098108
0.309434463270009
1.28330357838422
0.219333916902542
2.9033612158121
1.56855199020356
0.397223280742764
1.4960419819601
2.86702066874621
1.0947506457868
4.03505033537055
8.83212580811232
4.4775765389204
6.04394850254222
5.43710696048049
0.537869120216259
0.384113670678762
4.65130275115371
0.312077918431378
4.64700029808147
5.81831524614245
11.3946833414957
10.011819167994
2.18920805491507
0.628302679948269
8.03891997801207
1.86426431349372
11.6833517560735
3.94312394782901
9.90907070226967
8.97998984437436
0.0712091801688075
0.598802627064288
5.88579410092897
9.63731038279358
4.86925106431586
0.137981120496988
4.69311711906589
0.648455438101606
0.360826402902603
4.72222315565
11.6931066965969
0.369698833674192
3.31130321137607
4.92117960151207
8.77311853691936
9.20166957657784
8.53476654738188
4.3575300835073
0.465118139982224
1.78507580079433
8.54668798856437
7.39142817910761
4.15109863970429
10.2559515099933
3.76878448296338
7.23858515266329
10.9212189447135
6.8290644026855
15.2051311382109
8.28137909993529
1.46768563131676
3.95269063000017
2.40344647318125
3.12188437674195
8.66090012308458
4.64067903815435
8.49892345722765
4.1851326982136
3.00661327058828
1.41154588200152
11.199011374265
4.52753262339356
15.3253822820261
3.16783508751541
1.06482020965758
1.72368908129677
7.43512412687294
1.88387397211045
0.202960526976733
1.5356604946112
9.54144482367446
1.56419185212906
6.49505322799087
5.92145363334566
0.589934084564447
3.80800686773135
2.85805225231762
5.30200896413959
0.846500626524927
0.420122948968408
0.377609705769505
2.26453907985649
4.23632932612639
1.97501149277908
1.78260653997505
7.6368564972654
7.58019089698792
6.73825517296791
2.02207174152136
3.43050516140894
7.3522882927387
5.9837041773754
1.50575500447303
9.5961838156993
12.735284329392
5.8198960730806
6.6345798230507
2.943693427369
6.70044964123446
6.17476054467261
1.20522896759212
0.943063013255596
8.23449371076782
7.44317688513547
4.14946642704308
10.7009279043466
11.494904034771
2.92647834867239
11.5999691886827
0.148012605495751
2.26938729174435
4.35074884444475
9.02143055227604
2.77774835321855
11.0207211691886
4.29691122844815
3.93622696802298
6.75718630832793
2.19050319865346
4.87108621570966
0.381120014935732
4.81907159527215
0.202512527775978
7.79864707033155
0.151290312128074
2.48951155226678
3.63323148339987
4.78149107188854
1.22855771332979
1.44082659488466
3.2192067850085
2.34341432806104
0.02975317183882
3.96581043023616
9.92975066266993
3.83688269648701
0.944758462719619
4.71080294810236
5.91017401311547
4.46868008002639
1.08810261168087
1.2778786365213
4.70676333643496
4.84212606679648
0.223848284953553
1.92667064256966
4.17378665879369
6.35856322478503
2.43261252542841
6.47334367968142
2.23730483558029
2.57265045553452
14.1206595318499
1.64779633504781
0.00229934567004159
0.31529653351754
11.9413391919807
2.94315032143323
7.90103855898149
2.88157588802278
4.4342280831188
9.59932352416217
3.59580699773936
3.81439831107855
0.0349079724401236
6.05768536407422
5.69659902248532
6.9707107692672
5.14781274548985
13.4189529810101
10.0248370785266
1.41678762156516
2.59756332320932
6.10313783399761
2.16785277658299
4.28507868200541
1.10464617609978
1.56805391364803
6.5256077434642
3.31043300774756
0.580630502312159
8.0986209679395
4.49669249355793
0.342946805524209
0.40618097409606
6.32015969604254
8.3864355942762
4.53722319332765
2.15340892318636
1.09073317144066
6.08815716114977
16.640285984613
6.43930230605281
2.90527113247663
4.20125348027796
3.08964745606808
3.26786218205804
3.82118381700733
15.8047384683547
5.37476256895814
2.73070688783463
1.0908103082329
2.71521839313209
0.759618659503758
5.48816532827914
1.90512164048403
1.67165598832071
1.35786437895149
1.87160442583263
0.687204441055655
3.40981514151124
1.82930005248636
6.29504583775997
5.97216612659395
4.77173316368592
0.650296310625711
1.16099063307047
4.10263328813016
6.08981782210396
10.4442980373278
1.8737097736448
7.42342101875693
4.49202656745911
7.41704769898206
0.665765440037586
2.64459611410089
3.09950446244329
3.7570811342448
10.3777388576418
5.46126624474494
15.2604452101514
15.3594527160749
7.4836689907167
1.89029612612738
2.02522283553887
4.75151589151738
5.16508680678496
3.5123486071825
7.53652350977063
1.81754466611892
2.26566018536687
0.607086420963457
0.627735885791481
1.3984675751999
8.30693002282942
8.43892137054354
6.38244492001832
3.40760968209096
2.83695184625685
12.0083170710132
6.2713624315245
1.16081607982504
6.27569801542497
3.3812964335084
4.9330298860319
1.05892571154982
3.63306123917116
5.14485822146454
5.70472416002303
5.91302926186472
3.99681624749072
6.84767590124588
10.8498157234862
3.01591597963125
0.0931493937969208
4.16533064562827
6.1404971871525
9.62901326717208
6.31183842197061
3.49786924361036
7.56514493880641
4.97231469489634
6.75244526655105
5.18452948890626
9.61473137140274
4.36453388538212
1.32561671609139
4.07610086258501
1.56126009965483
4.02887335512787
3.32927185870047
0.0313610737541552
2.67492937751628
4.25998936407268
0.562653476295545
1.75209234002978
1.52290496427755
1.74003422725946
3.08675920516433
3.57182756997645
0.821318244561553
8.80324328318238
3.78250956521239
0.990806947510301
1.96779233009678
7.25597732234746
0.699617713689804
2.4767758557573
9.59597222972661
6.47099581547081
1.25606202197288
4.69746140297502
1.0973148047924
4.26313441125072
2.28172657079995
6.96101527706303
1.01021549198776
8.6195481242612
3.82566655257525
3.61897655066914
10.2493740338047
5.32734256703407
9.70514973159879
0.342966755852103
4.03755034785718
2.88179106174728
12.2370325733126
3.19784289826782
5.57477721013129
1.21664539910853
4.50888383202255
3.1959776322643
8.89415444655384
3.82325373647597
3.36683951318264
8.36627883836627
2.14254495725415
1.56822070598001
3.73599916435412
8.94512622617185
11.2692179285935
2.2871631430462
1.36705031179911
5.76957192098233
5.31581731047481
4.53930300575221
6.38181858230382
0.171327308172331
3.65772668737918
4.83845376801013
0.960910157300532
4.73003637177634
2.80482651136207
2.72403136163992
2.00841436162591
10.286373924464
7.34304843936116
6.67068656228789
7.90139720687639
12.2962272203507
2.12337700650096
5.9600027743727
11.7412368068472
2.22692315001041
1.14206916235245
3.40583074947689
3.88969009987641
1.77569780498743
1.3686619356463
0.879233980761057
3.75979777891189
0.383124681719255
10.6209956575185
3.16762769671064
12.0493114227429
1.19602661892834
2.02801310099088
17.0154645753871
3.06283887475729
3.52056110277772
2.28267030324787
0.183193820044824
5.54192650597543
4.99262434896082
3.06622846983373
0.902669884987123
2.44776248000562
4.37584517057985
3.32713632779248
2.57903507445008
13.4869571700419
6.11489227741533
3.30436513759196
0.668607465922832
3.42378864319456
4.35652751475573
8.3778859904076
7.31744501146828
8.24424135498703
1.975363362466
5.66811183880128
3.54733993299305
8.22251923172542
4.30220391326363
4.35674022880068
5.1380631281063
3.36758403573185
1.44537852611393
1.30107251837614
0.657461441307281
0.723725371938386
12.1202681044507
2.32131567317992
4.40966828538665
2.99243449410412
1.72573432791978
4.45828552273915
8.8102197740227
5.71843080175129
1.79292417597026
12.1314568445086
9.19144004583359
8.12852394301444
6.62474570842412
6.06351823080331
1.8821895184965
3.3603026997298
0.342745683155954
7.39310984499753
3.35531870368868
1.517872675322
0.00241654925048351
6.53614827647063
3.24229511241269
4.32989872060716
4.69123280952567
3.90001558698714
4.49875222984701
6.77985053778378
6.6579288803041
1.38213033979596
4.35898760333657
8.0677286721766
1.22488571796566
10.5504418956116
1.44387335902351
2.66560132066949
2.90177935152565
6.64917428512126
1.45185950677842
0.502320355735719
7.75557830929756
4.14151453878731
6.12844058778137
3.35040837526321
8.18202940464686
0.630948585708983
10.7868100668778
6.73014379572123
3.24449557811022
6.72759702429175
4.68540070578456
1.0914801619947
9.63451014831662
4.0103071834892
0.0470458064228296
2.63921224805971
3.96335909608752
10.9198273625225
0.723010068759322
15.4277768883765
9.90258183792543
9.23591728787869
0.279471494208899
2.20811315325226
6.42909046728164
1.80004097055644
0.833254006954105
3.1491968938779
3.64168270025402
2.19174379712819
3.94996683133279
2.28674348859411
0.290074176155031
7.90561849717051
0.756946579624312
7.64651030767709
1.68920416549592
12.4154626158997
2.56061141406115
6.93096535081034
2.07599049899727
1.43324756063521
8.01959382370114
10.2846621995279
6.55191335827112
1.38692024922463
9.66481817886233
1.97400678880513
4.48711756616831
4.88932237100335
3.48174320094475
1.95026358570626
9.3226909833508
8.11671961564571
5.86489422712475
0.701143642956757
6.68193260207772
12.218568508845
5.88853281972318
1.55848138965666
3.67057891562581
16.537988721393
1.09770809089698
1.48970405086908
4.29146729875356
17.1160359376709
2.52126918639988
6.62989432457834
4.17393327225
3.35571547974587
11.9875533502421
5.05809690922028
6.29828425589949
1.75043851249203
2.56341503419674
2.39765555597842
2.00116662308574
0.0994613016189808
6.50057163344366
4.19287753757089
3.67188105298239
2.04398280475289
6.80945189669728
0.900265549717106
1.03709970333818
3.37538367602974
4.42426856607199
6.34957771459794
1.51168941051893
10.907952580601
2.2467084066471
0.994002001087224
7.70168784735547
4.33998990511116
10.2377717848867
8.12676604837179
3.45852195610986
7.70959055196569
2.44137567933649
2.97855812252724
4.49520174879581
5.44512227643281
11.3480655709282
0.690683140419424
5.39305815473199
0.401192923048921
5.66422364208847
8.54010533175998
0.721053257106831
2.03016359237219
3.71166589801565
13.3269990065932
0.511240074836234
0.749543868005276
2.39063941407949
2.16782974681446
1.05829344898935
4.06689799856395
11.317496560514
3.02395149084961
0.137339485809207
10.3732734220102
4.72678001970053
1.756700890772
3.63638328853995
1.06515847146511
5.79585801324664
3.61046206671745
4.87664008978754
7.43518857633378
3.29256777185947
6.25140352204999
3.95256266929209
0.0316100660711527
3.60608554910868
2.58058533072472
5.44475454625336
10.3793755639344
1.07468587812036
2.52336704137739
0.490983948111534
3.8079037796706
1.39971806202084
6.70890395479594
1.67849266435951
3.28795164823532
5.0001455238089
1.13874891366035
10.3248376630037
5.18054906278849
1.93733146691624
1.63759150892999
0.630052143496237
6.71917611918228
9.36732864938676
7.10440424736589
3.4816034603864
2.94523695483804
2.78387179132551
3.9174465145595
0.151301641418548
8.27734181657434
4.57823988981545
6.35529207065701
0.663253106176853
8.35686433129013
2.97930874450624
4.96020682621747
7.41340185049921
7.25463046692312
5.03605958074331
7.43124515283853
2.50900672188959
5.9194825934312
2.74358981620105
0.502283407301472
3.63693677641313
10.7660406289766
5.79789194365864
1.93597517977737
2.18024083878845
4.29820705416818
7.85080399364233
2.31331034391595
2.63736629994892
0.0694922700507689
0.138817513759989
0.331697007641196
3.04848055820912
6.00149671081454
3.37194730527699
4.83905780129135
7.69650464047827
0.604300852864981
6.06694351881742
3.05410325527191
1.72422840878071
9.3584225513041
9.83832970362957
10.145847289823
1.56306030293108
8.83374242112041
3.54829654491785
2.43493720868541
6.00564987398684
0.964154226818131
5.18969476688653
3.27255191925597
4.26442420575768
2.98364415895152
2.12183143012226
13.2681948365644
0.727826825238344
1.71949313953519
6.04550794232637
9.50198514703027
3.81668247364466
13.0564850289375
2.36931155123611
0.0505926785990596
6.79276814798102
3.45804559333644
6.47096910926388
4.41560109611601
2.30106681119651
0.609623617492616
3.78017012321446
7.03049486037344
2.56272480282308
4.60007816950441
5.60887505390366
7.27128121911645
4.20201793313026
0.148996824766355
10.521201742813
5.02548737024985
7.12874126620591
2.89544095285237
2.12389050583537
5.40621562460839
0.0688462983816862
1.61444805562496
6.4623876940459
0.76728906791841
4.35733853476331
0.901366444304585
10.8373033348471
4.65228625107557
9.41328580956906
12.046477291733
5.42841129936278
12.5513139822563
3.7464166758582
4.80773262164329
2.44912607595325
8.40626731551962
2.14669029228389
0.175517750903964
8.25708527117968
6.9632455939427
6.44190414539238
1.47865348192032
5.58421341566593
4.52460343949497
6.01824505720288
6.1727821839723
5.42739776428789
0.883829826489091
1.85110321231354
0.273079482701383
6.00320263765752
2.23314454779029
3.85540552853703
13.5117386234924
12.4680444315738
1.02978707291186
11.3747573224828
4.52224087642649
10.7405555667356
0.688904652417377
4.62035562377423
0.472617361629799
4.0832927916199
10.9542156088159
2.49872978854978
2.09348511905939
5.93761699274182
5.10299044118947
4.90724647858198
2.90328876581043
5.97682436083386
1.80416123475879
2.0497655404345
2.67630002927035
1.6189187240725
1.01438798608001
4.27743275649846
0.712146866135299
3.90002998178816
0.0711992245515711
0.827056402340531
4.56479861371918
4.19663665816188
3.17130864289862
10.9884639893662
10.4069083181504
4.08513082657009
11.0071768052876
0.420054909773171
1.5614116564393
7.30744265019894
4.2207887629047
10.7515519915564
0.132618518546224
10.7063725357875
3.03198685869575
1.14060776457418
3.23530328460038
1.44053962653911
1.1501781642437
4.31604438927025
0.0741607509553432
2.37739055883139
17.9721672518902
0.700255832634866
1.42577586229891
3.42514622025192
1.12694409961903
1.91985792480409
6.62836404517293
1.6797356544967
5.6217833654955
7.79976004268974
2.21829818538893
5.56123326532543
5.08458733092993
8.96473911125213
2.60583127383143
7.77370468517488
8.61859992146492
2.98386868089437
0.0953550217673182
0.380206832640675
6.14655871750811
1.05375456623733
7.34297146555036
2.12737643329672
5.51713018528428
4.95660665910691
5.58303958336105
9.30270438548177
10.2881257422268
3.69539270177484
2.61948914267123
7.89145284953865
3.68047712792211
2.61506764184325
3.224513113192
4.92017543420827
1.12791468251617
17.6033040972775
1.9509745551686
3.60697265714407
3.54236816056073
0.382965221069753
3.0656192817122
3.69732283068102
6.54311261605471
8.77773723981127
3.30879858229309
4.38375869029824
12.9372591892846
3.60926040448248
6.16585174067261
3.2916460884735
7.45183755643666
7.23704933220549
2.07823360240074
0.0521171166252649
5.72591389063746
2.39422056985709
7.06653990358774
4.96509857242159
1.34841676335782
4.80793565511703
0.0459053893113268
3.24519773473121
4.90296727512032
3.42189040966332
0.183255481533706
7.60064865961257
0.546882619797183
5.92634410131723
0.118798213680128
5.94289339407987
8.35615049581975
1.95009520372311
1.40494382940233
2.4065179578859
0.303228734992445
11.8495400995016
0.332402891483083
7.29573594871908
5.01141816672533
0.451946482100334
11.4942488726228
1.49867867585272
5.21351861980283
8.35761204361916
5.5729299550876
1.53365195728838
1.87588566914201
1.71780669419752
5.52678089588881
5.50806326791644
0.241471617482603
1.43319491762668
4.25943648726561
3.99028114043176
1.54961794646635
4.8419181490317
5.13338216114789
2.01158062554896
3.22133605368435
2.51906984485686
17.4207419578003
3.78445971291512
2.92387541383648
7.64863475704022
2.59001916159315
9.38422963153856
7.79577976731817
2.09676406811923
5.58689024765044
6.59869089022981
0.984892259022332
0.742058362811804
7.04648089595139
9.49965629194764
14.0116397546594
0.37978728577483
0.873806094750762
6.30193690303713
3.85100315324962
10.1473983377218
0.0622528372332454
1.04350672373478
4.47227596305311
1.49270474740158
0.417100847698748
2.12383272591978
1.06840091757476
10.0503277499229
5.20178349688649
6.33763868827373
2.93333849420002
2.80412853346501
2.75234161239973
0.599475421375068
3.98797963280231
1.46561653491623
0.263367616571486
4.89771834108979
4.28385310806334
3.40302311083228
10.7586197787896
5.52360850851983
5.3629320138651
0.430415004167445
0.894390628673136
8.41406288091093
4.08955318754038
5.02266171388328
9.20832215342671
3.19323709700257
3.44506278634071
1.24182075686661
5.584725904674
4.88877505995333
0.800332686555358
3.04257824037793
4.32726491705989
3.73251859564334
2.24383885506541
2.22516162126119
7.00520473881728
4.20710658654571
1.68395779217582
2.30468821246177
1.18610742501915
8.30842435825616
7.79886657936915
4.44193207658827
1.00163402118964
5.22980020620291
11.4649298600852
11.5948022576049
13.6009649606422
9.11209018945195
12.6378153683618
5.28749109166282
2.47565451726523
5.54668878022094
0.507156720965431
5.71515280753374
4.11558274884067
2.75716306641698
6.39121648827495
2.86455398891121
4.33420524524621
7.36053608882787
1.75671470351517
4.70899010863372
7.16362884268165
5.91142936609685
4.81275187339634
5.04949174018485
4.68481683637947
5.83737445995212
1.51166602570141
0.322938058525324
9.19419048311993
5.98238355014473
10.2945786435157
5.68350637331605
11.2984350882471
3.22374445386231
5.31134488992393
4.09877526108176
6.50891275145113
4.67328907742109
5.14469761828198
5.57983432212568
6.18607495991172
9.71868229098618
0.0441397307440639
8.62588055897504
2.39348491642069
9.66244205747728
13.0994429450451
1.30615876987576
10.7241308316588
2.78583611361682
10.4783789130999
7.84381555858999
2.2151839453727
4.06189360655844
5.24269486777484
8.49626946728677
3.38261289374598
0.876570283435285
7.07407554145902
6.32065131666379
1.9069839531255
3.10761868833073
3.77951855990344
4.75644548423588
12.1277451049536
0.455959729934353
7.24023375660181
0.433025555685163
1.44991375099226
4.91538554898749
8.50658128038049
0.643605186483357
2.9394953045994
7.36450140830129
1.05545260519496
1.69910409022123
11.9611847736422
0.526404677116185
0.65335740800947
8.97086194954013
5.4136871593073
0.531031183316857
4.46191939265888
5.7926677044153
0.920610409229994
5.14746420842185
0.935805945469994
3.6745666526258
1.25536533516305
4.60828437935561
5.73478254955262
2.21981345675886
2.2691663687788
4.22716904431581
4.27976048085839
5.18024528864771
4.08912431448698
0.979785434901714
2.81074040098981
0.282966096162602
4.56252228468657
4.65236431365644
1.40868066113192
1.75982099026442
0.830621899688201
2.69471709689292
3.73036109376699
4.11532341968268
2.63066270874546
0.361283682286739
1.32289838511497
12.0977286016569
3.61300058395335
0.794788975845366
8.53281239151158
2.72946347399716
4.51061603187624
11.9641636032611
1.54420926701277
4.76504910017687
4.60703652352095
5.02612458076328
1.77754661999643
0.926072116044278
8.19427088859846
4.74720138590783
1.85406109316565
4.31799299829987
5.83782445173711
2.02746473589631
0.382690658537803
5.72269197061133
6.10933415591717
3.19776116437664
6.52555923443288
0.515332049690187
5.18499226309359
4.53781778924167
7.43191535584629
2.30244810424809
0.427209516991815
1.46959749750012
1.88769210000881
0.241087349715343
3.48356921789637
4.27669491833591
9.24702771008015
9.1282645187801
5.2874448061855
2.83320342256961
9.56963430936216
2.98158715035522
10.6260307154635
3.29813251304009
0.296163279563189
2.95244532171637
2.08369648298061
4.52165533788502
7.50270990489096
2.82902515764855
1.16691611195468
11.9124630698934
2.10987075697631
6.75082793459296
2.62636023107916
12.7373254226639
0.360633339732885
4.71758399679444
7.93200677102906
5.80112389005327
4.74102951120585
0.553345400840044
1.81537037715316
1.48907129187137
6.94159176200628
5.23962799925357
1.07737547622271
3.54315231273652
3.72503192629665
5.60997461434454
0.710918707773089
3.97003784752566
5.80612841045734
1.59276588819921
1.26476128705974
0.0584189376202209
3.78045886680495
1.99999450705945
0.724234197486433
4.75502277258784
9.87609894946218
10.1390518946573
4.72093769349158
3.81369071789126
1.69289341498867
1.43420856911689
4.68105835623502
9.25373393110931
0.0271104509010911
12.4154376781845
6.66893520392478
4.41095307050067
4.3343992670998
6.52103974772309
5.7263555470854
5.96764602169039
3.47592821344733
5.36920726299286
2.50720374751836
2.2659482434392
11.4864021618902
1.11295867245644
12.8580460092053
1.80530799552798
13.4452986507995
4.78434648830444
0.315124416283488
0.841386965475976
1.1196336010471
2.86163338460028
5.18370665706588
2.71111510708428
10.5561678388223
7.26897399781428
3.01109571009874
6.31557706141051
5.40401614271104
0.132947488821007
2.6362641248852
1.47286290302873
3.56316276079953
9.68758184180268
6.61419359967113
4.95933635326661
1.29784704186022
4.22377018257976
11.9528627721593
6.23842605855316
3.11658349819481
4.68381626381324
4.22111994732732
2.48165419325233
4.15131198224006
4.65793085240258
7.02923194039613
10.3672665776685
0.875117978521835
3.39208127563647
2.68580784453681
6.34471907091267
0.465703685767949
1.26399810118809
8.86040600016713
0.531907984865062
4.95643426352158
1.57137683327684
3.78919494401656
1.33961848451584
1.72484535723925
3.74506590887904
0.46007614582777
3.94530249759555
3.37517554871738
5.39148384705186
3.33234849385917
2.33890740200877
7.60095429223793
6.69758366965479
2.41145745385438
0.76321205124259
3.3204450737685
1.69098225890329
0.897441245615482
1.24353144783527
0.409017177298665
9.32567587587982
5.47487696705422
4.11124613601714
2.0485820248723
16.2809239700437
4.24680563155562
1.07111893204317
5.62355675728108
8.23570366483182
4.1938062524423
2.10085578728467
6.07467882369771
1.65668851695955
3.5088837845251
0.717456173151731
0.259207794442773
7.73063700070211
0.682909437455237
1.68649321421981
3.844084427692
0.684708706103265
1.87928199302405
3.6140169681701
0.435788113838111
4.07867825124413
8.79955748554254
5.14893149678563
2.06015293952078
2.03814469825467
4.6716621145606
8.4845974085253
4.84082743059844
1.47323248905188
13.4254351025447
