"x"
2.65001598745584
10.0547548502565
5.82950779733975
19.4050491787493
5.71023542433977
6.56832635022619
6.28860276316564
9.66858970932662
29.724572350523
8.03803819770872
3.01452866013058
4.811802925542
6.80326730944216
14.7898836251311
8.95907012745738
17.5788530837833
18.8849147828333
4.6359962405503
11.2738558367083
5.36453304812312
4.17221927598058
15.1203172747046
4.30461210565675
3.6339450610062
6.61291093308968
14.9481424676322
9.69902524825014
5.89525057002902
5.32424682751298
11.2876629456878
8.7287449819639
1.55155239626765
7.5414992403239
8.20078072795463
18.7392935622483
24.7901274356991
0.623645074665546
7.26870689541101
9.50933115903326
29.2824388481677
3.85755556635559
6.10935652303042
7.00635318644345
25.1632139552385
11.955808987841
14.8336776532233
14.3413476064433
19.0696662996255
17.7812062669545
7.97015754505992
13.2965969853103
6.0996370085344
13.3203379809856
4.40081716515124
2.45964464017346
7.78249818831682
3.89831791135419
1.9538634112695
3.65766430239497
4.41092852370464
4.28125462494791
16.5106711909175
3.31025910563767
3.39113106019795
12.7517005170312
12.5732865650207
7.36903003416955
20.6652862951159
11.9862497784197
20.6806576109058
22.6395722478628
25.0822385773063
8.5942813936124
11.0383715480566
19.7649149224162
4.43602143349416
5.79145164228976
1.00180761593748
12.1129442265245
10.3278880938888
9.6429332048738
7.1337643545121
6.55995504930615
9.95245068334043
6.54634991521684
3.50170382298529
7.81066780909896
24.3198890704662
9.65504865450352
5.77174508944154
0.903098005801439
9.77676383770905
12.1428630912844
5.58592914603651
0.0916738528758287
5.89219518005848
29.822482354939
21.6796636321008
5.59861063957214
5.76104487886313
0.625040602805333
1.50296907650228
1.18074249476194
2.82290486351863
6.20787306688726
10.7827479433227
4.88779977895319
20.9859843777078
5.86687671020627
0.783387642703128
6.41590204390369
13.0787608679384
7.67799010500312
7.47880174516273
2.97065378791938
20.1707372047468
2.82739051617682
16.9852350911774
9.28628525251819
9.80268167154787
13.1236393157903
13.1995726842433
4.88498468908612
2.37960908561945
25.9487968703807
9.65650514699519
14.3831677294608
11.384838167578
9.92269993038655
0.00449884188115671
11.6809068713337
2.28079883381724
10.8791639816917
8.54593603871763
22.8025699965656
10.1856882683933
9.60732082293835
10.3542721830308
1.97068112902343
11.4730052184314
9.34068844653666
22.9408511090051
5.44680622406304
1.88333899766844
12.8040169365704
5.7487709321369
23.8441054243594
3.22844553738832
11.175356467702
17.9534701138998
19.0281183458865
9.79267214658202
13.9887052588165
2.5171451306129
4.18119197711349
1.33153824135661
9.8005352076143
0.402344629346335
14.243072969839
20.4260710626841
17.9794445619138
15.3568619047487
3.42008527368307
4.28155199624598
5.70325725062295
2.21936509146298
0.463459776713607
8.04460388608277
5.72683257050812
15.3134090360254
20.3903686051324
7.06950851660249
2.77382931672037
2.62130796673941
15.4326167386732
11.8754067050193
15.7334179151803
0.897714868187904
6.53628701993247
4.26098481556118
9.4683887009785
2.132571122781
3.61333349719644
9.26026608794928
15.8019859343767
7.52537110820413
3.74087923201817
2.09663356654346
2.93010298117692
26.3821318745613
4.86144199967384
7.56180551834404
17.6745302006514
4.7170050732789
1.66231685425341
0.431286590173841
6.49614790454507
0.762168268970365
10.440145616011
7.08141373470426
8.27458125927229
8.92442492768168
10.8484055713196
2.83478097990155
5.66344694234431
1.82467935297211
4.06278233236633
0.992823698392799
25.8680574130267
9.58315099210506
3.06738391518593
21.0474451491275
22.1368901431561
9.9614546895398
16.8722881004214
4.95674298144877
6.23678900301456
0.258287697998716
3.72033487074077
8.19326314659688
13.0964570879465
3.22322524152696
0.464909197762609
10.0789446849376
21.7934895137955
3.34802009146817
19.0689797978848
15.5028241686523
19.5039772428572
3.84970692770549
17.7956574596465
19.4672832265496
9.71117145381868
0.508384254429932
2.62538664974272
8.2675212715073
12.698103644981
2.28345906757274
19.0762916114181
9.37708998098969
12.8135433211633
19.8770619928837
0.61651556994064
10.5358149856329
24.7708204202354
9.68383895233274
12.7102000510741
4.97655845247209
7.59883389932776
12.7653998788446
4.74468879168144
16.4277497213334
13.0101665388793
7.21102734096348
2.56843907422592
10.9453044831753
0.23907485135142
5.31959318493469
30.9667522152343
9.03748478740454
1.97875281343382
11.0115243587643
0.893788269967108
12.2906567528844
4.5551257673651
5.39682537770341
16.6872536763549
7.18361563049257
6.92978040315211
12.0013068430126
0.536849484073544
4.74402508698404
1.40977897681296
3.66308753045818
0.00344393774867058
9.94291370734572
8.99235429946055
15.8562349155545
1.8375510408103
14.5530086010695
2.64956943054038
16.7793155375087
27.5588135235012
10.0656694266945
21.3485776738039
12.9456254184195
5.56199013284681
10.5544921942055
2.83190468326211
11.946017621085
3.02818297277258
22.0060345251113
8.51531459286818
13.4780673775822
10.2938552387059
16.4279230404645
10.2164651267231
6.66353623382747
14.9887422565371
9.19498968869448
4.57408353686333
6.33367234840989
6.10517766326666
15.7194654972654
10.1696133147925
6.1207752674818
6.46160821038558
4.54515377735283
16.1595838692692
13.9719303231686
28.4359926823527
13.7232459150255
11.2127139476967
22.4140298552811
8.45575258135796
6.38615102507174
8.27690805668463
12.1394356247038
8.05000592954457
11.9513766374439
6.99249394237995
12.3842798619074
5.27469804717574
4.37735849991441
6.69676004476201
9.03783100746385
4.13543623872101
15.7661081757396
2.50924848951399
21.7806602828205
9.70057085719322
3.04024719851631
2.09212723420007
3.85471973568201
12.343630464516
6.49528056383133
12.7020255161161
8.4807608379099
20.5784437677899
2.78334178692563
6.21659569442272
9.76811800749507
7.27540999650955
6.56787358207196
1.34897059593165
4.07844046081061
17.6927872392811
4.87796906381845
7.45993088930845
3.31474179401994
4.16673282161355
0.64919120632112
4.20719169825154
19.8734220538325
1.43702829693644
16.6249770168379
15.6065816573708
2.35187415964901
1.97148295119405
21.2431929849967
0.740218010754677
1.7425379946608
11.7372282229548
12.1003046166152
13.3631729986519
28.5561139695346
13.9806939288974
12.7595251027945
24.1810884038648
3.6242453969764
0.992077263072133
5.36935890086651
29.1009694337845
6.01520398631692
3.59882842429126
12.6955634469876
4.3735918123275
1.199781221643
21.862583514303
4.14787949994206
11.3563185950478
9.44328434892837
6.94662295281887
4.70703952597194
6.24047252349555
2.20251406296924
16.7802294716239
10.0161130540073
19.7172540625518
25.1942131202668
17.4843969754875
4.78301905095577
21.0226628929377
0.346078770235181
1.37909799814224
3.87346786446869
8.64690155817034
15.0362148870315
7.76165018293188
10.7100556651477
11.3554657902569
1.9770362968182
7.15887922104664
1.62606285884976
2.87355520014572
3.62723265006308
6.93026604130864
18.1707110255957
18.1691173929721
10.575504492666
2.93753383374975
1.49362906095998
2.14302854204678
22.1408997662365
4.84466543421149
12.4684727750719
13.4005713276565
17.103478024377
2.66453944176635
0.940704346572761
2.86191624239815
19.3908096758296
9.26534959520501
5.85239762440324
12.6206792425364
1.21123199351132
1.46404951810837
3.98751804605126
2.5966583751142
0.887728808447719
8.03088568740486
17.275943281129
9.43792364560068
0.0569712836295366
14.9839931633323
10.9066660981625
4.07135807909071
13.3247838821262
18.2409572415054
17.4141695007133
4.35419492423534
0.27946843765676
6.34744041599333
14.2444734741852
30.5092771281446
16.752262134105
5.90259856958935
8.6982127862137
10.9604017403254
5.9675077059012
5.72024541907012
4.38915365375578
10.4096295777708
6.61800535351169
17.4120583571494
4.24653366208076
8.17325206912884
15.7786265518275
14.4860534928739
2.36366405151784
7.36011331900954
13.0589639792379
2.16548014557385
4.87855351530015
0.392292611471905
2.62731281346276
7.80145241878927
22.6872141654391
4.02691094204783
11.5612477064133
10.089348629117
7.86429862214919
15.4289712570377
13.4801094370181
3.47502306768612
7.79012534767389
37.9285930457517
15.1808186434209
1.89320409838863
12.7780568525103
12.4702990520746
20.17107984316
0.469133444130421
17.7165449550694
21.2247841525823
17.3564168125214
9.71924173645675
11.1421742010862
3.35508333519101
0.70999339222908
11.0485306125139
7.84468273632228
7.48539634439579
3.54241942986846
1.63481635972857
4.42420551553369
4.89450204186141
8.75254506245255
3.73428254388273
22.3007007036358
10.9661465045065
6.46135522983968
18.3125591410265
5.06502087228
1.77716813356755
10.7178746256977
0.12146420776844
2.72021591663361
25.2944977616582
13.2043704517936
11.5277505479753
11.6767863743007
8.15906261696711
11.9584121718774
0.762908255618288
1.66403283365071
1.3246516283843
5.90150039643049
21.4694092050195
3.0176671156709
9.16516301222146
5.91799486554266
13.347627199551
4.71358974464238
23.6732512246817
8.03515003556722
0.547681480022957
4.27573504857719
19.3676165770739
17.7299647126347
15.9643454942852
0.936676670838906
5.60046271421015
9.91898916815276
9.98014966025949
8.85812744809191
18.5527506750077
0.353491259738803
8.37214557448828
8.14288724669988
16.5179492905736
2.57464245788861
14.3328730482608
0.971123995259404
9.90408407524228
6.29648370668292
9.93578555062413
16.8429709312852
4.00214713053955
0.0387232889019303
4.40731416456401
6.2824871391058
4.37933094799519
22.0227959100157
9.51850226808823
1.95948385290764
4.53858869150281
4.47557992301881
6.92796973793382
4.22635030309643
15.7665419392288
10.9781768160908
15.4537660069764
14.306481461972
14.5393048878759
9.2646222127962
2.16956362128258
24.8346308063596
16.0124148851152
22.9717841066483
1.8009514128831
6.83027053637911
9.03747566798
21.3203647173941
3.3855278056011
13.6567466803489
5.61852898923751
14.9904848542064
18.7754767015576
1.40338651835918
12.297436920926
10.7626403681934
8.64128083921969
10.1637594867498
11.5967914927751
13.7176547665149
19.5074589555024
2.09034038707614
1.43711136226133
10.4383760679872
10.060909737455
7.47107466876275
3.43142631463706
14.9575764779001
5.00566312111914
9.67002585530281
9.2845085389603
4.89266593940556
6.77262325771153
0.673803789500288
6.26688465857314
3.27959069982171
4.64149215258658
3.27633786946535
5.4070049431175
16.2030150182545
3.27261285856366
1.15313814543288
4.98627116903663
4.81002474529412
15.5216006096452
11.8841325864196
6.36021719330223
0.348580721765757
7.40759502423591
1.23533154837787
4.38175114648158
6.05915463529527
3.59696391969919
24.7273549903184
2.19779405742884
1.9749949426546
18.8036441802979
11.8962858127116
3.54082025587559
10.2152267453847
4.46656750843212
6.04186123237014
14.3630919978023
15.7618473283947
7.36474166024392
0.718787871301174
4.66681441212274
2.93955193220454
4.27269699409349
4.39177243647985
9.29900812916458
6.97484587152819
3.92841696739197
5.70381228902466
9.23036723397672
3.65285921462201
16.4160501677543
7.55888451822102
8.05152393877506
6.77646789730112
10.5659083463252
6.92301485176459
8.97629582323134
14.662161655724
29.2465062811971
12.900052824989
30.4844465572387
15.7685131750323
4.26339274272323
5.58085474185646
3.2738879788667
15.8325451628163
4.16833511553705
15.1915500406176
0.605368580983417
18.1168890558183
8.1764180213213
6.81377071887255
11.9489995762706
18.998450621781
3.02961985580623
5.05629716589386
25.2531613688916
2.0338196773082
0.722356625807714
1.79228046908975
26.0050802367464
2.5830430138054
11.2787481863052
1.07565509441467
13.2951039355248
7.95778127804636
6.03883299045265
3.12590434875053
17.7248848137477
8.31109186673473
2.92097344063222
7.98423737287521
4.83558992855251
6.36482485769859
1.08438953757286
10.9053746331483
0.463136972628033
18.362038961829
12.7936457283795
14.9856106906344
0.0808408483862877
7.268768109747
14.3301086965948
10.7829671818763
2.14442969446701
18.7487968114393
10.5955239385366
6.57219867588866
1.89763970927252
4.01253765448928
2.43050428487682
4.48777992278337
8.20977576076984
2.63818512361104
3.80714402606386
8.70838202536106
0.828683795407414
9.69515736214817
10.8389024622738
11.6377240046859
7.97904091887176
12.7683594822884
25.2625681459904
0.325051997556488
0.045932037755847
6.58368016593158
5.0321582727384
2.84956381656229
13.4285585347684
8.57322909869254
16.3655132520944
5.17712673172355
8.76449225470424
3.96882504052491
12.0363120920956
4.57423161715269
15.1333969758719
2.87305349484086
10.73900568299
13.99356258062
5.23433959629249
13.5177471152197
11.9654693838048
12.2741376457532
22.4283816292882
4.63982629589736
14.312752848473
2.31998865492642
5.07208416238427
3.82099011357582
22.1035611815751
5.91319911181927
10.3920574258603
14.1095293593039
1.02209430187941
7.25748352706432
18.8365502282977
7.28294053114951
11.1502398019074
1.16189350374043
1.87374181114137
8.16219941023262
9.66892023570836
0.616441061720252
1.48618668317795
6.11709030345082
9.29738478735089
1.30733144469559
7.48789324425161
7.78756928630173
12.3570472467691
8.25176793150604
0.940713384183396
11.6306287236512
23.9646138085968
4.24679624848068
3.79903194745083
0.967859523370862
13.5600285138935
12.8207775088733
4.7594091711908
7.69666037522256
1.97545159608126
0.222578970715404
6.56447974033654
0.229401187971234
1.9267697352916
20.6246376037598
3.71690159565819
1.85928302817047
21.1244194956371
1.06874191940674
1.24118365347385
2.23234207369387
1.94714727231199
7.11025698110461
14.680040037454
3.28739976942176
7.48668294510122
2.33844108256141
10.654247039929
12.6786166336387
3.44478967599571
18.1932013016194
17.714034486562
19.1688468679786
6.5258301794529
11.9806713424623
16.3062206349883
21.7246369129146
10.7740716111728
3.74057689166525
13.7044453062117
27.2852251025502
0.306084752082825
7.49882453924742
11.6202763931274
2.11007595062256
13.6538967024535
9.78268994949758
9.45608117617667
14.6900167223066
7.79147789693308
11.6984689142555
9.48966713622212
12.9288706928492
19.0605530515313
10.4212362232793
5.00780446454883
17.1625151764601
23.1412147637457
5.42363582083975
7.03208235076695
18.8389897447882
1.9986641059973
7.78465154580772
3.40618926826306
23.7897328312298
18.4253434219569
0.102129196209141
4.89276070147753
11.6203138139099
2.70825438201427
15.7994907958781
5.95857877253407
9.13696018496129
8.13061764125448
13.0423120222986
2.27274540811777
10.3500553872436
1.80759203937603
14.5205907989293
5.65820744061342
17.7872558178056
2.85566913929401
11.4725000492616
10.5068816337734
16.2087071079164
8.85952687822282
0.943173244273751
13.1112937621384
12.2098364340038
13.7942580506206
18.7448431472811
23.2000239193439
11.0863942652941
11.0474946763949
7.72376561657406
20.9507707040757
6.10194342290705
3.87995326891541
22.8825408965349
16.5032740216702
10.0813652071488
1.02827167650765
22.6122077554464
4.36242637870972
2.87916610387693
0.434342273661003
0.351511919870973
16.0174896474928
6.59969178139976
14.2837343879498
2.06800115508541
4.59416916180027
6.49980113679055
14.4986604806036
2.82081585209753
3.56609248556197
10.3564083576202
6.83622869416037
10.8084800187498
0.270625569681597
22.0909370657055
13.7079703404006
7.8604300506413
6.61700158379972
11.0117994714528
20.407916594792
11.9227800052613
0.482746408996302
14.9758993745423
7.30957602037344
6.06004642322659
19.6810368062474
16.6901420336217
0.769737223163247
2.96492506749928
7.29784279711923
14.2907255329192
13.6030816066156
2.91621023700005
7.15420164427659
20.4160135705024
9.1180921554369
3.09819192625582
15.739926462993
0.459700589999557
3.13031757250428
16.6207591962317
21.034513739869
5.70469424128532
1.91778033120586
25.6799349561334
18.1714781560004
5.0912716216272
2.0825621175986
7.27553204633296
3.75296041942043
14.3243862316012
17.3879544250667
10.5848669074476
7.22847850609048
7.05841957815501
2.64193813667454
0.98585793748498
1.89137202687562
1.28665389823045
8.5833806078881
10.9924017917365
12.4960452329316
0.906344875693321
7.21541418803704
13.0666025914252
1.35402760710106
0.275985114867015
4.65189525857568
6.04282631372668
1.66029180006614
15.5125102656951
9.27257403520637
3.41068189591169
11.0516801010817
4.83416683389048
14.7385516669601
5.13607067987323
22.9517413303256
12.6203191932291
8.53969654999673
2.03407251228844
2.70802608404642
3.93851408871078
19.7782719973475
7.16453712035315
10.1870146114379
7.57175623439252
16.2289281841367
12.7876560538147
15.7884082160352
7.82003330901996
1.8181262537837
0.74079311452806
21.18069967255
10.7533362228423
19.007555336675
0.549258757382631
3.04825242352217
10.5363883581961
4.50378996320069
6.6882124170661
2.41294793542738
1.78811700518878
9.84785122989831
6.1983426567167
12.9192258476567
8.35625529289246
8.50870425850947
6.9896562024951
2.7430163071826
4.68279918563711
9.39484946429729
9.91393331896186
16.9011017466506
19.4969869218767
2.28421319162587
1.25803481787443
14.0051069669425
13.7358851472794
0.882314361583753
34.4708032440394
6.8602582967815
8.06326147503165
4.13133134134114
10.7819555708102
8.79326090216637
3.03082334299678
5.13591566123068
6.53089795726517
0.352739449590445
5.29657118022442
15.3981267474592
7.81758818775415
14.7086042910814
26.2857355369091
0.518774585575329
6.01295074447989
8.31908329324579
1.22935223522499
9.92867316161126
0.396333681419492
3.02366208557691
10.9806892927736
8.40535699389875
8.80281115447987
5.55880749598145
5.5057579096741
0.967783965258712
5.49460523761809
14.3924289564047
0.964628886970259
4.741990548472
3.95702384152785
10.9089543577284
4.8487227410078
4.16128924116492
20.7133070444718
12.2653032683873
7.32712312601507
15.0221214164048
10.494052246213
9.83084612526
9.18976059183478
10.1860757451504
5.53175735636467
9.36844925327186
5.92558276839554
2.08800188265741
6.41589653678238
10.4264287824697
13.0537296856527
12.4070977952984
25.9483001729833
2.76626483537257
9.50119597837329
5.02644665539265
4.56389315003439
8.05145809426904
17.3653423083687
2.64174467884004
6.02148147299886
2.72691217265348
1.80837405091341
0.634163183118904
8.25075167834082
8.3122082698656
5.06364792264243
12.6675563398749
23.8970067034315
9.12650087848306
3.28147308900952
4.01280056685209
11.246828455478
20.1086550951004
8.75768336280144
0.472397570166873
7.21424673683941
1.8711289113445
31.466459017247
15.6771369118181
18.2654940523207
9.81883949916732
13.8508655130863
18.7242229934782
9.80256125330925
1.57869546674192
4.21693297103047
8.18701856769621
13.5250293649733
10.5436229493708
9.68810571658629
2.53613547451408
15.329233976081
1.02989631612802
12.3416087590158
0.540885189548135
23.1961361132562
2.20762053891829
2.29709814302623
11.1043381970376
15.3398699127138
0.0931203606808476
14.1125315567253
6.88842255622149
4.16752075132016
11.7264653556049
14.8602161556482
6.50905165821314
8.74247043393552
9.31796199710096
20.0691230595112
2.73083764269421
6.44511771388352
10.4177524341812
19.9501912949965
14.581160293892
18.1848807325223
0.820437424332901
6.7590890562077
24.6821003081121
1.1221491266042
8.91237678006291
15.8984959125519
7.6476959977299
14.5665804389864
7.46497507237505
21.8565378222162
23.0134194750828
1.24807129614055
28.0410912819207
2.53059500828385
13.3872168886796
7.26882941089571
24.7160420753062
3.74853308763342
0.398660544202515
3.13304290175438
6.73602045823029
1.76752411539752
16.3703227881342
11.4657518453896
8.43519675545394
2.8429300461147
8.91989320516586
3.21006346493959
8.56267549097538
15.2973807735228
1.2223705841779
2.00289702042937
1.29302791319788
22.5258153342316
5.15116388344401
2.48950185551795
10.7919125352055
4.35576057061553
9.9255635868758
26.9974048330919
3.52400172070176
3.29013750888407
17.0389240141958
2.27423962205648
13.522588595514
8.04205648078295
15.408282988177
10.3137823573787
2.6402497664094
15.4409972485155
2.50508957542479
8.47310186363757
7.77631956449551
6.69531373656579
13.8755841180682
4.42789131775498
22.5392804481089
6.63254396407715
2.42349356412888
8.33897893317044
2.74279365918917
2.01672981493175
7.57036744616926
0.558094214648008
9.07764555886388
12.9394515883178
8.99825901724398
2.94847446493804
26.3049714732915
6.32976708002388
11.0951684598208
18.2808794592203
2.0287896040827
2.94693286811721
6.144789459979
21.7036456904346
1.98902296833694
20.8809347823262
7.75518123876383
3.89977958984673
14.446211922541
7.73062216126822
16.5848766542926
12.7114585600793
2.83674402162433
2.47437376679882
0.232170801609755
13.9057595748454
15.3780648484826
17.0982611365616
18.0939400014478
4.3652552799472
18.1603199604747
0.669330833918165
17.1740846708417
0.20784754306078
0.152957998216152
6.75630229525268
18.67854478769
3.23995363695236
3.69486398994923
2.10417603145136
0.366509809219126
14.7318572425842
5.37283923476934
0.698955298511622
2.78080715797842
12.5547190662473
19.4972131777114
7.61446360771431
16.5031109700891
9.08368522937426
5.83234007154263
4.49365169433916
2.45091011747718
9.40494677233747
20.3485425096005
8.75411261804402
0.880610104650259
0.0366746562340582
0.159508647220431
4.52575283543419
2.13619975572814
5.07797538302839
0.794259307307792
28.722316166386
5.74721675366163
8.38922406027539
40.7319992780685
11.4853881299496
8.77803523888337
6.34955274872482
11.6933511720339
4.43694391287863
15.3464618097561
5.65504156560798
24.0861582104117
2.07300571583596
22.6235931629988
2.42549104156463
0.402334365202828
19.8202446560246
3.1022900249809
11.5477633985534
19.5106644183397
18.1250177323818
22.6828433573246
4.09332295246073
5.05236364269651
9.46383195383491
11.0286107752472
13.9248844863173
3.66534209153981
14.5134024322033
17.5969849806279
11.1128845490382
2.36005856304265
3.70489056222141
2.10021744502309
5.92023619298014
4.30807196122528
14.9010992608964
3.32612609490752
12.1654918882996
17.3836942096329
0.722372231824649
8.28097956255078
22.5677664703262
5.85100388334385
4.57688914611936
8.04311325773597
4.75070723332465
5.98000711761415
8.05961424484849
3.49190710112453
3.26992040500045
6.70041617786723
0.191703747188884
6.1490822583437
2.63757292232206
24.4901122525334
11.4371116738766
14.1450571361929
4.85566686838865
4.02817601401905
5.40568394681631
6.98485430330038
0.555254820210602
25.8594492916018
8.60069049588717
6.82460474781692
9.14284839809168
5.53016049125841
13.5172022506595
3.60168633051217
3.84912364677054
6.25689825974405
3.41867014399565
8.36973902769387
5.21252595124471
2.50098693180587
2.80777364969254
11.1031231004745
7.6682832557708
10.3215443901718
16.2466901354492
0.170891545712948
7.71122293004016
12.9242426575974
17.0703563373536
18.2196319568902
1.83573493295319
11.432050075382
13.7503609141737
1.12458615472718
5.30011311550722
15.3558070380631
3.60537641681731
1.54520641081035
19.2717338912189
1.81690342724323
17.961136541477
12.407351937145
6.69720228761435
9.99872050234092
3.39162260882745
2.06403325669047
14.8289799414119
21.2025018408895
7.19353014645784
10.4835629269066
15.2392258867621
6.16981801576912
0.938695436343551
5.60799413360655
19.5998218998577
23.550412043899
15.4060053811883
5.74740329757333
1.87027966603637
5.98335056565702
18.3377677574754
16.7670895345509
8.05418081581593
7.17537272721529
14.4198665774419
2.13435479207137
4.18608491308987
4.86677916483705
17.0901103876531
8.00171215087175
5.0213479993317
7.11977719329298
3.84623850695789
1.06693618866327
6.98185405441793
1.83486251303229
8.9184328094077
17.4204405857628
8.9143103678709
11.7688950151205
7.93210328556597
6.45494511897478
0.715604981951286
14.3565706869056
10.4265174478854
20.343343866989
17.1284486074001
34.7131177317351
7.31417642240411
11.6820418275893
6.69071498067134
12.9761353106378
9.15150339715183
1.9501139164187
7.43366279639304
1.48138217628002
2.30556735486581
5.00637860968709
8.94787181168795
6.79104764513356
11.2567191012204
11.8559906251028
10.7801051810384
4.41353796049953
10.4628558736295
21.2364404927939
9.26060801278535
0.107858169867856
13.9066212666075
21.6145674232394
5.71797774310244
11.5027830470353
7.85800195299089
1.70468757756031
7.68053354695439
14.4463054370135
6.22067504876311
1.66200984984785
16.9743814039975
8.2341332553508
13.36764912121
8.89559147506058
31.8747513927519
2.99910712055862
2.13969070464373
4.41771625344924
6.94087930304373
0.625238614156842
7.17475354204818
10.8815473038703
1.50624269273736
11.351473273769
28.9850846271234
10.6221976689994
2.68034422770143
1.84730845503509
9.48115126229823
10.2134050051596
24.227163894102
14.620095179971
14.4116819074492
2.61948588304222
8.65621893127027
2.64506614767015
10.0857361829781
6.57755536454358
26.6205372754484
14.857410127297
3.99972856976092
8.57079308480024
5.40647812685086
3.03820464760065
8.82307281584136
5.06559209021452
11.0245213445167
7.89262672219
5.0874763254568
16.0698340531975
18.1665814016014
4.12007937973494
2.58208359591663
0.288104050432263
12.4595297354762
10.9530589543283
6.30455480761864
6.38141506351531
13.7054292950779
25.1825883537145
18.6891586985439
9.93446060456336
4.48073172010481
5.19625362032624
12.7169468440115
9.96241089887917
17.8808370482131
4.73739341832697
15.6067454156478
0.719983875751495
10.7711583841592
3.37368711547328
7.84059767611325
6.76981951110065
3.9583183825016
13.3877092506737
9.11777914747572
0.572748901322484
1.18937292136252
5.63271576538682
11.0271851532161
27.3337766062468
16.3583576585649
32.3028444778174
18.9488005824387
7.84905552864075
8.33367705345154
3.17778983153403
9.26516000181437
0.176497983434068
13.6900659184903
0.992289139862328
29.055938962847
2.1937683224678
9.57099259831011
5.79192228615284
10.3173945564777
13.1428305044493
12.017500861
7.89104443974793
8.43641255050898
3.88183916786426
17.6038231234998
18.1479935794682
4.69262983046676
3.65305989980698
16.6922582313418
8.64126677624881
29.3298162985593
12.7249556772649
0.0553943559739004
9.66950563607864
4.12334989736067
17.1759750228375
7.71088907495141
3.0509744550139
28.2598486635834
9.02157387909756
15.2058704954538
9.56141371279955
3.47672230564058
15.7809465192258
9.26542864202089
2.61182959506145
23.2726319693029
19.2151139955968
11.4030971870017
31.3657375518233
2.80187679454684
11.9172117207199
5.6224998248559
0.042951938502281
4.10222425656106
0.103951478376985
17.1999644953758
19.3276681937277
13.6557105828439
1.19011290371418
9.16657368652523
24.121951492634
10.2499852422625
15.7989295602577
8.77294288948178
0.228562318799365
4.29954403080046
14.4829608500004
1.12103195860982
6.66396184566958
3.60222305171192
24.1490369196981
1.64882042544148
18.2981034740806
1.04195173020137
22.035796408373
4.53888614596167
13.7137294770848
3.46464766189456
3.2502967864275
5.78496786765754
17.0585589017719
10.007989717887
5.74197724725243
1.95825784467161
22.3110421560705
9.19247406333584
2.39085694870323
27.5273743551224
13.034241901979
0.192670045290262
17.461091209687
8.93311437560709
3.88165838337437
8.3339578769866
5.21557554602623
23.1434644199908
0.478353549238431
12.4249697510221
8.25576987117529
1.70129141770303
7.14973672571249
4.76183304563165
16.181966448045
10.0985636468977
11.3332037761475
14.7442014887929
10.0066385697573
10.906861256808
7.16522042639554
3.8580961543318
0.588641036301851
9.44519625045359
8.9549102820456
4.45056930184364
5.56044024415314
1.24243018217385
4.07525927028286
9.6523419546727
8.60158060370317
1.43930562771857
2.24624080583453
2.73570166859938
1.61506207705061
1.45879820920527
0.482885912060738
16.1109010850317
1.80456666275859
10.7902710791677
18.6570698395371
9.16598524616798
24.8703947780749
10.3421502551834
8.97686164826155
4.21164856365901
4.09203578690463
4.25018882378936
5.26577769778669
8.15191040746868
20.419946918264
23.302328074351
3.3932969905436
16.3280629098955
2.51811322009781
18.0068932007998
11.8915306869894
6.85481562171683
2.31484528630972
2.69144456833601
8.99694555091045
7.392045436427
2.88947955705225
17.7681569418839
11.9227773088855
18.4326640330255
22.1352723892778
5.945257935673
5.86180300498458
12.104549864307
7.54975601011962
11.6782928504412
22.0879188273102
8.84247491973851
4.95739496153208
1.02451719483242
10.2808454073966
14.9023547302932
2.64611314050853
2.17313522772197
13.8955722562969
19.2536859958964
3.79437413066626
14.0514792530292
25.8663811560322
4.11058920435607
11.3555185405664
5.1382571910032
15.4713914289856
9.07246279530227
11.5791284908166
0.208670860563513
6.16087815724313
19.0540996845812
12.6708766445518
14.8378598134642
4.9144534394145
2.59059642283388
6.06846648311733
10.0423073652675
0.468411948531866
8.3757764659822
11.9417293236344
2.9304461521636
9.89915919794641
0.801384640225388
25.288929689746
23.031807038933
22.8486844804138
9.9720308081381
1.25516637862036
11.1595630817314
2.26436462253332
4.63967493540492
7.17644826509058
0.378073798492551
7.39454237438335
13.2585425032063
22.6527280174196
3.32631608471274
1.86116752779387
31.809710059315
3.07921547122081
7.83809893764555
30.3017538020529
11.7933874949813
5.45501597040779
10.9520858958697
8.31750668207051
1.56685630790889
32.7038659714162
7.17696357675884
15.2464802376926
4.39568990177973
5.06557398271607
7.46812354773283
0.362487835809588
14.7528703324497
10.230360579442
22.655128268525
10.4356093797833
1.74231784814889
15.1677615940571
18.6033319333249
2.97749191848186
1.20076718740165
24.1496063303202
7.01962099410594
16.9143319855522
17.6230649463832
16.2978305481374
0.609952257946134
2.09283255515577
0.242002778979717
9.18498228758418
4.99120666645467
3.37101233777431
15.8273239414893
14.7316906601191
3.49238319322467
5.3627483889833
17.1628225594759
16.797858180773
7.14751770719886
11.4977899007499
4.34544879138991
11.6680366452783
7.90124689228833
0.508765577044368
1.68451722711325
7.68726207315922
6.82052265024114
11.8507022026854
6.42123185098171
6.75949701108038
9.00348154827952
5.66393020562828
18.6195861890221
5.50683424068495
7.88130898694614
10.4224197100848
12.9057274822139
2.34653474763036
1.14608933217824
1.77222762688238
1.71163430469773
20.1830199470048
11.823659363847
8.408232498914
16.2526375148445
7.71570652723312
8.65272036753595
6.6070462577045
5.33378341174876
13.3530404884368
9.08015877939761
5.38000320500934
1.14372526295483
1.25332554644273
6.70056894576414
5.43202757835388
17.5577117595822
3.64197812508054
9.00760185904801
19.2427816335112
22.3767443094403
3.32843366872984
8.41859213108285
1.73247358761728
13.7035064864904
1.88136063242325
4.42548328899911
4.25085849128664
7.58487768471241
0.931753171607852
12.5385537636621
1.58646617324037
5.95704885030088
16.4622018113732
12.110846163705
13.2846722379327
2.72367607864112
5.83960589088983
27.1456035319716
2.7163584221415
0.031167222186923
13.834488174452
7.74394921027124
13.3372657242053
13.2914085872471
17.1878330409527
10.6085391715169
4.01918915925091
13.3606763150523
3.19320126436651
0.200979966883251
2.72203735075891
9.06820199483435
7.21797347068787
1.54462982900441
0.350210672101967
2.49319910975155
8.3926456514746
7.7911303523884
6.37098955921829
11.797022819519
14.7056238725781
20.7008795347065
1.58064202405512
21.1544600315392
27.7312057558447
1.98906146717311
5.61636756396119
10.1140115410089
12.031781533733
3.70548363976782
7.25988056510687
6.44953804564058
2.73869376326319
8.66287723183632
16.0769427660853
15.988452467446
5.26863657013861
5.18705807626247
25.6659529675554
9.24000521389957
5.94651643186808
12.9959126468748
2.82095272348288
0.0272888690233231
8.77711853467036
13.1568117067218
4.59933103993535
5.48214381560683
19.3094973452389
3.04644661955535
7.10397215367187
1.55333764947923
14.3328998774267
7.77631572351099
11.3593902529624
32.9655011184514
19.0019546809487
0.0969988293945789
2.70766741596162
0.94276936724782
1.14811103907152
16.3037312682718
4.15064804255962
10.4301638494206
20.3263976212202
9.9505204072043
0.543332006782293
10.6744156862226
4.68063162769644
9.17670504663679
8.90177139081061
0.0751334981933719
9.37426961027086
3.30125302246786
5.15360644296544
12.4153463095548
28.9068282581866
1.60807677868209
1.83112642935014
2.38720844499767
17.2634708229452
10.6805154588073
17.5415087491274
4.09740235237688
12.2158386278898
0.223242398351431
17.7975167520344
0.843132752925158
5.94388642348349
11.082119166795
6.8367516156286
6.96539515629411
1.39768300577998
7.43789337575436
9.65330740436912
21.7556257500807
0.797015891521604
3.95346558897353
5.8128859847784
3.7767866273865
10.7415506085094
15.9348647575825
9.38158426433802
17.9769698996097
12.2773022390902
12.5490882608357
2.03669145703316
12.8972919055559
19.3814517464489
5.68967573344707
5.35297506842683
7.39089676363909
12.3038748545393
13.9725983580017
0.443798769265413
22.8785938583314
8.19213604554534
7.13266367092729
19.4348780336014
4.10563826239421
6.45501725375652
15.1805658824742
2.16931825742464
1.68777507717566
8.1918061385152
2.66806168912544
11.2973150797188
10.7653933101149
7.53041826692107
1.31044904701412
5.21816145628691
3.26221041541589
0.734456023201346
3.43417711555958
6.61022062413394
4.81265876442194
0.908289011567831
9.17550988718467
6.66440426898734
0.82154655829072
11.5282133199207
1.77993779070675
8.06025280617177
1.72514501616218
16.3752092196321
18.7621844338747
2.82770274206996
6.29471428692341
3.33430827595294
11.6197465453297
5.46426076826661
16.5487292458076
11.2803826700002
12.0163989253342
3.33398319780827
6.33669467642903
6.25885474152393
7.72235050427311
7.79014970175922
0.848580757156014
8.61086337566525
6.7863656948055
8.4061938803643
4.29999544285238
10.564930843272
3.55757166718807
14.9803008845846
17.7314769942313
6.53907663984087
9.48348875696606
3.56113100424409
34.0281209442765
2.24199262447655
6.64729005657136
4.61957880756537
18.8226691594844
1.53555236756802
4.53396467491984
2.35022246336944
15.2905610390007
6.28085949975947
25.7192171748412
4.65286755934358
10.4711075985626
4.91881972805866
3.8056471850723
13.0679783018869
14.7304414771497
4.73181082593158
24.6761804446578
17.9987405892462
7.06148440944583
5.00690061599016
15.122264673032
10.9902414130221
11.0022951848805
10.7920924667269
17.4681698903441
1.13506783029435
16.6967978235334
9.94824767112732
1.63953975149616
25.8361801039428
5.59905827976763
1.19631225243211
9.20068292507563
1.15755756931059
7.68785379923196
5.7895896025002
1.19387665763497
