"x"
3.87947028502822
2.30632221322481
4.94917575269938
12.1384348254651
0.299774017184973
1.62773858755827
1.80425355407675
5.2174863871187
1.00366172210573
1.17310692365544
6.50070848062112
1.39811418484896
1.53102301416904
0.795948132872581
2.77350901180205
0.446395389735699
10.1806497666985
0.113832312922931
1.64786702953279
2.15749668345717
0.928281949022557
13.6385546764359
6.66038361378014
4.1148399863552
1.28223889041692
1.30024221725762
2.13280830357511
4.66752925422043
8.27015914024999
4.58011430548264
1.0183570208028
2.54634488373995
6.30371756851673
0.479810395934205
3.27309314161539
1.33847287053631
2.79400723520666
1.9150298088789
2.28420136203909
7.43678834638631
5.64616355113685
1.67819585185498
5.33999588806182
1.6561163822189
10.1485456572846
2.61609948682962
4.06848203856498
4.50687298439232
3.96443704655205
2.53559607081115
3.91155709512532
0.122745737104663
0.588253751090677
9.36482565011829
3.63888675346971
5.43525936082006
10.5074687628075
3.72727451326453
3.21021778509021
2.46815331657676
1.62690705619752
5.31047347467393
0.418135477229953
5.64505686052144
2.59137235012266
9.4989444752093
3.87769055087119
8.36169235125601
4.576764581725
13.569219619967
5.67057197913527
3.48590669905558
4.09354188013822
4.64487310275544
11.5243922220543
0.48643425443169
4.4606128043092
0.598749238997698
0.719642057083547
5.21632408780702
7.39426339464006
3.63496526199958
1.85481053777039
0.941843562759459
5.01247830266071
5.82830389030278
0.124988113550523
0.639999378472567
7.82927042490974
4.62358859367669
1.08717235270888
3.5594467073679
7.30489783033695
3.9633990265429
6.7340457579121
1.69879833701998
10.6581140309572
9.11519985374696
15.0727159576491
2.4070582119748
0.0240264878731785
10.5273644439876
8.39125821662766
1.30060908850282
4.11018435843289
3.60482786782086
13.1731260102242
4.65303410550533
0.588705064728856
3.72642297297716
11.9577386416495
1.82844132650644
2.18844215623084
2.4479366838932
1.0639454703778
4.57571619190276
3.58937129099829
0.521357962861657
1.32607794366777
10.5556828983881
1.77249147669715
2.89358818575026
8.43651291411185
9.42349443212152
4.68173490371555
4.49647041969001
6.80819096770768
0.0947902044929798
1.96650063766607
1.62087585093269
5.27197165826461
10.9700800618157
3.96205369144958
4.22767966299719
3.17136089158511
5.78107386827469
2.65526315751762
1.63299272882766
5.20613386761397
0.229456372500729
5.11572160758078
2.23296647891402
8.87009792495519
1.45558522285331
3.40813818865002
10.7320819050074
2.8171191457659
1.47998360916972
1.67039129883051
6.48707454092801
4.54704293515533
0.563832558691502
6.94340269546956
0.14450729485187
2.20360460400897
2.58595126849197
4.577538021601
6.44073663279414
0.702398555539904
8.34979785140604
1.23300186447826
6.37956829741597
3.285204219096
8.51110858571019
0.622977808524368
8.94688528956488
10.530502202736
1.77669995464385
8.82621121489661
1.42140709795058
6.91778300317586
0.761793805256858
3.37690206793219
7.77726062991077
5.94359204172843
7.8102292958647
0.63726850785315
1.72874859394769
3.85110024362803
3.5528457025066
1.42350026872009
12.0722113442049
6.15388339429457
7.90061389561743
4.14870715726126
3.31798158586025
1.20357435524228
0.782719068229198
0.798128196038306
3.18900719753755
2.56690624704645
1.24791730306072
4.60855320561677
0.0314329227587035
3.21858916431665
2.40338419098407
7.02839810423723
1.33299900764565
4.96783666988008
8.87209577485919
2.68860739774761
5.53367080412989
1.56626844490483
12.5206131220976
14.4349999492988
4.59419493512917
3.27468882314861
1.07627718243748
5.40303052403033
3.47833917476237
6.75193972419947
7.99425027798861
3.32993473857641
3.27337920760877
6.56113495398871
7.08262627013028
1.30481806118041
6.63037931080908
1.89955618302344
5.59319606982172
0.348998978734016
1.8199656624347
1.17880993032217
12.7654378302395
8.04097153176481
5.60355251654983
0.690859672613442
3.10424942673952
3.51991344456088
3.1301750568673
0.104636406923788
1.15336284507066
2.25914881486421
8.87056917417794
4.47662024447382
6.68315417209916
8.39595355391647
1.51933988509949
17.0667283469811
2.32653524726629
0.563150085508823
2.16056256375637
5.35138971172273
0.593160350597377
3.56758086938211
10.5780222176723
3.829197974723
8.43939448241144
15.2527717174962
10.2170540776315
11.7052251473069
3.43016683199938
5.92235368676484
0.67503962200135
3.98590818513185
0.281523830683272
13.3196824695915
3.0458020279184
3.79962509032339
8.27902401148244
3.01823078189045
1.96569501422346
11.0476676141843
2.37028410192579
8.56877525802702
3.75187646131963
0.859027821570635
4.97158903162926
4.19316238932254
0.821222865320741
0.94261633379555
11.868035281077
6.37856496032327
2.3009803317266
0.725931226754127
5.50391343422234
0.400680140592158
2.15097907930613
12.7942346502095
13.2250051889498
12.4841002980247
7.20803158984957
13.8875864213333
3.15308801364154
2.14372626505792
4.41089903470129
8.37626281132966
2.55418177694082
5.41415639208412
1.18701127147881
9.17974353167876
5.95195884816349
7.21767565701157
10.4597560771797
6.18349867872894
1.55272753813771
0.893831718713045
0.63281343318522
0.305402185767889
5.0565701443702
11.8532515829429
16.3535182131454
1.65819900576025
5.98147528472184
3.41448367260136
7.75216737314155
0.550136924721301
3.90173275955021
5.05222853848681
4.62871864003209
0.244647329098835
4.50373912835027
5.56380457842911
1.80334115886738
10.1923546986654
1.75304432999414
9.057203005068
0.724917883053422
1.86412741895765
4.18989449421776
8.38964821305126
1.63282613015876
0.672305538319051
5.83311729133129
0.529521354474127
14.2961105331779
0.464893472601424
3.96929787701632
3.03976696450263
1.30798545937452
0.957931112498045
9.89643593784422
2.77963653206825
3.93105682533472
7.17010553924507
5.49762494772506
4.3640322975652
5.68652150814987
3.95639400075954
8.14347796752501
0.265184113080504
0.024403259405116
2.53793934825808
4.52473994810134
14.125561959531
12.5512976432219
0.717093936372699
5.57232939172536
1.81878487806864
0.121726665812614
1.4479601100676
0.574570777826011
3.22200544252753
2.78986754700124
5.31018536310474
0.315462882871065
0.623619602993131
9.24205991905183
0.354264742500453
1.47017134542896
1.96055295382999
4.9331869231537
2.43218880673694
16.4947234326974
2.84409916494042
7.26214581669279
5.2157556405291
0.0423140365080582
10.2984284413638
0.595816165452609
1.91951774729608
7.09506738930941
4.14591644799801
4.66115246526897
2.73554463204531
1.33010308284215
4.46064507342075
7.42167765506765
9.69292061662222
0.220669200511849
2.21324606421241
1.17699687834829
9.48673074963322
5.6855673301299
4.9363892062514
6.21679985043154
0.992298411482525
0.898171332664788
3.15996448878224
4.40460021121351
1.99813825423636
7.29660780634731
6.40808858443052
3.12369323801249
3.38500472716987
3.96712531801313
0.212681503035128
6.81190972682089
1.46719233109269
5.62994494394266
2.10840441286564
5.90251291402069
11.9925803839799
1.97169899474829
9.86940565053374
4.00941767849374
4.16482648627326
5.38014099629435
2.36279943492264
8.09421851110536
5.42468116618693
10.1641461135906
9.01346059981734
6.40352049376816
0.305397550659538
6.39006379060447
4.82293861940767
2.93340752702054
12.8226335436031
9.73989008925855
9.34474594067183
0.364696583710611
0.978206726722419
1.8048660364002
7.81058394350111
6.54970351606607
2.61351627949268
5.79541977494955
2.63287502706667
4.69486685469747
0.679042027331889
4.07717551570386
0.39244550280273
4.43388307833285
12.1846606722102
5.25226058912317
1.39912494923919
3.37254961486906
6.89768681768328
8.66166828200221
7.31918068459073
1.73871950733597
3.03007191978395
4.82791406102479
14.3112283568754
0.287824271828747
7.75313768975195
0.0883515928056268
8.22711992077529
7.98805495724082
8.9839489745903
4.5373156433925
0.218849582511328
2.51841905992478
6.81287930347025
4.121765634045
3.17476398777217
8.33064678590745
6.02073031597021
0.457738596014678
2.35181690659374
1.20964869473598
6.95567163645847
6.42892075702548
9.12793492841725
0.88378115772052
2.27501804474741
6.85685849748552
3.53037210649812
6.25085881911218
3.37393959052861
1.38026203494519
15.0613808305934
3.00001118304928
1.59045453183353
2.30591600490394
11.5148656647046
2.28523432742804
2.18240229878575
4.83844284899533
5.32303221989423
4.57728011533618
9.31081463500744
8.61167684197426
3.65133250597864
3.85726991498738
7.94452880016722
0.892518879845738
11.0949053894728
1.83733957819641
1.34033774957061
2.63773768674582
2.52967683483601
4.45285520981997
0.770756113342941
1.35620359797031
5.50950349091671
6.81928547564894
1.72400630544871
3.39238734450191
8.62197447239738
6.51683562071088
2.37831582780927
0.473953096273768
13.7241249438375
5.69245046935976
3.42435178316866
5.47429233854697
4.23292180057615
3.66327867377549
2.62854888569564
8.08933686930686
4.08464900683612
6.14344377589403
2.36893722321838
5.8693511178717
1.00120815606564
1.36914777103812
3.17306273015275
5.99196606781334
4.51113842427731
1.36967762373388
2.01889807353763
2.94708453858997
1.09214393887669
0.61805066652596
4.83396020717919
4.49082840933114
1.1829719033362
2.42253284601
8.77971314392142
4.71419567552794
2.51481994055212
1.73286476564211
0.622319220565259
4.08552885055542
1.92672037519515
0.949800144895531
0.0949257202367337
0.595004158094525
11.4157956754875
4.37879182122562
2.67786539625376
5.95613386484774
0.0822513428050125
7.21462835972303
6.55972273049545
3.1032230688739
1.72692812867117
4.72074749413878
4.96090359520167
0.529607388454263
13.4047924833981
2.71454013557469
0.703849410638213
0.173968682065606
8.69017976801842
1.88774031121284
0.307916337624192
3.31834743265063
8.01115026697516
5.16419895837162
1.31555989698631
0.315488349566747
2.39648939745265
4.93099871531886
3.51108314935118
3.48768050316721
4.03862490784377
1.44619082566351
8.07277448475361
1.39803029596806
0.790684246411552
12.3236321844161
0.710392822442875
12.9618065663021
7.16365019325167
1.83866934385151
5.41467543225735
8.13379545881683
1.56837066169828
7.48496011365205
0.698295891845665
5.7843153597787
1.46453867073928
1.18118301033974
8.33189859986305
8.05725941900164
4.19212111939937
0.549797523583012
9.22284649511018
1.05764293468672
2.10058246739209
5.42839947156608
0.20256700358794
3.90719326678663
2.58919533807784
2.1913256496191
1.48282130248845
7.47494688257575
2.05352914053947
3.71855322737247
1.55078701209277
3.38268494233489
1.63007531549102
1.74066365876946
1.78370302001605
0.336638190182687
2.39037440484968
8.25208956375718
1.8847594679814
1.62240858189762
8.32769609987736
2.19747934024781
0.61188901308924
3.3512675228403
9.01015140440187
8.96974350325763
9.1093537863344
11.63686926011
4.67965274956383
11.2261848058552
1.00557061878846
10.401197639294
5.97748453728855
9.0735599826458
0.36020741530421
1.68463634327054
4.52271199319512
6.34754513175824
8.34338874556124
2.28163219527582
3.51883112452924
4.18911008164287
5.14144985936582
0.469028582931702
4.70861420858566
5.48570486716926
1.76365305669606
3.23807026345039
9.93419920559973
6.95958205033094
10.3743046213497
2.70883399061859
2.98464219359095
11.0404441297053
5.25294844992459
4.22123204916716
1.76684064790606
5.19476673971369
0.39559924726299
1.89344828333097
2.93469578027725
9.67760926578194
4.71775631659364
4.99265866819769
11.1377499997616
4.65272427684645
4.32321964219318
2.42841628211762
6.37046752963215
0.488420785404742
2.55450685508549
7.71228729281574
5.10253838729113
8.31066246610135
1.3769625694805
4.00295616127551
2.73129788693041
2.54650933202356
5.22980086971074
5.37388007855681
0.077885901555419
9.44549175910652
2.72147713694721
4.81828043315401
0.514959287829697
5.66284381556214
2.96536534129405
11.671863373196
6.22522733174264
5.1669564563781
1.54616886284202
8.85249536950141
1.27368285320699
2.83868792466819
2.28148648801222
4.73583724815398
4.66827382333577
1.46239671667231
0.214497139677405
6.87465318478644
0.219164066947997
5.54060847751809
1.01780665572733
13.8630358502269
4.79238976258785
5.45124015770853
6.81581899989396
1.55911506311709
6.97861164808273
0.0867565432907946
3.53627677292144
4.18262532912195
0.979463971511021
14.8320470703766
6.66248556226492
0.528207095339894
1.87468559845555
0.714709144085646
1.98178238190458
4.10223256330937
7.08332117646933
3.02147255279124
5.05066008772701
11.0770861851051
6.80329981260002
5.72985568109695
0.880843074992299
0.91646951756656
7.02932917047292
4.62206867523491
0.943214469589293
4.36990142334253
4.61116513904386
3.54550155085884
1.26171224737964
4.77945059727812
4.10365994556479
3.23354301508516
0.850494159385562
12.6605617977294
8.60631030518562
4.6912488527596
1.59663578961045
2.87217581644654
0.953540045354317
3.54057130831717
0.547736184671521
1.30741239991039
5.55376948993603
7.86461257375777
0.777656375430524
4.82615266810552
7.11575503536881
7.21610435485634
5.77441578171878
2.8835792792961
1.75643037073314
1.47490408390107
0.193034159019589
8.53958737570792
1.48013313300908
6.48901547473423
1.18086689617485
3.38522316887975
0.678929942660034
0.479203672148287
9.77912989910692
3.48262696061283
0.618002912960947
3.3657417242914
7.58012570440769
0.340756285004318
2.74874521419406
8.23328654420443
1.44951266702265
0.567660239963684
1.73200042918324
1.78374303565099
1.34527524605172
5.57865079026669
0.143995273862921
5.05939674356986
3.16845194902271
0.742246655778314
8.02093259990215
3.18863142747432
7.55176655948162
8.14726178108833
6.18694038130343
6.83002600445707
0.0943780411034822
0.92521863989532
4.61774272013332
6.31834374031263
6.62820572537855
0.221222662366927
1.41310006887103
0.0471213134005666
6.59472486391136
1.44587702150918
6.96515096838256
10.7153515839404
1.57017646106002
0.0570158324305449
7.8556137042692
2.31089277658612
16.7886091396213
15.0762887015955
2.25784493779773
0.266314992526981
0.910645318155074
1.39225337553753
1.86006526928395
0.28312411159277
11.2149371595665
4.02791967671812
0.152447633445263
7.75283689144999
3.28237402718514
1.13168376961573
6.07052801642567
3.26152804353577
1.78294018919339
14.9606447434053
1.79878515191376
6.84844863135368
0.585089833475649
8.2061005756259
1.00901194382459
0.612384034320712
6.43648901022971
1.11048314720392
1.58889091107994
7.8276283107698
9.25756597425789
4.23709966707975
3.51193044239403
8.32710782000579
4.7976869381656
3.80731862969697
5.35815633867318
2.61681235861033
9.69300523865968
4.4640128267929
6.88334876254893
8.68858951420166
5.3278784500435
2.41537550464272
6.76279702646534
4.05238550543829
7.19798128120601
2.42085145503642
2.07637070070071
2.14578516315669
3.30682619417467
10.0713799062072
0.66364121157676
18.7947565071074
6.56498099795669
0.309465984403498
4.45682539184022
3.95924088079482
3.86878170871174
0.304069602862
3.3937464069802
8.9319110823054
9.21721712076225
7.07318834029138
4.09543251637674
7.82225094735622
1.41625869764938
4.9037235291942
2.13609815109521
0.021883468659237
8.23743939399719
0.886209934885728
0.892166196382618
7.06099313683808
6.90779336728156
0.549655011855066
3.70428151651394
7.74189520068591
2.8396921698004
2.47172922827303
1.5944519270369
4.3362980009988
2.9116386314854
3.21412431076169
0.300382830666322
0.704138642566838
4.00724456080867
3.1873062223845
0.452877604402602
0.644819470165123
2.86958718878065
9.84511322120207
5.77393245514359
7.09141129508516
15.9395694267005
4.27081598900259
4.08803373575211
5.25589934550226
8.27288427390158
0.240365206263959
11.4945511566475
2.43732057185718
4.60396704729646
3.59780671433967
9.94622076395899
0.064485426992178
7.56740313954651
5.89535869302625
7.17423684893731
2.06242073327303
2.70482799641449
1.21358436436585
10.4843853414051
2.47886500740389
0.929290215528321
4.668362531811
0.106306032864949
0.450148554365336
4.20463147226736
1.44049998209175
5.09849605150521
2.30738859479467
2.69956176634878
3.29933303873986
3.30808360595256
7.55133760811934
4.92531826233224
1.63392929825932
0.94173401594162
0.69453703661243
20.2313431305811
4.66817786479575
7.23248685586231
2.86935349392208
10.1784837744974
4.77286353707314
7.05341897942841
0.903951264858558
10.3107694277946
9.58822832908481
13.9202546095476
0.690596411004663
12.0639530941844
2.15015284209459
2.7932020218608
1.50906188661271
0.228353937319866
1.19155844036898
7.20164983067662
7.20562904607505
2.61605534778482
0.625655427575111
1.06621371238595
4.65301491785794
2.14394726790488
4.30667908790193
6.42265034839511
1.38218170031905
2.51730277668685
2.45115680154413
2.17625792392875
1.75358927808702
2.76149706702199
9.20642317153975
4.44944077171385
13.7702089501545
3.77403502352536
3.19965368039009
1.19666649789989
10.0482922485545
2.07118572664786
16.9612243305892
1.77903882213745
1.10702193342149
0.479100341908634
2.11759943049401
6.36637811633353
9.38435126002526
1.10993189502277
5.44950692539001
3.09772389260417
0.469922693446279
0.249398158930805
10.3340163733348
6.77118748769382
4.7955798683688
5.8801009086892
2.094561397098
0.193932454248659
6.4237865852192
4.18783598473255
10.4863840412742
4.64726409948047
5.30371105285538
1.91497362684458
0.502023426815867
11.627195822075
9.18427796568722
1.61500764965442
1.41400227256056
10.5332819377577
7.18810348771513
0.161973074531876
4.69257335644215
4.35681643430144
3.74347610874119
4.63867352809757
4.63170118164271
0.926070720056207
7.08295830991119
2.83437121097238
1.42665114253759
11.9220667751506
0.928684808585908
1.82138956586942
1.7728177132085
4.51432191218642
6.86070534866303
8.25307731377466
4.23302331473678
5.12390716467053
2.0754435332492
1.94935758944798
0.511914482321986
7.29920815210789
11.0781250055879
12.3825603397563
5.47360733617097
9.44599313661456
9.42885861732066
8.42960437294096
5.08009335026145
0.309255206957459
4.85007764424496
15.362839170621
0.0237817219415787
0.315241461410507
10.0136637719226
6.54168191831559
12.7854621503502
0.133815431036055
3.25736699160188
0.382792807745865
5.19863001536578
0.509542851905455
0.584009871818125
7.66382315196097
4.93135270662606
9.36037644278258
4.71849516547094
2.50763663625592
2.44944717269391
1.91395667953209
4.46725283367429
3.93069281708449
3.67014293486349
2.23806782954429
7.06776224042613
3.36228986270726
0.298978108912706
1.2219278703655
0.420581381767869
10.5408152798191
1.10057754034289
8.30471096560359
1.95601633957796
1.30407100392175
1.3968537775682
3.69862581137568
1.87717172410181
3.71938347816467
3.31583520722746
0.41450537999936
6.51838199623701
4.20530040282756
2.38682372936357
3.7265254650265
2.93882430996746
4.36096414923668
4.79517449047836
11.2776757683605
2.66377460211515
1.78402895107865
0.904980584155525
0.187500519677997
2.63933407827879
3.27916537643193
0.106859844733791
2.84135965636603
3.64166623912752
9.06030530184906
5.70774355437607
0.453558657318354
3.88650598826379
2.16983060818166
10.3082218141189
4.71516067627817
5.38982786238194
5.52003097587279
1.30620449781418
13.1187101826072
9.34016764851004
0.582654518075287
7.5547679560259
2.80532743781805
2.81717912293971
0.772300129756331
6.30430532114934
4.43324654004951
11.3852839451283
7.14516141112063
2.13633114472032
4.63545529637486
1.16565495263785
4.92843941319734
13.0356000037864
1.03732384741306
2.42496706994947
1.65172023157597
7.60104691144079
1.24358825851232
8.81380038335919
1.71408358594207
10.2199858054519
4.68616606667638
6.99101000933648
2.27822046726942
6.8570618633551
4.01489159557968
4.65630583930761
5.41989980265498
5.873181251809
0.0503869960084558
8.17521747667342
0.197848749500732
0.782486810793788
5.86665095685369
0.485276896506548
2.93862226870342
6.9226587889716
6.47782392334193
1.16741654928774
5.18865308258682
11.5099895047024
6.27888904418796
3.19087400566787
5.5683247555268
9.86977696552586
3.93291583763446
7.7003694139421
4.73037844533888
3.83984195068479
0.537595216059656
2.47080898843706
1.29319162507087
0.859905694776489
2.77984973486921
2.62856345738874
6.44409162923694
6.979919731386
0.586160971308712
0.692808255553246
2.93312703724951
1.8375831656158
1.794946170412
9.90397466812283
0.978129496797919
0.424456782639027
2.64818158466369
0.658745750332878
12.2694816673175
10.6672208928119
8.9833450037986
13.8667580929256
11.190725909546
1.4497929052272
6.2181911825195
3.61989242956042
3.92030128277838
1.67375251185149
14.3648404162377
1.29417746700524
4.07936218412525
6.97806309908628
2.20599472522736
0.961813461455777
7.24456955222277
9.01118846215294
7.3596905451268
3.7358698216212
0.0374774215742946
3.5913732368499
9.65183512307703
2.80776520343018
1.28823422128153
2.94164525262929
5.85967751227983
1.33870330173522
5.65264974581483
3.43883745108825
1.97203287389129
0.847102813818551
1.13805656813135
5.01060914248228
10.0873809773475
2.04703274450297
1.1344391386956
0.923019787296653
3.99345236005012
10.4753642970331
0.543646001280634
10.647191780469
8.49419099360027
11.1595264552005
2.19942778349175
6.43509816290201
1.18399825878441
5.87244764901698
1.91110577434301
4.68268712733453
0.233351765200496
3.84268709458411
6.89359841360164
9.75916150491685
0.23137500975281
1.39179432947164
8.41321943294624
4.17258336258045
2.9448889195919
4.64230224024504
2.67446657115882
0.57497953530401
4.16152419056743
0.197886957613551
12.1034630341455
9.80073533333537
2.60306419804692
7.43566924811084
17.2743015456945
4.77736631873995
8.7697277776897
8.12484326306731
1.54322080779821
2.7108932256739
2.22446417901665
10.1262639975175
2.19990636532135
5.87612108978125
2.86099617328903
4.76876311004162
1.84647620189935
0.317007792182267
4.30346820503473
2.51692386809736
1.78197892382741
3.50017664243702
2.7096614940092
2.31480284128338
3.99350533497317
4.16311211609016
1.15072791957736
2.49839299358428
4.17059656492177
1.05615209322423
6.74535885918885
2.0655860658735
8.98109969031311
1.44176511093974
2.82960212032535
3.16101482603699
0.0829941698448488
2.5574532936484
0.643023755401373
3.49595314104702
4.41572460614414
3.30771223506589
3.15802898257971
1.43435865174979
10.371548916689
3.33185968167426
1.54892597347498
5.24250136562543
1.84474375564605
3.9066341996211
2.45397896505892
5.87068593595177
2.55282927279065
4.82676255051047
1.5387946008014
5.48957926221192
3.8475238928566
0.731021071885747
7.23181122184369
8.45351032912731
10.4358295444399
4.01504780165851
1.15012291353196
8.88279189821333
2.56640069763226
8.18163151852787
2.87001894449015
4.51469081615552
2.65773618593812
5.52589232102036
0.963496692228662
4.5875487383455
7.36141913601056
3.13664299102366
4.48990936856717
2.27541602984952
10.6868399772793
1.31371686996039
3.38431167405074
8.47367301914573
5.57477433338634
13.3641841103036
0.351123616023417
5.02306867163436
3.78530581001216
8.80916402675211
3.15860577393323
0.698080627257352
1.14515570458025
8.97599277086556
2.19497503342483
4.38231003393711
13.2171623181635
5.09362239390612
1.41207388046061
9.38248238526285
2.55991175775068
0.264983470055111
7.64417408292541
8.47234334454247
2.68415526901642
9.03439424621822
1.61445708971155
4.95015704580772
2.1184449782595
9.29861178155988
12.1894782641903
3.74126541234832
2.9985277238179
4.21985930554458
9.44656385574896
0.00743825211653737
4.76872026920319
0.283934082835913
3.78752907029767
7.6991717442775
3.3191928640008
5.69145106710494
2.49119021029329
1.3438890920952
3.2841432923697
5.01060879323632
1.52597473934293
2.17494594398886
0.0344073865562677
0.49911483656615
1.05012009214849
6.26070419977814
7.83367087133229
6.17513694956184
6.67373964097351
9.28518050350249
1.42781399190426
2.90922947357544
4.32600863269655
4.68574040339462
2.67606768757105
2.47511209454387
4.383146436885
2.60346945017507
1.56759489985931
3.56404525120086
1.30185183476892
3.8263481343165
9.94934567715973
5.4003099212423
0.27234850945621
6.05489959321963
2.33772513456643
7.11031572427601
3.48729002289474
0.432264139649844
5.87138026021421
6.80062584578991
8.04065745323896
10.7885350706056
8.0476883566007
12.3215778497979
6.64069463964552
2.50320897903293
15.7908541150391
3.89820079360352
8.82583104539663
4.85557455304273
3.24501044638939
7.79419592581689
0.00401156942061581
1.16704397369176
11.3229839492099
8.5573390359059
14.7874824237078
2.38261080812663
3.55770138558
4.89625315321343
6.16460584149222
3.70257487520576
2.47315457090735
4.22305097808681
2.19854479655623
0.920700378153798
6.52912766686627
9.32615732308477
9.53258420340717
3.45851404126734
10.5436528334394
13.3733048830951
0.0920735552211618
3.07863869238645
8.65746971685439
4.0199069539085
6.77673904982805
0.988889648579061
3.96113733295351
1.60936453329674
0.808133091777563
0.360221019946039
3.22086082305759
5.73339210823178
7.21695912070572
0.455696834251285
0.775935547426343
1.37150507918983
9.53618323166359
1.13674056291417
4.99271040316671
6.82624503970146
3.90017990122386
7.39431562833488
3.01203581038862
3.4304363303208
5.03127276442067
4.47309088806565
5.96258550037756
7.84545588179598
6.05229031398988
0.643749465234578
5.84170257207006
0.54961057415159
8.166612975802
3.19665630813688
0.225317454896867
3.18413607872189
1.10038358252496
0.313205360358096
1.19074860590172
7.3041744530201
1.06293703429401
1.01312312763184
1.89270166372239
1.21501871386658
1.20946555398405
11.615527136808
2.60289234574884
2.24485325147047
2.62407986447215
4.80043387150234
1.34564109175794
15.3334645233379
5.91722705867141
1.39911979704903
3.20904681610275
9.35537326701754
2.60254382155836
5.14348056683195
0.247936051054555
2.25821225903928
7.36766988411546
10.3330344692164
0.827568486450096
5.84807167761028
8.97829446475953
11.5176534286751
4.26008496433496
5.48706587869674
5.40719974778288
5.91272784289612
10.9154933124372
9.05844722874463
4.40128613263369
5.42812277562916
8.61261204842229
3.9925740737516
1.13627554556981
2.13515071664006
5.73364766885631
4.60142591036856
6.37159982181817
2.28953124023974
7.37977577395103
10.2569336770102
3.7004370944743
10.5247103841975
1.33059208747
0.89159674621966
11.0361582133919
1.90346534363925
2.84582152962685
3.29584805294871
2.44902593549341
2.53393060993403
0.576818385161459
3.71721175515817
6.76069296896458
7.40422452799976
8.66958701517433
6.61670741544648
2.25847556721419
6.74386392347515
7.48225926870495
7.5764631178615
6.67100538821093
1.609045593068
2.24842724721974
4.50489363469312
3.47092568938024
6.99883431661874
6.7188648506999
5.93386130284278
7.51116247847676
5.00656235963106
13.8938226969913
8.42115023484238
3.48563857251434
0.889047770760953
1.15269497973996
4.7673917375505
2.65567160677165
7.0230659795925
8.1437012180686
4.45352285169065
1.68794383841568
6.23149208258837
0.636614370159805
2.97196903266013
0.0667302632705764
3.82914571091533
7.36512674314992
5.14318059078253
1.53940258184899
1.91753825234957
5.54809395689517
3.53456169832498
0.0900706276297569
7.39739077910735
1.86608843505383
7.08256843499839
3.08278322940488
5.36952295806259
2.67510656267405
6.4503115369007
3.09893216472119
5.47920481767505
4.49787254093104
2.59249974042177
0.888195913285017
1.64836538024247
8.5020210745536
3.66323483544224
1.5460730297491
2.01267099473625
1.5226951545328
0.97373784519732
0.490622175857425
7.04920694697648
7.28817435447127
5.87916331897619
2.57059523832176
3.55186419820109
9.05831165335875
4.36789791565388
4.94059142890994
5.90949341115857
3.22637143544853
0.843247305601835
6.37327840086073
1.09858008314524
6.11333732958883
7.61451781727374
8.78424805123359
4.60161038208753
6.11828283872455
7.87272332946653
8.13144186327509
9.66003384087627
0.758040832539832
4.34672767296433
8.53064225139644
5.27277755491581
6.86694487791065
2.92778778741108
6.51782990898937
1.82998359120816
5.8601061290335
11.6896670546129
1.77626952063292
2.72747467515327
9.27795059978962
10.3391786565295
1.21454173782673
1.77438338751345
2.32882949488883
5.26324398815632
2.50454563647509
6.21131857185858
2.87550445646048
2.01499507648406
6.41408062074333
0.850710232588582
0.1466142846627
5.34092259964623
7.18804153148085
6.99837436284749
2.76617018971592
4.76667929906398
1.21388384141028
2.59117439417257
4.13152892142534
1.40096523679422
7.33602019026875
0.998749175528464
4.75212993260566
2.03806683421135
5.10748529341072
3.41048055980212
10.6133935740218
3.88251384720206
0.06706843129423
9.41583523526788
3.46211509313434
6.87815087762375
0.0927003333345056
7.73758504313465
5.39957662113011
0.132084544748068
7.9379784448798
5.20912040956318
4.76086041890085
5.04999541752256
7.28612587384133
4.98889141385197
1.65519521106035
13.2473262312804
4.63151803705841
6.00276647601277
1.39154319185764
9.15944736916572
3.20593247968581
7.32012302495463
6.53279910329729
7.09031162767256
0.939871650189161
1.22045846655965
2.93541231113824
3.81101487504531
2.51866025375868
8.97046912818002
8.57075184521542
2.31309203720334
4.16406472213566
7.73998370569013
0.432820688001812
0.902269268408418
2.0511083304882
2.43177455849946
5.54676618090059
3.05082978062008
8.14702884474351
0.0928168906265963
4.21732850372791
9.62558914907277
4.41350517877386
1.59103926070676
4.60232680197805
6.19899765588343
1.58640753943473
0.224842954696888
10.8060845639557
9.43981534801424
0.836976259864268
2.05853756051511
3.00265557598323
4.4217003043741
3.41483106382944
2.95383005785133
4.34215664863586
10.4672108148664
8.51550083220163
4.87896909471601
1.10513384367523
5.3269400119365
7.69140281244326
3.04474785598889
1.21838576160371
0.372347105096737
7.08923595957458
2.40826047956944
4.64944213943562
11.1570585751906
5.30481552956793
9.81380641460419
1.79204444866627
12.9813717990712
1.29835217336712
3.10077655539782
5.27885191054809
3.45927232410759
0.997417168898881
2.07632727175389
4.26762495189905
5.52002343108177
3.56785703294138
3.42518680263311
0.636086380109191
6.40178897883743
4.22563462052494
0.356930959969759
3.84356901049614
5.21737630479038
8.69476985195723
2.91091234123004
9.18664665234486
2.42723551021886
11.4495129324496
0.400682911276817
6.34915740114905
10.4749470949173
0.244785309769213
2.17471317033096
5.89769523007791
0.689073582179844
0.449458548931943
7.30619172099978
2.56201436277479
6.65138673502952
4.38618569169194
9.26737289410084
4.49596565350283
3.58212567716629
7.21492864240568
2.74741947650909
1.92617434292423
4.08955332823098
0.891977665369335
1.23507213899588
6.15440653637052
1.85237429104745
1.57309477217495
0.74634978082031
3.76553770620376
3.41969391161751
6.45531358720195
2.60034170933068
0.620989485768894
9.23878357280046
10.2744786440723
1.96624961681664
2.5415554909978
4.1185820940882
1.1889458285203
8.33774523343891
0.418739395681025
0.905729737132788
1.54722771632436
0.639156484976411
3.53669680189341
5.65807671803102
2.58861009497195
3.36083748843521
0.688938341724878
4.65347973233329
1.25571946425263
5.2970981458202
4.21857161548429
1.74497675616294
1.5435807639733
4.40727677222672
0.0780502175706226
10.2790762437508
5.85954852867872
11.2760947085917
14.1047187279251
3.71002214223494
8.31723045557737
1.43616560380906
4.0637809317559
2.94633126988213
5.31864439720391
4.60948760155588
7.01981009859271
0.945715733947056
11.3307179571344
11.0723928902296
0.605014976398027
4.34092697687447
0.967990187928081
0.579851742700754
6.37942642490527
0.166412824964211
2.0586752332747
3.94855244526841
2.36537220200762
2.59960299895951
5.89089065164491
0.643346202559769
5.21747567690909
4.14737406934612
4.45920471101999
1.30452383663034
1.95400685913044
6.02470985613763
1.64720107927877
5.21775970701128
0.124269141815603
0.367288221850837
0.967389927245677
8.08250592103899
12.0574914384633
5.39335089270025
2.90573395979137
7.67568894661963
6.66788274041992
2.73303224239498
6.00910271172099
3.16223580979002
2.95805935747921
11.4307579079129
4.4482749729728
8.2953538038521
2.88648593908626
1.29902458773695
0.0183323332232942
3.11250758380374
7.62002633418888
1.94124539786482
1.01509515661746
7.12254396743841
14.7606531856582
18.0274471174926
7.24030258134007
7.72008099593222
3.79670695401728
11.5793411387131
1.75547509220597
5.71428674738854
9.58424938456903
5.66572283860296
3.48824011161923
6.0260489740368
2.52071028241462
1.35176531039178
7.56085682656965
0.0516400921696405
8.23196821503023
4.83045419151091
0.247911922633648
7.20902738929423
3.86755515163196
13.1625281785606
5.16249643391388
6.32637511007488
0.976659310981631
1.33691979572177
1.69193395158034
8.15790093038231
1.8886812907007
1.39829241670668
9.13105736640658
1.02657445240766
5.63158204313368
11.1148467985913
9.67976963147521
5.92107905540615
2.72584914791043
4.84357639061889
7.01065605609712
2.43245086516817
4.44902740247394
6.62943206458736
0.434696860611439
0.264893961139023
4.44084811024368
0.0637599267065525
0.599815873009266
0.395811042054362
3.43132556881756
6.24952858779579
2.92212050408125
1.45555573981255
1.11301878932863
6.15348678547889
6.78835647869601
2.51577256713063
2.03646349254996
6.23641410416904
3.79147331696004
2.56434672046453
7.77100187260658
5.41580298825675
3.35589977912605
6.87139027684963
3.1712575815618
0.654565799050033
1.99893025556121
5.6190283736214
6.39670481905341
1.93788434844464
3.87545903213322
5.18119231309427
5.04130204208195
13.8569136150181
3.58648082103835
5.41793722659349
1.81622007679408
5.65929207492905
4.72200881903063
3.36544140933157
4.90422464856532
7.86699423476839
3.32982954569161
2.44117404799908
4.61614795494825
6.14245445609342
4.34843006078154
6.07557152397931
0.367948808707297
4.65723060703356
5.46546722762287
5.12863991316408
0.755258466927825
4.7942278906703
2.91093501594958
0.75404173694551
3.29631782537894
1.8628251273185
3.68943646639359
6.80831125669137
12.5925854546949
10.5884444667026
8.98391439113766
6.72125169522686
1.87329459004104
4.9092989647761
9.38421425146189
5.98143071401864
2.22902982351382
5.95230520214165
3.68155876852922
2.95831703786853
6.90973815508187
10.7824744103536
2.55194883793592
5.42071885938365
1.78644922561944
9.68985671643168
1.96139456238598
7.88900903927646
2.8781026834622
7.43799973279238
9.27369460209357
2.78443074785173
5.40428834607118
2.62141294020079
5.13443669769913
7.23383822478354
9.67509518377483
10.1945935050026
0.733227352611721
10.8258109306917
2.94962446205318
7.91492322459817
1.67157859541476
2.59849389549345
1.53321391658076
3.95885126199573
13.3941071630277
3.69211595971137
2.24971126299351
10.679812350166
6.1880208301051
1.21640657615761
0.810934215364282
5.93658376019448
11.3358786562458
4.55613248922774
0.529801463073354
9.8956631263718
1.1231642216444
2.93966783210635
7.64959827065468
5.20977827254683
