"x"
21.0044711828232
23.0758690508083
13.0821181359524
18.9706051489338
15.2255250956673
15.9209690755233
6.49536638125195
8.73512923887872
12.6361455768347
11.4296269477735
20.6605138822938
22.2972837742418
1.73976612277329
12.7536573130503
14.1060190740973
1.00440219291137
12.6071333419532
21.3737939950079
20.032320683822
14.2027038615197
14.6084755320469
17.0368973398581
20.0036257272586
25.046492065303
11.5987195167691
14.8310313234106
23.6182928318158
18.3469598414376
11.9184037831589
17.8395240334794
18.6254260363057
8.67576480377465
17.0621709874953
4.03924584437548
15.2409638511017
10.7907910778774
14.4017721351107
12.0603540446609
7.87883841083174
11.0967797692865
6.80097360163927
16.7435484007001
10.4724229313433
17.338823992759
6.68335791373391
12.7559349639341
27.2403598064557
16.8753303947277
11.6478940804873
26.1998287867755
10.8420257456601
20.009035943076
20.5527149140835
12.044014281449
12.2851177118719
23.9487691316754
11.9361517950892
17.8499325644225
15.4003007803112
21.5728539042175
23.3895311081273
6.59173892345279
10.6576238293201
8.44207073096186
9.4417525384801
12.0001668808982
15.2635268867016
14.7892100891292
18.7671029707417
10.110514704138
15.1771382428706
17.0059632223564
20.3788815066218
8.34916190584295
11.6773078719214
16.597020206973
3.4260531133707
6.68269143836535
10.3576041990891
17.4637022661045
19.422520766966
14.6259244065732
16.676582927473
1.5037827193737
14.3322584572198
15.0939109036699
13.1786318370013
6.05083720292896
8.18212954327464
6.42112297473599
23.8038920098916
16.8404517699443
9.3890293693688
14.8252237588167
18.0912359617651
21.1508733969646
15.3452651009993
12.3567128088325
8.87796264141798
13.4426300879568
17.5570292631164
13.4121867820636
20.4193206271157
14.677642355673
13.0046125734225
9.30869127623737
25.383184940313
9.55427959561348
0.882839196613496
18.6593416612595
24.1237529553473
16.4538552518934
13.1423452654511
13.1796753266826
8.52729871403426
10.6777742970735
9.00473243692653
11.2789183622226
25.7137450065026
16.6407816112041
9.3737046001479
16.3920268183574
14.5612479420379
22.3131274571642
10.3093827678286
5.92127265408635
6.92007602192461
10.6751544221298
10.6963750906289
19.4061196222549
16.1226033233106
5.23846081936572
21.0297296522185
12.0665339753032
10.1318445522338
10.7023520623275
28.3505741739646
9.51808481116984
0.744257435382357
9.8650293149962
25.6676499731839
12.8645253138928
15.0528261438012
19.7274868842214
12.984616542235
12.449130252935
6.13112326245755
15.9031523857266
9.76095718797296
11.0271571436897
26.3971629785374
3.41947256278061
17.8491008933634
21.0877796402201
17.6157417707145
9.91395976204226
7.29387025348842
14.7377678964246
14.0778338070959
17.1486603561789
21.3963712565601
9.92289533643935
13.2448747986928
19.2679157713428
20.1731408946216
23.0246642837301
3.06024577002972
2.00110699635983
5.78877141233534
23.0726303299889
17.7064607971922
12.2284156037495
13.3780743926764
9.77843864820898
20.3689460176975
15.0333933997899
14.322941401042
19.7850380791351
7.94008534867316
13.3284584153444
15.7856228528544
16.2348893241435
7.61818124447018
10.6761600741839
13.4399309521541
5.83219809923321
8.44285150524229
10.85992786102
19.9953261311696
10.2332280948758
23.3011302305385
9.48484263945496
16.3019190389593
10.1736914366484
17.2950246604159
17.4000003993141
16.8272036826238
19.2615403573591
16.9987393310294
12.1440061311587
21.6268576914445
11.3895458169281
12.2536806855351
19.4019062211737
3.35565712302923
7.57514380384237
13.016830268316
16.0150796407834
2.48218204360455
2.06386130303144
11.7773876758292
16.0398669663294
11.00197811611
22.1843656152487
10.0002525839955
13.5791029082611
12.321967505487
21.7204556334764
23.2901994837448
9.92814255878329
21.6718803392723
13.8044227845967
17.0846228734477
22.103429120034
19.4922189228237
17.8977892268449
13.8690919832484
16.8571681249887
1.1104766279459
20.3042977955192
19.7389521310843
5.48993123229593
8.89492994174361
12.4006439000368
21.3223450817168
19.3929760251194
20.2562616905198
13.4398786583915
3.82403011899441
21.0936131421477
18.8881337409839
11.6453242488205
11.7283809930086
3.61839602701366
15.4471534537151
17.9389009485021
1.63503864214304
16.788968234323
11.5496319020167
18.7551139076101
19.1571987699717
8.44482509419322
18.6401804443449
23.9948213798925
25.9495069505647
6.24795483438603
18.4446872736119
21.7581749195233
11.449389718473
23.464020784013
1.73367897514254
7.4962556307016
1.02658892989248
4.96556416619569
17.3779469912977
11.0891395248473
8.90440041800793
4.40557326331498
5.07415601708212
17.2053157584742
9.38626250717789
20.9156632861381
4.32858362328261
11.4604502916336
19.0924194874242
2.20060190185905
14.4536884035915
19.2401183536276
20.9657989209518
19.5963112637401
15.6695002689958
18.6558707151562
14.1471481553547
12.4834926333278
18.4262614930049
22.7081525139511
3.08402995578945
7.59394029155374
12.2142977375237
16.5264412760735
6.09599708113819
2.26380934121348
3.47577112261206
11.5598044358194
11.5161834284663
13.1768924520031
4.32659869990877
14.1479446351384
14.4047493115067
13.5263559874147
24.9040610156953
19.3109594163687
18.6769763706252
13.4895347990096
22.7576942648739
13.6294823372737
17.1502707991749
10.3085149312392
16.5749519132078
11.9812801014632
4.42615845240653
9.75202696863562
18.2311906436718
12.4308089725673
13.4770630858839
20.3519191360101
7.01565453782678
3.84518529754132
9.95352396275848
11.1783602224974
6.56182464471959
28.8407223531976
11.9796678655079
16.9374226825312
9.79271079850607
14.358899043873
13.6724478262059
10.4208102693931
15.033454936929
4.13682938872195
6.34444368200575
1.86781892552972
19.3266903748736
11.0042312648147
17.0291700400412
18.2372853858396
16.9339417689001
9.40672380384058
12.7257293290124
27.3537679958117
8.75627470593666
15.7391393557191
14.7963958045828
15.5725002521649
15.9670397291921
17.2539118615115
26.7530772602186
12.8755931511333
25.648024300825
21.0088198306039
20.7704925211146
5.58325990568846
12.3436196474358
6.83856846299022
17.669214354828
14.938281385421
16.0044444259256
15.0136435190249
17.7123517496511
13.4094912904839
25.7788167800754
18.9108637860045
12.2524318750948
9.17379024904221
21.5932523831725
18.6756258830428
15.1266937316482
6.72566610807224
13.0107190227136
9.63004715740681
8.24606772512197
13.7367082294077
6.76757345210172
12.7353292889893
13.4108305675909
8.3992735017091
15.1077941758558
22.0423527993262
7.50900807049518
23.7816508626565
10.2102993674429
13.8387914048508
23.5463414108381
11.4687265805347
12.6345915254205
16.1496212753243
17.5082221860066
24.7516355244443
1.58216003328562
6.43131264671741
11.1702322957886
22.837885748595
7.44756972364687
22.1950435079634
12.230554510841
17.5897539592367
19.7298273909837
18.2753281553035
14.6538076223806
21.7510025016963
12.9558081427378
9.75810819203459
6.68943386708665
7.99366393295558
11.8570767110214
11.2067200476304
0.236465443012941
5.52686997689307
12.6441725995392
5.62458587810397
5.21712296176702
15.0050624206971
6.56398824063632
18.0927607463673
15.3537049889565
16.7159357108176
1.0752443592192
3.36878378875554
11.9616825133562
15.1852349917145
14.2436889046812
15.4348056763411
12.9215172724798
26.8308077938855
3.22672504418704
26.5025168657303
17.0145938172936
21.0389750078321
20.0560736935586
18.1508538080379
16.9268755355007
6.15764755105476
19.7907530702651
15.9469078947212
11.3852779963994
30.3017825819552
3.8996810792014
13.2956288468126
7.50863030552864
17.2166927457217
4.83867013809188
9.11295746918768
13.7449554400519
8.11596105759305
14.4788285717368
10.7931112637743
25.2023557433859
10.3130881907418
8.26117751438514
20.9630645113066
12.7968669869006
21.3111610135981
16.6778256883845
20.4763098852709
14.2057289369404
20.7270395709202
17.6984331803396
13.4168160846457
17.6920363679528
17.705151066184
21.6696951771155
17.6496163476259
21.5257745631039
3.68614306424665
0.331310115248587
16.0136054037139
13.4516414557448
16.7015349070217
8.22762097232044
12.2867433354259
4.30332763524525
6.54317522421479
17.2304933708245
12.491773444879
2.15186017585226
4.76663972771793
23.2204740634188
21.720454050228
14.0367373285016
3.40491653867609
0.670793862082064
15.4385943897069
13.4919888339937
8.5636457656362
11.3601355580613
20.3314593760297
9.43712282460183
10.2000672267608
20.8281144732609
15.020935703069
16.1682630423456
4.56571343820542
20.1541168047794
3.38316035922617
26.6893192660064
14.5939021138474
20.3834975836799
13.4701092261821
21.4935065005682
10.8400111086667
6.01988779278806
7.58243484888226
14.834345135104
8.90143972355872
12.0783649403161
13.0077326204628
12.4140779254958
13.8522278517485
15.5202897198903
8.45266506075859
18.4947629226372
10.4722230462357
13.5406145537368
26.4916533837095
12.9680240992457
12.7168763680597
8.5800222819671
4.49948366731405
0.351061602123082
21.5188780101016
13.7350427452475
14.2505382434947
20.1027926900716
18.7354641733691
20.5390637270202
9.85326680826967
25.6044231588021
16.3243748946115
12.6443120883778
10.2370748529211
10.5343863135204
26.6800194978714
21.8687477754429
4.24424114171416
17.5691371278465
8.24804629664868
1.86028841417283
15.8412281889468
8.69867144495343
20.1113208197057
8.12106270810356
13.4997579610523
8.36534521076828
10.016103023033
14.325158978324
7.77188818901777
10.1256516941087
14.3230186076835
16.4055404657237
6.28217202611268
19.8255745461211
24.6998540824279
7.25909068714827
16.3640135433525
14.012157779204
13.8910579685205
10.3731354000047
13.0131209967658
26.9701870391145
3.9731229422614
11.5905427839607
3.69525838177651
8.50807977840304
9.87013247446492
19.8485704885934
20.0136247670161
21.0988509468734
16.1265794593377
11.1722571321049
3.3166113765951
11.461668019183
3.22062112390995
14.1542716184631
16.2812368462779
15.5054562653471
14.8968876572326
5.95897802512246
6.91619457211345
7.81741502445675
7.50308849201431
11.8937895439613
13.6932801884711
16.2535707699135
9.43543068949443
7.89619039278477
35.407068019495
4.86304808873683
7.42728240192661
6.05699997395277
12.5533893484992
8.54683899722668
10.3287255624309
13.3850267447816
11.1936183075624
9.26091517857681
9.30434731276773
10.7206370126493
18.1236057309434
12.4086964642629
5.83648339379579
15.1906562266618
17.1574627713093
13.2032194174826
4.55315583112567
14.2747569339105
20.7015132764354
15.3526484899777
9.83440878335387
21.7143323987237
19.6306797158775
14.4012423697859
18.689640564844
5.80860099289566
13.6136251333306
9.78247104040929
18.4316316784666
12.0548380305991
14.515631669201
11.4239631453529
14.8559214081615
22.1075947629288
17.2637361334637
5.15111025888473
15.4827767750248
12.208510624593
20.9331132742074
17.7027407800779
6.11120903147821
10.9227771637961
24.4077877840027
17.5273987467894
16.6569117223844
10.0535839309672
13.3710142522638
21.6445497004315
12.2498947894201
11.5459458436817
9.59014212457402
9.28937478456646
22.6228414336219
6.14903152454644
7.1151455398649
7.19100215730803
21.609476555386
18.045094709674
11.3819622434676
10.8801424079438
19.7508392438674
15.8815142000094
19.0416350044011
17.8712917491794
9.98264716472477
20.2027173247188
26.3528081588447
18.2328624185175
14.7851924273907
10.459012951576
14.8169375350425
14.4408122403547
24.4002940831706
6.57271576439501
13.4560093516484
2.96346973627806
15.939033520408
13.5313054779544
21.4489251142368
18.0112440001302
10.81313201909
16.0686391871423
9.20174615457654
13.279885193333
3.86666166596115
10.0133014610037
12.2759570297441
15.3110713818547
10.3416204010521
12.8435739548877
14.2243033589778
5.32865701243281
15.5255554476753
8.61944793723524
17.9640013258904
18.1793812662363
6.67099715210497
24.5128368260339
16.8730624951011
10.0450620854741
8.83350705262274
18.0741517010819
26.929456111975
1.34133100509644
20.2837265345377
26.2161218561232
22.5381849566475
15.007790197527
15.6236655078828
13.6034934083
13.7173426734702
23.6387126613408
16.757603501901
5.92390278389195
20.0941864866763
5.43121071840137
1.38631632703254
12.387892184779
11.4849982013552
15.3950061649084
20.3703762730584
12.8451873315498
14.4392066402361
13.626225781627
4.66513177379966
12.7867782954127
11.341839004308
27.9717004857957
10.5744537574595
11.5779725369066
16.2009117892012
5.14490194618702
12.5654550589932
12.7946422668174
3.52429945348712
20.3624666445716
9.96177177249507
14.0490519928914
6.83684560935944
13.8479638146237
14.3989256750869
15.850347827502
13.6802510202676
6.98334719054401
13.3478479459882
12.3391261758606
15.9941238101983
11.0452067572623
20.8901061676443
4.85877057071775
3.70154287034338
19.4420477841049
12.360216351226
24.1931468714029
6.54940938111395
8.76859517302364
5.06893051788211
18.2225128635764
12.7377243712544
7.57831707878244
12.9533576430299
29.3203927576542
13.041231664829
18.7476067338139
13.3656896650791
16.1390285007656
15.9772705985233
11.2340531311929
11.4090761169791
19.2421836513168
8.95483021158725
4.26762487720345
18.972110026516
20.2917372385951
19.1613886871884
17.8498915396631
12.6387052237988
15.8507747575641
0.344584020785987
17.5086917077738
6.84462634380907
8.33976785652339
11.4755961578339
4.38757655628734
7.52784321084619
10.1410498376936
16.7047969034717
4.72747048114693
24.8996374430135
19.8613833512695
9.86014729456271
10.6567438893666
4.59647451102595
12.1262502038309
16.6178804428884
14.3088304437697
19.6976345032454
15.772828948684
25.3521807491779
16.6847560787573
13.3547812933102
17.118113511242
14.1472110291943
11.5170581964776
14.5613000262529
8.51274449378252
18.712707539089
9.8540573167749
20.3708087949297
15.4201042372733
12.7425502287224
12.9413910476889
10.7861229917035
18.9688738668337
24.8839980689809
23.9281889051199
15.6255882466212
13.8824307359755
23.0619410751387
15.9105220809579
20.0637634843588
2.51691280864179
14.1698074061424
7.443889600527
3.48051366629504
12.526051254149
10.1105325945844
8.08052946813405
14.7275581723079
13.8673417289095
20.0210768729448
14.5293191773817
13.2641093727935
11.7312196176499
14.5884293830022
8.90591440256685
16.4114506915212
13.6591505026445
5.6515863498842
8.96564649883658
14.4926193430538
10.610468313098
7.22350017167628
13.9332590510342
13.7225270736963
17.9485441400153
11.6703683510423
9.84061339404434
17.4052976979563
23.2420812721535
11.8006479227915
15.0496868658789
17.5547556506667
15.8632946485479
13.8808927964419
25.6206192541867
14.3078906785057
22.1324884332716
16.2513307062909
6.08403781015304
12.3950656037778
22.1073620112043
14.7962863557041
6.64476158563048
9.91220488213003
8.2868475234136
13.1877008775412
10.4950584936887
12.8350468119606
11.726864504345
18.7932784623731
6.70394816486564
23.4414671739759
15.2968015288934
17.5426801433787
13.3939374496109
19.1264308864804
19.5157630601898
13.3497235132381
13.8857381884009
18.2916064281017
12.5322484411299
13.9068609569524
12.7821018368824
15.4957784106955
18.5441033064847
14.3317224225029
18.2107523316517
12.5811783596873
19.9009981704876
18.4402109356597
16.1938589188402
11.5240723512821
5.9856956358999
19.0209388034232
9.45554746666043
6.66041367221624
7.16178135480732
11.1376326298341
22.4126554327086
23.4256706666201
19.9225446907803
21.0710160434246
11.7031600093469
21.426711184904
13.5630757082254
21.2580772438224
16.1478094989434
12.0694434037432
9.51695921830833
12.8223231581628
20.1773464912549
18.1155751692131
10.6721488113965
16.6823217645288
3.43319954749527
9.17387738000147
7.27223060397507
20.5390335526317
22.2855034749955
19.8106772033498
17.6756706341434
2.93648934457451
6.78180078975856
20.8864839514717
17.3199380515143
4.07187640666962
14.8752572445395
16.2036920432001
1.4787133783102
9.84989984642759
18.3218931080773
18.4410412674722
28.8396135671064
16.4283283753321
20.5556234112009
15.1183954137017
10.6312257004902
9.64364919345826
1.52095388621092
10.9645298216492
7.16426562891581
14.0464110998437
8.90030289445474
22.2911046817899
12.9633927718694
12.8941110055228
7.24248152691871
4.68822852708399
6.41741722353453
17.7353093167767
13.9963553985581
14.6640421357006
6.13821027800441
16.4464333379594
1.79789431858808
15.705667831935
21.1215241113678
18.8669618451968
20.9627474658191
18.524300441041
8.05183424752109
15.6406652415171
6.45658874418586
16.856464673765
18.7097444431856
21.4214078320261
2.98057903716606
18.5636988717345
17.22619056236
13.0098191390874
10.7231460977346
23.1693871319294
1.99595594312996
5.09972307865817
19.6973332669586
10.4252722579986
4.46571030188352
30.3842997178435
12.3444795238273
7.47408573515713
16.6920989286155
12.5782838091254
21.2844545720145
21.2969689862803
1.60739168059081
20.9102143067867
11.2165016587824
14.0552233438939
19.3572310467817
6.99462918564677
6.13652695901692
6.47939750924706
18.4319968800992
10.2572315838188
18.1834657909349
14.1063891118392
18.2852460372836
19.8225682368502
9.16477692569537
6.40733654352352
19.3529749521986
14.6654119715095
13.3395865559578
17.8625112166628
9.94218834346526
3.51901927788939
17.4205804942176
14.0715967564317
18.676921329461
15.1927938684821
24.6081678662449
19.7237029671669
15.5567918545927
13.1069873925298
11.4079860039055
15.4792704852298
15.0446945568547
21.7523604631424
12.5427533476611
6.93675853185104
17.9114714496564
18.0461140815169
14.7438627667725
13.2428530603647
11.1322821583599
18.991349004522
18.0694447364658
16.01988079492
11.9812726043165
16.3716944633052
10.9826393658295
12.7462083473802
23.0296899419941
18.5777264647186
12.8651267383248
10.7798094162717
19.7522476315498
10.3192741516978
17.7454963093624
17.8458092268556
10.4078834410757
26.9383219303563
8.96934584194034
18.336270400323
15.5035165837035
8.67861747111205
6.19082658860392
14.140175236389
23.6323730321601
14.2750853439793
22.0139850629494
17.899569356814
25.528510264121
17.6029933616519
18.1346370372921
9.7125059500057
16.3300334475935
16.356094616654
11.657029458703
9.58349050488323
19.7873098542914
10.7359433198224
12.6192921306938
4.48009865358472
5.67441749271147
7.25672196729384
18.7429503972581
17.6268657203764
24.0348041756079
18.6882395064458
11.5592744579719
17.6165333483368
26.3939964352176
4.38391906754054
25.8476258022711
17.8472992265597
9.46931019425392
17.0692403921278
6.81016803719103
14.8668733192608
10.7783111510798
6.72723078168929
10.3995376965031
11.0271648271009
17.2926656669006
24.0984918083996
11.5647071972489
12.0807983896033
6.33021529549463
14.7353859373102
8.67361619602889
25.0272416742519
6.51027096901089
15.126701324855
14.881982235238
23.6119704786688
11.4214927512223
6.66005624223366
11.2300778971985
11.6405057488009
14.1118869491468
17.4564674496651
6.6287059802562
20.6196734216064
22.4942208034918
18.229918112047
7.87729185540229
20.7198977004737
14.1029223566875
15.7297185389325
22.2050026757643
10.3205954190344
8.22237083738651
5.15421361196786
3.4462047660306
10.6221439549699
11.5191497141495
23.5855591949075
19.7720953729004
16.6130040073767
4.27426868118346
9.8043636418879
11.5768420963654
11.5247066220935
4.52926126308739
15.7060314901173
8.91105369715575
9.48621605770756
5.85556293372065
12.5807176790021
8.11378810936317
4.79752331706663
11.6622617026872
19.4374623941258
11.9681038195267
2.50110547058284
17.2586283000073
15.6463883817196
16.2139510270208
12.4354744563578
12.3423045824815
10.6894831871614
9.44459133315831
17.5353443017229
6.47310758940876
10.5956381669362
8.26063246931881
5.57428335305303
18.0621073814109
25.3102029440925
19.8445521295071
8.50038996431977
4.74550311267684
1.66078298352659
14.4345801323652
11.5699382033199
10.4666981483338
20.4129923135042
4.73117812056347
9.0047788573429
19.3050163804466
7.35517980065197
19.8286919621751
12.9185245605186
7.40989746991545
3.76413429621607
11.8083846479646
12.7781942021102
18.6322498833761
8.2289106445387
22.6867269957438
14.1359229829962
20.2525562373921
15.5564289074391
19.9722754147504
9.86790007445961
12.3260354631425
23.073867498897
15.9235804341733
13.8235494261608
5.05780773237348
12.3676556861028
10.1080271182582
15.4462065082043
16.8081882665604
17.0695509761572
8.00779736600816
20.9764611488177
19.8358662659302
15.498607349582
8.21915171310198
10.0018026099928
16.8039153097197
10.4511533631012
19.5882445666939
13.4111450053751
19.823361071758
22.8526149797446
22.5142612820491
6.16882352492038
7.07751417066902
16.0976407350972
14.7736189654097
17.5298793474212
9.56656350754201
13.7662129011005
12.3130024177954
6.90370624679104
7.97494312282652
8.74328166246414
14.8487249580783
10.8346548397094
5.97369967151117
7.7784780041326
6.81832451774091
16.1975286487079
16.4875596063212
19.4251568987966
20.0674110790715
18.6513721710071
12.837974797003
14.9840952366475
12.8393293511342
12.4761933707273
7.50956400297582
6.26901236828417
11.7745868628845
5.05661352071911
8.49364365330618
15.5044311657548
19.0691005671397
13.5580957867205
21.9538763398305
15.2861142996699
9.00644788052887
9.64302520290849
21.0306568769738
9.17033728336138
14.639055612497
5.20141345914453
17.2007410724563
7.55165682639927
17.9806738393381
10.1268580053268
18.4434947092086
11.5289580542594
10.3594145039096
6.9589267950505
4.33857215102762
7.00241392478347
15.1000703589827
18.1848737411201
23.3334106625989
16.8439785949886
5.72416204959154
8.28121011145413
10.6957150623202
16.230166121386
6.06331138159535
9.64348509442061
2.39511991701611
13.1470348977482
11.2412810791284
15.9666213672608
5.9962884772647
17.0892246067524
19.7511428268626
10.8691573143005
13.3993334369734
5.97422278951854
11.9722078554332
9.96680963522694
11.4681234733414
16.3394516333938
18.6998460208997
12.3842792002252
24.1622540634125
10.1944490283867
15.7745395321399
13.8960431871704
14.161886246967
16.7482705088332
18.2868838775903
23.6366739151855
13.2373385176195
14.5535352272451
19.9173889563556
7.61880334466696
18.5018253397263
10.4545420734212
16.6958787478507
14.445417211391
4.76347821820119
22.6431002607569
18.5304146260023
22.1071874955669
7.910500257276
16.039132210426
17.4751670798287
16.3147123763338
10.4162571050166
4.18635500277481
13.8390306150541
20.2939271461219
21.7256822739704
1.28906655590981
15.0832327082753
6.60923565154694
10.8803637406421
14.1203051687508
22.6144368294626
13.0334914736631
16.8036828748882
15.6227163271978
17.5186270847917
5.33710634335876
7.34120344277471
6.53224992565811
17.170025780797
16.7870570439845
20.1524601317942
10.9711444253154
18.4323573252186
14.7273498820141
3.79884478170425
9.02229398488998
25.6451382068917
20.2210421673954
11.4176126895472
11.0039699822664
22.1975344931707
12.274685385637
2.06551904794817
8.30413654912263
6.82057654485106
16.9285218929872
15.8969143405557
9.95954326353967
10.2718941617867
13.0032674039505
14.5908582489938
13.0242400802672
15.8720674924552
7.62193475384265
9.94961929973215
9.00401147082448
16.2983563961461
11.9192937134505
24.847250781022
13.5506484657526
3.80233497626695
16.7429929133505
7.48376646079123
7.58323771886281
7.77937462553382
17.541290470399
6.96280191186816
4.05690795741975
7.02859775628895
17.0352143235505
23.5964447259903
16.3044194690883
14.2552057746798
10.1354897465513
6.11843166407198
17.3606663858042
12.3647745233029
19.9598355794532
11.8678108111515
22.5761705078185
9.8902671597898
24.3577011649539
22.8302684379742
25.9747733357185
11.5747151896358
6.72067531850189
20.7920990884304
7.69822685979307
5.64799957237131
12.1733800973743
5.3116326315471
6.46074088218995
14.5523058483377
3.11501645483077
17.6692561013624
15.113931051919
18.3841263012317
12.9382136743516
4.98267750782832
13.9044916585622
22.6992030628026
10.5706620037097
10.9985019313172
12.6028150808159
14.0825096750632
12.1315500281624
10.5626774020493
10.80751135014
19.6562349155896
12.9730301328709
12.5281040182961
13.2760901236907
14.195867208764
15.3019797988236
6.78102711681277
20.0569443404675
10.9530822839588
13.3829416308301
5.04899602724152
19.0285766253489
9.44036373402923
14.7406325209886
17.0940207783133
10.9503037529066
12.4650583602488
12.1155372703323
9.56520196050406
13.8513904671782
6.0823910525945
21.3875396282502
7.58586297743022
10.1277868296212
19.0079053863883
10.333322477527
13.6292106703952
9.80103828695473
13.7358850343093
3.02203877363354
17.633602488786
8.89365262515403
24.0540763416204
12.8054710241756
20.7379536004737
8.08780689258128
16.0819206153974
15.282828130453
21.9563600141555
5.87248176501796
19.4322670111433
14.8092098068446
15.1458907173946
11.781337976211
20.2248822199181
3.91862555406988
8.32493133742462
23.8506633047069
27.1355634089559
11.1108872935729
19.5097053423524
11.9520857930183
20.8343264607671
9.33645870536566
19.231888349168
12.8790489165112
14.1971288714558
6.75307621713728
13.7486698571593
18.9650167478248
14.3674098968049
12.0782645884901
8.3814417334111
23.8682991126552
7.87578474264592
6.05573601601461
13.8613387942314
8.51180586032569
16.0369612050551
12.3844118836463
10.8502478105947
20.5187880666927
0.694567547179759
14.047020743601
5.57923924388114
7.65090708155185
17.8534794598818
22.1242312109098
3.69722024573101
7.08265989428195
15.6424487940967
22.0839888323098
14.0126236015931
16.5496794537343
19.1931390203536
10.9427519375458
15.3628895059228
11.8951751387803
15.3670862317085
21.6097001451999
20.0096412329003
2.5636647362262
17.8200746420771
6.73935650660242
8.83336795959622
14.3749276798951
17.5878220004961
12.1198214357719
9.71345439075678
11.6360970694544
19.5625331057038
12.0741950813681
13.5141974780709
11.7657789960504
14.5368622396809
15.3170086676255
22.0119251171127
23.4454341121247
19.3715130444616
5.26504919398576
19.4552173942064
23.8363665295765
9.70831238664687
10.9257439721519
1.58429397270083
16.7621921747923
7.07674999895534
16.9133214745671
25.4297684179619
15.3623032806568
14.3793249968439
24.1023213746621
4.34685044456273
14.6219604701824
18.1424971204251
5.2276001079008
18.4966838685796
14.7503610467538
10.3309949709907
12.1734007960185
10.242547118105
19.40955191385
14.851263413104
14.555234904401
9.47186395060271
6.52035777457058
19.2248496226966
15.2976677985862
5.10308453813195
8.7398418225348
10.4597168523357
13.4102291660383
12.0490684406832
6.85892147278268
12.0725728728382
5.81207907993265
16.5077506797388
14.011045335792
13.4204887552187
17.0249418173638
17.7092103054747
9.78657320380723
9.31525365449488
0.816279364927046
9.84595899935812
9.78951014483827
11.7498768027872
16.3379908539355
4.37903843502582
23.9277707784489
15.5317277647555
9.69329712993672
14.2523278016597
23.112603998743
7.63228333089501
12.2031548991799
21.8113199109212
8.01772396080196
6.15244898945093
14.6718335158098
20.2070528257598
4.76671932265162
13.7443934334442
17.4767992692068
18.4757350943983
13.6393990674279
12.5647381263217
2.26224534234662
2.08784679416567
12.7160394368991
14.3141893204302
16.1786919925362
17.9608392994851
5.69915627129376
14.1974763711914
21.7365230200812
0.377947147556589
11.9976398069412
10.3985190189004
16.7356655467302
15.6619296176359
12.9788008489937
14.8427248157541
6.82739822659642
11.209841496473
16.8460401706398
17.2192028490826
18.9221161883324
15.6540405703709
19.5255443763616
16.4782113395631
6.90205642022192
17.1471303777035
11.4967341534793
17.9512175032869
21.453392971307
16.6654432192445
21.2848094291985
19.5505087729543
15.3745027258992
10.199641273357
17.4062397796661
18.9347421983257
12.7781246830058
13.4504998568445
9.38769339118153
20.2732237521559
16.935044833486
11.3067037425935
16.8584375875071
11.4432626869529
18.5402680421248
22.9515418643132
28.8597961654887
13.9519423259755
7.30593078769743
14.8932347627831
15.9161378396675
11.5717992885038
15.5919576529413
9.57115779229778
15.9573772689328
12.6576611120417
13.1640253233167
9.27678402513266
10.8604717999697
18.0519582470879
20.5316324718297
9.19536461587995
23.5626932932064
20.4697194043547
11.3478181883693
16.0808921830759
10.1393813416908
25.2990316366777
14.2615636112168
17.4333965638652
20.7373376237229
11.9718278835293
7.68831025343388
11.0469104489312
28.1601284863427
13.8892862480134
20.0892814435065
7.09540416794878
14.0734265558422
19.9444996891543
0.534932524897158
5.90608722995967
17.8644724655896
6.19828975870406
15.4924427857623
21.7573756816478
11.2283884547651
11.596244022738
16.0288724349812
10.0516871705045
16.6997577762231
18.2936299825087
9.86576587893069
9.60617787204683
23.7346851732582
20.5653891665861
16.5285202441737
8.77465172691683
28.0827610287815
7.07800043307964
17.0846441760659
13.595181517303
28.1536660389975
23.2237317997472
7.65404547564685
15.3561645562566
2.8919902862981
6.03512935193642
8.54608039471471
8.80776140838861
18.229525978677
17.3057448985989
29.0309062926099
20.6371189793572
3.84033687017713
7.57195770274848
17.6890461472794
19.1804918926209
14.6740621905924
13.1877634907141
17.4859838094562
15.2047677431256
10.0720308953896
24.917195062153
12.5848287018016
23.8763371482491
8.40456895530224
20.5254562243597
11.6553753148764
0.155599252320826
6.83621466159821
12.1438633650541
1.83595479703978
20.7317228894681
6.21119004412448
23.2285377103835
11.9968855789146
12.6252000642417
9.83649336267263
22.2634794241427
24.1559572750703
12.6305364770815
11.857068631798
18.2164658559486
12.7626512898132
20.5850063590333
11.6611895617098
18.9202910521999
13.2944117067382
16.1886794399774
14.8885975126177
6.63309424966398
14.2154124723376
4.94067545514554
13.999352674
15.3299306053668
5.61930783761116
5.096480040811
20.7185849445283
22.9852471500635
17.0610710280016
19.3292768439278
9.18740327470005
13.352007069625
23.4261378645897
11.4551939303055
15.8705209283485
6.56594103202224
7.22751598805189
5.37679886367363
13.8448546407744
21.1454959353432
24.6773381019011
19.567757146433
11.7146055679768
19.667243435441
8.20508061442524
19.7301381267607
16.0519437165931
15.8048000186682
16.6752390563488
16.8545294320211
16.4826496038586
15.1401388316733
23.4080363297835
14.8645158391446
29.0326705435291
15.6515541952103
16.7724689503248
16.9696278171614
22.0105236396194
9.27804155563099
21.1093775229529
15.3745194350907
13.691996736452
5.33895569280024
15.8865566998086
11.0630503622815
19.66362753883
16.2390832515665
8.84246602654457
9.38367322087288
14.4755811197683
8.47775515455296
11.0811443878644
20.0604166835546
8.28416140090144
12.5126302242279
3.48458123662441
1.08355470848483
7.26791182841652
19.8880658484995
19.1851502278227
8.17466559819877
6.42549278858674
12.7320958999917
20.4078478040174
11.2725874806794
9.45527921430767
10.5275042587891
7.50055452808738
16.3183669792488
15.5450615100563
6.37695838231593
13.3721422404051
23.6044683959335
6.27762119476022
8.68295619729906
2.05450055655092
19.3286096677184
14.0275437545288
8.35362772922963
6.44921662751585
22.8275781264529
19.0796879585832
27.621315442957
15.6466510379687
21.5368462959304
15.2718612691388
7.66627511475235
13.0397535627708
18.4689573943615
6.03126573304348
25.8269155398011
15.5494537204504
18.8425879692659
9.91503521349994
23.1006682151929
12.2891720151529
3.9585155879254
8.87214175891131
19.1176549531519
9.35927792452276
6.16049021482468
17.6998346345499
21.9092480605468
18.4304282069206
8.93727915827185
5.7154270587489
4.72451590467244
15.7481174584695
19.5098058786243
14.6907359205318
9.69203501008451
6.89606377854943
22.1237065969035
10.6607804773375
24.8249884461984
6.73506867606193
10.2073124144226
10.3956836508587
19.6366929681972
3.00838320981711
18.8708983594552
6.25960479865227
3.61104248877773
0.317173508901187
6.37030724176499
25.6398514145985
11.5375668043271
10.278927674517
17.3564572154825
11.8864559183264
11.8116997648031
13.6381306918338
14.2181860020714
2.6065602161807
14.3428536364809
9.31978506875983
26.9151479471475
18.2195750626724
10.7538786275828
25.7784055313095
4.96345106512308
22.294058278203
17.1266781864688
7.18287379485727
4.76877671916835
15.1500093983486
12.2601913986728
12.2866191202775
6.87186634168029
18.5947039630264
19.7017123256216
6.4648904139176
10.3808439569548
16.588790435344
9.0091597288847
11.0336820362136
15.2422519377078
5.04050666873095
13.7259731069207
11.3586461751818
10.533214349341
16.1252614110708
10.8379989862442
9.15528989862651
12.3892844421789
17.1830082777888
5.03981128914695
15.8971067983657
6.9878143828396
21.4327702531591
5.12023130431771
1.34881868338003
7.96586922369897
8.30810915666125
13.8238762039691
2.45297142179718
15.2525610029811
10.3176774707308
22.3419850459322
22.4973652022393
20.7123173938301
10.2013741298129
9.58289881856046
16.2609420716763
6.0205652504674
20.006018015556
1.48470320273191
11.1855117138475
9.81099391709788
12.9974901210517
18.3227348839864
11.9203713024035
18.641104362905
18.3757751248777
17.6853552693501
6.07431267853826
16.3424835540354
22.0656049981446
22.6383678615093
13.489439105615
18.624141998589
11.9496200614799
12.3610104434192
22.8822493227199
16.1055011207466
14.2580080544576
3.86101549956948
10.7557137962431
6.14487170223577
12.908564414829
10.1514284040436
8.79638846351197
10.2286970619574
7.59344247235697
15.0748655038607
9.06928912736475
18.1331728817895
9.31373378261924
15.6169801062271
25.14384011738
18.2384638383548
20.2108920551836
28.6305309273303
10.8422613935545
11.4228884568682
8.04895658353265
16.1985285114497
17.2784675014873
9.46341243106872
5.0466604763642
16.4495679084212
2.3660174228526
10.594915994443
9.98008192982525
24.8046710621566
12.1049962450988
5.807702569291
1.68084651231766
24.7443883446977
14.1664329450577
21.0153926820212
9.07040338497609
9.1974196722731
5.62116636428982
15.8983172383159
13.2182340370491
26.8027378711849
13.0599744152278
12.4473977368325
9.8332412308082
18.5102258472273
11.9555467409405
12.6622280338779
10.4403903242201
5.37187150993965
16.4098856970668
16.2974736653268
17.516114918724
17.8529048105702
15.8787410225473
11.9080598908075
11.8022030452266
9.93750628549606
10.5380473326675
3.93161646323471
11.6515297982756
9.18809168506414
21.0941547295079
16.8345096986741
8.55753439614678
11.8326898198575
14.7377684246749
23.6339817056432
18.196376459673
13.542821444571
16.2899036426097
22.5745334755629
6.34209660347551
26.7505298135802
13.1518460577354
5.26612137082171
13.475001277402
12.2811954701319
8.32568630576134
