"x"
38.1613778330713
22.8586663957685
2.42648744024336
28.3818905920903
8.17575190450767
22.4218147393545
28.4106041304767
32.5882881879807
42.4358957447112
35.8867439438678
20.2049814164639
39.9168136995286
30.7095212882749
38.140123244375
19.490283774212
20.916080288589
11.6899039207045
34.8235380835831
28.6485397722572
27.6131069857982
35.130180278793
28.6949574268575
7.70048480480909
37.852985272184
35.6520235538483
28.7773508112878
51.369940303266
18.980792712182
60.2515118662268
36.6875964216888
36.444883979857
26.5330987486967
34.7798768430948
26.1894295923412
14.9888171219175
14.3609349329427
24.3361077955268
8.09208657592535
39.0833155717701
20.9156801458448
41.7190309840024
40.7927934546024
27.392106410116
21.2143202398064
48.196831298992
12.6132318750024
31.7026511300355
36.1755269113928
21.2679485790431
31.9921686314046
12.7426997992139
4.32172962464392
26.5678414865488
60.7258250936866
21.9861489254981
50.4294182639569
20.4582577105612
28.1713796779513
5.27121078828068
23.3791355509311
46.8930481001735
46.0473068058491
19.857458680089
9.30268871597946
39.602040592581
12.7788181882352
11.7792264092714
24.2335410337156
24.8886951972356
15.0081533472985
34.6892612054944
43.8537563197315
36.2472597509623
19.8902155738324
33.017700205981
30.3795233291897
32.2720314831436
14.6528101526201
29.9765758682042
23.0741432402283
20.2810662735009
24.3230546824634
33.5712439482809
31.3221110962331
13.7320342375264
26.3698715120261
24.453978266198
17.8011937661742
30.6812319904566
19.3974927468154
7.43021345697343
10.6211287435144
26.780510134995
30.4620281327516
28.1652738340199
25.791196821279
15.2190235909075
2.94791866163581
25.3909540335332
41.6231070645154
39.1359769739211
36.7849294561893
31.7859784383562
27.3246315864004
10.6062860619154
12.5492174179748
61.5643607918173
12.681000912562
35.970628913492
41.8680062983185
17.8971622604877
35.1928481366485
38.2554979471514
24.785196967423
29.6895734965801
24.0377788431942
14.7873078938574
21.0371363908052
50.7177285850048
37.5103803817183
9.3433088157326
27.7152940165251
52.1850530058146
25.6366853756119
36.5759535692632
16.319807068719
21.3660785928369
10.8152663800865
15.9260849170463
25.1205948647112
24.7073183767498
37.0387189090252
53.5643109914943
14.3846797291189
4.08280165866017
38.5193375870585
11.9191439822316
6.95519256405532
6.4609716180712
21.9228899098974
22.7568326554056
28.0727992765605
35.8644488733262
11.111185932532
25.4811980761588
8.09836317785084
19.4502624217421
27.1479869727045
59.1734158806503
33.0565872602165
28.5185027401894
23.66300704889
18.5157597530633
25.0809231307358
21.1051168851554
10.6585596179669
15.9682515356002
3.40846031904221
9.61143858428393
23.404126195237
46.5082093141973
20.1142087113112
26.1938240844756
20.5966155510396
32.7031871303916
38.3428542409092
19.8412285652012
44.6786562402182
17.4070233944803
12.1550782117993
15.8779829122623
4.45222202688456
43.3742892928421
22.9137471411377
28.7981423083693
14.0387630090117
11.016850091501
9.34472299159625
34.9656399805099
34.3121913261712
28.226515930146
28.0717907726174
30.5210761725903
28.4579982515424
18.7760782270599
20.7812353075864
37.5638853292912
5.27308844029903
7.04094273969531
26.253090845421
43.5414052102715
2.45138164609671
30.6563953403383
18.979737861082
20.9223302427413
26.0063455905765
60.9840037290491
17.8635525049035
44.8538319673389
14.9350396823138
39.2490044693049
15.1775766576404
14.8813856299967
20.8137697540224
37.2561819851398
45.471653714776
7.65092778445212
24.0240411176236
3.89408827759326
36.5857728756964
19.210019428283
15.9241104964167
12.5707969243528
36.7212292272598
6.65693883141524
35.6509203556925
29.3208620045334
25.4021028988063
23.7531853374094
37.984227295965
15.1561423670501
21.1200637742877
9.52681042253971
11.1511835828424
12.6185389578776
42.854592949152
25.9608929375633
24.8162008427336
49.9296580906957
47.6348598570476
37.6223271247
20.5072002992927
36.7015761788934
23.8076452631503
27.5424041278029
43.7557248875327
46.6781807597727
26.3171841141005
41.553641250357
40.2445094194263
31.5287902951241
15.3875694610178
26.8321895040572
44.7516766376793
26.3292625418038
22.7840820327401
24.7525102829685
22.8857713285834
23.6150439515046
44.0891462773878
36.4356502424926
23.8482792396098
7.85943302325904
41.1077616736293
46.0660062730312
23.8581833429635
23.7943987075218
38.5375314392149
40.049305325374
8.87315259315073
5.58212183013965
11.8415497337023
23.6723627429456
13.2699568755925
43.4028149116784
2.91584960405853
25.0608994625509
13.0338700022548
28.2310175270789
23.0218214448541
25.2171019557863
17.3013724386692
60.6369002722204
15.2909944266605
32.5935794040561
16.8753481713851
29.8479003760393
32.54138155547
23.6302961595356
32.4722595512867
11.5852349903435
11.7915304159607
32.1156691186799
15.323168643293
22.7690765634179
23.2384986709803
35.3446955904151
50.2659264020622
14.1404960704626
7.83082200214267
30.9635311139725
13.9945114962757
27.9501789715141
27.6086499914527
30.3659569472075
18.5068041997716
26.4275767850394
34.8451509099771
14.9806572590023
48.8247548229992
27.6528270263216
22.3995045293123
11.7474226746708
28.982730603909
46.6451900426876
17.4157365690917
39.7535515483469
30.0639878710775
37.1689214371145
10.1427641231567
25.7224230561405
40.8373035668136
19.3088963235238
35.8997203409672
10.9816116280854
30.3070427384228
28.38746739498
30.7166431564838
36.2355623394251
17.0370756648481
12.8483407665044
41.2957832217216
26.9340009108313
29.9062072765082
14.8050360847265
32.8378812234104
24.1382904350758
35.0860181730241
35.3378673549742
30.064057931304
30.7868348518165
24.0290562622249
34.87005578354
14.2111582681537
24.3682337577739
26.2827444266993
34.3241918854956
19.8116663843393
21.5361892070358
12.0330473103986
35.6552442070097
24.1302290000021
31.5230941865593
44.5310970768332
13.2170518860221
34.3873119913042
41.5776732803182
30.8069252409041
44.7607879061252
43.3815981261432
1.6564607154578
29.3061666656286
0.610517323900774
42.8623148240149
60.4465546552092
32.7962067673099
13.3293107151985
18.5065270401537
27.5942901156054
47.286629723385
3.41003096288092
29.6405128239088
21.1801059116818
23.8301974417608
32.7843950595707
10.9443807043135
21.2333261090315
35.2917607556212
27.74555195926
32.5473549775779
13.9826199505478
7.45070483535528
40.2674130946933
11.8771167006344
20.7460457567199
6.33087842725217
21.89742247184
41.5108765475452
32.7490301493005
26.1445224511337
48.8774531986564
41.0620240494609
34.8982784897089
18.8979252707213
9.87357567064464
54.5870488043875
10.731282979067
19.8185543968955
22.1760225386513
34.0453132521361
17.1477436553687
21.9584845937788
5.65739474259317
50.4651042167097
30.6999124586582
43.8669350929558
47.7530048290033
41.5973723866045
39.2449639737606
46.8004360201591
29.4198198270453
29.0572386234999
27.1908384435107
21.1738358433635
33.3311959635466
17.0574937415664
26.1555008240982
41.5102993603796
41.8205443769693
22.8754937878987
44.2967034410685
4.51993835158646
38.4251395706087
26.5902830753475
33.0304987728596
30.9550398107617
30.7427671737969
21.1995184421539
34.6125226933509
25.2807854307837
32.8869241887088
31.3588547786654
25.5951025523245
27.1753825154658
22.5515972357243
31.7258585739987
9.38361617736518
21.3562665972859
25.4171375185251
33.4990884177387
20.3288894612342
38.4630041986145
10.4347580578178
7.75748032621643
23.5407898202538
19.5276211947203
23.2527954503894
21.6042032306199
40.0592379954889
14.1470926386037
29.189401678741
36.5708674769849
23.2238619588315
33.9505079202354
14.1796072013676
18.645398132503
40.8885921351612
34.0513757895678
6.525446055457
42.2149818390608
21.8886645976454
9.06373881923803
34.1191582920251
16.9633334036916
10.3352660973611
45.1072108466178
15.2433741103847
22.2416136879474
41.2294695064893
13.1219719734597
15.7057635951787
20.4217720311135
2.90208351798356
23.2145610731095
40.7837095670402
28.3857953734696
41.8077748734504
21.653147879988
26.0827434249222
22.1533466571332
21.4040581136942
19.7725760284811
22.099827766752
39.419064624235
35.9276030299645
12.8200709291075
11.7253923788667
28.1199820722222
15.3951369225979
37.4127126097349
41.4511825423688
26.2240633338163
32.8937818761915
37.7306154860915
29.7613393194943
18.7668096274137
20.5849847756326
26.1225572321564
46.4385127648711
22.5740601774305
29.3186753988266
23.1148592196405
9.73158376291394
37.475323304534
25.7224449897567
30.2348234225065
23.957820283249
41.442395793274
10.0118566304445
45.961982710287
26.4832356479019
17.3841860008988
22.8569666389376
18.1082797038863
39.8162547003097
33.4046198986471
24.092030338943
20.132422959432
13.913892628625
31.044384278357
32.1136490441859
22.9445155709982
19.1835629813163
1.18193147261973
21.7817325145006
8.55062531227152
32.9219430685043
22.0766847021878
35.8824352733791
5.79124571707484
32.576019682979
35.5774130959512
0.891684787347913
17.9578811861575
36.3881852012128
25.3958262255651
23.3808374963701
2.58379434235394
34.6489914916365
4.39368797419253
47.0446532592177
29.8679783008993
22.1122183371335
28.4397674258798
24.4404334574938
26.7482266592871
38.6329615488648
13.4488904312754
40.8647657837719
18.0488165671887
27.1078231744468
29.174380004406
33.8820342905819
25.3021639306098
28.3210332039744
33.2647195850997
28.7103210110217
10.9977952416539
3.74866696074605
10.4572798122122
17.6925930194557
5.39204156957567
32.4095450341702
31.2741279051988
21.3852249085903
7.85408484718298
21.9120820518583
31.7665045615286
34.7504366536907
24.3445748928934
1.27695659175515
33.6327229724464
35.6927621700869
25.0276520382613
41.555154742673
6.54733185656369
8.1365680322051
33.8566906750202
32.2170219849795
2.54590150042768
46.5229647699744
31.0040560085326
44.4833535701036
10.3767145002255
19.3196804262698
9.77218427059862
1.74710592254996
29.4430969282985
45.0955939013511
22.4629102274776
11.7645117454231
36.1035454424234
38.8616111129522
35.0110663101077
10.8580038882792
19.4644920527935
8.28307657502592
9.26484162919223
28.7529214983068
35.0183885544538
26.0407906025648
41.5198342829447
20.8818291779608
50.218253955245
32.489175349474
26.1643117759377
36.0130204819143
16.1533398088068
20.2064746768966
20.9990405011922
40.2896825689822
27.126902109012
35.3101416902095
12.2930752113461
28.4277347382158
18.1218920275569
62.173873744905
22.1924085170031
28.1946114264429
26.8510371460908
21.7244802508503
19.3334313575178
28.7259407930415
26.7777238041162
26.3860127422959
39.6802546051801
18.5603552963585
26.5009379480034
15.5335013913435
10.2289780043066
26.1620377190411
24.6738022193313
41.6881928220391
31.8842041771859
14.8421853753
29.6105650253594
5.09166567758948
40.4574976248282
30.4535325970358
47.4600339308381
16.7130724526942
28.6089353729039
18.2734092123482
45.9710738621652
45.3877488974704
37.7411419060081
26.0234650224447
13.3386484812945
43.4571579307139
27.2214707452804
5.3985791746527
34.2100467532873
34.7970858681947
21.5263422783684
17.0166821219027
21.8929832781891
32.6621510495541
21.985715534538
15.3958615831501
14.8238401859999
17.5395686883697
13.0875988738826
25.5233155563474
31.4846946143947
31.1495839618146
21.7442421209721
26.4141863211989
29.6241222880781
26.8996710889041
50.0301073305309
15.5105488374829
8.61651506274939
44.1554449964315
2.34200418926775
41.6139991488308
15.1323668658733
8.48431126214564
47.7174492552876
38.9358929358423
38.1797357928008
51.1726765427738
34.8426902666688
16.253607813489
30.0405729562044
18.4643555898219
48.2016944792122
35.5776184238493
8.0548282712698
24.2925800383091
33.2329969853163
32.8657701601287
26.2982219965939
24.2043929640204
32.7794168144464
36.1913610322947
38.257570626319
11.6121559403837
1.90586880780756
27.432203070348
49.2762342561036
25.2963399980217
31.8376642108061
42.3454630188644
33.9390263427049
42.8194230888039
16.3081845734268
17.6450964063406
23.6209060039799
44.3173828064624
27.198031639201
46.8527627177536
16.1623285617679
25.4762265831232
21.9899221323431
13.3512198459357
24.5315559216333
33.6884967517108
29.576943142186
27.898082556203
30.1837490583094
30.7075324813617
26.9624218344688
18.7483394115097
19.3906802218407
34.5158968108016
47.8719207252848
43.4840951114893
14.5756593439728
36.4929251372814
4.02519947695641
8.73536732979119
30.0966477021575
11.1218081321567
29.2524188756943
22.6981702260673
32.1790793444961
29.6375541016459
6.3140886153547
20.1659127990811
9.38793690875173
28.2242760505345
57.0603141095489
24.2206766735762
24.8226720374078
23.0499738827348
40.6753762159497
28.3866761252284
5.36138735709885
25.2338745346655
38.3269108831882
27.0150786265731
19.3429084835262
23.5445652157068
39.0346771106124
32.7648148406297
40.9974116832018
49.1265454795212
47.104059252888
12.0353691371251
31.2669870792344
3.48152471706271
7.49078840017319
33.0508716261155
38.3080297149718
21.9010286964476
33.6683865170926
18.6327831824274
35.4009767528623
33.6918476503342
28.9813329000026
41.2235910538584
29.5812126224201
36.6043159272522
17.5260846037418
37.1919514611363
30.3430181927979
46.5856951195747
18.4023478026853
48.1150744482875
23.2162581395633
25.602664751932
19.8322203010321
2.36548447011187
31.6557672806084
39.4719227841241
21.5998147121429
13.7312468141317
12.8439554944634
44.7868174407631
28.011498951579
0.855446110016528
46.3235238566995
19.3832678543091
6.53581074438989
23.3806288335472
37.8115201368928
20.4913852736354
39.5156936720014
23.8493423772196
25.7421245321618
28.9169228635728
1.12942075356841
32.725665718317
18.0890060961246
15.9241480441171
8.4611542057246
47.5218476261944
18.4396259952337
47.0013495534658
52.9067549388856
46.1801012527956
25.2043736755361
43.3373675681651
33.5448437965288
11.4978283726695
24.1114425472915
44.2896101158112
10.768712265417
34.3045033980161
21.774965710938
20.4717840533704
20.2692194507087
40.1819756254554
39.8186857691547
33.0767762381583
23.7381166312844
39.1225874423981
40.8924171701074
28.2267305999994
21.5430645272136
34.6110551526806
36.2238125875592
31.3535640016198
25.4883164388444
25.6485547404736
36.5276401862502
10.2732512634248
25.6561695132405
22.3335811277142
29.1078130233127
37.4745091423392
10.7478219033606
22.7010973717091
43.8707897439599
25.1131879122432
27.1554804872721
28.6940581630915
21.1955356306559
24.0507581505986
17.6724859047681
16.4262168969283
32.5840328354388
28.3807261381298
25.9005087230947
14.9157102685422
21.8302943743765
47.6873181760311
23.0891868006438
49.3739993777126
34.4267345033586
29.5264299674389
18.7434347647724
16.6590148856148
23.2382610440254
19.887198228389
30.293715008779
37.5342177227139
15.9377459902316
37.7648247871548
26.793461618945
40.255981637165
26.5277285197644
40.9881001671835
21.9996862579137
21.9666482880712
38.44352690503
18.6299638836512
30.9127419209134
22.7255018737856
24.3673853110522
29.2353197466582
14.8947189885975
23.1805406954042
20.5610036000529
26.7707867082208
22.2056788392365
43.5455847997218
25.7200327236205
41.325566265732
14.4529393262346
32.544575072825
38.9159960672259
24.9867036938667
55.3761295508593
9.75517853757711
21.8021169304848
12.7471868414432
6.56919899608736
30.8278066106141
31.5485811326653
33.4333768603187
17.4564282875508
28.9851732552052
47.1070965930434
44.1384620033205
29.2385086417198
34.2126324307173
34.3101922422647
42.1284716110677
29.614101939994
14.132550961706
17.3665824811906
35.7364546507597
17.778945880074
35.23080376644
34.0607480611652
52.4214004033838
23.6740449909121
29.8622975125909
30.5240008980036
19.1990898456424
26.7279435820161
45.2313894405961
46.3632502127439
18.5182658955455
22.5071219261736
14.1334029845893
19.839915709531
29.5696107188761
33.2299294881523
18.2233889585683
38.3301944006234
43.5580379795283
18.5731956735253
43.5120628681034
31.3050934113562
15.4970326460898
26.69150326401
14.6084546083644
20.4671271464109
25.7873221766204
26.0946849346131
28.5089606419206
15.3802626766264
27.5358481798321
32.4701371347959
53.1367653049529
29.0707371197641
33.385698730126
22.5977907684973
38.3803791366518
39.3717273138463
24.215601537991
11.9047468528152
25.7461896166205
32.5511082075536
35.1201656274498
14.608688512817
18.7360558139064
41.0684586968273
30.3900067694485
24.3611154128659
32.4355747550726
30.6217647623271
37.4429089017212
29.0795078501105
32.8655192628503
55.9412397718147
30.9558689594269
14.3656552769244
29.3220948427916
32.6345427145074
25.6148544299952
13.8984317425638
21.4105924591422
23.4198669437319
24.2131242966387
16.0717944884687
33.6118005216122
15.9282378372855
24.9905311968178
2.65983646285498
20.5650848336518
22.5319860503078
29.3693124316633
10.2568262538712
31.8431453313679
35.5214026008723
32.8159198134287
14.844729192555
38.0907117854804
22.3365985276878
52.072188956663
23.612045077607
7.72764417342842
59.4206043984741
36.5056633483618
31.5624617040157
25.8782463613898
40.4491397554831
0.459453791245277
10.6737353316663
18.1751217227429
21.8635078857553
24.2386757861823
38.0495030746812
53.7361625116318
9.83576960861683
34.2358103953302
23.4613630461163
31.8529150914401
37.6679619308561
8.7604854721576
34.2207422620955
31.6889135632664
28.4527665469795
39.6348824591041
30.1157674286515
21.8427373262221
30.0060451962054
16.5421141344261
34.1193394735456
20.7866413984448
40.7457851339132
57.0912245195359
33.4392233390542
29.1596896015108
3.67918186886292
31.6918026655912
24.7217295529259
29.7448213677853
19.3342411244326
45.2483297325671
36.2763017416
42.6749639678746
45.469901477918
23.7437581831577
7.67927739723396
37.3211047612131
8.95738312974572
23.114187316969
24.0585863352676
39.8118363415789
31.1956237070262
20.4666537232697
25.4606102232468
12.793026631698
9.35729997263479
20.4340806228277
35.4801382403821
29.7515720670478
31.09847572915
6.65937835688167
14.6842127200216
17.1620973225973
31.0324037912598
19.7144964709878
25.9764101276974
47.1900355536491
48.8343063966025
38.5878934059292
45.6685314420611
19.8180005419999
11.7619249969721
33.52404050529
32.6579747696797
13.5552700319048
25.2210378646851
33.4334948565811
45.6557460594922
25.8109906222671
25.7527695625412
18.7265808228403
36.4974589087069
29.9416642630131
35.9791335184127
54.4118183664978
20.6194105558097
26.7703458666801
25.7518245838583
21.9817488919944
25.3592891830915
25.579221919179
27.2804965265095
20.038587320596
37.030264409259
19.8598980903625
26.280867215246
30.0914029590786
15.0464739184827
37.8719802945852
27.1015448008358
29.6121087856591
35.6562619563192
27.5002572219819
43.5339658399405
30.1499683875591
26.2002227362245
22.6441150065511
36.1324906814843
41.5446354541928
39.2118066549301
28.0984188430011
22.5461397785693
13.2628607563674
25.622697873041
26.8696589395404
23.6033188943771
36.9827151764184
33.465598798763
23.9054757838032
32.7404865247797
3.58769876818014
32.9891495709169
0.889139694244037
13.4120679460466
27.9364794492722
37.3800563011294
24.1194603499025
39.4864175003022
8.65022749640048
30.2386476852013
33.6792334055819
32.3429698515889
20.4208091832697
31.3005953387343
43.4959766454995
4.63419421575963
21.3687530253083
14.211903329514
4.92048463784158
28.6168393213302
43.9155135769397
45.4968701379789
23.63704619212
18.3928625658154
10.862356059373
18.9252043608576
35.8876858837903
31.8961959087575
32.760442327708
39.6114417817444
21.0204321425408
34.729349196796
21.6102026063611
41.3793226125861
40.5608649831265
21.4229776989669
4.3879918748425
4.84704375267029
40.8413974568248
28.5467530135065
31.2379085458815
43.512414446987
22.8443883359432
60.8112485613674
36.1233754771841
30.6293816771358
21.8149899894962
36.6168582287044
36.0237335786223
14.7375926375389
24.3573889800608
19.2719459233338
21.9803259242326
46.7853659763932
15.9373031463474
18.1660258676857
33.0933030229062
25.3983411828031
34.7584692295641
19.2537378330489
41.631653395475
27.0198151541047
24.9324070755392
36.4835602696985
14.2561051528901
19.0605933312327
15.8073185609437
39.6948309149593
28.9727357973376
43.9625891135917
33.0415688455105
11.5935586823316
33.8622602634132
19.9437028728426
29.2979702819139
28.0317004770041
13.9308324083686
38.7007157783955
22.5721264258027
21.2377452291548
22.5182215464499
11.4446878192635
23.3151188354705
25.8554535452276
36.8767024949193
27.9348317533731
22.7037138305604
12.7242591034252
34.6438813023269
32.552664866671
7.46674257079781
33.9891064912081
16.1042573276522
20.499912975356
45.1598994686256
4.37211819938457
24.3525200523436
40.705552790314
24.475468788296
38.0364103242755
17.9339812137187
21.8820298556238
30.0544135272503
36.5860132966191
48.1529956287984
50.2419560216367
28.5580867901444
36.2526366779437
7.40851006617412
39.6443077828735
29.6443049795926
24.2587603086681
25.6633651442826
16.1218614150521
40.4215681518682
27.5692017748952
39.5291272550821
41.6498309838241
25.1340638846159
27.6177433785051
16.8107040307279
20.0511323753744
20.6159610766917
23.6582363955677
19.1611522245616
33.8424046058208
25.5580504004253
16.9514918234199
32.8500765375793
36.0367443878204
27.5674016680568
31.9690095007167
4.6270877122879
40.4126015957445
6.99689630419016
27.2066886071116
41.6877956129611
21.343163257411
25.673753907904
8.29424695111811
10.7923031185524
29.5306959189475
35.3989827583933
14.5218654535711
13.7622252106667
33.1493359524757
37.7464086461218
14.813987724483
27.9489503707737
22.4351298529655
35.0833270233124
16.1232510283802
19.2880898072111
32.79270685576
20.7650631166215
37.1991868130863
48.9533842541277
24.3936792796254
23.3365015126765
33.4651743054192
3.84248485788703
27.3091870683389
33.1773757003248
24.3233460001647
45.2833918388933
2.32863244600594
44.2649899055348
16.5861507153133
10.5947705159687
30.4115524049848
32.4103383813053
17.9664828814566
28.6906876601279
17.5755592994392
44.497508147895
29.5599354241179
33.1307323649526
40.8777743577957
25.3702531568706
27.3737746916524
40.2086884249002
0.141699454474886
42.1303741633892
12.3662175145
18.3355344925076
17.7622398827225
23.0015601962805
37.9287702313359
63.312827097252
9.08186733013361
24.7792436643356
27.6221401523799
36.3979001995176
18.1651454312874
36.4188843406737
22.2899596672505
26.6183874549116
40.3423960786313
43.3897971641272
2.67276555565929
21.15691943744
39.5829610992223
9.43297708310786
26.2680272106081
18.9624933991581
12.3367281630635
16.3617431651801
10.9261531382799
40.4755930416286
31.1920309925655
20.9579589776695
9.43612204864621
12.2026993521924
32.4767229147255
34.9210964981467
19.4186974782497
21.3558154646307
0.190416676923633
42.7587538957596
35.0215148646384
33.0309961922467
21.1434513796121
7.28406514972448
37.0495424397243
37.6412542071193
12.14585917218
14.8349106777459
3.81775107234716
33.1762541551143
16.2775329779834
0.752419931814075
19.7828709147871
56.5396662801504
45.0350194917002
27.0150394178927
30.9787850998355
0.303330272436142
27.6976482977522
31.9212529808283
0.833086593286387
28.9947161916643
25.1013475771644
8.96826186217368
5.73875140398741
35.7786296866834
22.2889458760619
22.8038616012782
31.4706521108747
28.5413936230813
18.6942736618221
22.0544969516061
13.9214000678141
36.9001305949667
19.945565238595
30.7274588383734
28.8582797162235
12.6408914059051
28.4414469264448
12.7323670182819
23.4298309033037
49.7725830150184
16.3763540428207
27.2408344248506
23.5656007193029
30.3755339700729
2.87688933609488
2.26416564546525
32.4556523141524
31.1406835913658
12.5473703240241
32.9790572635829
53.113701287657
15.0644789330069
12.9121552687138
8.15242091193795
31.5051962155849
15.225509013562
18.446052396629
41.3797798100859
41.9728713575751
6.75340821035206
35.2533493656665
33.5178593793878
33.5923213508338
25.6360298583462
27.9847590252757
37.8436094880044
33.2635984290391
22.6454021874815
19.5921644102782
34.0021089650691
10.1574943400919
52.1302742727868
28.0665017664433
19.9291796423495
20.2334911096841
40.6776636838913
12.3590922914445
3.73688701276747
13.0116417072713
24.9042095150799
8.07465961273299
42.7798450924456
23.1095710303634
14.2248852439247
22.1783080603927
29.7496136006846
8.55913842096925
29.9147072713822
43.2053093332797
39.9249843540602
17.7555295173079
24.4013202842325
43.7330900303114
25.552099198103
22.9826294351369
32.0799537402604
40.9812449458538
43.8882098533213
35.4123641997485
34.0940089617234
20.6149320394432
26.0806462653016
37.2592925094068
33.518730616197
22.8592613246292
26.3332750182599
36.8495661765337
10.6914505362511
36.8350219912827
21.8014664317137
9.4689660705626
26.3367696199566
8.18244433030486
1.54886809177697
22.5104171823404
21.3163925800472
33.9467877522111
34.2743917834014
39.3700697924942
19.7678997647017
40.8094589598477
44.7883842047304
33.7514112237841
38.5004734154791
33.0608691554517
40.7509214549591
59.605696098879
13.7935073549678
30.2975316531956
19.4373247213662
11.2614444860233
32.9984560827455
18.1573843583465
6.07019388116896
25.1021309290081
55.4764988366514
26.8634815700352
29.8249132465571
22.2244706516455
39.8702308069915
36.1523032188416
24.3690029252321
11.7218087842628
15.6771835871041
27.6057651732117
29.7913329220664
23.938949778676
42.5774141560894
42.3773376759136
34.4865397084504
31.4806571748136
22.9086599145755
23.1828967036652
31.3866743352264
30.6423945482535
42.3006313852966
43.5988989658654
27.6872548740357
17.8634036332369
41.6416532825679
8.35094079375267
25.4207376856357
33.2983161788434
16.0580151985825
21.6236858499446
24.504281429468
9.3161887023598
26.5795077662915
30.788360349834
41.6484506800771
20.6127526680544
36.5683129057288
30.8662708848715
27.3932510653427
13.4121176039958
35.6225684750825
9.66682569403073
15.145017987507
16.1359511145865
22.3729431629181
28.9783931802958
20.5387799534947
34.5042471370299
32.9115207400114
39.4507652148604
21.0806809831411
36.1881534103304
51.162885595113
34.6844864077866
25.8896315004677
31.2546779867262
35.7483776751906
46.2920789606869
15.3892584950185
44.2375235093908
22.4479718116577
28.3225629013032
7.65714268200099
12.5029876828194
30.6406689807773
20.6036908979495
25.0742683652788
23.9974081050605
14.3316303379834
42.8370334208012
41.3283183705062
34.0944682713598
37.7206236124039
22.3574786521113
38.247113610518
26.9142739009112
15.5377274910466
32.8399062156677
30.5227289907634
44.1877375356853
22.8301939088851
19.7250933386385
38.4310155641288
20.3335429821285
8.3707083016634
33.6450521834195
27.5743140104628
23.508725354747
32.9377275891602
19.7154706192017
43.0147195234895
26.4624307863414
29.6941947657615
32.7628610655665
34.5234014559537
10.364647442475
45.535222068429
13.6765611823648
2.51307310536504
37.6639403402805
14.7536925971508
11.1296562012285
28.2955052796751
35.1968008215727
15.7121276948601
27.2005239862739
12.3410502914339
40.2016969863325
33.549734717235
33.7943118516948
21.5050233062357
38.1093192269056
16.8978174789459
32.8812386840582
24.4194690138102
4.5234982855618
24.9795134179294
39.3843472235081
17.0240730512887
12.4533796414391
15.5828649981565
15.2861880155231
29.6274760382906
23.8158129155636
18.2820503599942
24.6480390383791
16.9359064195305
40.4292950406671
5.83203220739961
18.8352187210578
20.337567284897
30.430958699435
19.5847338531166
35.4937825976247
32.1638467004828
28.2974649938296
39.0600306937942
45.3988179564476
9.28970679507307
31.1485400423408
44.5121142081916
34.8022517748177
29.7718838322908
15.5206359922886
34.6805539588605
29.6329491771758
36.6767710540444
20.1745610016679
6.55372271727993
17.0828906353563
5.41874556972515
15.7024469986189
8.3817939274013
9.17013099182934
23.3800996109852
43.3958008981534
1.79881471192731
27.4174452293664
22.4311530124396
17.8828800323743
12.2621120885015
31.6512036137283
24.2281990125775
20.0879997191826
20.0705071010267
36.5260018967092
13.269319402008
33.71985948271
2.06273896619678
18.8736697842165
6.43934933468699
30.4839644581079
28.3953000791371
17.3468220331907
11.2094123471459
19.9835387064595
24.1883664391935
53.9240565616637
31.3250252511352
54.0305507835001
22.1179842296862
5.42029934003949
24.4172194149377
24.2988128687085
32.108796290148
27.7354818823029
30.7647595518022
12.5886102485775
27.670254137939
22.4192497320473
34.1007422655821
30.322399828583
15.6310804088154
24.2157134227455
35.8023946327241
25.5927658801982
32.0798333268613
13.7602716871048
32.1788104251027
14.7707478608936
25.1779201906174
28.5757798701525
13.2346521597356
32.5052973295664
11.6785192862153
38.2305396255106
17.2185061033815
34.3090347480029
24.575390201062
8.64278886434215
28.1251995009804
29.7823502682149
37.1197363361716
27.9958131723106
32.6638143975288
26.0592328895734
41.0051191691309
36.0149823594838
24.8010052140135
3.39278317987919
27.979804109782
36.4082438871264
40.1998363435268
27.2868158761412
19.2949257791042
19.662244617939
8.63873776979744
16.5858149680782
42.8505026269704
4.30325541505312
23.8466531969607
37.1091610286385
22.4554695188999
25.0896912704321
18.9204616006464
43.0238786619157
42.7982790861279
15.7295500859618
23.162215994671
28.0655196391521
23.6216939520091
9.1466483194381
40.5050474800183
27.38941137191
6.94411606527865
11.3404856994748
32.1385624352843
23.642081706687
46.6725447680801
38.4986996185035
36.6763188038021
29.8288367222995
40.9812030382454
0.548548138467083
25.6215596105903
48.1516677420586
33.1890091765672
25.0027840025723
9.27564535421055
55.3418836556375
29.4047693649461
15.2997856959701
29.2169742751867
29.9495230428874
29.3749950696792
28.8823982235044
14.2825477819506
11.4134288858622
32.4655863456428
34.607643308118
39.7083406802267
19.6934267087458
16.5252119768411
22.3169249482453
28.153503825888
24.6872681658715
47.1557408060498
32.7195280231535
19.1401415038854
25.4920265232574
12.2159236110747
28.2730606850237
35.4890104848891
1.88353764757791
30.4585156496614
35.6209306046367
30.6709026452154
25.9045836515725
32.5830494053662
26.0353940073401
20.9489163011312
19.3528540432453
19.0889155492187
43.2443353813142
21.3835804257542
42.9306120490008
16.0483633168042
35.3485829662532
12.9186216276139
24.5550484642424
23.2207543347156
15.8329651225358
20.7664390094578
35.1356369195238
21.0923380684108
11.9547742753794
27.6589025439324
47.1931686159223
46.8497887818392
21.8031128402799
7.12374407336849
21.2625073917935
21.7933769803494
17.6133132074028
32.0536505896598
10.0343896598375
30.8306496590376
30.1452089566737
28.5763699831683
6.46007335744798
45.8308105287633
10.331054457835
30.027415598061
5.72962449578918
43.5370873194188
14.7708779200912
17.5526963342519
9.88839128986001
27.1409351783727
32.0769969245552
6.95559513147059
27.882454264909
26.7915125004947
25.4484420488422
33.9493272360414
23.5181425450287
31.8948003463447
17.4931213732614
35.4619137715388
6.94224156146105
16.0129187162966
31.2185499817133
41.5806464850903
26.7386449035257
44.8702781926841
20.0374244246632
24.1572311613709
31.8474919069558
25.4739601136577
16.9859390705824
18.2585204951465
0.934045515749836
29.0348578710109
46.3957364638373
2.6811916846782
10.9095165387919
24.2966291076231
15.9741690241336
14.4358266427744
21.8276841528397
38.8649873435497
38.4788137394935
30.5899722589527
33.5304629057646
19.3783611059189
31.2259775120765
19.9265139643103
22.945151804015
37.778540870142
33.5201042704284
19.7935151867568
18.9638190437108
39.009455172345
17.8602504078299
14.9233871125999
19.1767871134357
25.0904627111927
44.9118869844824
10.8998358860216
4.96184751391411
24.516474215223
31.698849948972
38.3901837747544
28.2444766111926
22.0054902136326
35.6511864345521
32.8984145261772
25.3722903992564
20.6341367214918
51.0229386389256
33.6196673568338
35.8911340590566
31.1404614709318
39.4494666717947
35.8700198776649
12.7750995203703
48.9170622080564
3.58378340089702
17.3720655497164
38.2599009200931
31.7187287844718
19.9834638275206
38.7555628083646
20.6605589482933
42.4241423141211
18.3310303871668
42.6606351044029
26.105390662231
35.6484762858599
12.3891383875161
22.2854653373361
12.707443951018
16.1575114321804
26.6322514042258
30.6249660164401
12.955666284528
37.3554527759552
41.4435031823814
37.756748823449
28.6117595620453
44.6860715281218
34.3294824939221
13.5676715057343
24.0818314719945
20.3331465367228
61.4588468443766
21.7156169936061
44.0922612790018
12.891761912033
8.04398348554969
57.7602441888303
26.8561960663646
28.2489557317163
18.2287060753995
14.1805702354759
18.6224552430726
15.2946954896015
21.8003429276031
48.5663678497076
40.6393364004056
29.7804065514356
0.816558161750436
5.45349274568962
34.118721447885
32.4822531081736
40.2565606511499
31.8728933334962
18.7183486297727
28.2246211904292
18.0150573634526
10.2489173877984
3.68216200731695
27.3187321145087
20.0684645678848
25.6976270976865
28.625144995749
36.78223406896
25.919518804492
23.6578333657235
11.5209994668347
24.5562174357474
6.54674653721499
32.832820340991
19.7930901704176
4.51640314422548
29.7303792089224
28.9455474368294
11.5061659558065
33.3936656825244
46.8751761563495
21.6645739972591
42.3436665727425
29.6570290089285
20.6607217392691
33.5464848671108
32.3523585249813
15.1516070589423
10.215939135043
15.0538228154159
24.4354050606489
31.6052069421858
36.3892452791333
26.0130243287718
47.2016849555075
40.5789458192885
21.1304812692106
29.6539701650547
9.84599497169256
14.5198712125421
7.61034240884897
33.2871164660901
29.9218886475793
33.1300273774763
42.9585415869951
29.1274616960436
30.5458559188992
4.56586475484073
23.042531684041
2.01562619768083
0.782734062068313
28.42347827099
22.8752818424255
21.5724049136043
35.0254370401861
39.7926075984201
19.9673836119473
22.1681615337729
29.141482932228
21.597082586959
31.0155300889164
21.3760104030371
28.1761058606207
37.2984055429697
34.9289047531784
29.8765856307
24.0099441260099
19.7180773597211
29.4905775692314
17.245032871142
32.6862548477948
44.9339526239783
45.0037246668597
16.4621281494197
33.7468278128654
39.615772664547
37.9170466912359
44.9267461404552
6.88134480149934
36.9856177412894
21.4149148669094
22.3700019077823
38.5318093467504
0.770956861155202
21.5912675019354
33.1532416262323
40.6562501564622
35.2097052149475
29.3393707834184
44.4428491406143
7.94370510265079
30.6210184004158
27.4252126924694
