"x"
63.8192004524171
29.0067134425044
32.6674118104276
28.2139043323696
26.4068770688027
12.2469349541767
24.4626787025481
34.3524765223265
57.1784215047956
30.886905035004
19.713993743062
37.1459150007307
16.6431152261794
24.2195281665772
42.3717201221734
14.6563481073827
8.50134161300957
28.9880505449935
40.3063475893281
1.45490728318691
34.53937494196
29.7827029722254
21.6322208754718
23.2870497740805
23.5694070195756
44.0340456760368
22.6569933816791
26.9568283110857
31.5349888522178
32.7280259225518
33.4864316042513
26.3990405133207
30.1397459115833
35.3735759854317
11.3571043126285
35.8291590163233
20.5373435281217
8.1736602820456
31.2246443725204
11.7465075105429
36.881325780301
23.7614374607801
37.5517311040312
13.6535447517324
21.9639790710062
25.6888051051646
38.0925602045158
2.43179169483483
40.1355728180759
25.3621317911893
31.1814688146114
34.4512262674105
51.291214581579
23.2298569193156
36.9045821484178
7.5583593454212
9.98387651736755
32.8089885309223
36.8066293653101
30.3798427805305
31.0325580649078
9.4294438292301
26.7145134042948
30.0639487337321
33.8984655216336
20.0488899368793
33.420626539737
16.2760501261801
26.0805029887706
19.9423387181014
29.2671429459006
22.127360990271
41.8566324282438
9.58970882929862
44.3794276011922
46.4418516494334
32.375142309115
16.6254347190261
54.8801803030074
20.2233584597707
34.7801270894706
16.961925979787
14.8377065546811
22.4959370680153
7.93209367733847
50.8519054856151
40.6430105213076
16.7768956849839
30.0194486044347
40.0947113987058
40.7284637913108
47.4444439169019
44.4775240864273
36.584835472743
35.7428548391908
15.4265026982471
46.1308847181499
45.90655551292
40.281310165301
6.38047643005848
36.3722575362772
28.0894416296523
25.9005842730403
26.8841481301934
43.9497921150178
38.2871468551457
42.1769038774073
22.4451394567619
34.4746449114141
49.8860869963886
21.1749623529613
35.5534759835918
20.1043982058764
15.9086514791015
21.8115936499089
39.3964209593832
26.8564574853463
13.4170255158097
6.08692197799341
27.2722805850208
36.744312942028
34.3247553799301
42.7448912523687
8.70680399239063
38.2059424649924
19.6899140477094
23.9646473445877
39.4894637633115
4.06881761647121
26.9462974031683
28.4296531230211
15.0561075191945
11.9602811057121
34.8728118084128
24.4047807063907
13.791734399274
32.4712619138552
35.8937154524028
18.7699958216399
34.8793130833656
10.1527602877468
17.6417235750705
35.7993326615542
7.3027984239161
12.6623774537059
30.0508070737123
24.7371045298012
7.95374382287264
28.3236840739846
38.5789249558002
40.4155889009493
31.1225456136928
17.0979015063494
13.1097302772105
59.0118732570852
32.0549979340285
38.9384409412742
32.7312843812154
11.4284690469503
40.5548022128642
40.9903645049781
24.4268464390188
12.152706971392
43.8444430474192
13.6078727990622
31.3429600559175
55.3834963589907
38.7253270018846
25.3592628985643
16.5204637683928
29.4938831268922
25.4731831140816
24.2175310850143
30.3496755871977
31.8167225457728
21.6445604711089
33.3469319209317
49.9254853464663
38.1399177038466
38.2529875263572
6.29826579242945
30.7240476819274
47.6118180975461
4.69982442446053
29.8909523899408
17.6210867706686
3.34465522319078
33.8202776494243
22.0923067801516
50.0138924922794
58.8366388343275
23.1061249040067
29.1405840934346
22.7220279630274
30.6253007613122
25.847001047805
21.4068608824164
29.2351501062512
14.51794821769
17.8510528057814
24.9234151095152
47.5271400529891
40.9106384031475
30.4492664057761
20.633257413283
32.626950056427
48.9968656247384
26.2839246541262
41.4131574332714
17.961085261777
36.6469411179423
12.3415426957664
13.4579930642912
34.0715955477208
23.9208330865949
11.5586888692186
23.1063982937485
0.342120137065649
37.7049496863037
36.4649573341012
16.1260960157961
28.9677638204011
25.0464349519461
37.8996539064004
18.0590221658349
7.68556068651378
36.2869010306895
18.8630058430135
4.34281188063323
27.5637364071142
12.0312621351331
13.9688201714307
27.6430458761752
25.5504666361958
4.96551427023362
52.7055251938535
6.45479464275771
43.3633665554225
23.0436128098518
45.9104996640235
24.6229914017022
30.9231248283072
55.3888166788965
28.9407684290186
40.5525041278452
30.4639424720142
28.8843619637191
31.5271106548607
36.4647174719721
26.2715391814709
26.5422102063894
14.5969521669532
25.0087120104581
19.176885439083
14.1602818388492
25.4844170487658
24.3651435404803
10.258149408484
37.7182401716709
28.4218131396463
18.7500749878006
15.0145516859236
32.5952480081469
4.57066297531128
32.0693952031434
17.8768450859934
30.1333924755454
36.3860664423555
23.7841807305813
24.3814303477144
50.2711337059736
32.9739480677499
13.2577459793538
27.4938901532212
24.383555771783
30.0829641582664
41.5710714180022
8.67899801907414
46.8789033315298
28.3812215551734
16.0887707524241
41.5268448647112
17.042010743171
28.7502133287489
27.7521367462301
23.9681710023433
8.31041777395149
1.61496824584901
37.2444615699351
32.9990776255727
5.40239391848445
33.2889634184539
42.2419934999198
38.5963013057891
32.316168220123
37.2603824362159
21.1275368463248
13.7911892496049
22.7202741894871
22.3175489809364
31.6173962783068
7.97486267983913
30.3856275975704
34.0805357402045
13.2004567145081
26.142768887803
35.6650727801025
17.1278800815344
8.32745651714504
22.3355158697814
26.4347245916724
38.485191274506
31.1198754701763
17.7745594643056
12.9314975813031
44.9403121136129
23.4399914275855
33.6116810425153
38.906222814694
2.53504365682602
21.2651426299459
40.0273766368628
32.1790663525462
10.1159442996941
32.6907220762223
39.0716011170298
37.49806326814
30.270516872406
35.4888983177886
20.0029911466201
7.85906952519013
14.045040536441
17.6513757556677
16.1325514882374
42.4745182972401
45.852711237967
43.9583809580654
4.90018408745527
37.7235874067992
13.0890732309489
10.5207064189017
10.7866207531428
51.6207399312407
29.8780066426843
18.1313809473068
55.7417278643698
1.87494980331931
18.0410281802838
15.7511532483669
17.1842699870467
33.4179193712771
26.197469131653
14.5382870920002
16.1502721253783
20.9599676076323
26.0481920558959
29.4970801100135
34.7469779662788
41.6281252252533
18.6397652692164
35.4281756448017
15.0212954264134
14.1389954369515
21.5098542713276
12.6377117820084
38.9897678383281
28.186258347705
32.2664132807404
35.5710941366851
25.8630147203803
41.684191301465
37.2260269708931
50.2389582339674
45.8692142251592
35.3867984376848
20.0482140268733
19.7656613774598
21.8267610900221
13.2066402584314
16.8585190549493
25.9788792513387
33.3362875506282
32.5390031791227
33.8230858091265
12.026543280935
48.7147102598101
37.723593832925
29.2586490511894
25.1162393949926
49.8792309314013
2.8858839858022
22.2166179679334
44.9294892605394
32.8007365576923
29.3214252781838
29.7043426597091
6.49924658254655
37.7046592067927
38.108002115041
22.3473462741822
36.256226664409
25.2811372745782
4.20140249537338
18.8277891111564
15.7936864227249
24.5294653344899
46.5708405245095
27.3321415987592
24.6125411242247
22.5439704488963
19.4205767475069
32.4187517631799
26.9983457401395
19.8015009984374
32.36831901595
37.9684673873381
23.2665541534377
46.0019844584167
3.87047201625653
41.3648067412946
26.0922103722668
26.8408560659736
43.1134543381631
22.4446636158973
46.1013261694461
17.3227265942842
19.7794751875205
29.3890204746276
43.1502995081246
16.7315779905121
14.3891588319093
26.947560813278
40.7235946971923
14.5170037169009
35.0465024355799
6.08406835243541
42.268614251659
8.90582634316446
10.2658869426906
29.3417798355222
3.61451657051372
2.5725974701345
32.4551907368004
53.0191550962627
38.1097357800629
0.950813656443181
51.8082670867443
33.322865183414
4.56678126376012
17.7014827763536
37.1404188685119
3.57460216619074
20.4114611260593
29.1612351313233
41.3502218201756
43.1390618439764
31.589893080007
25.4651671741158
27.3406107444316
40.0187291204929
9.96244102716446
38.7702764724915
41.324368000924
36.6138953610278
5.10027380805624
31.2826924937486
17.0901535544544
36.6488364990801
28.2655054688655
43.7173646874726
36.1455898757092
12.6730047961902
19.7849575430155
25.0595198944211
47.2738088108599
25.6066937930882
26.4561870135367
45.9222442470491
31.1063110632145
30.7777124490274
36.8816472124308
11.8857339504147
16.8832773342729
7.26371627906512
30.9990363518061
6.27076686359942
19.8082288261503
11.6029980631751
4.2963760826693
22.7676909882575
7.76365147903562
38.4061072591796
31.9264650344849
35.468155099079
39.3450907155787
34.1073787305504
24.7886291705072
32.8949803632447
15.9006308094646
23.2729998741741
38.1150722969323
26.9306377507746
16.0648942459375
37.1104778256267
41.0667989403009
9.29175140336156
41.5606336668134
2.71310545504093
31.1446880341047
19.1273102536798
33.2273937296122
26.1860455595331
16.1099290738693
9.02373474091291
35.1180714555085
37.3126450538975
32.6946601257992
26.2192119378597
36.7001659068067
41.3660894041839
13.4598478209227
48.3094364268116
21.8393115326762
7.79508999548852
29.8543659038842
41.3505266886204
17.7419647108763
47.6876439061016
5.85015965625644
27.9035357292742
16.5243526312152
50.1196749508381
19.8995842904846
31.2209595611401
22.9429727203788
23.982515046373
31.7895649001002
16.6269927106427
16.8841649092716
38.4531456977129
17.3368361673984
30.0114247016609
42.5932803191245
15.5803141184151
9.80559631711625
25.8514397311956
28.6451034713537
29.9028786145978
28.9335633162409
24.6075676754117
46.6979098971933
29.8217267616809
40.0235207751393
28.8135694012042
20.0116120744497
22.7779065258801
36.2897872924805
47.6574891787324
27.5450487155467
47.6494049653411
8.17312342114747
31.0256198379454
21.0029430828768
32.0998042821884
23.6671572551131
41.4722828194499
36.0211174469441
41.1774173378944
36.8472910585492
11.3312901912042
8.39086147025228
40.5762027949095
17.5357043277472
26.1470810975879
34.1214713640511
42.8307491820306
19.1724273841828
34.4054002780467
25.2701214049011
28.9669323602227
16.4234425872564
37.1832825243473
46.3326480705291
16.6361082810909
20.6320990808308
2.8732652310282
39.1146648675203
32.6891759584185
26.08488406986
43.1234222836792
28.6741972605766
40.1805187109858
38.9102504123002
23.9448345731944
19.7619434446096
40.2240724302828
42.2100700903684
11.4483360666782
14.8489678277256
9.8411125291914
30.1373038089406
38.6963618413396
19.5450777653605
46.9803977808391
1.05525236576796
33.2719096448272
37.5577045303185
26.8435914069414
27.821687050652
5.20696183328713
43.9124740660191
34.8123153205961
32.0720808355573
35.7113198842853
25.627281749621
29.9865924203281
39.4391782116145
23.5095877200365
23.1206881022426
33.3560865363472
23.4468431401771
35.5763974133879
26.3689474668354
11.9913598056883
42.3290957231075
32.3490390088409
34.9595386069268
23.0021151832847
54.8351004616791
5.69647718220949
13.7749104760587
19.4873677176558
42.9780348204076
44.421364309387
25.907806865871
18.905611615628
50.0325220637023
16.3080500904471
37.7869460266083
8.12364932068307
57.0563365705311
35.2906311862171
30.1606818805279
24.489322570008
21.8541933689266
12.9255962558091
20.5671964774932
8.42117888890967
30.5953742486309
31.369544332847
32.1425097063184
24.0107043640253
35.4786368086934
18.8410797729405
31.8601491405223
27.4703253060579
8.34842184558511
26.100339088589
34.9021600093693
25.637604156509
36.8296080734581
21.45113407464
40.2802124153823
22.7024734447598
30.1794545793987
5.36579459634079
18.7218769453466
31.1673426534981
10.3481558765591
41.328317951411
38.0923107503237
39.3024175427854
37.6907258760184
27.7506219135789
37.6953141298145
13.3728563674594
24.6197011906297
36.7918075527996
48.0970009695739
25.0798117095349
24.5710439048707
32.1412088815123
36.6954748053104
37.9312576260418
20.7557645160705
36.0449440257613
13.7167277745903
24.4883252773434
23.8127748481929
45.1802914496511
51.2760472880291
40.8029175829142
42.2349618282169
10.2152103162997
29.2938044294715
32.1487880777568
34.2473767139033
32.1314120199531
19.6091632226258
16.2099587265402
33.4093346726149
15.7019972335547
27.6475780177861
13.6036664691324
9.2069037258625
27.7118887639983
28.401443362236
44.676432907309
34.6770676037265
26.5270685321092
17.5270269624889
33.0288453958929
30.1651809830219
10.365949059823
36.3374890759587
30.6048179510981
33.329083584249
23.6264365725219
26.2048535373626
16.7088898436652
20.6706615293858
5.73371280916035
12.4112867116891
3.71959322204556
12.0287930592895
42.4817589877043
34.6701967118254
30.8590180240571
23.7710907123983
58.9178125374019
22.2711248796216
40.789857047018
45.2063620090485
30.4740644991398
26.0114807169884
24.1377055644989
12.9390659742057
51.074950164184
18.6989488080144
24.6890127193183
21.5808464679867
21.2430441286415
20.6627931911498
6.06753500178456
31.1453010261846
28.8009325621338
36.0166375059634
14.7823967070951
35.0245533045381
18.8559625712238
27.4592958904009
15.7200788147748
46.0405627731234
30.0777890610309
38.0305618513376
4.43763821385801
22.6616200990975
18.7886212021112
39.9350926280022
46.3908553589135
14.0383320860565
47.7848568931222
9.6125713196683
1.51710910722613
25.6948356379788
22.2445852420325
32.5046939775348
31.6553693730384
22.2200012300164
16.4610701147467
38.4630628861487
24.9652801547199
22.0356181263924
45.4298473428935
29.0012539830059
22.4362605691637
18.2156778872013
21.4691923665287
26.1787872284919
16.498884676723
31.596168990495
28.1887667719275
9.2383667757844
40.1331356260926
31.202325085178
34.0202339293786
43.6553879640996
19.0398091004196
9.43571594543755
40.2296378350084
19.9071105382654
50.5579837132245
21.2188161121869
39.3583964090794
42.0859720092267
20.5782133620232
32.267249468714
38.6619099415839
32.7674021478742
17.5741898380816
10.9750982831367
40.5205379240215
37.6002193894237
15.3277935925871
20.850684713541
24.423793843016
14.674230851233
30.2737445570529
42.0781022403389
13.704118784517
1.61527856253088
24.5505219791085
6.28764322027564
37.6775903161615
12.9249344705529
29.5803592540324
13.1323580164462
37.8769743721932
36.775073222816
25.483935892831
30.6078176182793
24.2433084636865
21.2987637147307
23.4210172202438
19.8147897963241
33.7598735932261
9.82877947390079
32.4223288039418
30.3748485166579
32.7667406384271
39.4135371781886
12.2507341881632
23.7319255713373
30.9941842220724
15.8377483573377
25.0238185795792
37.7104814002873
16.124776948243
31.9026798475534
7.55230855413476
33.3466367330402
33.7249469477683
17.4850413575768
31.3072309945414
30.3212679456919
30.723035428673
8.54684985242784
44.9896433856338
43.748143222183
10.633787419647
34.1495489235967
17.5611182576624
12.4135315883905
22.889393242076
23.4514189418405
37.2545650228858
19.923544023186
12.0667178649455
30.5509218246843
21.6962774749845
35.7849103864282
23.2487303204834
39.325173322628
23.0425289366394
25.2543877966517
48.9374924916774
11.8577258195728
30.194615009853
11.1862514633685
18.5227802488953
20.4130461327868
31.033188989386
37.8452355973423
30.6324458215386
6.55584260182451
39.7410482633859
37.1013994328678
38.7075738050044
19.571629120037
22.1918796654791
12.3102220706642
27.841600542888
36.1792228111139
31.6235585346714
5.21220485679805
30.3442688204968
24.8445695474679
40.7430401071906
29.9353783627376
23.1895708944649
18.2942247949541
39.1866156365722
27.6925753802061
18.6645676381886
40.5840649075206
19.1300462931395
38.8655421844126
30.0203611608595
31.4004336483777
33.4365678019822
8.17880300185804
40.9623130690306
4.61504405732052
42.3619181849062
7.70852975547314
18.9170622266829
58.6041630245745
10.0934147306367
21.4869297109544
44.0689987037331
17.7892895415425
11.4684961133942
0.127336415634603
29.9133556261124
11.4175982307643
22.6701764389873
26.1528190691024
29.9717110581696
24.5434172451496
23.5671151429415
12.416765326634
19.4437227211893
11.8224059697241
22.4529958330095
31.3796638932912
33.5489067714661
9.66316973790526
32.6787047088146
25.9988849546561
34.0841684490442
27.4011012791875
20.5206761136651
36.0256572719663
39.1727355774492
10.5894008185714
38.7742776423693
45.3544901218265
24.4911562651396
11.9508964475244
18.816548469959
31.0750848273833
22.2046785522252
31.241833884269
12.5879615740742
24.9170838492677
25.781739410013
23.1249912637149
32.5038922950625
41.397120943293
33.2976722950568
17.7854768448451
21.6478073503822
9.8411576688288
14.7039669986401
24.3644095896652
22.834914302881
2.50889810110677
20.8459102083969
26.9602766179127
18.7229790852769
40.9167479258031
25.5088484846056
1.66639648377895
22.8693050332367
50.6749283522367
30.3183272480965
7.69364247098565
21.3536425493658
24.0922501310706
30.5491039093051
29.5203398447484
16.4905294218295
21.299422545302
23.8084461539984
27.6720241701204
33.7329374160618
23.3462045900524
29.5439393725246
33.5782123656839
17.1376949023988
27.9299048367302
27.3845985537522
41.1488229874521
14.7970076185456
40.1722017209977
16.818879917264
32.9303363803774
22.9657916352153
24.4953748770058
27.6877839583904
15.7625011634082
17.3252397216856
46.6937742661685
23.2085550203919
28.6033268840127
32.1594546083361
19.7103308009248
17.8847793830808
20.00603331933
30.2462292835116
34.7916811238974
17.2724044590069
30.5001054890454
26.9624811597168
10.0682524032891
5.42230023951239
4.43019467611609
13.4830363094807
10.9330397770001
24.864566931501
26.9478003578169
45.5605681985617
25.8695740252733
11.5367242600769
4.063172172755
22.718834457919
13.1704312749207
30.6219237146215
24.1538671044935
47.9521481320262
24.8482185415924
52.9129995498806
30.1903518848121
19.9948682449758
31.4762181586871
38.7506936809361
32.4354028329253
25.4962810315192
35.5794174281884
27.0350483711809
18.5442442540079
53.472924977541
34.1246470427654
4.39040041528642
34.2397669330239
15.8914220519364
28.9105934556574
23.1463620981188
45.3648566268384
54.7874464187771
25.5276447162032
63.2707521319389
44.4188298657537
21.518426714465
45.0229384936392
25.9954506997019
15.7055825169358
25.0930051319301
46.3576361245255
32.7831766469296
22.7992375846952
48.0946771216263
38.0469784606248
22.1068794373423
22.5015794392675
34.1162782628089
23.6068446189165
31.6371193403205
23.7628696310414
7.86228599026799
8.14106743782759
20.0105676893145
19.0075999437389
40.4990039765835
22.5405246103907
10.4657087074938
24.5476306881756
23.1141276657581
47.3878670259101
58.0682835403471
37.3881350737065
34.6079577691853
33.9051298331469
28.6455607520728
15.9264081623405
13.5102522892744
24.8649007015997
22.2733336393836
10.6165724340826
24.7705185290883
28.7791445851326
33.7957384530455
21.6403773520142
47.3406160250306
30.0479911388676
23.084476031363
32.8038719017059
43.8671442680061
22.1923069097102
28.2358982600272
20.6985003396423
26.524139377948
51.430994598195
24.8439690563828
35.5257789669907
28.0120920609155
21.6459768824279
21.2836376391351
39.1923459246755
26.8695433158427
30.2435993682593
14.1418137121946
32.969675399363
26.2865136843175
35.5588067322969
34.2963316477835
22.6493089459836
13.2057445123792
25.0613390933722
26.5892831608653
31.8705197889358
38.0135434679687
27.7884928975254
19.8237332866998
21.0631332825869
28.0382649041712
11.1907629955217
46.9617593102157
32.7838468365371
28.9381775073707
23.9588198932502
25.5868919659406
32.0077023934573
13.8263787608594
17.0836902223527
38.2290096022189
22.3450391087681
39.9981173221022
17.1955612224059
22.074349783361
23.3253813348711
22.8658158332109
23.6774983815849
39.7381789516658
8.1154057448353
19.5629652123898
17.7328275050968
3.34604122592669
22.5168392600418
15.0215946151985
19.1907342988998
43.913690959865
1.67218339130814
21.5938908979297
27.0026930142194
29.4560971669853
38.8619507197291
51.3501477893442
19.2157223020298
16.3375020027161
28.6991501519556
25.2970572095364
18.8538316962992
36.8540143128484
22.5589688405307
32.4764252174646
45.2117128763348
8.39417059905827
23.697071056813
28.7117487587053
15.013968013227
47.5783613976091
19.9843089368258
27.8874906245619
26.319737220183
21.1105113849044
43.8997501973063
48.0626855615603
23.6485366243869
18.7114217784256
8.72900376426128
30.2884275708155
23.3967006688519
17.9088495671749
37.6000982243568
35.5613256804645
18.0905790999532
9.72614805214107
46.0518012288958
43.0148603394628
2.96787076869446
20.6540293991566
2.18779533170164
14.5696845371276
45.4313709400594
24.0047375559596
15.7537113117799
36.6160367615521
19.3412552587688
42.3800840121225
48.0000400915742
27.2101255438125
32.8236653935164
48.3217764180154
29.02004243806
20.5260835587978
37.683969642967
42.2063217032701
17.0035383664072
16.2135621532798
16.4995039813221
47.6718167774379
29.3924903031439
5.32593874957897
21.1491222493351
21.8517754371534
30.9178269468248
28.4016029765269
34.4995174487514
42.6810555160046
31.2913533300161
43.857030757413
41.8667593505234
33.0282121896744
31.2046316917986
14.0625818632543
34.4142187386751
44.2306296199984
30.1916455384344
59.9236386362463
22.5692513864487
43.8469461165369
18.6694385483861
36.17611406371
45.3087653964758
31.0696715023369
23.1130846776068
33.8640117608499
4.2940828949213
33.1394482150794
29.6477269381285
27.8453201055527
13.1979156285524
20.8262095244384
5.59659842010213
27.7965375751031
30.6672683451325
41.0129682160914
18.6780046424846
23.7958613783121
35.0710086058825
19.6381377861831
22.9360989760607
6.18684147484601
34.797572856769
3.82207566872239
22.7967834565789
32.2967017069459
20.4717941116542
10.8709262218326
20.5832113046199
20.4526603221893
25.0120086496048
52.2118631284684
14.945133915171
16.2283351644874
47.1589849330485
22.9126022817204
36.8936473038048
24.3481173645705
26.2959209270775
22.0096910602521
26.243622078872
61.0085889697075
28.8003010268135
43.5598969881164
44.9951422866434
29.2734588030726
2.1235971711576
14.4660864956677
13.8769771903753
27.0494798683426
31.4774242695421
39.9210623215392
9.42206364125013
36.564018856734
21.2523063644767
37.8531194913196
30.6005856022239
33.233688335718
30.7797997724265
18.4265966061503
40.5304348061128
37.9501590039581
34.1809690933324
36.8708677589893
20.4688319470733
20.4058530662052
23.5988747300403
7.47826450762626
35.4417046532035
35.4766137432307
20.0161307189207
30.1522584166378
25.4441803321242
22.7026389782817
26.3999026690981
33.0394853837788
15.3119316978327
47.3671336174121
44.3900840822607
11.581599696336
22.3430973477662
14.269422320649
30.2666260942649
38.3059928530142
12.4499736819416
37.1585063170642
36.7782393936068
21.3884067627828
10.7396916526947
37.9394503775984
9.53776861416276
21.143045835197
40.4394644123091
19.6589780040085
22.3828834562993
37.030761456117
25.0431732274592
32.7363233547658
6.61097872070968
1.06527825513087
12.4533354055628
5.69253317342767
25.885659083724
26.3285677880049
20.6728897523135
50.6514839828014
32.7849998719051
2.49015819585173
6.44330152945176
36.5117049776018
39.2665226943791
23.1244247406721
30.2934895735234
36.2998581957072
31.3055363457158
24.4416081657501
23.3626000370969
33.7006362620741
3.23334829881787
48.9753280300647
29.553367709741
36.1355692958089
40.3764076996595
38.0025801248848
35.1965023706201
18.9242803491652
21.2078860960901
23.8480474799871
27.6306307191564
38.6761263012886
12.6592500135303
22.4631835144138
15.5229352414608
40.6080631073564
30.1880976650864
45.0195746961981
11.8568919976549
36.0209773760289
33.5687603801489
34.8461603745818
41.4210741788716
30.9755519032478
63.4435020852834
20.7762497942895
7.60767231695354
36.2675760407001
16.7654122691602
25.4435896407813
19.0136181047993
35.4639297351241
37.6645527794751
33.7756565287921
29.9160951282829
17.1486437901587
26.9626181572676
17.7946825511754
36.5286532146462
21.2475688992346
42.9061107337475
38.1066473666579
35.4357027448714
36.6506615876239
45.986215909943
37.0416280427053
55.6473558302969
11.9961550252727
47.1147719305009
13.3490083078419
29.2587363626808
5.40924884846988
33.0974573735148
12.7808066907933
26.9073818810284
0.520543375085324
47.657732758671
18.3549530338496
19.4299601854972
21.4791154954582
17.8354152943939
36.106751421826
44.0089002251625
41.1487807827017
11.4867596887052
16.8030905538659
25.3448890987784
17.7084560506046
32.0177223350095
34.7225583624095
21.5263853845434
35.7355965301394
29.4126066379249
26.8435168545693
14.6516440436244
33.3666969010344
27.3179583276776
50.279323477298
24.0414816420525
15.5103138358161
30.4765085224062
33.8498473167419
16.8908888474107
3.27640697360039
41.6332220341867
26.9094008952379
33.1768058240414
16.6991780977696
10.9194935299456
26.5645164996386
22.3727119620889
15.4527962673455
25.2954588737339
19.5403910707682
26.534978300333
27.7694666292518
4.96173775754869
39.7208018228412
13.3635162228084
19.8049676138908
25.5359985399991
36.8353136745605
26.2357010040432
32.2012506425381
26.6366898913962
32.2611609159631
24.657682608813
25.5455328255381
16.2428841074813
11.4256203174591
32.4458109680563
51.2575124856085
30.5272147990763
34.8025146100263
6.46423402360122
32.3320307768881
32.5905293691903
19.6630640166107
21.4439325191599
29.9845421899397
34.4301078244222
29.317987855256
8.73675071634352
25.1002953087918
0.289576374036249
27.514724008306
27.5987989734858
17.8817435689755
34.5057647209615
31.1704008840024
29.9654425587505
24.29022994672
21.93852470194
22.4981024395674
30.4136178282804
2.61893202550709
8.83546704426408
31.2220028241791
32.8011964160029
6.45670015364885
40.6793579420753
7.80164299791058
28.5803410224617
34.3827946577221
21.32528875179
34.8404304590076
34.1336472891271
6.29289848729968
26.77756776251
41.4696926251054
19.4728664033728
10.5087117084961
39.6819681860507
11.9049420580268
28.6016915122297
16.2444841582328
19.771984172985
30.8546585368652
24.1906894370914
29.150936473161
20.4522676765919
43.7986369710416
35.0101727094866
34.0626341290772
25.149210402742
4.12280750460923
9.69068655155043
22.2650093492121
21.3353889110797
34.8156819084252
48.4173333272338
21.9514896627516
34.1933667262156
17.9488962516189
30.5256432387978
20.3424248844385
37.1848331953891
33.8604845105277
19.9973064249763
52.382447803393
45.459139323972
7.74413761682808
32.0172436966949
7.94331105425954
34.1767417993736
21.0616372525692
18.5704547911882
46.2371147451305
45.8535158541054
13.8812198769301
26.8016688525677
26.5525582736985
28.4693497698754
8.78611544378033
43.938964465633
60.0075990427285
19.669642412699
23.5226911026984
30.2058744244277
17.6675085909665
41.9120319510892
23.3110656769023
31.9709359481165
9.84546252485312
41.6794453747571
17.8017222788185
28.3965313115173
34.1878829523921
35.1696663536131
29.4901369605213
34.7753576067993
38.0667122546583
11.5456653172445
29.2179473210126
36.9731438858437
18.9566172659397
25.8881149347872
31.3713965937495
13.1144898943603
39.1253319568932
39.3058573361486
17.2628199276812
21.0843683220446
3.40186511048461
45.4953184351325
35.9597127418965
32.1405562572181
37.4027391545186
27.8821947091987
14.4149005879225
22.3247363232076
16.0639906085169
29.3579143937677
4.46107024326921
31.249801395461
28.3306685943134
3.0070075928373
23.8220517523587
18.4953075843915
59.8346224986017
32.9398594330996
16.8596874922514
22.5924427155405
16.9657100757756
17.0328048989177
19.8425515448113
33.1962699164058
38.7433491647243
31.0997467953712
24.5571810286492
47.1717229578644
38.0920826923102
33.4807883948088
53.2878097146749
38.5352204088122
44.435016065836
20.5979770980775
33.9046427048743
31.9016358815134
21.7390845995396
13.7471787714692
9.91595857776701
43.3956681421086
28.7096506915987
7.50073621983699
24.3078395212406
24.6916025876999
28.3316508866847
26.3412188272923
54.600646905601
35.6428196653724
13.3638105355203
11.560864187777
24.5761563203154
20.8540281746536
27.0690075587481
36.6286981385201
10.8070001006126
20.0738430606366
18.1893041823059
18.9481471665204
28.8448480228999
31.9864535704255
19.9929059483111
37.0756980031729
25.8526546231981
40.7060105353594
11.2227771431208
33.1477758245675
19.7731446317653
25.3436905414916
23.4841519966722
40.4634489237086
25.6226090388304
32.1187461726367
10.3546689274948
34.5114071853459
21.4442720266865
13.7298382818699
34.6088908612728
19.0426648594439
21.6126196552068
8.7345655541867
39.6994615439326
12.0936910156161
19.8292925022542
29.2500394396484
26.1577219782976
49.8496145009995
14.7335703484714
25.7964690082745
32.8247440234826
3.81523788420831
28.7636168972269
45.3925910871476
21.9323552213609
23.9006072282791
11.8974914945247
16.5549449622631
62.2286797501147
2.24411077797413
12.2162676416337
38.4444485418499
26.5213611535728
31.8190440861691
25.8870082907379
33.8255502283573
24.9342410590989
11.8695599519277
22.0680624246597
37.4449217226356
26.8612794578075
21.6887105256319
20.3778641670578
27.7430141344666
45.8739741705358
31.5278531268543
25.9742515161633
32.3250403627753
22.5989578757435
45.7230674568564
47.7359522134066
29.1252938099205
18.3065443529314
31.1072898562998
28.6282717715949
40.7882594037801
42.1322426293045
22.0287720384771
8.82398747045339
2.42650381880641
47.0978475830125
23.6529301851988
37.7130315173417
34.5199049450457
31.6041558049619
51.0028480552137
44.1465226002038
22.0855897292495
23.6168661597489
25.7868348620832
25.264044618234
8.35338411852717
22.3652365151793
35.6298595124447
18.4670096473762
21.3887630496174
36.7955177503849
18.6502130053279
36.8181753952959
35.3859081864357
23.8807949703187
37.8893238026649
21.7984891030937
7.52443440036526
31.1952990409869
44.3631764966995
8.94048367626965
9.84608554281294
53.2152292318642
35.6924450145079
31.4389490056783
46.8049539253116
15.5851514813699
38.2119435817003
0.652089342474937
20.5279288016593
21.1607274024038
10.1089525502175
23.8526366185397
19.6737705729902
51.7293957527727
24.2430317681283
28.7596312817186
8.83965389803052
56.8314859177917
12.8806073684245
34.1096901522134
20.7032183650881
44.6674785718006
43.8833156473523
15.329602593556
17.0866712801754
23.2822386082262
40.8624369185418
23.1590537761194
41.48330114601
35.8838940301856
8.15084744244814
16.6104837786406
36.0734832347034
41.0395010612353
16.7808566115078
42.6038981880993
21.8539503868669
31.336188128421
18.490937165916
15.975475916639
18.8827210571617
16.677582398447
31.5233942586929
19.8168478906155
14.6148635540158
11.5504192188382
18.3856992982328
25.1911725848913
26.9335846416652
11.1875759903342
1.92814359793512
35.6864425819367
42.0322601217777
37.6450481824577
23.7945029512048
42.4558100290596
25.4162648227066
17.0002528000623
38.9345603063703
20.5292802149438
15.8058320172131
27.4030586642652
22.851512953639
32.4745950289071
39.7182395681739
10.9563010279089
37.839915137738
45.7685785368085
26.4177181292325
18.0945688392967
22.9925762757541
13.6725286953151
14.3234725843874
31.8635867908597
30.9505020733923
6.10848660580814
29.0893125813454
45.3425038605928
31.9686301147331
2.75004515424371
43.9291392918676
23.2890603132546
28.577344108486
32.45290670418
19.4788997527212
36.6378720384091
34.6407585311681
38.6031759902588
25.3950231708586
11.7449164390564
22.4111344199628
28.1750450842083
34.8555289596552
31.5780500820607
25.143642956391
11.8924144069488
28.0515296384692
37.7312826924026
34.2900754379219
28.1157938336523
27.5509383063763
32.6208751183003
15.4783260844574
0.240691704675555
16.6764194193442
25.1872291990528
38.5453613940626
39.3894976936281
37.6834500359867
35.2469833650179
36.3757563289255
47.2247026395053
42.8393077105284
0.141539191827178
25.2206493471428
48.6587376333773
30.3666597232223
31.9866076577455
42.8871024865657
47.393299266696
17.0768270734698
39.2412037588656
27.0385716576129
13.4781401604414
29.9279444438326
18.6121439095587
31.876034848392
37.560151796788
46.73342053958
30.0182198639959
25.2094817347825
38.6379888746887
56.5753339324147
27.2775940131396
10.8878721483052
46.4875172358006
16.4047469231635
37.3241555411369
52.242252931422
5.87643657501607
29.5709709438311
25.0597022834968
6.79885861463845
37.51251113527
21.967835072428
22.7590683847666
23.6932650674134
13.1502700503916
23.9526821290962
38.9240232761949
25.3702323093746
22.7371826767921
37.4171973206103
20.9586800291502
2.69770898982434
5.72526305913925
27.1626235556817
36.7218897677958
4.37593521809768
21.7697516161962
7.49805504456162
15.534975240007
16.4776270277798
31.7160896025598
18.3048781938851
42.1582603827119
17.3593966290355
23.3359402511269
8.93148474916228
3.04116979241371
7.68859214149415
31.1182883102447
29.7351387795061
22.325309987154
33.145554875955
0.488933734595776
9.52069777995348
35.3548764716834
26.5098218822099
13.9390388047677
12.7138487927049
26.1861190665513
8.46244436688721
26.1820824351162
20.8498890511692
5.34575819037855
5.26932990178466
19.9562126770616
37.0774497905743
21.4964046142995
22.3158591426909
25.0010863743805
36.1159757245332
13.6185418348759
34.8894971888512
38.0794409668392
28.7545592989773
45.2498390804976
22.7445406818738
17.1644723042846
50.7961089722812
28.9965229574591
40.9520715940744
37.1402926277369
24.7693554963917
13.0846832878888
37.653765687719
35.991529003348
15.7481940928847
3.54955921209369
42.4320069088813
20.3590548497254
36.5843235515058
2.69905547611415
26.5555187594146
32.9026465304196
42.9696538019925
19.4373321719468
61.4744762890041
32.2057619766295
38.0183596629649
24.7322232462466
9.65564666997152
42.814487338071
21.8100780621171
47.9822596069425
11.9385660625994
9.33941057109486
16.07332425192
15.6969501171261
25.3237905912101
9.40682403743267
21.106508032644
14.3930971622467
33.8794952724129
33.4611187223345
33.0430102605046
49.6187686112101
36.6271669976413
38.6340918485075
31.1864732299
35.5103935115039
31.2875612638891
24.1124652791768
19.0805239602923
21.9728871500474
52.6026202831417
4.36670241121154
28.7103766109794
16.6141678569939
14.7597718518227
40.9004743210971
11.8121612314394
30.1227245129887
28.8794626481831
16.278476594016
16.3348925299942
34.4774896284702
29.2395949427871
29.5411413738919
42.5426534377038
26.0969582013786
43.77176691778
15.1549577130693
32.5365970376879
26.9569062627852
32.8085559885949
30.82032228169
27.6921433922829
36.502092005685
34.0532578062266
10.9681735280901
37.9444029182196
29.1387490462512
26.7854486235381
32.5411743950099
16.8575690125563
21.0032952430583
2.73240469396114
44.6931608486921
27.8831045706494
27.9104833025485
