"x"
2.90329388808459
2.05098830494554
6.6545806126669
2.23454331471325
0.92431359067779
1.88930358272046
10.61923908018
1.18406417313963
0.545729510486126
2.16953442431986
6.27422307736934
1.9755408866331
1.56852914951742
6.69972743931318
1.78554903250188
9.51611237685663
8.87708806470954
0.0335651129784735
2.49729023780674
4.30038378108293
9.18072089552879
4.02252774945102
8.72012521140277
1.645313146625
4.10699183121324
3.81788505684837
3.26639575710885
1.47237807977945
1.95852273609489
1.79012243170291
2.3086009779945
8.44423077069223
5.9640682535246
8.12203027307987
7.21935026813298
6.64493252988905
2.8086218284443
5.33001092262566
4.19506060225841
0.514762862838105
10.930129350163
4.19485243864988
0.734226452186704
4.79766745888697
0.241203507219888
4.51057460159063
8.61116365834789
3.84984678473006
3.51233581150819
5.94306034035981
1.5219122171402
1.28243651706725
5.73144622612745
0.681274560876521
5.78733538277447
5.76340456027538
14.6330904248575
4.46605968347668
0.80306603926826
0.208355206996202
3.43825565651059
4.28807910422582
2.15264132712036
2.62850413564593
0.228557073757479
5.61291757039726
6.02706902978286
7.37283532507718
10.4711440624669
6.10518614988007
5.9689920861274
1.87673864420503
2.24563307128847
4.89012385375006
6.28561624438482
1.11894062565023
3.92215426242434
2.01631987001747
1.58216903953158
6.56277646650536
1.2279284242238
7.90560562675365
0.189427883167903
8.22997726500034
0.980354566127062
0.53584580309689
2.81564269956217
4.88297445699573
1.12499398497638
0.530427857302129
0.512620573863387
5.75838310886804
0.799671173803351
6.04093395102984
0.347567070275545
11.9186078959813
1.88381369009775
1.03088306989275
0.796945043839514
1.31541345541684
13.9368315692991
4.60261695552617
0.220252224244177
8.03201436065137
8.27200364395694
2.54654611926526
1.6959710046649
3.0199658125639
5.49716497771442
6.39256364904094
2.45496220886707
2.86487094126642
6.20005319360644
5.90816575387911
1.1554901720956
7.90752137545496
5.65936504863203
2.71439168475071
8.78772418946028
7.49548031017184
2.301204088144
3.30181929748505
5.56457203347236
0.247432397924738
2.23137568682432
3.77635176499834
7.41958682805513
4.61708006914705
3.59593909233809
0.513463407745399
5.98314821100474
4.42039100453258
2.02373634225249
1.4807435423498
2.67794176470488
4.85952009142065
0.289175799116492
0.12956946156919
11.2151521490887
1.27566715236753
3.6570101743564
1.98976187966764
7.21579296514392
0.688452223173552
0.158999410138329
5.04709894303232
2.51770988106728
2.82970787957311
6.87376294013595
1.5139334573089
1.70193614962614
7.40992308128625
3.01984681282192
12.5084783061594
8.56255974340179
1.72830545343459
6.38571225255712
4.81183538213372
13.3296320447698
5.00012630971121
3.91947675962001
8.82082218304276
1.67485992811347
4.28624356550585
1.9989849999547
0.823047583115835
0.430894263817842
7.48191236052662
2.8511262498796
3.9057059912011
0.845458864374747
6.0629925923422
4.27479925565422
1.8913498846814
0.500820855613985
0.412964402831729
7.15319295413792
5.78737739378279
2.5944524211809
10.0358563708141
3.28437820569185
5.5874731624499
7.70029011182487
7.55304952617735
7.10364580154419
5.74811317492276
1.12115490481017
9.68596921302378
7.20109106041491
2.40635752415854
5.01239050645381
3.88830644078553
12.1706529128496
7.22463505808264
11.4510135334416
1.13533186570291
2.55143148824573
0.614821026101708
1.77211397085935
1.21757832658432
14.9280533660203
1.42863554402812
9.8641363345111
2.22490788437426
1.41300014220178
5.46191229950637
18.3005079627037
0.406251991888611
4.80217854492366
1.8456591758877
9.66221968383989
3.80629308056086
4.38525076024234
0.99337063729763
8.32495940243336
7.56752595771104
17.9628493031487
0.635472289286554
2.40341401658952
1.81743585329546
1.22148795659855
2.96611213035784
0.418644565323719
2.22411109134555
1.74708856072426
10.4930644009767
5.83671133499593
4.53708213753998
0.615788530558348
0.257669888549566
1.6921698115766
7.05455674324185
1.78527540992945
3.05454127956182
0.216583740554997
3.23350944131272
4.46199239231646
2.23089355635125
2.10010443454367
8.55628468561918
7.75191457942128
1.37363330738565
3.24717210605741
6.19535694915217
2.86300432230283
5.86310275830328
0.489261662849558
3.92304425727022
2.22122284495267
5.93516254931902
0.735216395296881
2.60375148011195
8.85912335243741
7.76761247219229
2.65785667579621
6.98246180545539
6.99067057443348
4.76465359981075
1.15070147649696
3.84647348042196
4.67415881026669
0.886704120784998
2.16597409453243
4.08336635400216
4.26604381177721
0.706234690733254
3.10816827695817
1.1159114073962
0.095790490465781
0.694287079386413
4.81351893395185
12.9952671012147
0.75235986311832
2.91349235312607
0.0541388988494873
3.23797159210856
9.91996142547578
4.78877569548786
0.31894575804472
1.81178020532232
1.23623766799599
1.33591133635491
2.97987291123718
0.72532164798609
3.08480372444036
9.09945421379613
11.4933789940551
0.246948120184243
4.23021698370576
0.0985926948487759
2.09611558825837
2.91040581651032
0.268358597531915
1.25557224803082
0.66024181433022
3.5806868923828
1.04438300884809
6.48182230070233
0.404368142298219
4.0893874829635
0.979122170247138
6.42930308822542
6.11311022198401
0.619878642382423
8.6433467108586
4.65060544665903
3.92134864814579
3.44479353506064
4.0277748328691
4.93424939861696
3.1003403943032
0.132142542861402
0.843973299057322
6.14567075612463
2.43459478814318
6.07959232293069
6.29341986496001
7.45284935053253
1.39417834579945
3.47959625198404
1.30174590740353
10.1515823904041
2.96784127542047
0.581367406489312
2.72411002112962
4.32692361064255
5.32673820693259
2.23483918234706
1.25395932700485
5.79678891941923
1.38416360852576
1.61980231996727
8.36669427808374
6.86437448021024
2.07052456680685
1.81502303719618
6.92981658503413
2.97952064419845
0.820743548683822
2.57294729817659
4.67012105509639
1.90486059878399
9.2215491225943
3.71045940555632
2.15096425007441
6.44461903721094
4.04195361770689
4.69017969444394
3.36209926754236
2.27801711298525
11.252243234776
0.419325799433219
0.479028234258294
8.55448157526553
14.7535655647516
6.392667372711
13.9564425684512
0.521301235222137
2.01778365299106
6.13004367332906
8.43823342584074
0.345577113330364
10.2936328854412
1.92405888842273
5.32958207186311
6.62663536790706
0.472027156502008
12.2161093866453
1.89632405103503
1.09688322991133
4.15521313949432
10.3396369609982
0.711384043097496
1.30503661613304
6.91673473920673
1.17959483873652
1.67046292880716
8.58082707845217
3.42101204712863
6.22320822440088
4.66496583539993
9.30153521180288
17.8063606610522
3.59607592314082
9.36007635082975
1.03984037490183
2.26064821902292
9.12143706809729
11.1566316103563
1.88450569671635
1.04170886334032
5.0448548514396
4.99586844816804
4.99248511623591
3.71601781416963
4.67835907208649
2.3377644829452
2.62682569431883
4.43567884349673
5.08373028133065
4.55955817940035
1.05236463714391
8.23225772473961
0.181009897573464
2.45615688618273
4.09697395349419
1.92527463659644
15.147606883697
5.58551186209673
3.27522979556431
1.20563791610629
4.32446412742138
2.08074026741087
2.97959891636199
1.56850949861109
2.64242645814346
2.74007496838567
6.93777112755924
5.7701128302142
0.296201394512244
3.06250158846845
5.67296026274562
6.93168114571122
14.7750141797587
0.292382092188593
1.34844907738224
3.54194010142237
6.21596380689344
5.90615585382824
1.6955450642854
7.80835536043793
5.9525512624532
2.06545097753406
1.63635143578073
3.15541825257242
0.560064225056499
7.83736789002915
7.87545905914158
14.1072040547112
3.58332730829716
4.11714375399901
6.51501179860756
6.76699669566005
5.24194528628464
2.91354370612078
4.02236088449538
6.34650104565104
2.47896676883101
5.12779492209101
6.09113496509176
3.46351771149784
5.71131494361907
5.17080300487578
3.41457633767277
5.58021477325624
11.4318035775796
4.97844446853138
1.45538188517094
0.246958609256492
7.41604415234178
5.69552606903017
5.18401155713946
0.503738108091056
4.4973539434665
10.9436378763585
1.94011875428259
0.767935276962817
12.13878401414
3.25520574115217
3.52196797588355
1.73993662465364
8.86295579839498
3.38167226873338
5.72743020020425
3.55151889380068
4.85806183423847
2.15192259992001
18.7258416354754
4.43715949077159
9.73293909337372
10.6533870566636
2.2601861711792
3.40458103351985
5.62364985235035
0.638301908493437
0.307431211695075
5.93802602961659
0.911580718925093
6.08764193020761
5.00129044272324
7.65608937945217
0.598827392415357
8.63243522428207
4.13536300411924
1.40953629743308
4.15392839472678
1.13980358000845
3.83332098917976
6.2094439053908
1.70678689610213
2.35671865754741
4.89591389583493
1.2034707935527
5.44269024394453
3.61947226338089
11.5799346240237
10.9649295452982
8.59096946436365
1.65831649210304
2.27616569027305
5.01504018902779
1.03957137687672
2.01445822604001
2.03625430446587
1.18541979666176
7.86970074900542
5.71183497086167
0.145897292532027
5.23904564324766
6.58814219916593
13.8787937350571
7.54689895547926
1.29206733016928
1.12261848989874
0.207747495733202
5.06735893432051
3.73990894295275
2.32220864623846
8.8882553721521
8.36512753739953
10.602045356788
0.0250391662120819
11.3980515860021
5.71733377873898
8.93015955301786
5.94873160589486
8.88060112483799
7.25550080050326
0.968119571916759
1.30981882102787
1.42349842935801
2.45743044652045
1.42332382965833
0.10344879226269
1.6637904336676
2.05824411029738
16.7666490357091
13.4705535136163
11.4013910992071
5.66018494244402
2.75418446190116
3.27226028311998
6.96564600802958
1.94749456670853
2.92792767286301
1.12235681826237
2.36135895829648
2.91066665668041
1.54698761444539
0.21664104424417
3.68559928610921
7.14412932405541
2.70434455014765
3.32716200500727
7.62324861716479
6.90772602268488
0.0814597933606993
9.49783811811358
2.70515555331495
13.564573009382
4.8424060922116
4.99953119112019
4.82458667612274
6.65199339855462
10.6360053568661
4.40801225620792
0.141637232139523
4.01496016420424
6.13445097114891
1.6138318926096
10.0205470743996
1.90268684362459
7.58316689465875
1.36811088304967
4.42680027060101
5.24753462523222
4.92785198068165
1.95288907270879
0.0912591777406999
14.2053069081157
1.532475464046
15.5090478714556
2.48119854368269
4.74537299529158
4.12158542492361
1.29216184582408
5.76261598616838
3.95408013842742
1.77081549215136
6.495297227392
4.73063997924328
2.63773612678051
7.98106582369655
6.90855521243066
6.5380419302547
2.35526040196419
2.7470608940348
10.2124975062907
3.2005212022488
1.58865102566779
0.327758002094924
6.85218292539238
0.00613888259977102
9.42783312528256
9.80026770960867
15.0957357191898
5.37370205376589
11.0804256284609
0.738704996183515
1.29502213661992
9.59145976785813
4.1584751335904
0.857259309850633
6.64570271037519
1.84230349257061
1.76963284611702
1.46478016053703
4.02790237614919
2.47492663456012
0.112415151670575
3.2719399780035
2.98390262760222
9.69957457855344
8.80489722060822
5.24887556675822
4.11634160957009
2.12706769816577
0.868930071767356
3.67800330795105
7.80663220279235
9.42997694946826
8.91639682939471
2.85048925696644
9.03529511847403
3.51305780932307
0.379041605629027
2.45345762911075
9.13973636949317
12.4340646375145
3.76150032399619
1.57976546277531
2.6120096212253
3.85020374614226
9.51617865357548
0.325496268742855
4.94173256443063
9.87492129453873
12.7458279486746
0.049369246698916
5.10574801792659
4.79809603529415
4.62216755840927
3.35850284025161
0.327717180863457
4.66697541996837
6.71160209458321
3.00052886868346
5.54166361689568
4.93245513434198
1.26985825737903
2.28451145698471
4.37933690845966
3.89070703280523
6.90896483138204
6.45035783761813
0.752473156023066
6.17307862266898
7.83614297397435
8.3671280867268
0.172673726563158
2.30761603594946
4.22490343917161
1.77869414910674
0.633987514562186
5.62311047688127
1.86358247883618
3.60503825359046
0.719995307950461
8.2890436751768
2.21522725187242
4.49131450367458
0.868030563222431
9.99343200729983
3.34868405479938
2.00834746938199
4.53490560298114
8.41925260610878
0.592366233468056
6.32920379284769
0.239351547484165
0.665198918431997
8.21106930528743
6.45025572739542
4.13888928014785
2.52367900684476
1.39804765400238
0.738667931422049
5.33480590442197
7.82520963278835
7.47283947204091
10.3718145284802
12.6716862330065
4.50199599112974
4.10342356363092
5.10131015907973
3.56812952497132
8.30260263755918
2.0534427586081
0.126537708725439
1.8776792989091
4.98660146258771
5.19330162199033
1.21683236865794
4.53487843366417
0.493974744518536
4.50125588344239
0.507802296859399
0.633833447508745
6.77501675672829
1.38506835792214
4.88855780567974
3.10084652155638
3.45846535807325
1.22803456615657
0.859490376221334
8.08562446155873
1.90500929020345
3.8700927028966
8.26872137840837
3.78856104798615
4.66744958669518
0.369489938020706
5.39793128268122
1.50797375829225
0.172428323157236
1.61584010347724
3.97168416529894
6.4410800114274
1.5894572188958
5.03852858673781
3.62943708896637
2.4822618901926
4.59159237798303
1.17527805268764
0.827636732719839
2.79391638468951
3.02306226258678
0.224138932897715
2.00307266053436
1.14463569852548
0.431103073060513
8.87055790517479
0.658314255997539
8.24282851535827
4.2285278104781
1.69273356441408
9.79204676114023
5.61817105144059
3.82295685096661
7.19263183418661
0.980263366363943
13.9310830505565
1.2243612203747
1.87961084610348
4.76494708564132
0.826699157069255
1.51345930062234
2.92400881542489
1.48545265392553
4.39714643377299
0.425433670170605
6.87824804335833
11.0353329090107
4.27828337997198
9.18874822091311
11.9022208498791
3.72092071793912
5.09424286428839
1.71519590076059
0.243618776384914
8.31906667444855
1.22988519724458
0.732027716003358
6.88420553610642
0.991018442437053
2.72411995443203
2.49734704848379
0.755341374315321
2.42186231178595
11.2684259676152
7.72006663551128
8.7720590785045
5.80451259864593
6.62587703168183
3.18994114583443
1.10805274453014
1.41406683251262
1.81733309291303
2.13724844133361
0.489978352561593
2.66042139846832
1.72952821012586
4.35386798344553
3.49174940492958
6.03436664678156
0.49137643146097
1.58522762358189
3.09044772842051
1.74163705669343
10.317862406373
5.07602088619024
1.97038075421005
0.15795233193785
4.93987379595637
2.76472957339138
0.840418133884668
4.95993816293776
4.41083165351301
0.86134928278625
10.3251234855093
10.2490617893636
0.903574130208337
0.991892931051552
1.07886305886393
6.50230791176325
4.98722796092164
0.190718308719269
2.07143710940153
1.70132946223021
2.17795103958827
6.02418766357005
0.601206230930984
4.63772353250533
6.4774906571674
6.02034500334412
1.94205599837005
8.4645775379613
5.09270073380321
4.09917209406371
9.98293163720518
0.622157729230821
8.52362348232418
1.73966925531287
5.21818632782484
10.457311815037
0.893653952516615
8.23877188377082
5.77418517740027
1.974295528423
0.923614926890637
5.66398613154888
0.677517093562063
0.519644552430492
6.21337369084358
3.31920219327742
1.31223480671708
1.76271139644086
4.71774146426469
4.10297526977956
3.45665456788169
3.73220340823389
8.92681013792753
2.36646754201502
4.88440827466547
2.633734093979
2.65904539264739
4.94163194838866
2.8842644459764
6.60307907965034
4.93573239073157
11.599975056015
5.5426730389747
0.4519630483634
3.32860542367838
5.2887445082888
7.44843226857483
4.0672459517739
0.652467838659629
5.94431653153151
2.61508941184729
5.62539385337502
5.00261059555816
2.30863182805479
0.13503154569485
2.24421637427674
3.63852111797322
5.67194235045463
0.368154993265097
9.77932813868731
2.76869344525039
6.4427029410638
4.18171937827055
2.73964794935246
3.10392109677196
0.93588933814317
2.86529010627419
5.8450510725379
5.33204390667379
7.40460797678679
3.30101548662477
0.916131539270282
16.2744597034486
9.35275404641609
3.25897646783606
10.0537501423099
0.609721384759866
3.03192210849375
0.720378599472928
11.3784307148308
3.25885657424783
0.505656446330249
9.05538517820359
8.59369172248989
0.241173128597438
5.69885983978258
5.06697972305119
1.47604931862373
3.46406140623198
4.63998659579381
5.31190435867757
8.24508269989199
6.53519160503844
0.211186866809938
4.67456402606424
0.951891904696822
0.346577074378729
2.01907336283747
4.88301102824004
7.22844148416406
4.33236088678657
2.49233627691865
3.92992824781686
0.81238211132586
2.67650543246418
5.50251636081817
2.88842741865665
1.32000576704741
8.6076240753755
1.82150299660861
1.10223260120619
13.0073232576251
0.0641749706119299
1.3657208532095
7.78102190233767
2.31012497097254
3.86424212495907
8.29937078524381
12.0450759021347
0.882655521854758
16.0691805882379
9.29752937965115
9.74552709565549
7.02471563126892
7.31361373431054
2.57472801022232
4.23257891944525
5.08363372646272
5.54137974075424
0.397517754476308
2.89158863860515
2.09399063605815
3.25996228556255
1.98042190168053
5.83236876409501
0.692689465358853
5.23963081650436
1.60703780129552
6.0900212964043
0.657730156907064
7.56707124902819
2.09225607104599
2.78187200892717
3.47370150272453
5.45865332242101
6.91742224919492
3.06899190819951
2.40274127572775
2.42574384451426
4.45014813881633
0.812550936825573
2.72094867299879
1.22254645446699
1.28111136563756
3.67693980224431
3.02187977358699
0.340833445079625
2.18823123723269
5.15595932956785
0.222244681985798
12.3592229327187
4.34652320190851
3.45938804093748
2.57134059912029
8.25820669997483
7.81994943676555
7.10755412995411
0.170972315668165
4.67422152482906
5.12907924130559
4.98075264040381
2.04156709369272
7.66393860307831
2.15521824533101
0.400161161087453
0.13101059012115
4.32476245332509
3.19810380278984
3.27403177507222
7.86407975865521
9.8852226510644
1.12609639763832
1.13012763024239
7.91528581175953
3.33272571071336
6.60781158232831
5.05282800642795
2.4954070802778
2.46895572729243
9.09585961713619
1.73972035815944
2.2331576795477
10.8704225858673
2.47412184253335
5.18062969204038
1.86004934134875
1.98985922190544
6.70392047911377
0.740992999635637
2.44353832677007
4.22065630555153
4.45847080182646
0.0773115784950002
1.83003563433886
8.0014263978228
4.14898907765746
4.36966326087713
0.317554323150025
0.310387997888029
6.01080902874747
2.55618805531412
1.53023947753487
3.05780852213502
0.367960100993514
12.6765291439369
5.08763153028087
3.52833899669349
10.9657081976176
0.697190834143859
8.23451794286134
0.591639708053675
7.29267511051148
1.7108288127929
2.52367828506976
4.92882777634349
3.94091279968203
4.78585234035566
6.71347166004242
8.08942084708399
0.538787967525423
10.1062215864658
3.14834996486056
4.33641089832957
2.51659413333982
0.808693589955483
7.43305678957877
5.93166686607976
8.3918540738523
12.9099925048649
2.11469326840252
1.40357608906925
5.44980878476053
15.922027407214
8.57467325404286
10.0302196013896
0.0440459232777357
5.44737058755251
1.59133284587438
3.10061359778047
0.840511539135123
9.49766198173165
1.33093059713522
7.23203029483557
5.25355292484164
0.827551377005875
7.22235790453851
2.5790550513193
1.8930149621782
1.70977920600617
5.18562823868067
1.83790217619135
1.44829258923813
2.1638721609788
10.8242036774755
1.00927958264947
3.47935773168693
3.69373299490525
17.2322236001492
0.0361821225930405
3.76871523415991
12.5481781316921
2.32259966433048
7.82986073754728
4.58112245901827
8.56869744602591
7.04740781802684
2.19716837164015
8.72903580311686
5.26493657380342
7.90241430926041
13.0516133038327
6.59137705050682
9.24511635676026
1.6069189719975
8.96839324850589
1.51144102147378
8.01759453024715
4.69642702955753
0.888628811025712
10.7761307852343
5.06511756684631
3.3567970385775
1.72810815012548
12.0628772769123
2.13864002356973
4.42527227692937
2.71336539950874
6.35627938900143
11.5621968097173
4.03428736608475
1.35831410547877
9.41212396137416
8.32421544473618
5.73230579029769
6.75279608722959
5.85583290085196
6.59536181483418
1.78774320520461
4.03730350080878
9.1748621314764
9.08308040816337
1.28192026168108
9.06628326047212
13.0569228203967
6.02180007845163
5.15674378257245
1.22298970892217
2.83983477856964
1.44052931573242
0.942731789271412
1.15681195165962
7.75313004006009
6.31025694280149
4.92945199366659
1.44788417799967
2.75597369900522
2.8848720015958
7.82988244060493
6.12836917046356
4.15243520401418
3.64100517787991
1.11769959330559
8.98524784062445
0.889055305554733
4.3474514503032
1.8746290730426
11.4520361552235
6.75710954237729
1.7049178481102
0.491797411814332
0.813060942671195
0.334230038136036
7.20586913977276
3.15139438025653
7.56655354052782
1.01021632991173
4.88103808556124
7.32957643922418
2.69810068421066
5.6997403036803
9.04228908326561
0.999802291177003
11.07869693835
0.0541410330419093
3.73580176383257
2.96256635338068
0.772557244474168
4.61568071041256
1.27401063218713
0.225735854489036
1.02950360773804
6.58358393702656
7.70387854427099
13.7037566164508
2.8919811360538
1.81547540705651
5.64139778339622
9.90079126786441
0.993643840774894
0.532317347824574
9.23453489342951
14.3767739265698
5.68371920380741
9.12810341530123
0.518483348572616
6.03786843384892
7.50235957093537
12.3796513769776
0.947973225265741
1.50170617531687
3.80438356660306
9.10626632895086
1.74425065051764
0.375756528228521
2.13072998397016
10.7225292129442
5.44486921280622
1.6760716214776
1.99594946597999
1.97384864278498
5.65642941982971
4.10331906750798
2.65491800382733
1.26301865013552
12.5081104459241
3.14701250754297
1.04549988806738
0.379070538697112
1.94074474275112
2.18727180179219
4.62435449007899
2.18553090783574
10.613418802446
0.610182149585643
2.24030422978103
12.0529458159581
1.24281800817698
5.41463671252131
4.82540092449447
8.20551512297243
2.52886444240217
11.042605893892
3.58089716731707
0.79859655816108
0.867409515194595
0.81402138246425
10.4212231235579
9.05258140992373
7.3958053952083
2.75517990812659
1.51428680367684
6.52206842954573
4.42111261654645
2.32149547385852
0.918438308872283
3.57707699350954
2.47972769575477
11.9619200704619
1.87789860647172
1.20105804236264
6.55735858031558
5.10484741535038
6.88766132475017
8.34684285800904
0.255491864733004
2.31717155815892
3.67545967243782
3.35515796407052
3.38162831030786
3.98179779628561
7.67055908218026
2.50477332156152
3.01001123466255
11.8982378859073
8.59894010437025
1.37659910421636
11.2047335831448
1.98971195726786
5.69891772890641
7.35597161110491
1.95336879575031
5.38494713307568
2.6514572825012
0.19231598882434
0.384136359207332
2.4533410789445
2.74576912634075
4.22877988312393
0.155513267964125
9.7594239981845
9.71630818676203
0.0780734932050109
10.4193846992855
1.1572583679135
3.65867430809885
6.53123564920041
1.92733237054199
8.34109426483863
16.4780791771415
5.01773103458543
6.12662013154477
4.03669761743328
3.61261864000318
4.49612617958337
2.75596512947232
3.8854013197124
7.41696741897613
2.85234252392798
3.73086489271373
0.384857342578471
1.66474024299532
0.930067684052493
8.62452508881688
2.25820524796744
3.84868622641581
3.44654081182961
3.10588802676648
5.31699261628091
3.6969593331397
0.718706916086376
0.774412974715233
2.76322386391971
1.89959208331783
12.9237795203988
8.14190553501248
7.07890109553378
5.12243742123246
6.03724488713088
6.8132545799017
2.5025590788573
3.02680376883532
5.60118902940303
11.8238717638355
1.87735831041495
5.74712916277349
9.33940240496811
3.38140797044666
1.41080790199339
3.80059098824859
5.87237088475376
9.12697422318161
5.51760893656908
1.94488193374127
4.25680710468441
8.22672763546409
4.90736893843859
0.334210670553148
1.97219867364695
4.68178568407893
0.638403301127255
7.86911151371896
7.70401512272656
3.76803276594728
5.82686237573675
3.07261743582785
0.96074873409143
6.46612315051068
2.95022255838835
11.9449411613454
1.44551113545648
13.0957276327536
6.03873655283548
8.43618637882173
0.982989922676614
8.86418384147306
0.283502298407257
10.487163788639
2.54796580411494
2.26578450294847
1.02430658880621
5.7023763095263
3.11390956736138
4.32703483384103
0.986982843956
1.40677099116147
6.19369198102504
14.7140285698697
2.26681316271424
1.72482100975162
1.99907722163486
3.68443161514842
2.91755659083652
5.89354825206101
0.418633222579956
2.98115565286317
4.64281593277323
1.51661175768822
9.412507340312
3.50606074022685
5.51712209985048
2.12062810592063
1.2833463260904
2.81752270816804
16.3909688824788
5.74189745821059
11.4591678306071
7.6826322125271
0.851542386226356
5.89739046990871
1.13736030180007
4.32279681112418
0.608888897113502
3.43771288989992
2.88494852047782
2.42193101439625
1.79424292873591
2.11112615652382
7.35842969614488
1.21411818545312
2.16439753665132
0.767069519497454
7.10706261304429
0.34544474461866
4.94553622846017
3.38607779704034
4.5106768142432
0.352013600058854
2.33335269797223
2.0745386602357
2.82328215148546
9.70981447026134
12.2152005089447
1.78452513595062
5.10666635818779
5.58939566835761
10.7272929977626
2.77437414514938
3.53346825577319
14.5716405873328
0.0962521648034453
8.422691677697
0.899512879550457
3.65405168699882
8.15336832311004
4.41962780896574
6.30261681508273
8.53968118317425
6.36365721454314
1.18627510967682
5.33477569298071
5.60595369897783
3.02253188565373
5.69771660624513
4.93847656346699
4.90549582077832
1.82975584175438
9.40041545961239
2.70321783310973
3.36697214656358
14.4928646657667
4.45965738035738
2.03602751692399
4.37328941188753
1.46437004667728
6.34131602318242
2.16144775040448
5.28909449931234
0.0627959331437091
7.67858009785414
6.11333358101547
0.265925253637641
2.4381137220189
4.02705483138561
7.56749475840479
7.29927001336299
2.35373927280307
2.47767576274516
1.08179343148868
4.1519572676394
3.85903392452747
7.35594579762409
2.20693955495694
0.30009935144335
4.54819004333861
1.06170945800841
0.950970192700956
4.11693493677758
3.65504249961905
11.030674027279
5.91184778942194
1.49059097131348
3.07429789099842
6.10164671492218
0.64112797845155
6.77135798614472
0.277584232389927
2.63260151830553
1.29652216564864
1.16782584429664
3.80985155703209
2.53309965233953
3.93178954254836
10.1069713011384
5.23541038369754
2.45121150044262
1.49654054336464
1.86222038522496
7.08176745443963
10.6049085734412
1.86746882428463
5.80677615944296
2.66803029149778
3.51908675333593
2.54600823391229
5.87962768270763
3.39709953404963
6.85739040470957
10.1544644683599
0.33865524455905
10.1008914411068
5.772719765082
8.00561000807884
1.42920294310898
6.88866775017232
1.77512119989842
1.5464348718524
6.24834250193089
0.187146136630714
4.19786823913455
16.1261389730498
3.3196742309086
7.19096082637797
8.74910156244495
4.92655686686977
3.19381949119113
1.08243990689516
5.65879053901881
2.63743607793003
2.71727926590296
7.77039351443989
0.0486793927848339
15.0699408614099
5.03513361554535
4.49940415771623
2.57976982524296
2.3488668137049
0.675343768671155
1.50469396904633
1.80443909138151
0.442986190319061
5.1711023086682
13.9848752412945
4.71948031336069
0.741475564427674
9.88624419551343
2.63576624747105
5.07315860377842
0.433461776375592
0.779972388409078
7.20304932910949
4.9588594740583
4.79791298333232
1.01890358788732
1.64910161402076
1.5945764120541
14.2113059060648
2.05558409940864
1.31201130337836
4.35856189578772
7.2335958480835
2.57165930233896
4.70450366847217
3.61952700186521
4.78581427749016
4.52496520766735
2.10938555230023
5.79484591726214
4.19160320889205
6.19870155097721
7.88494180785749
5.37063367664814
3.58145381323993
0.158169982023537
5.24616783950478
3.13113869075148
5.3166696568951
3.54033455519572
12.9295185441151
6.85108783327015
8.03473859834306
3.89177745673805
12.5048673246056
10.9603505115956
4.19402490369976
6.78615816868842
4.76090617012233
5.146604613401
4.74276072345674
2.91751597542316
0.701581208558805
4.21358151361346
15.0891034631059
5.57493378873914
2.05121159087867
3.71794361602582
5.24232193677715
6.72217726241797
4.67261233790902
2.11906911001679
3.73907425978845
3.31981815397739
7.29454860556871
10.3606693118979
1.20582581771455
4.45072536822408
7.97116444446146
6.50657021906227
0.877550645087334
8.89276049565524
3.74596555086778
0.883045593046373
12.9293022267333
6.45513876806945
6.54878080822527
2.66674803207317
4.36370545066893
3.27119950670749
2.32314588680779
0.765670789405704
0.365227577276528
4.25336562563815
4.24754808339521
0.0534321181476116
6.97397901676595
5.77620350179533
0.0679820772443632
2.83623618648127
3.63255580887198
9.2853996437043
2.38132022786885
0.532203716465207
0.305980799317305
3.17198226766274
9.46945732581243
7.78383573051542
5.25602998677641
3.80926507059485
1.41772096976638
0.699429400265217
5.82525781355798
2.55304536851637
7.27490698746379
6.32056735921651
0.343963480554521
0.861125877113053
4.86935332883149
5.90671829413623
0.60728401876986
3.08909113464843
0.287933251820505
0.4759905859828
3.02271640393883
2.21239654347301
3.94104165025055
7.8880132175982
2.50215583946556
3.79460675402705
7.58560542760186
13.2480550903702
9.65093001723289
0.323223793825862
2.82228672876954
3.68951111544358
6.29921717863901
8.17616173594208
4.17601263616234
3.32318069472626
3.6084217188716
5.46667209961557
5.79372018110007
7.00429509523757
1.69207784347236
1.68738122294577
4.83128533698682
4.80255968868732
4.36182240955532
4.15360950424939
0.188209791667759
4.51455488801003
0.613653342513942
2.40748224314302
3.22026750193312
9.35691618081602
2.13430276125585
11.9260821025819
3.23972221763504
1.56531962566078
9.94501064997166
2.88181516473207
4.95630428195
0.237553985789418
2.35044311266392
1.50433895233428
12.0970994794899
8.27091842865205
8.32539771217853
0.920501025393605
5.58461088494008
5.0476752454415
0.0266437476358971
6.02966102458228
11.6800563222856
11.0351575305685
5.40418904274702
2.80134079512209
0.0202554045245051
5.54519293364137
9.82230311502741
2.39104379434139
5.84560281131417
11.3981339382008
7.81295569613576
5.21010683302587
4.21617939222638
4.96599443722516
6.98731146401565
3.3134321146289
1.98228158988059
5.86974973566947
1.22063325252384
2.20627828966826
5.33316585244776
11.307439673692
4.13174005195593
1.45664759911597
5.89728516463394
9.33830523863435
5.80191021866358
0.933117837295333
3.6367658758536
3.06729883886874
6.89057415472713
0.688743218097409
4.28957811091095
5.21369936394624
1.21095785719082
0.851577028210727
1.4324874785816
3.49369835402512
2.12925055131709
5.57961645536125
3.84902018226736
0.550019881081814
4.59299161761959
7.60058041196316
0.148574558548024
0.751977870752382
5.72489008697297
7.0498431922956
4.70141703262925
4.20017296072366
10.3437716607004
3.23052926499794
14.1086135023669
0.937453881145632
4.17619073293471
0.00411015935242176
1.48687674663961
1.47203186061233
6.07509061228484
2.67251469194889
4.81771155591101
5.19353779412253
6.3362663378939
0.539657808608241
3.69495789054781
4.64282639864912
11.6568796569481
2.80020300693922
1.20042487704471
5.36534903406718
10.0156127475202
1.19172940030694
0.160539429634809
4.21401483472437
3.11312652295422
10.4698070790619
6.31879470311105
6.34011401289867
3.52531482931226
2.79597062932448
8.06806853506714
1.55100647825748
5.31583395044458
16.1397295378606
2.96992226596213
5.0900841844906
3.70424983646094
2.50877562534408
2.06607181080863
3.79214035780758
5.65106529935391
8.4843578748405
2.05859718844295
5.60134260449558
12.2846080223098
4.64251795790902
0.505035117660977
12.5522407703102
1.77369629964232
0.0628658939331783
7.55791070405394
2.60404899502634
11.0404838306377
9.18708208482713
3.81349134981451
4.90830570925027
6.08450646977872
11.1919090617448
3.50174336872567
6.27176302950829
3.42562166429442
3.58276013284922
7.28081700382983
5.95330235082656
4.98887388966978
0.746869046638428
8.75280650798231
1.49773706216365
6.88367736845776
2.77098709883153
8.86945754755288
0.823822594247758
0.900802351511645
11.6773301431762
2.65116233362269
1.89969919156283
2.04410720616579
0.325518287718296
1.85901327058673
1.02363943587989
0.855981814675033
12.8338189329952
2.70570905413479
1.01391021162271
0.489910708540466
4.05306105876396
0.767858186736703
1.03675522841513
2.64559011409272
4.4914736624533
3.60879474625056
3.65908141247928
8.00912005466357
0.824785232543945
8.14243121855039
4.65749728110166
6.60472351592034
1.67390534188598
12.5559910433367
1.24620449832089
5.4433066630736
3.38600671020251
3.74481780454516
0.207210634835064
3.67553823509598
1.52649637311697
15.0063791312277
0.16806242056191
0.731778351033304
7.77230917010456
3.46289789304137
0.929819443263113
5.93084217980504
3.95572544075549
1.64718746673316
0.936942035332322
4.5551328221336
2.14048660108555
0.83358144281513
11.1290855958028
3.89521889045956
4.91871288977563
0.869786199781234
0.621908786706626
1.4310889178887
5.21084251813591
0.672143278643489
4.70192502252758
2.68706022761762
6.73001422546804
7.33757968633105
10.0542991126016
8.35769276473878
1.5800938475877
5.60790073492285
11.4227689569816
4.45761543232633
0.305683957412839
6.02895859628916
13.9189269160852
10.8476796897997
0.541662390993563
6.7889662925154
2.37658889353686
2.32436272781342
3.95267326384783
0.890295626595616
5.41565215680748
5.83637711572823
6.18716641329229
8.1351001992979
2.16825684654062
6.60675132535351
3.99194747683996
5.88901798609768
2.7468589539773
3.29570153262466
0.146396108902991
10.0614808965474
4.86287974248126
7.69492324421093
1.44557636231184
10.0479459855705
1.06699168682098
4.37331430294423
2.01502740383148
9.87732366193086
1.86081111896783
10.6981083796302
6.09821118414402
3.72000811621547
7.44856877718121
6.30444696955746
4.05347681306106
3.71803547688249
0.119848835916448
7.57070470135659
1.41491035465151
1.57300925347954
5.20371284801513
7.50262366026375
1.87352880850215
1.59809248640236
2.57947647478431
9.41136370182859
0.100106191622855
2.22466465757711
8.01140775438398
3.94534615334123
0.0870228745043278
8.67441745940596
8.6050552906363
3.31419757567346
2.70343358992505
4.6125429449603
6.45632150117308
1.06817230116576
5.97737862262875
1.31132851996418
0.329461693763733
4.76955903733894
0.633759686081232
1.53918187133968
15.5329620315824
2.4799051960415
9.57583566196263
4.04174490831792
4.05348860658705
4.33037339244038
6.42460126057478
5.32419239270966
3.33630328116041
1.95902429986745
2.18453199364312
2.07552902479455
4.42056097090244
2.01596606057137
4.71780058474716
4.35563763603568
1.38884212940335
2.50977129568002
0.16468418826718
1.26243971753865
7.58184879086912
5.92358212452382
7.05249630846083
0.975091769148888
5.76417602133006
0.20857248455286
0.93583813868463
6.89504446927458
3.24595530983061
9.30715855838729
2.81554951798171
0.288018444553018
4.27438644692302
6.36757162964942
1.58176544566236
7.90196084714679
3.78030517604202
