"x"
14.6338291365567
1.96241470985115
7.38781779073179
5.84667162038386
17.022709781304
9.61371352840525
6.9518722491554
11.1303467303514
2.23812530748546
23.1009893871921
16.7883536807172
11.4662428433998
17.5039818215457
9.86393281881661
5.59813089223261
20.5363290384412
2.7391551528126
15.8372054807842
20.4530518586378
19.0445336566263
14.3578984894324
8.77165133133531
12.3198654968292
9.17920423671603
2.0245412060339
7.857685705616
6.52798037447333
10.5487756431103
2.33161216713406
15.3642288874835
9.3812866602093
12.0398738534532
7.7232573647052
18.6766256644876
10.3630339261144
13.4442701470107
15.1299388147891
11.9438569061458
2.36286866282229
23.0480327736586
3.85858515362151
12.4996856631883
4.11002016626298
4.13244678638875
7.64991733116735
20.779696200043
13.0051417963269
11.9254033081234
12.2541035991162
14.7634876891971
2.77773654088378
1.15036088973284
15.3489692602307
4.45991430997725
23.9410413315493
7.83432377502322
3.69622916914523
7.32508529908955
12.6486991066486
13.7920925393701
0.841841052352486
7.55851096473634
7.51907108351588
6.81116259656847
5.55053530260921
16.7941875755787
15.2541673253014
9.3875041231513
2.86263247304097
26.0414050891995
18.8881161622703
1.84042947366834
5.4155848454684
18.1999652180821
6.11679418943822
1.80427278392017
18.1761776097119
5.30975400470197
5.89350131340325
9.11396266892552
0.634734779714388
9.94692086242139
19.6480455896135
18.1783518496294
2.6028316369431
1.1307483849843
10.6635414063931
27.6677320635826
4.80642355978489
22.6862205658108
5.84692125570962
8.33633057773113
0.442476803436875
16.6158949490637
10.7947139980209
9.62599422106228
0.0317305829204038
2.70905675898498
17.7896513137966
18.6939960812368
2.47512911738482
10.6440332252532
15.5549306958605
12.4102104920894
20.9418889135122
11.7091539315879
5.71370879544181
21.5618252610859
19.8101745452732
22.3219969443425
24.5732419192791
8.65007776187365
4.65649436453862
6.71414442139194
3.46046420745552
5.98651052493277
6.60792759458554
6.20673734247333
5.09564420208335
1.15354017385883
2.36662751805553
12.8141646891716
2.81974144157893
0.496965217254004
23.4750907402486
9.17104897089303
5.956014059484
17.8740012925118
9.42440805956721
11.0072164330631
10.7450494077057
10.0070813205093
4.18934041606218
2.44672381032744
6.6016455180943
16.8544824235141
8.69545237715396
8.56523430322979
16.4294763596196
8.10308670625091
7.13697327940025
7.30673596262932
11.8917107644065
11.4929979201406
1.15983564431845
18.3074720959403
2.38716006278992
5.02283894456923
18.7413723673671
0.375528569980527
18.1775651872158
16.3126617723651
20.4568912275136
12.5946242362261
5.59355999154523
6.74530169926584
1.05678683895002
11.2892414489148
9.96822403742991
9.15177085988405
8.8642449118197
18.75847173501
7.54838174459102
7.53348879516125
9.43894512020051
15.443746523893
3.7251629723712
11.5293723996729
28.0167482793331
1.69204794801772
10.2907945491849
4.32397552535266
9.04134717057436
1.77390202879906
4.70572292362691
22.5158116998512
9.46659706532955
8.91315703964515
1.62679804489017
14.6232336516499
16.7729180306196
20.3970948629861
10.6449122610573
7.86160565912724
7.22719644032895
15.5933115165681
17.0907933021088
21.1684557376139
0.00965445983803206
9.60100760002926
18.0634661467019
2.87472536092128
13.0518249236047
18.5996294952929
15.9688057509338
0.0555696694816292
6.67637716978788
6.03478737175465
22.1016963734437
5.33543559722602
7.02994964085519
20.5309713455567
2.8565003089778
0.948855327442288
9.03913616202772
11.2267728894949
7.56103661842644
13.7408607639372
0.798669084906578
10.4668031782802
17.5973703733221
6.66379136964679
5.26195432222099
14.5740374457091
1.37298107432313
11.8771478533745
4.03845636174083
11.4910437092571
16.2897612739455
0.0873644678533129
0.568287651874134
25.3762937218574
1.92916249170268
9.96136342581097
15.8043428324163
2.37569683231413
20.3771334607154
5.45162395574152
5.04647684283555
2.71070953458548
5.12405686143153
2.12516273512604
8.82327388972044
27.349183966381
2.64822976614965
8.06886251084507
1.67350630384202
0.291682407259941
19.2854151263437
9.47597464546561
10.1541481519248
2.97901343250945
6.9909894326337
14.6274079568684
14.5629022736102
7.0805040653795
10.4058399111874
15.5011479395259
16.4516548175038
6.66639284996026
11.4163329359144
12.4344212003052
10.6745696322366
2.47581340975721
15.7664235215634
14.7898248396814
6.11674612536613
2.86322594620287
13.371179997921
11.3312297037673
8.13696104332765
13.8694594992988
8.43602143754851
8.26368308626115
17.4533367945148
2.04719821922481
3.70435272804416
7.26483319886029
3.64540279842913
14.7503486834466
1.15752830170095
7.62453256174922
13.6620443779975
10.2665509649934
23.1788222678006
12.5320878212719
5.49311290447694
13.9335380401462
1.81647843141881
11.3611947745085
23.4517970122397
22.0462873578072
23.8861411553526
4.85821338370442
6.3765550630364
8.4650601197255
4.58256378769875
1.29161402583122
9.46953019961747
3.56828762667236
2.35200016138135
10.6390565168113
1.08581913024521
2.302476556583
20.6571998308204
3.11957844533026
9.09839928255617
21.6232099067746
5.14131784439087
20.5930117983371
16.2282929496655
2.87122214213014
13.1009207572788
9.06831486813575
1.68832366014121
5.241340957582
16.6710569207967
18.6337599530816
11.703547694847
3.61807714216411
11.5403851255082
15.9405192825943
5.47125232405961
5.3256449142632
5.37050170823932
8.58288493432447
8.3756101586638
8.02975043440038
7.87532625009166
29.5337455904761
9.24131325446069
7.09618856199086
1.48568246513605
9.31106752671932
5.78493606299162
2.32111575703383
16.8051551475997
9.80619345791638
2.99285142682493
20.4615535389622
2.76646269485354
13.4246501554949
1.27221262082458
20.3103741165251
13.7845530174673
4.39097987030434
1.17081484035108
5.14368401797208
7.63748874887824
10.1651595283067
8.07153028436005
11.3175353500992
5.20409289747477
5.21946251392365
5.42785278610064
8.06406047195196
15.1990233595578
7.41013437509537
2.76233415149917
7.9504633471907
5.74936554236232
5.76260015368462
2.58499426621868
2.5625330602303
6.31677433848381
7.28048509757926
5.8426137206793
4.70707966014743
3.42408643246498
15.3362639797172
4.09298944287002
14.8049430921674
7.61839196656272
0.318580027669668
0.834722630679607
5.52112066963651
13.3418137673289
7.73332533426583
0.155396728044586
38.5542301461101
20.9635549690574
23.3875424222535
9.0349301281131
3.387639997527
0.796960713680959
15.2870872989297
5.33756976947188
7.34203490428627
0.953883878023208
4.33710641227663
2.08668601160854
4.5726006384939
7.46978814713657
7.11364825256169
2.66853761859238
16.7839725501835
15.0014790706336
3.96168124862015
3.85193636100183
12.5133908769445
19.6003625169396
5.31837143935263
13.4633461056247
2.22825813260501
15.4262167385634
0.570064689964056
3.8411736022681
12.067447276786
15.6148632057011
3.65526475943625
8.55326810851693
8.04288815076305
5.33518772572279
12.5934416428208
6.56232745864271
0.747050903737545
0.804445007815957
10.1154699381059
21.8130944762379
2.63891126334838
3.61807695336197
13.227066071704
12.7226914007518
0.442009362920396
2.36834441311657
3.43756568618119
2.34490228020606
4.53006839379668
15.7191654667258
6.60865111276507
13.729193748781
7.82289709895849
2.42872685194016
21.0939791519195
5.08148893713951
8.24090976877506
2.38208454352459
4.67821805308341
4.4476348438531
5.15374773632456
0.589689052768241
12.3426144942641
14.0884725334539
9.99676303657033
16.4865051861852
13.4125316879488
5.68991794712734
10.2258371654898
9.17105215029331
8.38902650779006
4.64663337916136
5.99387927620967
6.61358318607362
7.88304707966745
21.6870225965977
6.32575860761165
11.6951864212751
1.06614145991664
10.2958730408181
15.1810618346573
14.3975141458213
1.48380948230624
7.25801877565772
14.520463347435
18.9299504392991
17.3432990908623
1.6712938901037
9.9587507545948
13.203639631865
17.5810003653169
11.2328988499939
14.7816694215178
11.0685155261308
12.7390164881945
6.03123791515827
15.7988467370116
9.35250949114561
13.2905163915158
18.8331732526422
29.9876014534169
4.74296349567263
5.28907035477459
13.2237603422254
5.54109718650579
21.7626433579072
0.0259704456435887
2.09549984454879
6.69800331816077
19.1457736305892
6.31084930976284
1.1555153598017
2.10430468432605
6.80107367987741
2.98102037919827
13.7672288236331
6.09980178354259
6.23634206131101
14.5258157048374
10.2830797542522
6.84710247442126
12.0399997103959
1.33945115154107
0.48860777169466
8.80519792289421
6.82801981456578
18.2871762853215
11.7400638055687
17.3725542146713
1.91779416054487
6.50665913708508
4.9493880742514
4.28007519803941
4.22950498759747
29.1055092395302
12.1886863109626
2.96948123723269
4.53437138348818
18.7347885686904
11.8523273617029
14.204007491874
17.7748037036508
12.3968052801495
7.32339983663062
2.46460570742283
12.9922541474228
3.15724471583962
12.8515507094562
7.86814754828811
24.0636149886996
18.7830706126988
6.897685630247
4.85941199585795
17.9080126807094
13.3895708713681
13.2140094670006
14.1887547448277
7.75078416683386
10.1041640155017
5.79110698975159
0.0138836912810802
13.1161257158965
8.54269792368724
17.267288826406
0.973668321967125
0.969544524087593
8.69168369099498
5.38382322550027
8.76490166410804
14.5665107760578
21.0943712387234
4.114182991907
10.9402665409584
14.9253035429865
6.62710168398917
16.1474348045886
24.1701970342547
7.01849590986967
12.8635644447058
1.35792731307447
2.21713487990201
3.36896642111242
8.64533966538952
3.17793524495648
10.3803022298962
8.89028925414833
9.50430013099443
18.1066678836942
2.18439124899607
18.4134148992598
1.18567888559236
8.93299519211684
32.0769163284346
0.947947184567202
4.32918465887537
9.87441590987146
18.1924091751514
2.57108379155397
2.55516734905541
2.3599132673131
9.98171409592032
5.79913696274161
7.59949040104744
15.1140401084437
11.0138554591686
20.5692917184102
9.76549740880728
9.79998833499849
5.73107078671455
1.69190904125571
27.1342110820115
7.83969638869166
13.6134735308588
8.74137594658739
21.2824257556349
17.8834710270166
1.64557006491519
8.24767458252609
0.710668973624706
24.2199800021262
7.58937988078274
1.66388768702745
19.0510408952832
6.95392657071352
8.57650907754596
9.65532301054066
4.7659900970757
3.79450760659681
3.50462915375829
0.491369608789682
5.77642214484513
11.4475185280231
9.847183059901
14.6373242139816
16.1910240072757
1.70068264110036
9.25340965274611
8.23586031046597
18.6007739976048
4.59706024502664
6.05163779043273
16.0376483458887
12.5000099036084
0.212180019525774
12.5335292425007
0.450747646391392
3.08691211976111
2.56842379098079
10.3334205849922
20.5462619662285
12.1464856722601
14.8954381234944
15.2676772791892
8.86263852007687
14.7827996406704
19.4739474449307
22.0501622650772
14.7807318717241
11.3620500379109
4.39667627215385
3.31539739954655
8.92881591046459
12.8787584935653
17.5216582098307
5.24046425707638
6.90048206597567
5.35936891101301
17.6484228674839
10.9765986446291
2.16195401735604
21.8922391999513
6.23996904024303
5.4496774215285
1.84988547497342
11.3929061028936
17.5882175564766
8.33288393448712
5.63373286277056
0.521515466940662
15.9673148679508
5.61911969392405
9.43201761692762
2.88633083109374
13.4921636898071
8.96333372220397
5.96750578843057
2.57909147994114
7.77992329559763
4.52408459968865
3.23619949418753
2.23897202634974
13.2698563858867
5.00640155044774
17.4299830105156
9.17202732525766
18.0397332843428
0.684472479053244
5.02893612720072
6.12976515853486
1.53057710267603
1.96032359218294
32.6860772445798
6.91446904853402
21.1495215560074
6.73019019886851
4.69872029498219
5.5154619472619
16.7479681782424
1.63372387152803
5.8827445044675
7.6554668135941
19.5986009202898
4.15022439456239
0.217583380984182
20.5672241747379
18.3294001966715
0.0967065491351819
4.17605265974998
15.625423938036
17.9129158612341
11.1392486840487
9.17034649042721
7.56858494132757
12.5392273722876
8.03457368165255
31.2908932100981
8.76773789829597
1.06193497776985
4.4080208055675
16.712729120627
10.2663445752114
1.09182829037309
1.84402419254184
11.1054753884673
2.13878741487861
0.685955518681269
0.336424820125103
12.6594812545464
0.828830851241946
28.1853904558287
3.61209163433303
3.95171851851046
9.4295565970242
3.17698277762709
3.53866554796696
5.20832757465541
7.17913093976676
0.611279323586028
8.79776548873952
15.8345608566211
0.338919321075082
3.67998210713267
3.07243536226451
8.38523876447998
10.7587860431522
19.0882297698408
9.25050796940923
3.54986973106861
16.6154914535582
0.205353414639831
12.0849501807243
2.59340228512883
7.12570128962398
9.82214300407186
8.82695676128894
18.3192581085238
14.1430872026831
11.2002994399518
4.05218633823097
5.08944471366704
4.7078296552203
25.1320116221905
12.7330439998728
2.74219086669841
2.033447381109
4.42170952446759
6.1964449402946
7.80415176413953
9.76471756584942
3.21902511289614
3.75094582303975
10.9136749524623
14.9725242465735
8.2573608829982
4.48054704594826
11.755914054811
0.800544319960826
4.0489766397462
2.05694499411507
10.5467293411493
2.57083871401846
3.27846980318485
11.9804555497598
8.14932031478143
4.70586149021983
2.80039082281291
9.87588308997338
21.3571649510413
1.08283143490553
16.5262484152933
8.06176140904427
14.3586947029293
3.91767942669644
4.14723707363009
12.9709271292919
7.05239283852279
1.79561512340648
9.43024540320039
5.38509888574481
19.1468519002837
18.3453277684748
7.11758276447654
9.42126159616451
13.5972536065661
2.36006327904761
16.943509504199
0.644010337726547
2.81335730105639
10.9436146449298
5.01771178096533
17.7256596740335
7.46931536123157
12.8640081267804
5.24848306961012
2.48404201120138
8.69231787556829
1.09852391278128
8.5224712267518
3.68387266313853
6.4736640117851
5.19658788281101
5.5780568625778
6.56638662330806
9.14377110586033
15.1908775190136
13.744576415047
3.01871448755264
13.2292849477381
15.8445641036753
0.710693750669135
1.51689578779042
6.85574039816856
10.9741793014109
7.23592614279735
4.85247271135449
3.04625444114208
3.59266907908022
5.34103359095752
32.5196750927716
20.160076348111
14.5334362105979
10.7025947421789
24.7827221761147
5.52230299890925
3.42066960237851
6.70267124660313
14.7865681938082
9.27120773121715
5.55586227778729
17.4610620830208
4.29954634737133
6.26165728844326
5.35785828311601
4.79134889319539
9.06900075822858
19.1840702202171
7.93795295397623
4.98373575554862
3.13578364439309
18.1270481583078
23.3085854910314
24.1909566801041
1.19207669049501
1.51330986217509
13.0338771734387
7.07188271917403
4.65482352301478
3.25605981051922
9.60742062398151
18.5473324770418
8.17230730317533
0.662358898302508
11.5681264102628
6.0197115109649
20.6096134614199
6.70217010192573
15.6514295842499
6.89182129657899
9.03228596532015
2.37862120202053
13.3882305584848
4.47992387041779
20.5898649990559
2.74712430468098
10.1485066171489
21.4515150099283
0.854768324643373
14.1107596363288
14.7593464702368
2.14933367952206
10.9883597586304
2.49233045615256
3.52255221706463
6.60597113892436
10.729939956218
21.7073396685343
6.99021844193339
7.54774329252541
6.86261403068647
8.92031420953572
1.87455853447318
3.94611721858382
0.982587924227118
7.08638717436303
26.7402393743396
14.6344036795199
13.7796955296833
6.10811832195765
1.54519947245717
7.40046970745691
8.2615331927794
1.42433211626906
10.9930092934519
1.69842622408083
3.22044834290807
3.89659550415307
3.65857819849326
13.1534978281707
9.81090221762712
16.5913209709717
0.607203409605409
5.65141597762704
11.9888883667188
1.1772327865734
3.41914976015687
8.03057137221785
9.91503270342946
25.3708607051522
1.38226975686848
8.79542711190879
10.0842917307198
0.221430789679289
0.220786686986685
13.6232185328118
1.43789104185998
6.89682718366385
13.4892225601177
4.71591269597411
2.75735193863511
11.140912771225
0.128760920595175
14.4086862448603
0.449577232125889
0.992294028401375
3.77244083210826
8.51659486724618
6.58173174124956
8.11166604980826
2.12514925940304
8.85090189452781
9.61838006637946
22.4113219765758
1.58659010194242
11.4876164052254
6.17407243698835
0.740271527320147
5.46560559700628
4.51682548364892
1.0393527554616
12.3511737707869
12.6667198803688
16.184460464865
1.42812221311033
21.5152041817745
18.396488763392
9.71937047523282
2.03546285629272
2.59055448696017
10.2031950711779
11.2030642164657
4.2727897909884
21.9459698069841
13.9939104672521
8.86468780227005
15.8706212135494
20.595124643296
8.9551767334342
6.69497608497703
13.6307885404676
5.28168049640954
11.9762056041509
13.271940825507
17.4318192441855
1.09672697756959
6.07571490506406
5.11081944085725
12.6473450506894
3.77846917226929
4.19123873389888
10.3965781193929
16.3313810713589
5.72244250028063
6.98828223250657
4.30062916609554
5.59983227085042
8.43427482246175
31.9516897667199
1.61485988646746
18.2889659904447
3.91321894712746
6.42755678854883
4.83604404245091
12.6939757261425
11.6633313242346
9.09356153570116
3.79397240252272
12.3003891669214
2.20537665300071
4.24834690056741
4.79655996896327
1.66554301977158
18.4686088687166
4.1966715482848
4.94121391048102
10.708919307217
3.51533350626287
5.542594473809
3.29850733180259
6.54238019316118
12.994500332576
6.55332743190229
0.525501004814931
4.75251770258697
13.1152459885925
2.53092558247762
7.05444226041436
8.81481156823708
8.14870526082814
6.95400889962912
18.6762150377035
15.449536323899
4.36432417482138
9.18357092887163
3.95618942798738
0.357109903367783
4.70360457224843
3.95860928110778
1.9508118275553
25.5324769299477
13.280538110861
16.263189972442
17.9025912386938
2.12047679856615
14.3919442780316
13.1941438789251
6.73147584311664
2.95659895054996
8.39954111725092
2.07135097774446
0.410134717822075
0.506461115441163
3.97118050605059
13.8247573306655
7.77052058838308
2.25337971933186
3.43247477146882
0.564060906627453
12.0148361699201
7.53358108922839
1.39531867484748
9.8527017980814
1.68104764120487
17.5880872178823
13.4349708163455
16.077026571067
10.0745840296719
1.61864794790745
8.80832788534462
6.78987012516077
10.7680527493358
20.5737087875605
27.6817193254828
0.547544108341305
26.7370130866766
0.922643486410379
3.96990750420013
5.18488370901955
1.16514540277421
13.2589754182845
13.2587731882177
21.4030255982812
3.10020674951375
4.06803784819791
12.7162057440728
9.29012856099509
0.549227314906304
14.1296699812373
6.53296951204538
13.5780920967749
2.54945809070718
14.5375749096274
7.49351261183619
6.53798305429518
6.40865010209382
13.1183888297528
10.0142237264663
12.9277486049801
12.356848470366
2.10576318204403
12.5712472555799
20.4507915303111
3.46481540924568
0.112719368189573
8.1140466965735
0.86827280346463
20.530573722966
7.80734298750758
18.2760374620557
19.3147739861161
2.11134017445147
13.3840679914713
6.72427032173332
7.71122530241296
9.74669083327206
3.23526300489902
4.30923188105226
6.88992415685939
2.29471636379548
15.8994087792595
20.3322478570044
5.4057230707258
8.04888194255196
3.35906837135553
0.374060217291117
14.3231814442162
9.19860935828555
12.0564069133252
17.5209568347782
6.34336540629474
0.560122202942582
20.8622447051656
4.48087458498776
16.4914567489177
3.20607210270082
0.96809477545321
39.9655686806549
6.63031093187514
11.3307491876185
16.759658511728
20.6214328250502
2.71574244442236
3.22048026137054
13.2722970098257
18.9084535140883
9.8546324763447
15.6971947755665
5.69732608273625
14.7576084293383
10.1148066110909
3.15482211299241
5.96688324585557
14.0409607814758
8.64964802749455
5.10228164494038
12.4062897637486
15.5739692618698
9.31278631887619
4.15070519544817
4.32796352542937
10.2804515848024
17.1621479094028
19.1430354956537
10.7995314989239
17.4127520062029
5.08164982311428
9.22767017036676
9.73487115558897
7.56295372976147
28.926910739392
5.30637406552194
18.0914275813848
19.9888981063976
0.928503152612144
11.9429474483007
27.1221213974059
16.7425022991987
3.37654990144074
8.88580214502241
3.72447515837848
8.28329203650355
19.7605280671269
12.2181268874556
11.4258842077106
8.94160577564935
10.4709668054998
9.01907999068499
17.9395851213485
7.72874862886965
13.5407323483378
1.29751854254828
9.3273751437664
7.2879577986896
8.79624574445188
7.00871543958783
8.71830557336504
17.8893112577498
3.88343161903322
17.8355884738266
5.32719518725892
15.7341433688998
13.7130326450277
11.8855009321123
22.5664736237377
4.63192784227431
4.22437176032675
0.972127728164196
10.6000259052962
18.8920472282916
5.66144972108305
14.5436917522361
15.3001542548408
3.31772343844515
14.3923836294562
6.72373329289258
16.23126110062
6.33013383485377
15.2601039968431
10.2293486241251
12.7657729201019
7.48294558647043
28.7103057838976
14.710236620158
7.29350230708727
3.9158632978797
0.60649854131043
10.5108169373125
3.04033579304814
3.94848426803946
9.49602080816887
7.78562515642444
11.0098054676741
27.5461167562753
13.377674511352
11.2340187188238
16.1536798564588
3.33597343415022
12.9833071492612
14.7262221667916
20.5309182657328
3.45429575957525
9.10388007760048
10.4240252299213
8.44121454283595
3.1555527145964
7.36097162096752
10.6963941827416
4.41662720404565
3.10697192326188
19.7058419326925
6.17660925702724
0.815202062949538
7.3447740636766
16.7895646300167
11.9190380908549
6.43143770284951
4.53750371430633
9.6593594656677
24.4867837760719
11.5069168619812
23.2746712397784
18.1456093676388
22.6205836515874
15.8127461560071
7.8159517608583
6.33222700306762
11.3526608803608
7.663157495302
17.6188262419589
14.0568640083075
5.7897892780602
10.0015772265083
14.9999885447007
7.30170863680542
3.741147019649
2.09836424328387
18.3892974164337
6.9823982194066
4.16135406121612
9.25317420624197
14.4861850887537
15.1902412064373
17.3993989359587
3.22302770800889
11.5430330324541
0.850930158048868
6.59814880304691
0.642014667391777
4.91210363751692
3.93919479101896
6.08274440703174
4.74601527675986
1.21062348173592
1.83677225699101
18.0868397001177
13.029718073085
6.64009796455503
0.186548987403512
16.7726995546433
1.96931664831936
3.78348420696502
3.24844243004918
10.6114158872515
7.70887653343379
4.17207484133542
13.3981298357985
3.83771760389209
22.5546142086387
18.1388244393213
11.4421533988854
2.61564391862995
6.82841497473419
1.6015199760278
4.23391181975603
6.1969633679837
0.67557398306765
2.80384494615415
3.82196744903922
0.513482628806589
11.1945814828465
18.1775610428303
11.7546608378315
0.842423881406901
18.6958900187165
15.0517816387768
12.4844166915864
16.1492981807441
24.081199709326
1.585864074709
12.6163665260826
1.96233415044844
5.11610396206379
15.0615813676268
0.819009775295854
2.35852662348565
14.5929016712525
0.975989841359266
9.30004924302069
8.45512749514299
2.39774594810272
1.0620834436328
18.6149029637454
2.41522705944363
2.1312159486115
22.7182675246898
10.0495714739241
3.94572334229855
4.81171647303486
13.2128385361284
1.54648058835018
15.2787108451958
12.2657848116483
11.1357096582651
11.601813044399
4.63009458397409
12.1477282606065
11.8993731215596
3.41329053854234
9.48377894237638
5.31724209894376
7.40600195713341
7.11411102674901
0.409535646326938
13.0736317469424
8.36737339330118
8.54273079894483
4.86316783353686
1.4443265225732
13.1631704978645
18.6011606312313
0.846828101202846
7.45674991048872
7.00942548050833
18.0833465885371
6.26193291942903
7.90100147250071
8.40183566324413
0.531945967037614
10.4890439795393
2.22149342298508
3.96749693900347
12.5805629882962
0.988562637940049
12.8369929512605
7.96866365708411
3.40807419106971
34.4069041777402
12.5922256149352
0.167609041494002
25.4274052509829
7.80452345497906
13.8345813263959
15.3776611201465
19.7108006104827
8.36149433075156
4.95879445225
15.3247225958873
6.76836204818398
14.8263895884156
9.90842865557139
0.452993174589887
10.3520127944648
13.2074403110892
3.44766457565129
14.3392185713179
4.80712912976742
20.5813673324883
19.2294135224074
10.0751296151429
19.4789636435263
1.91720536164498
20.890532899648
4.45126174017787
1.1585729662329
2.17724554240704
8.47155617672545
5.86688248440623
7.86878881044686
15.5617540702224
25.5173434528205
9.10657501176982
0.28176149353385
5.83453538785883
9.38349808566272
5.25980889797211
8.19116588681936
12.4502450107447
3.23321078903973
6.99797067791224
3.0799753498286
1.98420938104391
1.5612246108945
14.7988245822489
10.7220585319706
3.26741743478325
5.58790694922209
7.93225206434727
2.55490085110068
2.31859373109318
16.0039156209677
0.163309834897518
22.6266258396208
0.668703930373313
11.7883421946317
6.69392803683877
1.35683077387512
5.84859405644238
14.0308120287955
2.8387154918164
14.0776263839607
1.96325907267156
12.2544687706977
21.7379846144468
11.9768418837339
12.9400374367833
8.32837773486972
19.7020789608359
0.675973429319127
3.88439479283988
10.6356942560524
17.8167046047747
2.64111703747117
16.0816357005388
6.83503903796759
7.23083160940521
6.02225128935502
1.13544850736517
4.29753788365502
35.2933316053197
15.1006852796242
3.2364331651479
6.65620802762527
23.9267310593277
2.00710366480052
2.29592007670052
7.07666450180113
9.1017954552469
5.83372913615864
16.0614252090454
16.443908540532
29.4513313099742
15.6576314009726
1.86646369673471
10.7660132460296
9.1354857198894
17.3555786255747
1.835833536461
9.53380668704628
10.7549538370222
7.82306150571053
0.224506249651313
5.32158650457859
31.6136912391029
3.25170073939434
13.616182282567
1.66113446466625
19.7938233148307
13.9380760571562
14.0932115260512
14.843479078263
10.1802847813815
3.25521783854309
15.7675846735097
9.3448125757277
3.4419054374735
0.184003057384238
10.8458046335727
12.1412889100611
3.59734152443707
4.77973480592471
14.6802888717502
6.71977599865748
2.99648311920464
3.26950425135606
2.86052078008652
8.58154147863388
1.66726522147655
15.3780123828389
8.96893755981061
5.40420297292786
12.984181009233
27.4582326639255
17.9963247384876
12.4609485757916
16.6392051047851
20.6047966496107
1.52925724257546
6.0617552138865
7.91164801990761
5.48136373981833
6.42963929276186
9.0702370226705
0.565648605014349
17.2127820085734
0.158808752894402
24.3748680688441
7.85018680617213
10.724369174654
27.6949625927955
3.41306713203516
5.24546555243433
4.55999630503356
20.5057569779456
6.89473040401936
10.8387959189713
6.00799079984426
3.02052465267479
24.9819269869477
20.8131992061085
18.4719740413129
8.77570468001068
11.6308953613043
0.327602960169315
7.54569093696773
14.3418976571411
0.881133710724422
7.8294116538018
1.9540295470506
7.7996653970331
13.1047775641776
7.98634239472449
8.13759374432266
1.12017254074203
13.4883600752801
18.2648105390954
1.98988397605717
0.738112209364772
12.3158900532871
0.213523674756289
1.64170823991299
0.373925035819411
8.53347228839993
6.67200941833671
19.740488355437
14.2595533246575
5.64438034780324
11.069838748494
8.80533151814571
10.8918599318713
1.92356160841882
6.15068312795294
13.3515183589485
17.5027877917949
27.4488330969846
0.180348847061396
13.8028481509537
1.68031454573505
4.47303270921111
16.740288445726
10.8610034920275
4.14687962328214
15.6198714859784
8.31758487038314
0.993717760163458
9.06256731895946
1.18040314810699
9.8841754719615
9.90148051641881
11.7156630381942
2.57692453451455
18.0632965623938
8.84404187090695
8.60138065181673
7.96814622318903
10.8846481652109
15.6143649015576
11.8369257077575
3.26230856589973
9.06741812735908
13.7889720398723
8.73827882197714
2.6882198052908
8.39342675171793
19.1878781188279
4.0573428850621
4.71695223553387
12.9964567255229
2.71349684335291
3.24540110304952
4.34280690413821
7.9374154743609
6.0255728662014
6.91766198724508
4.13984511978924
2.34005991369486
9.95156220160425
7.86183602176607
3.19363418789593
11.4213931839913
9.294825923677
1.95382898673415
2.00771745294333
10.677420347929
1.50800105184317
9.83441014031293
6.20053266175091
13.7736012227833
5.80070956402142
19.5664633065462
6.17816098249609
7.41071085347247
18.0343395564705
6.37504720225631
10.5463308111801
33.185273823269
10.0031943616841
4.03444182174948
27.7134297415614
11.8947781133174
29.5922812540084
2.39155045710504
11.0835575964302
13.8298373203725
21.0329861502286
12.6571248285472
37.6661176793277
1.26636504334411
7.42309975537825
2.45569520629942
2.20459825359285
14.2450439278036
17.0632077381015
17.4308221321553
14.337464235723
7.05102027652645
8.28343303874135
19.7052813600749
15.22430437617
2.31954948976636
11.6590744350106
1.91266849724479
0.612975703552365
0.991529040038586
15.8750068861991
4.03338745236397
7.20133931986729
2.65549141913652
1.15804108791053
1.62480818107724
17.0088541693985
15.6894686166197
14.1808171756566
18.0789201520383
3.49279083311558
17.5199514247851
6.51933653280139
11.7540066116531
3.16526861861348
11.2602861598134
10.7068339344808
11.9928618427366
4.79134893976152
6.00990350358188
3.26316431907983
19.235937576741
11.7586268577725
6.4289451881265
20.9116049874289
4.78260663581271
10.1536241318938
18.0669561975731
4.78474427280675
15.8583745360374
7.05186291597784
12.1391635130937
6.29896861501038
1.28297684951206
4.27000410854816
1.16085482858064
4.30931877344847
8.83394810371101
24.7317176777869
3.84385941610014
13.2298887707293
14.7795167285949
18.4412366710603
29.7363172285259
9.17618983827623
12.7008141696578
18.6842808034271
2.92545648733201
3.26814438145012
6.28857831470668
10.1698303430074
7.41497194394469
18.888842407614
2.97485170885921
7.95916551724076
12.3893390356479
17.1756966970861
10.2897408928936
4.59287953563035
1.32099292241037
6.45506339870397
3.90833066776395
6.00521931498549
7.0733639290222
23.1664046942539
2.67123368065666
13.5614295955747
1.32406495834536
3.81965149819346
16.3917099125683
0.426597334444523
21.2966077029705
11.9779827538878
8.11309728086167
8.17806128838095
5.44028382586601
7.45219173841178
4.85560001166912
1.60490516573191
0.261724321171641
2.78618228621781
3.56216579130706
0.630641791105105
5.39768920280039
8.02514092065394
2.92178294621408
0.92863398604095
12.3778868175301
1.53860697354919
13.6169848247377
5.73773137293756
14.9044051930429
6.09627375379205
0.619694730266929
0.442095672101961
1.91832901100295
2.24209050231512
9.99828455969691
22.9713243432343
12.4713040422648
22.0307375304401
20.6862948834896
5.33476901160427
11.84211242944
12.8300258249448
8.00632741302252
4.36420342884958
22.5077595761016
2.70102517679334
5.63005867258935
0.51657994707993
7.08371572121368
1.10935516635553
3.00552938133478
22.5352901499718
4.04075919650495
13.6042710393667
9.70482695853587
10.4294545099559
0.622665292790186
0.145967385404318
17.6549638155848
2.02979133157628
9.60002069294792
9.70069854520261
16.2310179345192
4.93002870534168
8.62818413397174
8.0897334497422
12.5786205288023
15.6573825515807
21.4926113374531
3.82922813296318
22.852144157514
1.10759178327333
4.64354897849262
14.5349380678223
12.2378203086555
15.0053859688342
3.89212374575436
19.7115878108889
7.55118802189827
6.1441435944289
10.6192655395716
21.9925890444002
12.1900469064713
0.245715752200388
16.0067419930582
4.13307119160891
4.38773306086659
10.4019623082059
3.07763502933085
18.1302443577246
6.33676664330536
3.29828345727628
11.818200070411
18.4259011875838
5.10397633960891
5.21175796166062
14.6855810191482
15.1958230932162
5.39983583808312
14.3770858532454
8.01282022148371
7.52142765559256
3.53016909211874
5.12871526555617
8.87872245203852
5.98042709752917
12.8804293461144
6.38190633617342
1.62878814153373
17.1068503987044
9.31966938078403
6.61527329995532
7.03659206628799
5.55393034592271
2.75916727259755
3.94699290065251
17.008924856782
0.92215072363615
17.6255690399557
12.5558939296752
12.6052286941558
17.1263129450381
2.16184160672128
20.8515205886215
3.35573307238519
1.07562110654325
7.38354492560495
4.40165493460051
1.50812558208163
0.421613035723567
13.0809153430164
27.1210452076048
9.76173644885421
14.8321621163937
12.7386217065235
18.4119141942354
5.8197312490652
7.27922851219773
14.9017173796892
7.00094262138009
9.25738018173129
20.5679233185947
6.83802466105663
6.96615201286911
9.5634613186121
4.48917904868722
2.68793913906481
23.5481060110033
16.8526442255825
1.19263463420182
12.4176022130996
13.1221344228834
2.83448168769309
5.67082175984979
3.60917155630887
13.5311377234757
11.1301105935127
27.3683029509864
14.4245699598181
16.2956786495088
11.5123376755548
3.24867170349706
22.6033575493223
6.18072784144093
0.549390353262424
0.262491284368145
4.30499990470707
5.20139182917774
5.64468993480241
9.33956853114069
2.53578986660024
10.5638561304659
13.7346818577498
3.19100213237107
9.55383111722767
3.64213484693211
6.27599895978982
3.67495366372168
8.60546858379836
1.98295693237674
6.29480370990118
18.3168640360236
2.30936324223876
16.1705964237682
7.04888012260199
5.21650527576167
11.008205955839
17.8893059833375
1.7564522515787
6.9638942240694
8.53426388019534
8.83933023470228
2.41219406016171
1.9565164018714
0.977305733606314
6.87517304904759
26.4220910037997
23.7129257450713
6.70606452040374
16.2698965054005
12.8892788197845
15.674553392455
18.5086200479418
2.04416113248594
8.0520992167294
5.65284956246614
9.78423810309011
1.06513307237145
4.79817157611251
5.29477284289896
2.32020793482661
11.4703512927787
25.7857554534402
7.3768628295511
12.7896650694311
2.96472464688122
13.6847179383039
7.93574437173871
10.7668851614133
2.53380716007423
2.21159528009593
0.0366603955626488
3.66775024358646
7.77029869215187
9.86790978349745
23.6688595730811
1.08739277347922
8.20606425404549
7.28353899903595
5.13245756737888
3.31810882798437
1.86081673018634
4.28304350934923
25.2065847162157
2.38998803085645
16.457567224279
25.3219725098461
1.18115725927055
18.1106873072209
6.53672027401626
8.79969270899892
9.47957001626492
21.4699950069189
6.05713995173573
2.37312037497759
6.22204509563744
2.74575767107308
10.2387718390673
13.4612818714231
10.4494665749371
1.74630764661103
3.12596956479442
10.4320668635871
18.461103644222
12.3002291657031
11.5175064187497
3.26989036984742
3.1522911041975
2.65123867429793
0.558401796926665
9.0796947479248
21.9119759276509
0.555409314936689
6.13316257389705
13.6719866901926
9.82450875453651
8.85476977564394
10.9543153550476
4.83220238238573
15.3235531877726
20.7070183683587
2.84113795496523
6.44854600648748
13.8447682838887
1.463573705405
10.9943303831224
8.96797537704979
16.7011813726276
8.47959574311972
12.1471681632102
15.5262154794513
18.322175126465
18.971020004892
5.97123867365019
16.8089469894767
4.66570272110403
