"x"
31.0273068025708
19.0936397993937
22.9538905667141
24.0998157616679
27.8107450576499
20.725126680918
31.4944606740028
33.4410536335781
21.8152658315375
21.2078261654824
32.6172321336344
24.5611983118579
26.272155623883
25.3550407942384
20.9993560713543
15.5150110134855
22.5353950481881
27.9119557701051
23.0013012011997
19.3864414002746
33.1696494715288
17.7186924688808
32.9887319356203
17.3725284030793
24.2451444733888
26.8283595331013
26.5125504694879
27.993279742077
17.5236577408372
31.2653598816474
13.181973477395
30.0070180790499
26.6453339951113
15.1770316064358
32.5006575789303
32.9285324551165
29.9402915639803
28.7994985003024
32.958601647988
14.9628949118778
18.3928626447301
15.2867835053017
28.280574735254
13.1162088182665
29.1263284860179
15.2230992718642
26.7567567294464
26.0051111457869
24.64074047748
16.8525338172913
21.9901852775365
21.1004958832085
21.7295001028106
24.7384208254516
9.25120166502893
18.913502455689
21.4266685768962
21.1287859284531
31.196823832579
31.4401661977172
29.0631550597027
19.0943694906309
31.8370710359886
18.5104204108939
21.9936409980702
27.6381673524156
32.2540562134236
19.3564492976293
29.1408417513594
25.1405330607668
28.0317391036078
22.1597356668629
23.7129650311545
24.2780871456489
21.5835579903796
27.7224476216361
19.2072810605168
31.2702376628295
21.376450243406
25.9610191453248
26.4572456479073
21.3983541354537
15.6947473094069
25.019817543216
38.2243598441625
23.9494265057147
8.33308722358197
27.6207526912913
31.8591096205637
16.6424482513615
16.8220058855988
20.8727471297607
24.7228766093031
23.2834324007854
16.7459893971682
27.433387949518
25.9551654569805
22.6269957376644
31.5626709721982
23.7879326799884
22.0280423643885
16.8788319220766
22.1767670940608
44.3347509799476
22.6026825606823
29.3729571159929
18.120877398178
29.2054989840835
17.8557279514174
30.4321483941749
21.9290029739388
27.6903592050076
10.587418088876
20.6100436200586
21.7438854742625
28.0633856076747
29.7785478411242
34.2190771130845
23.6114834900945
20.9512562694879
33.4673926467076
18.4468146879226
29.8981602769345
20.7060778746381
21.545073017478
30.6309116305783
39.0986329854882
28.8528285222128
20.1697075041011
30.2071269927186
24.4510249234736
28.9633742067963
11.3729340489954
27.292871219106
29.3315500486642
21.9428319251165
14.149836909073
29.4170118169859
22.0294801756168
17.5700875617135
25.9732473175973
16.2316287169233
29.3607120402157
29.5732172671705
26.5591264003888
29.5752570033073
27.2196400677785
24.1639603395015
21.9054026529193
24.3476954987273
30.7877316139638
16.4344507036731
28.5039162961766
22.4337978055701
33.5233503719792
26.5640999238152
23.2612575870007
13.6145704835416
33.4608799079433
26.8854002701119
26.5994631918147
15.0463856291026
34.8289883698893
19.8165035806596
22.9209379525855
23.2986217746804
30.1798871019855
31.7832925589755
20.0402273563668
36.8368377062082
29.3629013234749
18.4260079404339
22.1535056829453
19.0398173639551
29.9515824532136
37.9730283870003
19.078336795792
18.1278192359502
28.2374728471041
21.2727503385395
24.0307995719652
23.1004225555807
15.0734966044134
13.8262908905745
31.0633424203843
21.4609872570112
29.2192453052849
21.8796192202717
29.3957090876609
23.06079773698
21.5771269518882
28.5490862559527
17.2554224335748
33.3234628429636
13.9996630484916
19.3971114000306
37.308556770668
34.5202418044209
30.1256156042844
28.1963695539162
22.7499510394409
22.7040351135656
15.4131515167489
25.0309222610667
24.1530479164794
24.3162374943495
26.5880734892562
29.6100941486657
23.2527485117316
27.779396623373
18.1254507275298
23.2508300803602
25.5715013714507
14.9960226146504
30.5339560378343
15.3146619680749
27.9037652770057
20.7398017402738
11.7826257599518
28.3847051206976
27.6395373279229
17.6831885473803
27.5996175128967
26.9911606796086
24.4630105268903
11.5280946447961
28.0793087091297
32.1095302235335
23.6997327068821
18.4577428037301
24.1557159693912
15.5674550682306
32.1418611798435
37.6505563014603
26.1758686508983
23.7429042579606
18.6351427109912
34.6826115968618
25.0750851037271
30.8746067108586
31.0405570780858
33.969551557675
17.7962433313951
30.9512322070077
26.6202078666538
24.7569268745236
29.3731797952205
26.2987785041332
34.9733352640128
35.6521605958647
22.2345367306843
32.0001510204747
26.9158599432558
15.8926104061145
14.9636736838147
27.752762241289
21.9252172159031
20.3313004691154
23.5401890939102
27.4274055147544
18.816094705835
29.5386720681563
14.2451399092073
17.8368284832686
15.9201892325655
8.64811090286821
22.418201318942
23.5399943543598
28.0710249906406
23.1724057346582
19.2640956258401
31.7365817958489
24.1299918154255
27.6332444977015
28.2370861619711
17.7859883289784
20.4724736046046
22.0625246642157
17.1410679646281
28.186622262001
28.9657721761614
17.2978381626308
21.2936935946345
19.8684788541868
26.8308237893507
12.7125002676621
11.0090587753803
14.3210607930886
24.656917876564
27.0978962769732
33.9535079197958
28.5510146757588
19.9540157569572
25.576668092981
33.7040353333578
27.9921104200184
21.0350514156744
32.6277380576357
24.8953863745555
30.7937978534028
15.9151440020651
17.5283915596083
21.786696347408
29.8349412856624
17.0339765725657
19.9877883846431
15.7721783267334
26.5328173991293
29.5295582385734
14.708591112867
25.2627942012623
31.5472974209115
25.7821010658517
22.9751975275576
26.1330156603723
33.0617369851097
25.4857739666477
25.208371412009
22.9802057379857
20.2740297189692
23.8413439597934
19.3123756442219
24.2504673729415
27.2095466265455
27.2860860219225
31.4669887069613
14.2721198033541
17.100193630904
21.898167598629
26.2000721646473
20.2144128037617
18.7985320342705
21.9844294246286
8.70061635505408
23.2011776883155
15.74938071426
25.3679101275991
25.9279391961172
29.2892616475001
32.6135238166898
18.6483706347644
27.5030535560992
18.0809174431488
23.026118404232
27.3761762538925
20.1154706766829
39.4845895448184
28.135017872412
14.9832948997407
25.1256342917388
20.2448008581996
23.2040932867676
16.900014760904
23.0666865827516
34.3681491212919
23.4516694676131
20.4977799905464
20.2218593098223
22.7775962324813
24.8634029412642
24.150747875683
18.0287742754444
23.1936493422836
35.4230507063052
21.1325899313931
23.3663993654773
23.751534242183
22.8634759085253
30.1234142156318
11.4502273034304
24.514763080515
32.9691236373037
7.21859191544354
24.632590659894
34.1373575152829
10.1148831658065
26.5723059652373
17.2800235601677
25.813377648592
31.1936363345012
28.2103760359226
33.4919063840061
23.0934189632535
24.7297070687637
20.1899420004338
25.6235635839403
15.1362241018645
24.6655381517485
28.4509426914155
28.2525159651414
24.9311951018895
14.0039048856124
29.4381892308593
26.9259379711002
35.0244548132959
31.6020506666973
24.4244530331343
26.5901581849903
30.1619105739519
27.5365709559992
25.3571528708562
29.9116453854367
26.7399411182851
23.1010416762251
29.3372770538554
20.1522677671164
18.9013617252309
26.4812410343438
22.71736075636
23.0008430080488
27.7121775550768
30.2832785993814
19.6617677574977
33.0885211471468
32.7133352635428
25.30270840507
23.1713855871931
11.9504252561024
13.2226201938465
30.5204859236255
17.9724958259612
14.2161279916763
9.76057981606573
24.7319004498422
18.1271127368774
32.7701785601676
25.2188302576542
24.6094854781404
23.5661445418373
31.7411053692922
33.323891996406
29.8155240248889
11.8545645789068
25.3543188329786
29.0211773477495
36.9503885486579
13.3471990702674
31.1809176113456
15.0489070219919
19.5801993508847
22.882934845984
29.8757899785414
36.1500475480462
22.5292536851284
13.4035286959261
16.5191105334088
29.8627344891429
30.8794910321012
31.3795681344345
15.5578344594687
17.7702241500693
24.6974861482158
32.2943980766457
24.4163524126634
19.8391396319494
29.6727784676477
16.1797074368224
19.0807986771688
23.2812192058191
29.2830789461732
16.3371054670085
33.5047577042133
29.6282607363537
11.1543203234556
20.8556685363874
9.77507848292589
29.971745912917
28.4475891152397
21.0273971781135
16.6215872624889
14.362522042271
22.9146401257406
18.3561757672578
24.9918909510598
25.1562114106491
21.1138915503398
28.4621771657839
20.0804785359651
18.8198722200468
27.6061463310572
28.2903113402426
37.0669045289608
25.3776882076636
20.9017348272607
30.1111278356984
27.8292882023379
29.3865022715181
25.0959357013926
22.1021660370752
23.3712018001825
32.2200103662908
25.1047848258168
25.8091112133116
32.1114740567282
24.4580040453002
20.7345284987241
22.1473708195261
26.7194855000938
23.4679136890918
26.7887067748234
21.3464146712795
31.9994725519791
15.4636332765222
23.4158813190113
37.5875374281263
33.6254894034937
27.6994759366322
24.4593495968729
30.2092748926952
24.3328687269241
28.8596174912527
34.1663470491767
21.9707896234468
26.6944851289817
30.9261124348268
16.0619574043415
44.5134100981633
10.5686187744141
29.565532435663
30.1634524948895
11.6659373150711
26.5135344816372
24.7834996320307
20.8301307167858
21.0156336193904
29.0445032529533
27.1325293928385
20.6664935918525
33.0446443054825
30.7434083893895
30.2014438435435
29.6041530799896
18.4003503061831
16.7683707550168
29.9019779078662
7.83816538751125
26.344853756018
20.1230546692386
9.00893027428538
28.498453926295
17.6902898166215
21.1340200621635
21.094789262861
31.9981126242852
23.9237317815423
30.9092506300658
11.6295630544898
26.655075722374
28.8557615596801
25.396427209489
22.120520262979
37.915311239422
19.8900554329157
11.0146160935983
24.669651617296
30.2287960890681
26.1301966384053
23.7321012187749
22.0071758609265
17.1538962284103
19.2966534057632
20.8436689213059
22.9776832507923
13.4457441745326
21.5879569062963
26.2357045663521
20.7766117993742
23.573566460982
26.5200260095298
22.6891190279275
20.6375300603319
15.8248804459297
10.9408522507512
30.554912541993
24.4855430908501
18.2992772432044
39.2989128100295
17.8880429593846
20.6789680618748
29.6575979562476
28.4881087906769
17.62570446078
24.78069445906
37.0850486378041
27.2270655492321
23.9685466701119
15.4127467931784
17.7566812140867
21.4567821240053
23.3638976467773
28.0201093293726
18.7369619263336
30.5174914654344
27.7529306709766
20.4897781368345
26.7470608931035
18.5679576440139
33.6174431955442
17.8733835047821
20.9377676275458
21.6248456155881
24.4728852296248
35.7742553090161
25.9065407793969
30.1177677232772
22.1631509072982
30.1352149806917
21.5374470688403
24.2554971744475
35.4937590675599
11.2494429340586
19.9891765834764
15.3673714193843
28.8203696953133
28.4132100040733
27.2206408670172
27.3201480042189
16.4991738318475
22.1017346251756
24.636391014792
23.4583284705877
24.1605655057356
25.3654405707493
26.9444803707302
13.156904525343
24.6143795084208
21.2308874353766
37.134301404778
23.2099913231709
13.2587407715619
19.8099330067635
36.3114304585343
18.8575566927697
29.6249594306573
13.3735531708226
28.5249792272225
18.5967580415308
25.4112500231713
28.182054665674
33.4270015591756
15.7401176721686
27.6423739036545
19.4882140091988
16.3450273523334
13.0230123410001
24.6978100854903
30.1385251805186
18.2401462690905
19.9546274030581
26.6071784310043
23.3705132237216
16.9379812903594
44.9387095381922
19.3383555393666
21.1755750002339
20.8577159093693
22.240665811114
36.342598449201
14.448717655614
23.7539702793583
17.4701969372109
25.6365246605128
21.2118887808174
26.4048687182367
23.8345307298005
20.2111892271773
28.09448891785
21.8133759684861
20.9889827583526
28.6899965722114
31.742853554897
8.92105323728174
19.4971296936274
16.3257786860847
29.4965157285333
19.3789115175605
23.2843948164345
18.7331702560186
16.6414321633056
8.85014897212386
26.2152653420344
21.2037415309643
13.8077695155516
28.4395319176838
29.1743514826521
24.3778951466084
37.4904525144889
31.8472132319584
35.9230393109499
23.8756309263408
33.0003009876236
26.1436911532655
34.6150288591161
38.6158960384733
19.7355460841209
26.5131669584662
34.7961330321175
16.2352862767875
23.4634840628132
21.6387338509088
18.0618400546084
24.7471113112067
24.1116182645783
29.4120388396841
25.530763855204
32.7946730190888
31.3302964939095
27.1644059801474
25.3556975559322
29.8974057426676
16.0535141127184
30.0668068928644
28.0003260122612
21.7039784882218
23.9094928838313
33.5324291372672
30.5747122503817
24.7774096205831
18.0192100487078
23.1028284521941
28.9466083748266
26.4008994214237
19.99263567483
22.4861255148426
29.8696412239224
31.4501576591283
22.7933708345518
29.8076941443409
42.3129293039239
30.0297075416893
22.0317340223119
22.3327991888005
19.8534622567355
30.1554659381509
29.7595215728506
29.3710188008845
13.4220144012943
23.8336123836322
33.5197214270011
24.14320884047
24.4758823188022
21.0417268797755
13.095034882735
27.1395700518042
20.9173440700397
29.5252600684762
10.2151696570218
29.5682495227084
17.288957349956
29.613601998426
16.063020657748
19.2345472285524
23.0314640328288
27.4621410528198
26.7150634201244
15.1047164493628
23.6735440557823
23.9851940215253
20.6823039004452
22.2569164646162
28.8960176054388
28.6998057272285
19.1636473638937
38.3534134461642
20.705784597329
39.8319150962259
16.2269661800085
20.5296198371798
31.8671700777486
27.4740697816014
25.72614797391
33.6718610255048
29.2179505107924
26.5970321837813
29.0039332117885
19.6434536017478
18.8223340082914
16.0035805158186
13.5451225098222
36.0358612590885
20.2088419580832
34.8401801173991
30.6713418802246
27.1998388459906
15.7928449404819
23.9792102598703
19.6135113623496
23.5228711506352
36.3600377060993
23.9024339709431
27.5632736971602
28.8320260015737
19.5318703648957
22.2855573985726
25.2260405337438
24.3869910523601
19.3533423589543
17.8584032226354
12.5608686249125
28.8222875446081
25.8221144322306
32.2658281307667
19.5065438409406
25.6077287500979
32.9813050338998
30.5381326237693
23.6715490696952
13.3489863015711
30.4332037223503
17.4526069313288
23.372491938062
18.9472993997923
20.0901765376329
30.3606318542734
22.8593508077824
19.2316169384867
26.7517982050776
27.3338994244114
21.0703050589922
17.5077481428161
28.2065279548988
12.1775078678926
15.4104531509802
24.1576240150266
9.34348914306611
21.2736902758479
18.0911458708033
27.7499498333782
27.9874073574319
15.7835757127032
5.55673072761495
22.7299026414528
34.4333705725148
23.5609056428075
17.6886736880988
23.5159466043115
23.9074207376689
10.3420000523329
26.7040742794052
31.2727230135351
33.6607823846862
26.3422096846625
19.9688114458695
33.1620894605294
19.8849853826687
39.0847310868508
27.7263488387689
22.3224180517718
31.7091056145728
22.614158061333
21.6281063066921
17.7097060251981
19.1797156818211
29.2040806263685
18.5266044911102
26.7276755766943
30.9789139777422
32.3808313347399
35.2695929796851
32.6768779661506
36.3886733984059
27.2695999359712
18.7870887806639
29.5765332644805
26.5585893133541
24.3322001989749
19.3017352113512
37.252508101747
26.4950590017227
16.2235966037148
33.8762756204233
17.4051878973842
30.4003436584026
21.925944974646
28.7721503293142
32.9851693939418
29.935781029053
8.24749894544174
11.9832419790328
23.6693169578697
27.5319091742858
31.8414705339819
19.3441186333075
20.322577143088
15.2553172079381
31.3387650530785
26.2621916364878
19.7540625697002
19.5489120708353
23.3682569582015
37.74037877819
38.1913417463607
18.4777394402772
16.2353394320235
27.6516687357798
17.4953267909586
18.8904634803678
30.8888885658234
7.13181905448437
23.0525169987231
24.252469651401
23.6106698866934
24.5047851698473
31.7716881399974
31.0985905118287
25.1290857875175
21.7884317738935
13.0471744341776
25.1595765119419
15.5748782446608
24.5580064598471
28.2568607013673
22.9952439432964
34.0409869793802
19.9269553879276
33.1045677885413
13.7031801743433
29.3926457874477
25.5285439779982
26.0472062043846
13.5359942214563
22.6205908227712
29.7296868404374
20.0018222210929
15.0188924180344
19.1741322167218
27.8099518502131
29.7165334690362
24.1559134563431
36.5000815025831
13.7491784291342
26.5742897056043
27.8823839733377
25.867915712297
29.8999527003616
23.5202161129564
23.3401905310829
22.7532553486526
23.714840458706
18.8031622674316
20.9650800796226
32.2380430530757
17.8430764237419
17.6302947103977
30.4844822268933
30.1707025572597
14.6685154177248
28.011086746119
11.4935087272897
36.7426882942623
37.1360626050687
18.7352809822187
25.0994633184746
17.7664099261165
28.5884364042431
19.6052037877962
19.8305890429765
24.6192648774013
19.1540285539188
17.5146418446756
27.3650680668652
14.0173621708527
31.8670647684485
21.3715808931738
18.5545585351065
20.8413358540511
27.3368979338557
17.8405101079276
25.9794601704925
17.7059471141547
26.7555178841576
45.9456939229226
28.2351501682049
33.0630311742425
26.7479237401858
27.4787341244519
24.8067877677924
24.8922532889992
30.0953987054527
28.1015344196931
35.4042338845282
34.3926178757101
27.6192112825811
26.8228547181934
23.6117145046592
17.0039590515051
26.9230620004237
26.3360624900088
21.0342759964988
29.2247750330716
24.2734063882381
27.7583295945078
29.4715388678014
25.4223506664857
16.8855892205691
28.1959152780473
16.1995044210926
33.8266088161618
31.7067517200485
24.1103503154591
31.9311768282205
23.4810969093814
24.7126446571201
25.9813908021897
18.0823560338467
16.0502477999144
26.8822457874194
12.4950071098283
23.3297520317137
23.8378590438515
20.6239138962701
25.4567825468257
26.2477837037295
23.0524129699916
16.1182623589411
26.3457150198519
32.8819985734299
24.6399868016593
23.0360916582868
21.1586024379358
22.7370454929769
29.6932869590819
24.1765891900286
17.9746211739257
26.4446303946897
24.2133576606562
23.0927265714854
28.4561546519399
21.7970861820504
26.7208813223988
23.3969001565129
17.1081016538665
22.0111057860777
22.0095915021375
20.3746399026322
19.4438781123608
17.2862836625427
24.1885166615248
25.671238056384
28.2113831257448
20.3594721388072
20.521973259747
35.1026256082064
11.8981359060854
23.2053290377153
20.7506739767268
24.1068473551422
28.268210683018
30.2994702477008
20.2342056894384
19.3077868680561
13.3789047831669
25.9527406655252
20.6328702602192
13.9914834871888
25.3835019189864
28.7463693516358
28.3376479133341
27.3331548087299
25.7515920093283
19.7272063000128
23.6417382257059
20.5253309570253
14.2383760306984
26.6577007016167
33.5850106086582
31.6226710565388
19.1725130658597
26.7470085062087
27.0446513546631
25.2961762715131
17.9681858513504
36.5936141396948
28.6372401518747
31.2026778934523
18.1857695337385
18.8082776498049
20.6763196223554
21.498013753444
21.6126046499513
24.9375713057816
25.6547400960699
23.4110477613285
37.1609749442518
18.8988399226218
15.5371311297841
25.0860904110596
20.4473893158138
29.6409093774855
32.9014912480488
21.8322575146621
24.4517924496904
33.579956763424
23.1092729838565
22.8188060933578
25.3734501078725
28.2862619962543
14.3804316408932
27.3284008959308
29.7597325639799
32.0742189185694
26.4464417938143
26.8748147413135
22.4695545388386
19.7716106660664
26.3417288847357
23.4204092994332
13.7562953401357
21.9022067729384
19.4996511700118
27.8179267887026
17.2354420414194
28.0597157310694
19.2298098700121
28.9801484133033
31.6507763927802
13.5704097803682
26.4294551685452
27.4028119631112
25.0540446955711
24.5281557086855
12.5249315984547
15.0234583157587
23.2908267527819
24.7374879894778
27.8402061900124
32.2771311504766
28.2973955385387
22.8040005080402
23.7435409093149
27.9125459957868
31.4168671611696
23.6721547756784
39.0225450487292
27.6601790683344
23.9398871781304
21.6434485279024
27.4727284209803
33.61686617136
24.5886197779328
38.4731017497784
26.0138388024643
40.8491689225143
24.4510237341034
28.4989350475371
17.0672691427171
26.940794615075
24.3228937436314
23.4274968272075
23.6358185764402
29.2893161531538
17.9448168357263
29.9535867292434
35.500885916636
14.1770080663264
28.1168034067377
33.4750988520682
24.4101532734931
33.9016661979258
26.3518013991416
28.1465025851503
31.3052523648366
18.2753565954044
21.7878956813365
27.6889611035585
22.9376703267917
16.9169302331284
32.3064582189545
19.8963653063402
15.7925435109064
24.6067163534462
24.2613645037636
28.7730960873887
26.4962818240747
35.3558754375424
13.4042212041095
39.471127882362
23.9878658438101
23.6749906092882
25.4918192392021
6.48019397631288
22.3528597969562
30.6964647490531
29.1379161179066
23.0960919521749
30.6148784700781
34.9971332529317
25.5785203073174
23.0711186071858
33.4617228014395
26.723710168153
17.7399572217837
35.6143313157919
18.6273503117263
19.0723731881008
31.2086028046906
22.8045066002173
20.1968626352027
31.8869790710066
29.4956506229937
29.9791706725955
16.7725946521387
34.8693996646857
23.0108256082069
17.1902312897146
27.1808923454955
32.1777879493311
23.6993526660242
22.3552297800779
30.7491971412674
16.743147802469
25.5379119655117
29.1444170288742
24.2147750454023
30.9682040475309
26.2018211123613
26.9854899700025
25.1594434957951
18.3075317522398
24.6279192855582
36.8635130612734
10.2468050550669
33.0510910833254
25.2186848549172
22.6072086021304
21.5582387521863
19.7079796344042
24.104262329638
20.5707287415862
33.370166295208
20.6750309094787
27.2431884426624
20.4152112134538
22.0538112228991
10.9456380363554
29.2497007409111
28.8644113577902
23.2323757372797
25.3870985005051
22.9164880001917
23.4346870332956
25.6323594832793
24.4844111381099
27.7199769159779
34.4789879862219
22.3301077727228
21.6276318999007
21.2099470430985
31.4909946173429
30.7963648112491
19.7678566677496
25.3685876028612
21.8320880783722
24.7492307564244
21.2456174427643
26.8514485348992
25.8499337825924
34.6990324535823
30.9418487828225
26.7728906590492
31.636193417944
22.4357414525002
23.2203068438804
41.5727974825955
29.4102441519499
33.5378482704982
32.7703400980681
15.9013021667568
34.2066826764494
25.7654829416424
29.8125034430996
19.7897316189483
15.8799636014645
20.0681040296331
36.0666452886021
19.8394605851426
22.2187864594162
22.1677841029446
23.6318307928741
24.649500807345
10.2638111729829
24.762716749683
18.4181266231462
22.5976029178128
25.22953459993
30.607155058533
17.4935713410378
16.641689860262
23.152252602929
16.4281490026042
24.0591317954159
8.13182839058494
20.5072069074959
36.3746096912698
20.2939162263647
25.5418752320111
19.5130831561983
23.1220042798668
20.9663405315951
20.5362981616808
24.2442675633356
20.2183813555166
33.8771101087332
32.2825396200642
12.7338549587876
25.0929125584662
32.3897612979636
27.0605409983546
29.5844970736653
16.7040151776746
21.4408185333014
14.7987384814769
15.8658087504406
22.7035147953759
26.4852944295853
19.3769206525758
29.7331465873867
30.0606372999027
17.6777094835415
22.4051479948685
42.3908916746682
35.2602495325214
19.177783979103
23.3081611339003
22.0733408350497
30.081085069105
26.5439979266375
26.9785879645497
33.9832484489307
20.9039080189541
18.4327823109925
19.9068349320441
22.9781054891646
32.0169021314979
34.6687996739006
29.103161371313
25.5830639274791
21.2279845029116
24.4554616278037
34.0539005352184
28.1780604505911
21.7657645451558
24.7299352893606
30.5171163054183
29.7234602272511
25.1799361547455
23.3305838172646
27.9900985304266
37.4020174448244
25.7741746259853
24.7850506333634
38.4749595520502
31.4406807534397
23.7260805908591
24.3409020826221
15.1322402758524
22.1932563232258
31.0411676997319
23.2943641254678
16.1431998712942
21.9554733717814
22.0149647211656
27.9287514509633
26.0718230856583
34.5055358717218
24.4647934567183
27.3900492815301
32.1857942501083
27.0317836618686
17.9656981490552
28.3887665485963
23.4269971260801
24.1022660999899
35.8823675293336
14.1328469151631
33.0422091297805
21.7390461888164
23.3887848211452
25.4557151347399
23.6657321220264
23.5486791701987
27.4395321495831
25.37173461169
23.8493245327845
18.3250071946532
25.3656145906364
17.1103834174573
21.7108119744807
22.3287920090764
20.9754635812715
17.9546254454181
33.4123141830787
33.0400705104694
28.3739068778232
27.9423471307382
16.1736013600603
22.5671963100652
24.2906633764505
25.610056030564
24.0012307884172
31.0081382049248
29.6371886041015
32.2397039504722
30.8965439209715
20.2959869522601
33.7864927947521
21.9912580214441
19.2150451708585
14.8970920825377
26.7737946240231
27.1288423100486
29.532353207469
24.8164295218885
29.5734198531136
18.0277204761482
17.9816858247969
33.4659517277032
28.3824331359938
30.6578089250252
25.905537023209
26.6049133457702
28.6053150892258
21.0249623174279
24.7915956424549
32.3680365923792
24.7489843750373
23.8186060916632
21.9779334048463
21.5235117357224
29.2529388563707
28.1052742243283
27.8338942909613
24.1756960516796
21.1030024802312
23.7455518217757
17.3214193189502
29.9235500860959
33.56576890219
24.1161947444611
16.7232071515173
26.2312313076109
17.4147989368066
22.0101274396678
21.8466944992542
30.673002731055
33.8211005553603
30.3072304232046
13.6220417451113
26.6896843211725
23.5173399792984
20.3134077833965
29.0436451556161
29.30765717756
31.5331819700077
20.0366466538981
32.1746955392882
26.3296395554146
22.6285519311205
31.4855206292123
23.6373692983761
23.7215570666925
22.8639483451843
27.2681553382427
28.4464593278244
38.2033233509815
30.428002262488
29.5083775417879
24.1584296571091
33.416674239561
28.6509563215077
23.6878583906218
29.0157642681152
19.4813410984352
21.3859479408711
23.9519245922565
30.7296507293358
29.5407746163554
25.548208039254
13.685518720735
20.2971538761631
27.0023043965921
31.2306368490681
19.0115507692099
24.7636865824461
28.8713325979188
25.4484381293878
26.0381855536252
24.9551066430286
28.1797840725631
26.3141411667383
27.0200832746923
26.5024717629356
22.4839580943808
35.2446981890303
19.9498739861009
19.2727849585935
22.2512173699215
21.5536397416145
16.74810401164
13.9704323816429
23.6676747445017
28.6589974071831
30.1825534319505
23.2242040229721
24.3443965213373
36.7026496762188
17.42236870341
24.8823564732447
24.3174478877336
18.6878204112872
29.2069137794897
13.1610861979425
32.0421785349026
26.799683785066
24.7610994148999
19.0448572160676
29.9291946226731
17.999602290753
15.2312387479469
20.655055413954
34.5121716149151
28.6420376040041
27.3883316433057
25.7561278529465
16.1097320960835
7.93812889605761
24.978368380107
26.4527842868119
8.30624382942915
14.2160035204142
21.6783615993336
19.4845058722422
12.8230848582461
25.2011647913605
8.18917797878385
18.5159826651216
18.8319209497422
33.0193699104711
35.4040283434407
35.2448934256279
23.746470361948
26.4630071120337
17.5059555098414
18.909933953546
24.2957003962988
24.1506783530362
28.9235369767994
26.2198365293443
28.3334885025397
18.9680030336604
23.4129999298602
11.7023124067898
29.0307448012754
35.4065739063031
26.1087405728176
30.1537886494771
29.970525065437
29.2901012989797
21.9698519911617
31.558782979846
27.8971050865948
15.5093504830075
22.4185103783384
19.4208204982777
32.3969702236354
16.3628851994872
27.8126452350989
28.06820361875
17.4984800163656
24.8928748071194
27.6098547935419
25.6866432959214
18.5009949446948
28.434426127933
17.3104113478108
22.0774489222094
15.6065016341702
23.8172066511254
34.0932658407837
28.5550011089072
19.5129679748788
22.180018719926
23.1780184432864
23.1759934453294
16.4229022241192
17.184138065204
17.9857789771631
19.4697617786005
21.3008133932322
27.8408870590506
20.6352246459574
19.3832243327051
15.6607616459951
14.4146215869114
19.5177497109398
22.3914053986239
31.0224839253351
27.1762914257124
36.1873703623487
21.1326546734199
27.8900847304612
32.8875541454181
35.3286679043888
22.3948616534472
26.2721219100058
19.9859223561361
24.0110872779042
25.9138396708295
24.6548273134977
32.3466126807034
22.3543635336682
35.6197654248631
16.8330812826753
27.4626931874081
38.0956101318184
29.6118697151542
28.8044346846707
18.3973228558898
29.723439954049
25.3593380795792
11.4727553294848
26.485644117929
19.1766259726137
23.4591784887016
18.1127688614652
24.1445261286572
25.0593561107323
34.8393556175238
29.1017112554982
21.2104975478724
19.9478896101937
12.9583011148497
25.5430525662695
16.7152863228694
31.2713116407394
22.6710872258991
25.5985462805256
16.2078587425645
25.3551042173058
26.8433304969221
28.8663511397317
9.59553058204418
28.6556767998263
15.8342717095658
30.671999650076
33.7516260333359
27.8782962588593
22.9408069280908
22.5872774142772
30.3776470478624
12.9782979376614
24.6883142706209
29.5095845125616
34.4072749139741
23.215130972676
35.481963677094
26.0181456105784
34.2856164555997
28.3434012206271
24.0746504394338
23.6156642204151
27.5153619470075
22.470534266904
19.865438900888
24.0982426202895
25.5893210181966
25.6711810594425
24.9443171476809
14.6387822313424
32.4384823907167
19.3785023642704
14.2059260979295
31.8614396033809
27.6180790504441
14.8479213705286
17.0367543119937
13.6936927912757
23.179529979825
32.158896070905
30.8790055802092
22.8312116581947
15.7713456079364
16.1281848940354
40.348370348487
28.7461525993422
29.6384383694962
23.6175190657377
24.6035355841741
21.6263542184606
22.1266414504498
25.1120433676988
16.6815171949565
19.0068045631051
15.8227554522455
23.2666716212407
23.4599884832278
21.5934067033231
28.5489163827151
13.698721351102
11.3711187848821
35.0999759604312
26.1325068771839
23.9618697436526
37.5690792666233
24.6223847614601
32.6249531470239
16.3225144147873
19.8429522570223
23.6778852986418
34.5183004857972
18.653134512715
20.0727792223915
26.175774121657
17.5267005572096
25.1926386728883
22.3777823615819
26.4098257059231
24.3708709720522
24.7952502919361
36.4156479883437
8.6266026366502
23.9868911448866
33.5544984322041
18.3859094046056
25.4343836102635
23.7109765410423
35.3035386666322
10.9038581140339
22.5800883490592
23.0861121788621
22.0582220237702
28.8688997505233
26.5629215398803
28.8814825704321
17.3360938439146
29.8297565197572
22.4596065003425
14.7321194177493
20.5886584473774
22.882840433158
27.9410581104457
29.8022008500993
16.0110262455419
19.9080287191595
22.194641106762
24.7050242265686
26.9946463638917
33.0535927321762
35.6512319929848
22.0415811054409
24.8684354321585
27.3597495630383
16.7007500538602
27.7500917436555
25.5220893537626
31.9031070219353
36.0356336810175
23.5357647994533
8.37418747736394
24.6134105371311
28.3366535790265
20.9887660806999
29.0961388498545
12.774775759317
35.1031592166985
27.2858700006234
23.6824445311283
20.6809065537527
26.752733449424
19.3548828363419
27.7350079035386
28.8985491963103
34.3961340142414
37.3697080628431
22.5424997042865
24.5058546075597
16.0271834786634
17.2839710721746
29.698460877807
22.9934434872121
33.906137663871
27.8206747490913
32.6756745809689
22.2945052428888
34.5836968161166
22.3804293496164
12.1700862950093
29.2487933067605
27.4248853558674
19.9032184105525
19.0250356914476
17.5747316796333
21.2587003144521
22.8145372828752
11.161249037832
33.7599396938458
25.2757538575679
31.4151937142015
19.8792247800156
31.4573355484754
26.1406441299848
29.2770228581503
19.9103752217907
19.7266867849976
32.4195588007569
25.4766999045387
14.8693016031757
11.4243406103924
29.1039965348318
44.4908970014608
28.7632210821582
10.0783753674477
28.7650788435712
23.9012853009626
31.0648324200884
23.3159114141017
34.8866288529194
31.5314630512148
26.498775347136
25.7628072751686
29.4173343953585
16.4347537793219
22.3599316552281
21.0356132593006
19.1969569220098
22.2444291253781
30.2503918530419
22.4254382541403
22.6691819960251
28.94077738747
19.9619184713811
25.6718470482156
21.9418271094204
13.4899330092594
24.3501141150337
21.256878040731
20.6290158675984
32.3079261463135
23.7889611627907
25.2386670559645
29.6722098708383
25.2581030130386
16.4914273889735
30.4393373429775
23.9057461498305
36.5083593854165
27.3833463201299
31.6151539096609
18.6997358920053
26.2727992841974
14.408664709208
26.989989192225
34.5639616483822
13.7336934451014
14.3131257267669
40.1018851881331
18.3700375491753
22.4245480494574
30.4851083550602
32.0383460260928
25.8557401131839
16.0465002991259
28.0671384185553
34.5817375928164
19.5682226680219
13.5263243922964
20.0842181686312
23.7879437627271
20.6439025234431
24.4750162353739
30.2880712086335
19.8947697877884
25.4728824133053
21.4485069299906
28.4713321598247
32.782166893594
22.5210493197665
32.1273767622188
34.305611695163
31.8934986833483
15.6841250505786
32.9236354446039
16.1022316431627
27.9150636633858
26.3377191793223
24.3726822547615
22.2248548874632
24.6625614352524
26.822956954129
29.5270353322849
24.5350846089423
19.9533430568046
25.3773572854698
17.5118789775297
22.9515265848353
19.7972173802555
18.5647770021982
27.1727945422754
25.9500800577742
21.093503451583
23.2643716968596
8.40040147047555
14.9460654471838
29.001553193666
28.0976335285231
24.5382069144398
35.9855090246952
16.3476603338495
17.5060737217745
15.2836128452042
11.6108915768581
29.7037167707458
19.8910410050303
23.7466169730646
21.5468670229616
22.5097507238388
33.3671468775719
33.2390305586159
22.2511067287996
20.78498150222
18.668403243646
31.6423248266801
23.2443554559723
24.8291447669025
19.4636613145157
18.8135549308913
29.9570958137172
20.3871962614357
13.4900817463944
18.8079484087874
29.6478944597766
18.3833283044206
19.5918281251817
34.2743160668761
30.3305304143578
30.408916955455
7.54498667083681
27.6236949488521
30.9658878715709
25.2188276033849
25.6283664377406
24.2043423293453
24.7461383463815
21.8852702295408
17.0248315343061
24.1118640586229
15.0966679325882
19.157986342907
23.2651874888688
14.0452899583559
26.5418835217133
22.8245079750195
21.4771280996501
21.5416983327465
26.0913415113464
11.3022398203611
16.106478497386
29.9535065423697
31.5277851419523
15.4242272618987
21.6751283733174
28.5568416351452
25.1483076717705
31.9094865117222
18.1786790024489
23.0015573851841
26.578194508329
17.7520644110013
25.6532687693834
19.8978844098747
31.0951129067689
26.1822165455669
21.8450762275773
28.2378786243498
25.9289693785831
23.6154307145625
25.7578323593952
28.5191477276385
11.6486679529771
17.9050841506173
26.8208995461464
22.5959422866278
20.4041542485356
26.6176956984412
26.8284369027242
26.5095862094313
21.7830836896033
28.6966860992834
22.8451262461022
15.9138502597185
24.1785993894108
38.983575816233
16.017770813778
19.3264224100858
24.9071202240884
20.8776193903759
27.0216834964231
21.2259504012764
25.1352134859189
25.8507518833876
