"x"
8.47235945984721
12.138176541458
3.69509768206626
0.848766500758438
8.34060018996223
4.18037273921072
2.64466639766217
8.18264679983258
1.07286118971052
3.37760450784117
12.5902327256268
3.86548950336874
1.81590740774329
5.28132704581428
4.64792319107801
4.01630679893266
9.34640734922141
5.35367694683373
2.49271525867218
1.28298904746771
10.8967374219084
7.88467896636575
9.17366580106318
4.06276725085359
0.658632186241448
7.15877453330904
2.47753923833951
4.70234786021245
1.21709743693629
2.08360509014306
11.0546154202893
4.92992319632322
0.66752919430737
12.2818071627989
3.28598639462143
7.93711598246918
9.87689788453281
4.76664700622221
2.17775609348529
0.168020115233958
2.87580433866097
0.948213273659348
13.905423716642
0.86415358157662
8.13168583034647
7.00332191772759
10.7875242801968
3.73159784797487
8.94572450531035
7.32971702963295
1.01285085547715
3.68210072629154
0.800711382180452
5.07156253753239
1.59634716240283
0.318432925269008
0.7993517909199
0.276806741021574
4.00937341840952
3.77784844022244
2.3085352499038
0.118028721772134
2.58005526848137
4.36297882686767
5.68822500092303
10.5738032512262
4.26237499341369
4.6011867467314
3.64933603122467
5.56991409976035
3.22804329266829
2.22470951478918
8.71526143174713
6.84667706955224
1.15059409031631
1.65950984228402
5.04787645768374
0.546198454685509
6.7805450539532
7.85968343261629
1.69505823743827
4.49918911326677
3.34865497554599
0.959322531707585
6.88388827256858
9.9992739188143
2.63426273595542
0.989306438714266
4.82506350691528
0.18295319750905
7.63428406789899
1.08418097455536
2.33098889477205
4.41003907471895
3.38161181698225
2.99918964810396
1.88687461584969
0.600342615507543
1.12620048985756
0.935709291451971
5.80892983574463
2.86531536839902
3.75377343319
4.00421491358429
2.20248110796761
1.05911884912707
2.18419523444027
4.18654912580967
3.1311116908897
4.25749679561704
8.45772516913712
0.313794915564358
0.663095019758025
2.35771969396467
1.92825286426156
2.65860175713897
1.01620197171248
6.08933423645794
10.5888322461396
12.655289586526
6.34035367903569
2.05588088001716
0.0813400372862816
5.43397746992715
6.07815803959966
3.73150524683297
1.21469402963522
6.1073643996369
8.60710216220468
0.555401528254151
1.90566931851208
1.88877356309142
5.35013622138649
11.8905149633065
9.72973725292832
3.89560277108103
2.13429698364048
10.6990058673546
1.08720164259351
0.7054089801386
10.0179694592953
0.264349376768227
5.88924505282193
3.76735821271518
1.50320448447019
3.1642229382898
1.48402226623148
1.57390358782449
1.51809321933605
2.79252711407875
4.6987047418952
1.19123554322869
10.6377416523173
5.16533822181582
8.45254610758275
8.17213812842965
4.75526588666447
15.196647006087
6.1228176567451
3.6200427869917
2.90827737189829
2.58323301343041
1.27290732933632
3.06469942443073
8.21104154456407
9.09764536023542
9.88958249799907
2.00339134121008
1.45582004915923
1.21983718127012
3.40457470156252
0.763342504740005
8.50928513479445
0.936545665831175
6.38707209825518
3.55551817680448
9.89731455706144
8.5287872236222
5.62321804463863
3.00220483914018
4.19790355954319
5.66770283850428
5.93047452281167
6.89174947328866
2.36973902210593
14.6969297259411
7.87270157597959
8.16871447042279
3.16303781704093
2.66861114650965
10.2983070537448
6.35597575455904
3.72267038321947
3.57997110113502
0.0343402414070347
1.85713842511177
9.15273710956965
9.5572613645345
6.88408955466002
4.40745234955102
0.652350229211152
5.03569478169084
2.50090311747044
8.11846434663022
0.851130648516119
4.8301100441395
8.29119951280711
8.00568573176861
2.91730356402695
0.886860745958984
3.66061981767416
4.75483723763363
2.58790391962975
3.46360763069242
1.76516009960324
6.98450872343324
3.49296033628523
7.90561935864389
10.2857906017008
5.79886599635272
9.65061151045354
0.300827569871812
0.06007443422547
3.80424683438102
9.7921455046162
1.56755677243944
7.60779804550111
5.02219239715487
3.27599667944014
4.46339389309287
4.02890096884221
2.06080840434879
5.29821782838553
3.2091770786792
2.86193288935416
3.39354953231567
1.96962327738778
3.8296090438962
1.63940369510962
1.23934358813803
3.3957338421132
2.43194597743619
10.5526624247432
2.26943435814201
2.35195364189447
4.32893497874299
2.12613740004599
6.4809066709131
2.98991682558288
5.73933544069369
9.21035629934163
5.24535086005926
1.67326137652452
5.55823144706878
0.832190876826644
5.0049937563017
6.54171435162425
1.23880026635296
5.69637162418885
6.53750768397003
2.77724305395251
2.43715680551089
3.3233531517908
0.872827977095647
9.21749148486867
2.15804290492088
9.34505756013095
1.65376290678978
4.30990888786403
2.85946282092482
1.48179500829428
10.9138638712466
0.878017365052975
1.42372171443291
2.38600540906191
3.51444833685553
5.67113111892065
2.92660470769389
0.257322797551751
14.1668329481035
2.92386647779495
1.30767438095063
5.11792711913586
0.916587434177461
4.37975130043924
0.421756045210154
2.9294285172061
5.21437975112349
3.61458526458591
4.80641409073671
0.199488690122962
0.516399904154241
0.988020571458575
4.05314140953124
1.93677854258567
0.11144345626235
0.50698968116194
7.97864918131381
3.96458741743118
0.600472051957139
0.748918599205954
6.35541246738285
0.514336978085339
4.48432649402287
1.96855831891298
5.0882571104613
0.250396481715143
0.361009570769966
3.31772074569017
0.26919178199023
8.49010642126589
5.40773717220873
4.43327459506691
1.6103623662038
3.70892952738634
2.53723150267454
2.07815754693002
5.56204040455597
7.26765999570489
1.66348498314619
2.13837361578838
6.32182389963418
5.04551338963211
3.81394101935937
5.30003430321813
3.02719089327301
4.04110166123431
3.22896194158145
1.07913098763674
7.48697775416076
1.00459730846954
2.70299098920077
7.05195642076433
2.0762893371284
2.20535865519196
4.70504907425493
5.42701514484209
4.80408200528473
8.27085410023064
3.3160130141474
14.155039913021
0.938032893463969
3.05146782193333
5.37390685640275
2.4949536569555
10.775794623571
0.275185308419168
0.95538052264601
9.96919444280255
3.60685468185693
1.66716622188687
5.13559266130915
6.91923112608492
2.80114117547749
8.14818076323718
0.381493312306702
7.92022423631182
2.51286358106881
1.16319984663278
6.51142859579245
10.1185933221132
4.17800779296865
2.05465826075344
6.27519295085222
2.58272420402095
2.08884076357772
6.07604961842299
12.9545082599724
0.395088223740458
0.0698365038260818
4.65031426865608
3.34855823276572
0.849093993104529
3.21034954395145
8.21154292450048
2.1802032366395
1.77455455996096
0.163687346503139
5.53445050027221
4.00881844456217
0.901580601930618
2.27329672779888
3.82551040966064
1.27228889048214
2.33295848593116
0.246571539901197
4.66624414548278
2.02655727043748
6.73073497600853
6.72469888200191
6.09099203720689
4.15515610948205
16.6456958977506
4.85183426525778
6.31157683674246
2.58059212937951
2.54397013882709
15.0035125436261
5.53779734764248
5.08321593515575
9.0549350406396
3.28328788746148
2.59622496087104
1.93487007636577
3.47619715013915
4.69560015480965
4.3884109859664
2.18771776753055
2.4677703478261
0.247885077260435
5.55590023286641
1.21205337698569
6.30376474292465
1.05478042483469
0.286201665670774
1.93310982953342
4.2002777568996
2.41020433604717
1.93754939828068
0.184262008406222
12.8466822905466
11.370652027644
1.37076861075462
11.5585373481736
5.37306420825673
8.18729570601135
1.66535812895745
6.98726620333882
4.33055931979943
13.680548180133
12.9547213669866
6.02838343475014
2.37915248144418
2.08264831381003
4.21123663420785
0.931405718438327
3.0925243050577
0.923405052162707
2.22743430597986
9.45086859880314
14.0883468324319
3.84204443794436
9.34190074913204
4.52753769898024
0.254652577338229
0.269239264764548
8.49134040209726
0.525877784416164
4.83260663566166
13.5864327196032
5.11475099514656
0.579033621067315
9.65193155031833
5.26119510177523
10.3182754712179
9.3853457365185
7.1427582862449
0.375839899528313
3.24275516714049
5.32597361598164
12.549873185344
3.16260678227991
9.30324045475572
4.68988143838942
2.33713029883802
0.795339210890234
1.04109624773111
6.11501780804247
2.33355628629037
3.52109039667994
3.79611270036548
4.75409977667511
11.1350157065317
4.06910011079162
0.717668373360097
2.17699841596186
11.7805473506451
5.84495805669576
2.63785369344889
2.09841581527144
1.32276501102565
0.455747963860631
0.687994218046738
3.90294110402465
3.31094464141034
1.09045113163592
0.845431582087643
9.42342575693191
4.68803546391428
0.458373804576695
2.45462271429962
3.38276147376746
10.6663062702864
7.29309469461441
4.71811091993004
5.71747790674925
1.39688660856336
5.18536609597504
4.40964163250457
0.950279529206455
0.0938303302973509
1.38639025791525
1.23025879633392
1.09027058922489
0.52390790078789
2.13684696161974
2.99064801669902
8.80253857467324
0.217143047613876
1.81054002605379
0.795697110466871
6.70340771574967
10.3810982313007
13.6774844059199
3.33102289587259
4.73619107338104
11.4267910365015
3.80392994266003
4.49313011486083
3.71608127917646
0.809319783002138
7.3438067920506
2.28979422245175
7.22122913196692
1.9280988490209
8.17619762383401
1.52168422937393
2.80011723840043
0.5392711037739
2.88137362804264
9.27550937044767
10.1824041688815
4.41981751937419
3.33226367900824
1.99005044996738
3.67362848483026
5.12831880494392
4.43269959650934
5.25703399907798
0.794569410322706
8.32797901239246
1.20183585677296
3.81049898886396
12.1774901170284
2.78133696410805
0.908973556943238
3.60267696167145
6.86726856511086
2.94695335905999
4.90228217095137
2.93985791504383
3.3738572162163
2.49610000755638
4.77926218882203
3.67106443223786
3.51049748715013
2.86081538069993
2.45798552045466
5.4009052214308
2.65782731585205
11.1787230242044
5.31761259771883
7.23579509649426
7.04121151939034
0.699838437139988
9.82410904750326
5.44232284800329
9.31610603499481
6.78769967053086
2.26888973265886
1.65616719595822
3.51095302030444
5.54759809747338
3.69551792300566
0.335240853019059
1.47978344466537
4.73872122820467
0.0738412570505838
2.72720602806658
1.37716862373054
0.524768140166998
5.38266366347671
2.08068198990077
2.80433864177368
0.30976679159033
2.93667914811522
5.80071991692718
1.19881460076981
2.23804349079728
10.1419534999877
5.41997661348432
11.8713475993806
1.21619328856468
10.6534070568159
5.5841613560915
5.82092627882957
4.57761067753507
1.95695436559618
0.902814464643598
4.4343801913783
1.50721876416355
1.67870372074808
0.876970519311726
3.44837815807171
3.41974223862652
9.22826970927417
4.913574969396
1.69196424540132
8.78557052427481
13.3383969310671
9.26472346764058
1.25169089282701
4.30024652741849
6.24511565547436
21.8166296603158
3.42465327121317
8.59620657283813
0.1255821266481
0.300338142551482
1.07748072404013
8.39085629310255
1.95183287803078
1.76883796229959
0.749902399608642
0.476915068258555
2.73989925948247
4.20494913621189
4.06374044820237
6.25081630423665
1.19548269194613
0.959872408631642
5.87764685042202
0.0378163531422615
1.4332563129599
5.14522788580507
2.99136023690213
3.77104125691991
3.28915608115494
4.5561632251732
3.43865871619935
4.43141744472086
6.3917766790837
4.98161899382129
0.57178967757943
0.909531349316239
15.1548192137852
3.91115432830302
1.99021611069398
4.8728278838098
4.6892715996021
0.759103917516768
3.15319090451214
2.16372585855424
3.29880285360106
1.74861922860146
2.74402039379345
3.3163406678794
7.72621422074735
7.00214967944295
5.44086184562049
10.9122106805444
5.16961022773933
0.873407884500921
7.74245273249984
7.07400964209419
7.88677204400301
6.37402126399404
1.57797143328935
7.11924820905726
1.80328113138031
6.31339831135738
3.22943272040258
1.48527082849657
3.88595790559455
2.65546226737693
1.61020634638092
1.87718262895942
2.83529734819149
5.9606597525999
4.43613284733146
7.27185560390353
0.517019955441356
13.1629512645304
2.91769393024099
2.3534774314633
1.04642696939404
0.685036062838585
1.1971376137808
12.8893919987604
5.73350233025849
6.78079756908119
11.4972470283654
4.11430358802542
0.318425823934376
10.145072881889
7.33199357055128
4.92007879632884
8.9125661412254
7.31382358440176
3.01564272958785
3.85548774658592
2.77633128007887
4.19552547391504
9.23796307761222
3.57714253477752
13.5094935092379
0.308099610645617
7.16121147852391
3.88628356621063
1.52308652341978
11.3013751571998
2.93400567024946
11.5300801675061
0.887182656146092
3.12632922135122
6.98210608679801
7.31623615138233
6.03034053186261
12.2024540323764
7.05094372387975
4.74758977070451
11.315704905428
1.28616652893837
12.2132609132677
2.6101269334257
5.08174917194992
4.10464239839518
2.14097202567748
6.24584809411317
3.7351633144791
4.96982787337394
4.58513900719403
1.08589450828731
5.79523751672219
1.58411351373688
6.41155496125754
13.5596547578131
10.4545829730601
12.1215622639284
10.8151973713375
9.32871198747307
2.89248060435057
2.98006306402385
2.69622174091637
4.70319634769112
3.24231924023479
2.70302925368068
6.42266258012344
1.67691260576248
8.93769827592905
0.397052567676757
4.24869229331738
2.79113799333572
3.70267829280306
0.0796585249374845
2.40136466454715
3.76816613133997
0.206234465983627
5.45142772607505
0.927734165452421
1.36397099612338
9.88749803349842
4.59573927801102
4.13509998544187
0.964630621868729
6.80583044886589
0.836416124366224
3.6432892806513
8.93397312611341
5.39731714476139
5.88646525648875
2.03360199168476
1.78898307457436
7.81893557868898
4.98773630242795
0.514759286306798
2.07071868391041
7.59303444065154
4.0984196588397
0.790086411871016
1.95789360462346
1.91188014578074
7.01998565346003
9.04766183812171
1.98999913409352
2.08257489129292
4.18513987988634
1.11979877110571
6.26798868179321
1.88354365920284
0.993815438981973
1.98741711426454
2.62607994955033
2.38029566953881
5.99180760327727
11.059887916781
2.76440802492246
2.26582481714734
2.63963562902063
0.48225880600512
0.968177476897836
7.96448918632275
2.67628009684146
6.83329699817121
2.71942992694676
3.25575564093023
2.577423164621
0.100709452132742
1.58418296616075
6.29009157233974
6.22102883894228
4.63803876191378
2.83745391575209
6.67122381273657
2.64266135636717
0.419579748995602
5.72162491735071
13.8478266308084
4.43291565859943
5.71647211909294
2.32648120087405
0.0256490133382003
4.53090821131221
10.7562188845796
9.96040363156153
3.43470850493759
0.0799686415120959
1.94133735555303
4.01347784791142
1.25539966393262
5.24416814310538
0.382159876437491
9.18590975925326
0.970386885883843
3.47098459023982
3.6671422221924
0.528553022064965
14.2969344315486
0.273522199131548
2.42931307131006
0.298239190116649
4.12042150171325
2.40895906463265
6.34900650532862
7.79028235822409
9.9423797801137
4.57280613481998
0.674049276858568
1.33379073813558
0.895669416343604
0.63048570882529
3.44684284646064
0.416894699446857
3.8691594498232
3.56364906765521
9.87405935302377
3.13517529112583
5.65339087042958
11.5514805274611
4.82618528419676
9.87961776554585
7.10271696673269
7.88869275711477
2.17849608013322
10.5000819281103
3.55367599705455
7.35440969431077
8.60357802055435
8.64509881939739
0.35014480818063
0.0882462158794816
15.1919463416561
4.7594299307093
1.39431674033403
16.7866649338976
5.54032174404711
7.61827265378088
0.720223318785429
0.393242020538408
8.29988070763648
0.293403537943959
0.684847192914903
10.1073591504246
4.3919079602929
1.75453110132366
3.27579225413501
3.52651301447979
4.26417393609881
6.95807300508022
2.13360395222139
7.5280679622665
4.86461248644955
6.51292398144215
9.02597971726209
4.99003833505732
6.68474233243614
0.0541552350014786
0.63879881054163
1.48049458845399
3.07894718329367
5.5416631586099
5.47934061873897
14.0874809585512
2.40206356168276
1.35788971092552
6.91293675918132
11.6373864468187
7.3997107334435
2.82741125019081
0.851808651350439
4.62617175653577
6.14473358817896
4.65514003299177
2.0061077317223
5.44423105879592
2.10383913945407
6.22171096874355
4.66193391678604
0.998488999903202
9.4657560772777
4.39587128348649
1.05298615526408
8.15904706250876
5.51466289337304
7.45638232198496
1.2378509460487
6.37586416191124
2.87257053632845
1.25991322565824
2.29995087720454
0.694535067304969
0.605520194971115
9.38946097157896
0.689210898309181
7.79293272644281
6.79513986688107
7.08897012348251
7.62660645260126
0.942670600488782
7.35585920047015
5.0065956544131
2.01149249915034
2.47196618001908
4.51349548529834
2.29416690127675
6.92940697624224
0.787710388354921
1.70109299942851
7.68329193615521
4.84360365662724
1.68711962446436
0.315906395543683
2.13417823589218
2.95347010251135
1.47128313292297
3.13842741306871
9.35370544052921
4.56130453385413
9.51649770140648
2.09615509957075
8.17350335419178
1.66906323283911
3.63956631764316
5.02341154497117
3.03886600953242
6.7294301930815
6.75029354169965
6.99719866653542
5.01573793590069
6.02564152304447
2.81308109406382
2.81723330289534
8.1703414209187
0.68955768365413
4.95704185724299
9.1929212233299
10.614323313348
5.60526007420402
2.09352021242426
7.76311657391489
1.35116366091448
1.72915892567841
2.81216246075928
9.38831354219074
2.55866982059423
0.142668835047033
1.28543523292139
12.0472240050046
13.5355083504692
3.97331290878356
0.0502047594636679
7.11570380341352
14.2061037011445
4.95763584613268
10.2195881539956
0.733319343999028
0.30466368860668
5.28360830819376
5.12436259088844
8.65854796387739
0.29834674205631
3.85091197676957
1.36308728251606
15.8178802812472
9.34775632842788
4.27976988721639
6.53433357365429
1.18768446857028
5.38344965747853
6.47090510465205
5.10509046725929
7.48308864422143
3.85755153838545
7.58457465562969
8.22688860176494
6.52270201446702
5.78811836894602
3.91741141312534
3.13982923980802
1.56069674994797
7.83835032489151
1.75493177957833
1.75245911242834
8.49797904957086
5.05214997101575
0.438447762280703
11.3482666810999
6.55003832653165
12.3120578471571
5.02654605371208
4.56623136997223
2.77205526363105
3.49443440285698
5.47850102471098
1.10414175610636
0.395956797733737
3.89506339561194
6.13058779090432
9.90088428370655
6.1828573365161
0.645974839922562
8.17371149445161
6.37602198118695
3.7464658729732
13.4342627832666
5.64467881340533
6.74373360816389
3.94423396792263
2.56538835613242
2.56695070886306
1.41582037353358
0.683979107998312
3.21513889357448
6.69382764026523
3.20400378095264
1.433782489039
6.27712701498298
7.14670045165741
1.00285252556205
10.5047389864922
0.883056567287858
9.47687851730734
6.73527494072914
0.205488556473021
4.14322565274804
4.15186178870499
1.07550069224089
5.37188642192632
1.75282075069845
6.77314344793558
2.65862052328885
1.72632473986596
5.90790254063904
9.03834810014814
1.30933413747698
0.756616913713515
8.34323826711625
5.17934311646968
5.09813281241804
3.78619562834501
3.80760790563759
7.50289515126497
14.6702380547609
6.71499134233999
6.22069716919214
4.72667670457714
0.24740737862885
5.67533177613592
1.7485609569519
5.86298136040568
5.14031362254173
5.49243823625147
8.41324480716139
6.05313941364763
1.32539961487055
8.0221540805828
3.16902521794803
1.66867398656905
0.556381810256788
2.47990696225315
9.94518827646971
8.63400134257972
1.92596116103232
9.20014921575785
5.03397558350116
9.42344958893955
2.25370227460713
15.522881783545
3.06206399109215
5.50119197967256
7.04425307922065
4.73787311930209
3.02190164778746
3.20016359910369
1.09967862085651
6.25175004824996
0.532014128374252
8.90776000451297
3.89106613583863
2.75959270074964
2.31499280780554
4.80189204681665
13.9743389130478
6.91362685619297
6.36025121345084
7.81544563360512
13.9963198426546
4.71162537099405
6.80172224529088
6.4834649131926
3.95041625015438
4.44022687152028
6.48034634068608
0.253964331932366
1.09045593999326
1.06727813836187
13.2688643876463
0.657467485209393
2.61997263878584
1.48750890400808
0.955294724553823
2.81906051410265
2.15679643808815
6.94299209862947
3.77508263431704
0.689323626363262
7.30910044032166
3.8939006626606
3.79739447765108
0.93325562775135
5.09988884441555
6.04491508565843
3.14369173720479
1.10408953162777
11.5460294065997
4.39679673872888
9.57795565482229
0.922160875052214
4.22181846586716
2.74824039079249
13.7491891626269
1.29969636909664
5.45008876360953
3.00826930906624
5.86246576040805
6.69215580981612
2.10570746264275
6.73042871057987
2.00518935453147
4.9795612993349
1.1777241743745
3.89799696858972
11.554015569175
0.277023738061358
0.405416241846979
8.95299924929805
7.17910209205002
4.81261196546257
4.4287757948041
1.54718075302624
4.6936145426998
8.99628812912852
2.82149222849131
2.17179624922133
6.29768820858266
4.5481450855732
3.52370808832347
12.0078601189639
8.14424430042179
6.16714872656099
7.85998969804496
4.95333506260067
1.00772366859019
1.97880599008926
1.28334656041069
5.65411564894021
7.4655240168795
8.72906888835132
5.30929757924576
1.95393157191575
7.21444586454257
1.51177390944213
4.94799269363284
2.13067722691808
6.54854047064886
1.06935221634205
4.32926541638183
5.69729561497545
5.11849911417812
8.44983754762876
4.9462596972608
10.6414419366047
9.15606340859085
10.2222196524963
5.33726150392446
9.15534074883908
12.8523353254423
7.24515852201084
4.79820297766357
1.96588800754398
1.67055651545525
6.68011249508709
5.23580075241625
3.51369995623827
8.349518943578
2.88054634875327
2.339961749313
1.22488642903842
0.662259258645257
3.56847630293296
7.2398741503796
3.11388142972899
2.83490018555056
9.76248308954132
1.98742023203522
4.8152600415051
4.43954288493842
2.71940869642377
1.56757966502995
7.78812465723604
0.39272523059599
6.37618873734027
0.535252713598311
3.15794347731188
4.7358025045395
1.8788150511682
2.84435723442584
1.53045889455825
0.574407792687441
0.0507425749674439
16.0619832808152
13.4103029035032
2.7715555857867
1.68610312975943
10.8700803015381
15.1271728333086
1.88030707296348
6.14785111974925
1.22409027202654
5.6519185192883
4.90762130357325
5.13136510913294
2.66762161627412
4.23792200163007
4.33954345062375
4.20541274361312
1.27994192302928
0.723997266840481
2.36372468593533
2.0911932697646
4.72676255380888
2.67179294023663
4.13007319439203
5.4302178077644
3.29773398116231
1.14457090385258
6.64247497916222
6.83508941457758
1.47243862371984
0.983905093723542
0.268906750716269
0.735092047457697
1.87007786950483
4.84962612390518
9.87685394939035
0.717836989352801
0.494569074362516
2.51339455135167
2.63812327757478
1.81151053402573
7.7756020007655
5.06141169462353
6.23034429736435
4.68532915692776
1.69420548238979
2.28086889255792
2.11638279724866
3.83824699534144
6.71696012933176
2.57436656393111
7.09668227937073
9.10045998170972
4.52166449473895
10.7563989347636
12.2245700564235
0.690556783229113
1.40340991783887
5.24309430550674
3.83303535636514
1.68028644844913
5.41169159114361
1.164308228713
4.30186605080962
0.198683122694724
4.8986744178648
2.67755703534931
6.5737031865865
13.1171432587904
3.31433142144145
4.21806364528153
12.1968270355736
5.86199935514492
9.36924221484283
2.95085239915666
6.93535357713699
3.05213476531208
2.54592133475531
1.00902363159465
2.79941286426038
9.27734530456311
5.3855380394946
1.0931380558759
7.70521004629879
0.825874652623305
0.463105752524867
1.41326612792909
3.81580339655521
5.2098119729096
3.99470846168697
1.26157809534678
2.67126418184489
15.9404572565109
7.67967966385186
0.887604091227016
13.2032566471025
2.21878718584776
2.05194810405374
0.921007543945255
5.12565812096
0.11163107374405
7.2124031143909
5.55988480336964
1.38896862367506
2.22045499831438
5.48972070994874
5.25305198971182
1.62214636802673
6.78523191041274
6.04378655178736
7.60343322814216
7.06416594330221
4.62005040608346
4.64790659025311
1.55536744841208
2.28044700343162
1.43173562828451
7.89401691872627
6.65192068554461
8.23733694851398
2.34855567105114
5.92713698279113
10.1469543296844
2.11173930115858
8.09950510179278
1.48833433631808
0.976432673633099
11.3264455692843
3.92713991459459
1.31553711835295
1.34445339640389
4.49955095537007
0.411769307933972
1.22087865602225
5.22093980107456
0.700099104969025
1.89750937401629
5.78234666027129
5.65594015643001
6.05361924621798
4.65729695279151
1.3451443862913
6.31038362625986
0.803781277500093
4.94492223578765
2.16876145184727
5.44339611660689
3.17321195562906
0.911984918639064
1.00957966251967
5.65648090559989
1.41153300646693
9.13036970913809
5.77948740683496
5.46554038096239
6.2836347380653
4.98471731268724
7.07084323451526
8.2831998821348
1.75156757634708
12.3592303600162
2.36729877069592
3.93725380197702
1.72561967631431
3.72129024472088
0.902933379752905
1.91764989867806
0.700101428926045
5.27673466131091
12.6072973245755
10.8631188901956
3.61221507841115
17.2875072262777
2.80056816675535
2.90304461959749
2.12025605492639
2.21937436308318
0.803746492601931
7.21332588671392
7.37204446922988
12.8970306133851
5.72063424624503
8.11838635709137
11.2529822159559
1.32788551140977
0.089297303929925
5.60229804832488
0.662743928842247
2.90637458920738
3.96701698191464
3.4466314362362
0.145098264329135
0.877693574875593
0.345700226574299
6.41051682177931
2.10208409894539
12.4059975147247
12.3707331717014
2.44641683819907
1.58160608261824
2.19962918199599
4.2876123600523
1.12369540147483
8.14361695665866
0.77592704910785
3.49279385991395
7.93732790636928
1.48637255188078
1.02856256653067
0.594230252318084
2.18393723480403
5.84911652840674
0.927502632629782
6.36351401683034
7.86227298697266
5.20139074345849
4.4709402998528
5.16382075857443
6.24528450425714
2.50249167438596
9.94867233093828
5.44058177652234
9.64280985762723
2.35487325116992
0.783099653199315
1.44252374302596
12.3799802502617
4.41795690404029
5.05966099444777
9.09626096774133
4.97871625702828
0.204711265473343
4.89913646597415
0.958618312142789
3.9463182430186
1.1331885587424
12.4903036979958
2.63442012947053
8.75345703715811
0.802476383590097
4.04353741027058
0.543662859126925
3.41574681586562
5.4413111647591
7.00509592437138
0.604969279979254
11.0208648563625
0.0651984475553036
3.1793563393876
12.0246996171772
2.37960183925949
8.90554532188948
2.24178787320852
2.35534547828138
1.06766647659242
2.98424903303385
5.33549727406353
2.83501946587235
1.8447872054976
0.226436159573495
1.60914331208915
7.02251500915736
6.25574183650315
0.731499493122101
4.05991063453257
8.91774399206042
0.00995504915389351
0.689207669347525
0.369012751276607
9.60809914395213
2.98075384926051
4.44552862062531
2.74458499625325
2.34518337529153
11.1731042386964
7.55519185049125
2.4554422884062
2.30146838690878
4.49239981826395
1.82584130670875
10.9780418329205
0.20617169493619
10.4534562089542
8.25391125399619
9.15938050020486
6.86794695526699
2.91067508514971
6.12346520647407
5.77306242194027
0.349653349258006
9.49318651109934
0.665783882141113
3.44844241626561
0.14795942697674
0.0770276179537177
10.1368811028472
1.59628970095164
3.69808240793645
0.603675073944032
9.07783827455028
0.0570883189094148
10.0908897029182
6.86425797175616
0.357614923268557
10.6084137456492
1.92494216154569
5.07529191672802
9.37782484106719
7.99541103187948
6.57900083353311
0.153718814937244
4.85148231964558
13.18770267535
3.65562717654207
6.22014086693525
2.95114391483366
4.64687857311219
2.84795688618932
1.83333589229733
7.40412101149559
2.51236141193658
0.579286633818619
11.4182178396732
6.43963038455695
0.72342017505496
6.82130185887218
5.96878274809569
1.91437215544283
6.4711363054812
4.06467032153159
4.94945580139756
2.4877902611724
1.15580899338509
1.87337487004697
8.60224738717079
6.13128843973809
5.25908308139154
6.03000565897673
6.49582627229393
0.00483517069369555
2.80882481019944
2.24380872678012
3.20193686056882
13.2938380120322
3.01264457653063
0.331141208761255
5.84725788794458
6.91448317375034
11.9739949237555
3.27525387983769
5.36890783533358
0.978601700626314
4.53866356983781
4.11671399140543
1.42812309786677
2.83829935194982
1.34349376894534
0.662584782083317
0.18940199686887
5.61285491567105
12.2460636236106
5.59861701078393
0.0363766215741634
9.06568064820021
5.7923648506403
5.24003049358726
0.1826505176723
1.96546709005841
0.718225003220141
3.17536506146202
5.30975826550275
12.2499478595528
0.765540078282356
0.221121357753873
2.90539711713791
10.3715425419458
7.16003701090813
7.95567731838673
2.28489269083689
3.95180869381875
8.87798618059605
2.63975178822875
6.55435422839235
3.67856570519507
1.38595261968955
5.7691938476637
3.56422225119129
1.0798410512507
4.48458812478146
6.1718451557681
2.48742677170038
3.7759791361168
10.4698105016723
1.27454905305058
10.9917394816875
6.56673251651227
1.85782186082185
2.97468620032952
12.3133696714409
1.28454738296568
6.34274060076665
0.892200184254041
13.3501142729074
10.416252497449
10.8283706242219
0.652581453323364
7.14166436810046
0.998494032483224
1.83506072498858
1.25577880535275
3.83117303155715
2.20166518925176
1.1279078801003
0.185136212371964
6.78718041162938
2.94007074553519
5.34799301294062
4.90469022269104
2.84890708604676
10.1532255299389
3.22565003654059
5.95580483786762
3.75990310384095
3.52987449150532
6.55394296627492
2.93570702600719
0.917087633648928
9.77148497477174
1.58997166874261
1.19687019918817
4.79148714803159
5.32843505867579
1.61647497836467
14.033698104322
6.53049165848643
4.3120913207531
2.51749968156219
8.06250446476042
0.55561469463837
8.48833467032455
0.710139317464563
1.93748724466026
1.71667467802763
1.51480687782241
5.09865975473076
2.87464309949428
6.28288006410003
7.17192005831748
4.96236330728572
0.00870620468074388
5.12381061881891
3.78943844306881
2.08613294211486
6.77542549092323
1.22693246339323
9.31204805905744
1.28116009291261
0.699182965606672
8.20722970061703
3.50431692786515
4.83766970687177
5.85709931597523
1.73686644993722
3.56110124146721
2.34686897725037
1.75070099066943
6.24855951509188
2.57689638528973
6.80274053805031
0.458696560513491
3.56560151558369
7.85915874876082
2.02534915228608
3.52267564740032
4.79402615714635
1.78664181698499
11.3171629607677
7.6261680573225
6.42412386493158
2.37105800770223
5.95149195287377
14.1532509149061
6.57360987458144
0.00437452631915404
7.49219381377971
1.15178166888654
7.4296731967479
0.701884948648512
6.60001216456294
2.16673642862588
1.84354175012844
7.12469570149117
10.35286870808
4.99867172911763
4.33803574775161
5.2066549891606
5.46119196806103
6.66838933248073
0.307058077305555
10.1148250279948
4.22182260081172
3.07062135543674
6.59049241803586
7.42839123122394
7.16490291524678
9.53925917437392
8.86395166162401
3.18406088095983
6.74585748587245
7.47614440521071
2.82939476892352
5.9491170104593
10.2534959508373
6.52378543745726
3.18661060072164
5.33917770331935
4.76329799049268
6.71423138418642
1.13344907294959
8.54619366582483
6.41898144834166
3.30465421426022
5.25339250452816
1.91455425228924
4.23106085509062
7.44473267242123
3.86988080320439
6.09623695451267
4.26039374433458
0.584553717635572
10.4066223837435
18.3676257962361
6.39593596570194
4.9539903877303
6.16242077667266
13.1921598687768
4.22065079850382
6.68719321746996
2.46681729143816
2.28693012332302
6.89920224249363
11.7896570591256
2.11244690572482
11.6678700316697
2.64305390233109
3.39128285922194
9.7142138518393
3.9449067087844
2.96606691554189
7.28883524425328
4.95459895074187
7.05545712201251
4.23016962595284
10.2157014189288
1.95473526633974
9.13317105732858
2.21870800014585
0.692924321629107
0.78496178612113
4.71354712206404
5.92476483476851
1.59044111613003
3.43819579575211
13.9720087405294
1.27556431423935
1.76245435141027
1.89191234947285
11.8568400878788
2.73306199815124
4.66482222545892
10.7313403394073
1.46994737442583
10.5778480984203
4.13054803952894
0.264540328570073
0.931469700299203
3.99679134134203
2.22089578027922
8.66859192028642
1.23586777957287
2.5074819335714
4.02395853307098
6.57988630700856
15.3893062146381
11.7865585023537
1.76947962027043
1.91784361377358
4.05472798738629
1.23504758413056
3.59364351479277
4.05971682630479
1.14648237358779
0.37180355284363
2.91960523463786
8.68153916117515
0.795682449825108
5.49013987183571
0.379174645058811
1.58491531118611
2.44270265458411
8.4065051516518
3.70208136668991
2.33961252635491
1.17400362408563
0.403644959442317
7.23653805907816
5.19613427545008
8.27624653466046
1.98642429895699
16.538377571851
3.40626367833465
0.610148045234382
2.25096084177494
0.27254349590566
3.7401959321691
1.40339608769864
0.780062689611917
5.0093233050652
11.2073213506781
8.29495540820062
2.48878240522633
2.21994684543461
10.4528710944578
5.17390361055732
2.65103874429726
1.20332578867264
5.04708157386631
0.97994226962328
0.647149933502078
2.0727236289531
2.13495215866715
0.702199687759458
8.23533814637294
3.14319548467431
4.18587559834123
4.42177553195506
3.66617924057136
0.942852683452246
8.14484434667975
0.198791372289964
3.79351675510406
0.966416421453026
4.46894099004567
2.41338673513383
6.83948951249325
2.36675383480274
2.18536255415529
2.23109235150804
4.36837988857694
8.01241348963231
8.41216804412687
9.92227769456804
9.86194123979658
3.50327596534044
9.76531365886331
5.63122478779405
15.4300278285518
1.29910243222784
5.5679542478174
1.68740861013371
3.45259294845164
15.217424927334
2.83839472103864
3.84087005692741
0.929842671755567
2.05650504212826
1.55553254298866
0.826932287077162
0.159752888647843
1.06983403675258
13.2657183902583
4.69685224816203
2.63528535782302
0.901120505295694
3.227575297754
0.9491196135059
7.10207501395227
0.328756310045719
5.8138519525528
2.60315096316243
3.46100705210119
8.09829642530531
1.65888385329933
3.91767588444054
4.81137165591196
2.83609477208272
7.07528857696918
3.53384343907237
2.77626379393041
4.60939877666533
2.88470794912428
3.45786609686911
10.6292413314804
2.47346979593364
5.27681913226843
9.48274353334555
5.75578811112791
1.49646196514368
9.0570563217625
1.70005856987813
5.95241055485991
1.01381840649992
1.60596708301455
7.14742464669461
0.643205037340522
6.82613581884652
6.36151724029332
7.43625049944967
1.81759300281967
3.38631126154232
4.84763335789436
0.69259547162801
2.25643806625158
1.11394482664764
2.02044663019478
6.53733296785504
4.26989481029245
2.5816106935963
5.39238154888153
9.31269115767778
8.92234840430319
0.853588455356658
0.336164771579206
3.7106319796294
5.30264426488429
5.76944218482822
1.73292458057404
2.15800003802306
3.41028093826026
3.15976878416552
1.71469578723105
6.2096863752231
2.13568955033062
10.7830752097285
8.94436181115109
8.67769042961299
4.06558584760109
1.85758902130857
6.68104746471366
3.8841287416178
4.40046295989305
2.19443084206432
0.20759713370353
9.03464255388826
5.18578020855784
1.71410939656198
6.57958243973553
0.132854570886666
4.23253572450799
7.8033735066841
0.960647105239332
