"x"
10.1211082423106
6.72396157032535
3.01254829391837
4.50908888597041
4.53828274039552
3.5499565419741
4.61985767433852
0.920364912599325
2.54580372711644
6.63273253012449
4.89984612213448
4.20705954336924
5.27004044270143
4.50033030938357
5.63390605384484
3.06304565666333
5.54406322771683
2.79004744952545
6.13340214723719
1.17831765893324
0.086171692237258
5.94611036358401
7.23569273250178
6.5175779745914
2.09061415258598
4.65887608964346
5.98970956877618
1.0457578513313
4.14138355990872
1.17436984097943
6.21440608997289
0.626101505323751
4.81886203633621
3.28849897688454
4.63725728914142
7.33812756370753
2.28201694330607
0.306497409474105
8.64491221868367
7.95206652255729
1.20281015667408
3.98699282668531
4.08426119042516
7.699682447128
2.87689389928132
4.01144803017332
8.04839280899614
4.90070368018952
2.81623674090952
0.97644089255482
1.8383561167866
1.76635259995237
1.96671967868454
0.539810560366563
6.64290701970458
1.48126682033762
5.64593714524328
2.27573495663874
2.72803370785611
6.17808507522568
5.15168873826042
4.63095456361771
2.02271357118859
5.2697665989399
7.55088612204418
4.37473353231326
4.59936017168594
1.72490092227235
3.18401004187763
7.4652366223745
6.43482455052435
0.672407180093256
4.67485190602019
3.71544944355264
0.834682793356478
2.2537907701917
0.676730554550886
1.19931909310633
5.64541521016508
4.00813310407102
4.23118501728676
2.70136632025242
2.36487132497132
0.406657461868962
2.95356418937445
1.73701202729717
4.74910557689961
2.52114949980751
5.29212293570227
4.27495618350804
3.76821290035986
3.9688182529062
3.80331765503761
3.33273824071512
4.68128096545115
9.61175990361918
2.77891356751614
1.56647534566866
3.35448657450118
2.23802322288975
6.92140071187168
3.41408228268847
3.47566445125267
6.31040363855376
2.73735440550567
8.19644378498197
2.86403612694272
3.12704003881663
4.41920572430555
4.62828955525931
11.5408117766492
8.74138100200084
4.81808190428396
3.14970876558489
5.75818481156603
7.33255125815049
3.40624708915129
1.73706797650084
4.50993983300695
6.91061659017578
3.13404989428818
6.21765495743603
3.68852913379669
1.22173979930205
8.40140080545098
2.65355531591922
11.3773791811895
9.85876457998529
3.03015439035459
0.551576726138592
6.19799886061175
0.146993238013238
0.430708617577597
0.979245814080376
5.176003828898
1.21992467902601
0.268777378369123
4.16328334249556
0.521353248041123
2.02360579719459
5.46831669863764
7.52925003067242
0.934485945951684
2.37543102120981
1.75613470463895
8.80864671198651
3.57994855148718
7.17755254251226
2.3675374337472
1.83101083384827
7.52691017696634
4.01324398900028
0.502094904530723
3.01704272571151
5.47695504501462
3.18411991188893
1.58399387728423
5.00507417600602
5.30230678850785
6.29264826420695
1.09589196690128
6.84342999949237
4.88883421057835
1.12937822269231
5.17750163562596
1.27486333949491
4.85951763112098
6.97835623286664
2.59270255919546
0.836815547746221
1.51982142124325
6.70437728595025
2.11524973856285
4.00391361908987
3.69795156999053
3.77133737783879
5.12332932557911
2.31092175235972
6.47285615559667
0.528453674633056
12.6179889659397
0.50883135991171
0.996818160638213
4.71641422482207
5.90133360266437
2.75512173539028
3.06355234934017
1.15577227809189
5.85118655581027
0.803088907650885
3.70404673230051
0.774816586636007
4.20141540624571
1.89764341307902
8.31693384097889
2.65988670289516
3.73062075814232
7.47086187741342
3.54894149544144
8.60529296365741
5.89129371697529
7.81644878443331
1.1916026705876
5.12462810147554
4.36150408349931
6.78420184067132
4.6631827531899
11.3267738107099
3.62471499247476
3.46969067164443
6.4357712429887
2.25833562435582
1.00941905984655
8.93700551241636
5.2926947013475
1.59921953293361
4.54637606162578
12.2925543636311
7.61033978778869
3.5506869243418
9.8962537796171
5.03207354340702
7.47286950936541
2.94288795233413
1.43869137464454
2.74849400702313
2.72581808967516
5.90862905373797
4.66004729969427
8.05471275071622
0.0579473962506915
0.633149756298854
10.2319278987125
3.46933622381769
4.20324071309936
0.0677902499239875
7.18538862420246
3.2894296455197
7.58801532261628
6.13276850199327
6.17724025977406
0.103063764981925
4.9399048439227
1.30146312874936
0.376115135118625
2.23817047097936
2.88397611584514
2.20977462517061
0.956465507812928
4.14631445892155
6.86934202676639
3.82820131490007
4.06912792241201
6.69637684477493
1.29482487059458
1.37212254339829
1.56219853447985
5.4568957653828
4.73917230265215
2.86498230416328
6.59593056993232
5.95035711289209
2.01763641098904
5.8611489017494
4.54847377259284
5.72183982075999
3.64676909521222
3.25739983648754
3.26754020104058
0.684325187467039
3.34039454697517
3.70328018556741
1.70224669645229
4.52759072231907
4.37745261006057
4.37442175722672
8.3497504923395
2.83692387165502
7.22746216924861
3.84061867417374
2.76584786557858
0.887526718789896
3.36140665458515
6.08334118386293
3.97656350396574
2.608116727788
5.47849969731191
3.51401910884306
1.08255033541401
0.640821856590572
5.33221231593675
3.67770788298412
1.59651219146326
6.14371062256396
3.85883665876463
4.37013888196255
3.04931714281722
10.8830781420693
10.8472525025718
0.930061716808685
5.81025320570916
8.73064871411771
7.05215417547151
1.32294056238607
4.34377924539149
2.44292878044378
4.87031927332282
9.45250807382275
8.38215214205744
3.85620903689414
6.27936453092843
0.950332125648856
5.75710774062153
5.64155939524069
7.27798600861024
5.11518940329552
4.68727940460667
7.16968162450939
4.31715290760621
5.84789454005659
1.07923953183195
2.44549601461084
7.8402591669186
3.34416276309639
0.513302686158568
0.222075835336
4.72716448943793
5.92636635992676
4.89940413972363
9.68671162479936
0.471315847244114
4.73606868638059
2.58289178600535
4.16438584215939
0.505863572470844
6.77301156101748
2.87277869590233
7.8554461897353
0.637986196670681
2.39573019789532
3.63332821289077
2.35381685829701
0.438747485168278
3.58908022753894
0.86138256592676
7.75746377184987
0.517919296768154
2.85918139852583
3.2121538820847
4.966588797757
0.988407054387297
2.31206406547868
2.73232261491844
0.425107703633863
5.88888382599552
3.04169778246433
6.59753072541207
8.17046064184979
1.57082650111988
4.30901114649475
5.66995248664171
2.19045069660546
1.45098267821595
6.2045773817741
5.13837052276358
0.425003550481051
3.48873473687847
2.65169894982344
3.230904659722
6.74000304425135
4.69736643135548
4.25867064659584
6.37356919469312
6.67770038126037
5.07390102138743
2.528024406638
0.0177034409716725
4.80716670986628
6.10600250433786
6.98677004658425
10.1715048105256
1.0155549877265
6.4166744123213
3.30480197112481
2.9956439352344
2.06951595545938
6.337057845667
4.28795337211341
3.49750014597817
1.44737731898203
5.97754419038235
8.28598281368613
1.24980963300914
3.14143021823838
4.61829850091019
2.71874987074706
3.46851856447756
3.40575125884977
0.953020475539699
3.57242149029653
6.62000242741782
1.61828369878202
3.9197004462361
6.79408316500485
2.83343287883326
9.56440742593259
1.83396602515131
3.01558447536081
1.87469618394971
8.06437220890075
3.08021807577461
3.36632848484442
5.38580501452088
2.87474542118917
5.57134189875796
8.12337506795302
2.55900520132855
1.16459741257131
4.72290794428404
8.30854459200054
5.73509717360139
2.29676079236055
6.32165552815422
0.155401416305103
6.071446032729
5.86991748421294
4.48994403705001
0.964937778189778
9.7502887262391
1.97601154474232
3.91219304429426
3.84131808532402
9.58948996849358
5.71223077131435
3.6038533842201
2.22334407735616
3.20488850120455
3.05778081528842
2.61131613515317
1.43174446998262
2.19198965241464
6.43336025532335
0.837706332094967
7.95729712117463
1.97805697098374
6.71432362869382
0.744755218099908
1.1629746761173
7.1649014018476
2.98722645966336
0.275603018235415
1.4355559007088
10.7937170541845
2.50215759733692
6.1085298541002
10.5679665524764
4.53341835521566
4.27517647622153
3.19847532927989
1.14215717185289
5.48757711658254
1.07092225225642
8.04669812787324
2.22720364114164
2.66258292413795
0.505079433787614
7.78785087381034
2.16902780812234
0.0159174203872681
6.34154975031817
2.11998884333298
5.78222645198248
5.42490313996429
4.8136426178361
7.02031683176756
3.58720294898376
2.03971505397931
1.82609011188829
6.5958934603259
5.34825968788937
1.20060560293496
1.50467277907711
6.01600567907049
5.41674850792296
6.0107902623713
3.87249166401601
4.04287640703842
3.27140760039832
4.09772794228047
6.89333871705458
1.42513171304017
3.09172281995416
6.13941410556436
9.14411477714332
7.28945033624768
2.23359756637365
1.74223652175712
3.54961060220376
3.56924746884033
5.43363522738218
0.812539085745811
2.30270561563148
2.35558792483062
9.11352295333617
4.71002178965136
0.0879306811839342
6.17569898022339
6.69754729606211
2.67765001301993
5.52644078852609
3.46741689136252
3.52397186834413
1.41619571276562
0.756129121873528
8.06087037781253
2.01430827859552
8.41037079226226
4.66025023488328
4.94423983618617
1.13007248146459
5.54424190195277
2.60348841547966
5.5630523362197
3.68320741430284
4.03509366345118
3.22973944641745
0.499527121651583
6.50322888977826
1.85213600140744
2.07551544299349
3.84269005153328
3.76383645925671
5.83426341181621
3.92732335206957
4.46681446921202
0.168412819039077
4.20049680396914
5.46409597154707
4.77994375628952
0.157435080430361
4.93025636436744
1.50443862426871
1.85022847726941
0.854882132261992
5.21690573077649
4.07870881026611
6.31815652595833
5.71526064304635
1.00452051265165
6.21356220307985
4.07066239856885
8.59940099762753
2.85781624157132
1.97518649511039
5.33746044384316
6.76389522850513
1.64126809769856
3.61096494598314
5.08167080646373
3.95849790656939
10.4101489996538
6.25272573670372
3.12281696781424
6.4763443893753
3.73479017289355
2.99034703602234
5.34098386997357
5.35403678997871
9.56136788008735
6.79682448585146
0.411099230404943
4.28285631351173
1.50936216122606
1.21743836869355
2.30374016100541
5.44683604112598
5.90602045413107
4.11982520017773
5.67063514775988
4.88256872631609
1.50654237950221
8.20745790842921
2.80533855548128
2.71057209596708
2.9759778524749
1.08463789436197
0.205475141269735
4.60640976619869
3.2970046918565
2.80556212445199
3.98756740614772
5.87066876383951
0.084090034943074
5.33693841425702
4.30478194030002
0.436068361159414
1.45914050517604
1.55871144961566
6.00431097863161
3.66752753103867
8.59052129089832
4.33895216556266
1.04803809663281
1.34949369202828
5.31631014309824
2.8580445679836
1.40523189911619
2.36594590824097
0.109570224163231
4.67740299645811
6.24740149860561
6.05946849100292
1.80069958631819
8.49954051664099
6.93804641487077
4.01865679960338
4.2874708568915
3.56884601060301
0.400373653974384
7.04370216699317
6.51147322496399
0.862109984148959
6.16082804762312
4.02550036887084
1.99851117795333
1.24231189256534
1.36527071008459
5.45711139288393
2.82184463882101
4.27408319007505
6.753535696771
7.77258751913905
10.6668955413625
5.07149775512516
2.90430654584988
2.98697780817747
9.53426212072372
3.11282159639219
6.0076244873926
6.40400912379846
2.90160286797011
1.40455331420526
3.664306900464
3.66729584056884
7.58348840754479
5.01308589234747
4.63701596545526
1.54629081063079
5.14407710870728
4.931235301774
3.49493424873799
1.7985274665989
5.50170728486466
4.5367374621025
2.89618825772777
7.29461035849759
5.76754419598728
2.33188127167523
1.00403165490998
3.399698101256
1.29972501466511
5.2160564615621
3.87532662529419
5.41830136207864
1.351203257218
6.66365114739165
2.18695281448325
11.8622459238395
1.13175875354146
7.45561654990419
1.48098580679988
0.486168641475915
0.129983620551845
4.95201053870953
4.83612127136439
6.39861626550555
5.40982817948482
6.26643001027313
0.644836173606207
6.12868254557768
2.05622881995731
6.75420098380281
4.37673871638253
7.63162634102628
0.4405582905747
5.46370699303225
0.723414530511945
0.40038195438683
3.53135745620549
0.0508322145064702
7.14793940720928
1.31581618587147
7.98268596345582
3.45350178934237
5.58986050309613
8.24444997838529
1.43013560445979
4.4355193269439
3.21510382678498
4.56342693036505
7.35444716408308
2.33417115448142
5.13366459636018
2.68923815034628
4.05304597321657
4.60121119134877
4.8138277605176
7.82856874866411
3.42717000748962
5.3486627410166
4.0434312425535
2.64417805010453
7.87375819640396
1.94625651895237
6.6877099751352
6.81823047343642
2.81737194163725
8.08960945072093
1.65542669128627
3.49465198814869
2.25463575891954
5.37056582938569
7.40646121557802
5.06705222651362
1.74210850382224
1.34593340197692
5.15713908243924
7.1027380881129
5.69849345746822
1.4782995021127
4.2836420587264
4.78708532059443
0.034599332138896
3.86913564413824
10.1553481887095
0.183882925193757
6.11903092209691
1.63352955132723
3.24484017910436
7.4586997856386
2.47232653011902
6.3537995913066
3.13640000033701
7.82687260070816
1.94470572751015
12.1771965641528
3.94322208594531
7.4683551909402
2.12254691976716
4.39252242213115
0.936263310723007
11.7345428543059
0.103381284538965
7.08826158661395
1.81978451042853
0.120918227333426
4.24414831213653
5.09509088005871
0.832693465054035
5.41757453465834
0.741609197575599
5.12147936715561
4.70217467518523
2.0643483614549
6.99348748894408
1.39101121244082
4.91139570949599
4.88735035629349
9.31231797294757
2.39077570149675
6.53961217030883
4.00387955596671
3.6629109759815
5.03706210447685
6.88871814636514
3.89461985826037
1.5986216487363
3.11494532506913
6.78194920765236
3.48518385159068
4.16800358798355
2.65294456621632
2.12150083389133
3.65884256316349
3.24322659289464
1.810780656524
4.57514675051993
9.81731312349439
5.83974123001099
4.9247961724177
7.44374003261328
2.74141227250755
5.49923024373129
0.863414050843877
2.09880106849596
8.30644272500649
0.279871795805668
5.15641563898402
3.76269034734191
1.14835371909031
2.60157065624995
7.53178162276254
4.73852141294628
6.77848358172923
7.6264887698926
3.8490641512908
8.58251748140901
0.352773298701468
5.76202755328268
2.19038366340101
9.9901586250743
4.25613754196092
4.77506613362192
5.55819693254307
0.4882195382379
7.78236173791811
1.46557403393836
8.11439822070469
8.38321860646829
8.30222273943946
3.815751442398
3.87329210985829
1.42827152198262
9.53517912487951
5.69552472341405
4.42371272020952
4.49376278556883
1.78468882160395
7.13357306399261
8.05054866354685
2.07337943138555
0.888410730253371
2.43028224611518
6.64539508288726
4.20886279316619
2.46592095354572
1.05756533227468
0.320821988862008
5.07293181726709
5.71893486194313
7.06723590847105
2.30262608965859
6.95288460701704
7.02200912275006
2.27277262602001
2.98822888871655
10.3998941835016
9.65237420750782
1.86639917061556
1.29180513322353
7.79628996970132
3.22520666508064
1.86106788006732
6.26709227217361
2.66799103034194
6.94257925497368
1.37706029671479
9.17172449408099
3.4952756349519
4.10875489469618
4.49075902549628
3.16239228704944
4.40827285813137
7.77095761062547
3.11965102421979
0.504426591935965
7.65750326681882
0.375614373479038
4.53733407754778
7.58573547936976
0.438453926550107
5.66812103376318
5.14577167341486
2.7390829869546
3.01917489172339
3.15302435774356
1.90992466655206
3.9463268360123
1.77270787502144
0.639434712466821
1.6390679962903
6.88322425121441
2.45537307806118
3.95583292702213
1.99236157350242
4.17062758732721
4.34574527343451
3.47790487576276
6.43197846040376
9.54251788789406
4.2726956307888
2.23058791598305
4.09921065438539
0.663171379498596
2.96252724912933
4.39337776042521
2.19389266567305
7.41210755659267
4.86522837309167
7.9361485909783
5.8433038298972
8.98879141109614
1.3581098958249
1.539442230331
1.27049176967666
6.93913092836738
8.48486512756712
4.05264400178567
2.08333772615023
1.89619895536453
3.01164059201255
7.91912223212421
7.27950464934111
7.22509896149859
4.17077660094947
0.692341837301014
1.37791422894225
7.46358864238392
2.01466064454409
5.97638414850298
2.09378808503971
5.9097938821651
4.04922539601102
1.84567557880655
2.71737781586125
5.56544457795098
2.74203593144193
7.56904549198225
5.2240640274249
6.25612071905953
1.89307067259233
1.71044273301959
2.45122024352398
10.2898123092018
0.701997533906251
0.642341701313853
3.23610321942638
2.52172738479864
1.47001162583423
6.90824826015159
7.51163748791441
0.341172388289124
2.69591850197953
7.21439032349735
2.97076598339998
6.4562112922594
2.80468276469037
6.68921234318987
2.77239202364727
2.93979865964502
0.760073205577856
1.84779508773748
7.40776499733329
2.64468567520842
2.08852734408247
0.867477850988507
0.0790252506840645
6.5332671510987
6.10970063135028
3.20884354878217
1.92507510073483
5.02289206703939
5.00088876578957
1.27542298053375
9.18652394320816
5.16151663991627
3.66890748542039
1.81247394066304
5.16583475782726
4.06332272104919
4.32170084677637
1.42684049205855
1.44695062190294
6.11120859170163
2.56951887906837
3.63816151386684
3.35749697839582
3.69735896498497
7.28648548247293
6.17110395616245
6.95059222634882
2.46752101467341
3.26906761775761
0.522800115868449
3.45452066697134
4.35412275837734
2.30441485764459
5.69195665884763
0.26387645151457
4.15959920501336
0.445579340160654
3.1996286357753
7.0502907037735
2.81395430210978
3.09854257505363
5.58127716649324
4.54680585535243
2.58638376835734
6.71874909207978
7.96212628483772
4.33259372366592
2.77587416257452
2.08316983235945
6.34698109934106
7.43876454099108
2.55082798671242
6.33010816527531
4.82763918156513
8.62058725906536
4.8355178325437
0.862066086847335
7.23430792568251
0.518528645561276
2.01064333785458
3.84022586513311
2.1066640372434
5.52220828959137
8.38865768164396
2.92238325590487
3.23667333127155
8.07042783126235
7.94792062370107
1.56824358273298
2.65539448933181
9.51136709190905
6.13613940076903
6.3822423806414
8.32743124337867
1.27421037759632
1.97089103749022
4.15009917924181
0.532511901110411
4.87222844967619
5.98378208233044
7.87846853451256
8.86697862169575
6.13331877527908
0.509104136428839
0.237952795679255
2.20027439377193
5.77060652431101
1.52454486293516
6.4669719315134
2.21877172589302
0.501259206794202
5.22912387968972
0.893276063384368
2.16553224094373
9.47306246962398
6.48436192832531
0.756153638940305
9.22404046868905
5.02274704631418
0.131830549798906
0.296702328289575
3.97637534690938
7.45144725078717
10.2316613658331
0.661926751490682
10.2609563968144
3.33409454560628
5.93174761161208
1.60925491945818
1.13472153898329
6.4870879742914
3.87372637511859
7.85220643226291
6.93786519113928
3.56581578962505
5.89076598910321
1.68743116082624
0.469521177092434
6.03512331610361
7.71523569775112
2.53985632443801
5.85050859954208
3.57901927782223
0.407564640045166
5.24776695528999
2.59451918966071
3.31510313655813
4.67534041963518
5.14930235221982
9.08080373192206
4.43692054832354
2.20085151783463
3.07247277621277
5.08197307822764
4.19509495728277
4.0308304480277
3.79764473764226
6.40631427522749
6.61631216119387
1.2579328557901
8.1711063045077
1.59940266962304
5.49746000906453
3.60373011766647
1.9366800286793
0.452954962442421
2.36722473055124
2.89761254098266
5.63553032852777
1.70895075425506
8.6090077413246
10.3635863517411
2.65849240069835
6.07478491729125
6.73429032064435
5.11945819026469
5.57643362659499
5.45892716183064
8.05322931569273
0.848684427956859
1.04595069134822
3.03060899023883
3.86695998865982
0.265485502313823
3.72663174057379
4.72810533294757
3.92811228521168
3.39580819709226
2.21267588377824
7.35505288466811
0.705032506639764
4.71932764238056
6.81921541634785
4.50912041123956
7.71993170492351
3.93571662716568
2.04397924653727
2.63781459070742
4.3033643742092
9.23639024226922
4.88027448300272
2.58275047361151
0.655944865688365
6.15721026787804
6.20100336988624
6.10701611731201
4.43600490757757
5.88711350735408
9.16564106009901
0.650986493565142
4.26617283374071
2.33386035542935
7.45289528903016
7.29162509852683
1.76345561631024
8.96373193245381
6.61512508522719
1.51630357876723
3.15001186681911
1.73866827972233
1.18344776565209
3.23461197549477
9.03318426571786
6.00867893081158
3.03901535201352
6.93037445889786
1.4464853098616
6.28290713183473
5.96382411701903
0.1988181960769
0.991918726935016
9.47105742670606
1.2646701768972
4.06747044762596
1.14906342932954
4.68154533013164
4.84316621623943
5.93724732032549
3.97946614539251
2.63211847050115
2.18587681883946
6.07574430759996
5.67215385381132
2.39277248641591
3.76605700002983
7.24855285370722
6.1809763595948
5.1696536607208
0.889046239701565
1.53322603666217
0.333339755889028
4.21868703560904
1.73659753687858
1.53765615541488
4.71225942019373
4.18795971527065
3.00005461322144
6.42497489461675
7.92104649345905
3.08079318385488
0.973196723498404
4.70618191175163
1.49821103550494
5.77985950512812
1.92380544031039
4.32314922800288
4.45363035036724
0.773051439318806
7.19800624065101
5.90451588254697
5.18362414852236
3.40096498839557
7.96505683101714
3.01920363051828
2.6149140064971
6.17571761604514
4.71331243064751
6.19837964186445
3.63521768013015
4.30637802928686
0.185408582910895
3.4457853063941
7.08564419765025
2.34975488856435
0.273280660621822
2.41618388099596
0.314890360459685
4.40501914126799
9.56862068484438
3.05228476330866
2.13659722096765
3.90762211754918
1.06510408222675
4.94536486221477
5.8044602163136
1.49775565818381
4.53601531917229
4.41362290979097
6.41146209577362
5.94215999590233
10.8332381932996
5.19335615681484
4.46250600507483
2.48421509750187
3.08791226707399
3.151363656993
3.18486924516037
3.67825154367959
2.34776649671403
8.05367659777403
3.61221064813435
3.3934791640268
0.971876005725808
5.24957367451862
3.40857380955193
8.65589570021257
0.000505751146571421
1.918669056613
2.2787575959228
1.36205603939995
2.28787218220532
0.057917449157685
4.53594973077998
5.39849266642705
5.80571397440508
0.982294441200793
3.50661359261721
8.50588546600193
6.19123926153407
5.04436224000528
3.12936621485278
8.36399078834802
5.51522335736081
4.1514343698509
1.26774783811774
5.91032177908346
2.74871689034626
3.80514700460815
4.25770022508461
7.97971128636572
4.267856804654
0.131298839012743
5.11476506799741
9.52715533785522
4.06683302717283
4.30463851662353
3.92497028506667
2.32470174087211
5.5056168301513
3.80564210936427
1.31241064876365
0.596085225697607
2.94734933413565
1.83778999684935
3.86552223935723
3.72323459237519
3.71330709895119
7.46051887981594
3.11355515150353
6.2185814943288
8.40222811093554
6.21177827557204
2.01310537262
3.21288193424501
7.49630642822012
3.75549314776435
7.09713536780328
2.19163029687479
5.48146753571928
3.09470584616065
5.55352387018502
3.07510062120855
4.67659514397383
1.548554841429
1.69970233691856
3.4435770357959
2.05558189649105
2.8441168982274
7.49983174027875
5.19147827289999
3.83329586542912
5.96072938898945
8.52607190608978
0.262323522474617
4.22032671543496
2.92001234769026
3.95503250183538
5.14047571923584
4.99699096488419
1.76997302332893
1.07537531293929
4.62485567878671
5.80540061928332
1.07489154945939
5.93942470150068
7.78826214373112
6.51415814645588
3.29426507333586
4.17133971350268
3.47539839077956
0.259598612319678
3.98554862476885
2.7372972224839
1.54431266710162
2.85256947689041
6.48717244367366
0.456803491753322
11.2436179846395
4.89542386771007
1.19313596337462
2.89124471313936
6.7711572512053
7.02102062059566
4.38416223041713
6.58518901327625
2.95633788586706
9.24185796175152
3.14002968229252
6.28155050799251
0.516042600607965
4.96901758015156
4.47115494310538
1.45062087140079
1.84032343277343
0.150540529284626
6.82812718632406
10.7297350824787
1.57158757792786
5.92216086806729
7.32314717489366
5.22322020260617
5.38933846370211
4.65541661251336
4.713014815934
3.6579753979332
7.54611705197021
2.91855965668152
3.53961627091726
3.37696410467377
8.89825630001724
8.83745298176073
7.7986390911974
1.36490806471556
2.52013180870563
4.23913924023509
4.33562720434414
0.755529421757028
9.75578386382657
2.83727730308784
6.07559757772833
4.39329809812517
0.407640895118718
2.26801285092461
3.76671779310085
6.09680557390675
5.17672867754811
6.1124358791858
8.55443201726303
2.95010780682787
7.23430932266638
4.57992538310854
3.29150344477966
7.10474778643139
4.26818141649407
11.0504852724262
0.518221210222691
5.59480942104228
7.54009817028418
5.69862896809354
0.965209210508511
6.74006183398888
3.36288301507741
2.97122014350762
10.0012933951803
7.64448686898098
7.25251780396981
1.47830909118056
3.94248113982972
4.88743034657091
5.63898703549057
2.3785199202617
2.11620899271079
4.64654816314578
8.27205713139847
4.46724650682881
4.08560815267265
2.32851130422205
7.78068591607735
5.22160379914567
4.12240800214931
10.0603654398583
1.50089352063094
5.18700630636886
3.03662410005927
4.12062540876855
2.16846630210057
0.0542826209303087
1.01262198451151
0.0767467310652137
6.55798911100862
8.8235740782693
0.657351966947317
2.99112404056204
1.12297270679846
7.84700183430687
6.34661767398939
4.38408981382718
7.57321562850848
6.19583101943135
0.159321492537856
4.6110621425598
4.78569289108232
8.63745751557872
1.81477750884369
8.35997612448409
7.19477238599211
3.19806634215638
2.95349423540756
4.3985610245727
3.8272407792738
1.3124916353263
1.48071427829564
3.72489356668666
5.64339978154749
1.22594605257354
0.618080247659236
5.1929538953118
8.40641155013684
1.30731231765822
4.07092823879793
0.226917873093906
7.86021780222654
3.20774419233203
4.81190123828128
5.28361129108816
3.78501510713249
3.59328728768644
3.97640752322403
6.9970763521269
0.314288423396647
8.62534588668495
1.9847236763204
3.46790240689045
5.13473212486133
1.03703503264114
2.83661310729517
6.0129398596473
1.14669483155012
0.149393302854151
6.17527186404914
5.11024148565714
0.257814171582565
6.92464277381077
1.06809330542312
5.24257622851174
6.11035809202116
1.90395281114218
5.60839337995276
7.22019928507507
7.32842665165663
6.9124293862842
4.6046995920491
8.40877279406413
2.03412774717435
7.31060356442546
1.5861761639826
8.71934563289393
6.52074706228189
3.68707365123555
6.03202598867938
9.41309193149209
3.27486034288313
6.64248377436704
1.3982841046527
0.247595546969938
0.823495731598551
2.76934121275687
7.56131233647466
1.09188959468156
0.4013113793917
5.9714813133225
2.78608986409381
4.0529739023064
4.07795183674313
4.19800232630223
2.66708419891161
4.29155864887466
3.08617115952075
6.54885364929214
6.47537916665897
4.872719978448
3.24962385930121
6.54417141340673
8.77787773497403
9.77428768528625
3.42638552798687
5.10384109418655
1.05306756449863
8.63127890638245
0.787036118047187
5.39734235499054
4.75358349106364
2.22736410796642
3.74169539427385
5.50780390622094
4.47634933402574
0.606123443377059
6.8954310961999
4.13789163576439
1.55110581545159
6.08872481388971
4.85186976147816
9.24892843824034
11.0274411181222
2.66276020556688
1.52423399737185
1.38924956022244
3.67016857489944
3.51732023991644
3.15650119446218
7.02904138015583
2.38608889048919
5.91302221873775
1.41205898454165
8.01550542237237
3.5452543237922
5.23021081228966
2.31062115635723
5.68679550196975
7.02400318114087
0.263352470938116
4.1263064911602
4.59765761495102
5.42534582782537
1.76486665037142
6.18892895290628
1.64198502898216
2.20838284585625
5.02907911844858
1.83988029602915
5.23595281410962
0.451439464074414
5.84902287136984
0.65945686504254
1.66294205700979
3.54142532451078
2.806249741374
9.85001403605565
9.31659875204787
7.14536146260798
5.39753076154739
4.67847555236285
3.96258273394778
4.49372863506898
2.06319546559826
6.65631226729602
2.63810958713293
3.1880854903615
3.40791545996364
6.04625801788643
3.83639837225928
4.04277680208907
6.164894593152
6.87083159919578
7.10087954066694
4.41662713419646
6.91889083245769
4.07896800898015
2.86271875957027
3.74762394931167
6.00854448275641
8.76670108262376
1.65442511206493
0.687403214796274
5.20890319274448
2.66953512327746
9.19462126647935
4.76925410330296
6.09243506332859
2.55829296074808
2.12170723697692
3.81709447829053
7.21854129806161
2.89520569614831
4.26396592520177
5.60732629793545
3.50780222324186
2.09937635809183
0.272997155717005
2.53510576385629
5.76481382595375
2.6962836738996
5.52530374843627
2.46901873638407
7.97340667742927
2.74649460334331
8.98441817182957
5.90627772842844
3.06852982807862
3.07323257298043
4.15087839480055
6.04081314157661
2.67472672276199
3.55847497233639
8.48766203271225
5.27057809522375
11.4799670991488
2.32320029403074
6.69018158411938
4.74107685731724
1.28344252007082
1.90329225460165
1.51281876023859
4.42241352284327
3.79843529080972
10.0692581851035
4.46120225825499
3.606322088258
1.61441024392843
1.82133725611493
2.31545356486227
3.36214889539406
4.49845249731636
10.0829240283929
2.83638901310042
9.28647360997275
2.18026401026327
2.54377666133585
2.88793307263404
6.04856295321585
3.40079120026231
3.50615252845986
3.33563479362056
4.15846939431503
9.81083601946011
5.56743475664628
6.92748842993751
4.74964446621016
5.78298093511925
5.93090737997996
4.92904222996763
3.25449599185959
2.47820382937789
5.34868470889136
0.152313107399863
2.50641947183576
4.66241120593622
4.17178028211328
5.85816344621173
3.23210603091866
4.80767305707559
2.90177764486971
5.86274517700076
1.34463963331655
4.34609308140352
5.17583687324077
2.51580983574552
3.62476010341197
3.40128852303003
7.89192132651806
2.5990002790924
1.08814559644088
6.04259370593354
4.79200317058712
1.91673934370802
6.27553896047175
8.64807127509266
5.07110295584425
5.72008242912948
3.75419503543526
12.0985375833698
1.39532268512994
0.896035530604422
0.0575843034312129
7.27264126762748
0.090137017167697
3.08671115199104
3.90134418351786
9.6014890470542
3.81496094632894
6.84739400167018
5.714978797607
1.84429223882034
5.36366272717714
7.74525026790798
2.94246875244798
0.610471131220345
4.23695568460971
3.99551299982926
5.04177353577688
7.26582506904379
7.63653651518254
4.02881213673368
5.7859814662312
6.37731192400679
4.69536349384752
1.00883035180113
1.19695521425456
5.51169554237276
7.26012999657542
2.21606293926015
6.25539995962754
2.00143218971789
5.3280565361068
3.61002698773518
9.71845580497757
3.64085203036666
8.1482858634127
0.921435083728284
5.54892937652767
4.1158743852735
8.11792665317856
11.128894974842
5.84458628813587
1.40838604420424
6.78945947438478
0.922669286184997
8.55337626999244
12.4795242911205
0.653356393136307
1.61249696975574
1.40464137368226
1.71446281019598
1.31921796128154
5.30964302597567
2.27988776696806
5.18339840928093
0.591499754197556
6.15879120305181
3.98190306427627
6.52555404230457
0.988794594393692
1.82360074250028
1.25589594244957
2.56193981040269
6.52757989009842
5.43721423018724
6.26545926195544
0.632328782169558
1.64713545236737
3.09173509974364
5.17220214242116
4.67110534664243
4.54685555540075
1.8803940503858
5.37798976292834
7.57350700821969
5.262924013461
6.51423464075125
2.38819782543696
8.67421927396208
1.58503099810332
2.59831193593382
2.30584180681035
2.8276304283873
4.95290044075851
3.99008004826532
2.43841694296269
0.287404039409012
6.44732898799703
5.21738235838711
1.71572691001549
6.90984866289377
1.2241813098151
4.92833366112061
0.0291148899123073
6.42922666128201
0.523577863350511
5.28561066748825
4.74402649560943
5.16257497236416
4.89194511901587
5.38666952010357
3.5157254547812
2.92046468239278
2.72541090045293
2.77812433196232
7.69288357114419
2.83204024576905
0.288204627577215
4.74950978403526
0.171964569017291
1.13585555892738
7.64868674347461
2.29961808137858
3.44636774158595
2.23632246488705
5.42509984225035
4.21278640690726
3.16574913449585
0.337906469553349
3.6177865928039
7.97293993325574
3.15132388747156
3.21157003054395
1.55625458672745
4.15498981771474
1.90952735866382
4.45740104325655
6.24590491063093
2.57842694523808
2.10113893263042
8.4389382507652
6.97314003482461
0.85433229712942
3.68129673879594
0.560923549346626
6.71692966716364
2.25453663151711
10.1323118666187
3.94765891833231
1.50380382547155
6.39092421033315
4.79730329243466
7.09663712186739
5.31450247638848
1.22714212789067
7.12001848380475
2.60129943513401
1.63758961716667
3.20071924696114
8.34611403988674
2.78286755783483
7.44409504113719
4.98101971550859
6.2553831958212
5.48693310736415
6.06116153066978
5.59774384601042
3.78624460427091
2.30260470416397
5.57629303929919
1.93529804486984
0.282046769279987
1.9603245309554
3.06364865895577
3.97472502663732
2.64740997226909
2.38734916783869
4.21312339603901
2.6557565949197
2.18264601375879
3.85807602144025
8.45520255388692
2.93594111222658
1.33933640317991
6.85348011320457
6.68322175042704
0.578319083433598
7.04410641562841
0.891242883416823
4.13539836881682
3.14545090077445
5.39501011371613
5.79550316324458
6.49105322081596
4.20783699172017
7.59544317843392
5.84757414180785
3.39731890184057
0.900873099453747
2.25952445762232
4.07578138401732
0.528251752257347
3.68375033140182
7.02963903313503
6.67521787108853
2.32496944954619
1.97600007522851
0.89063601189733
1.62135580321774
1.40570086810866
0.815453234518111
0.296134181317794
10.2591874870009
6.053249433171
3.18360114470124
3.43963485077159
5.36097151925787
3.57206872431561
6.6634583636187
2.33021076860032
2.53698646642155
3.24158506688465
4.31823154212907
2.25960780041039
8.38225992629305
6.68727615848184
9.15367052529305
7.61872550938278
8.15303078852594
6.37347112642601
5.29393953982104
4.5196301447236
6.55154397529609
9.8022761521861
6.78148906445131
10.3253590847216
2.26754969917238
2.57007125765085
0.614126525985046
4.76534605024059
3.30443386198128
1.46491521736607
1.36234956001321
7.16104411985725
5.14685110337181
0.817192676001428
2.14943737955764
6.3801140175201
2.79907169751823
6.91570427734405
3.12845384469256
9.10578749608248
4.48333836393431
7.48610213740526
3.55050833895802
4.88634052837911
3.183585873828
3.85612300992061
6.76890302987344
6.95525188930333
2.3061303072609
2.78627711813897
7.13649596444999
1.46758161718026
5.82630892749876
8.65560794482008
2.80148785660759
5.47629315406084
7.68938967958093
5.66365754930303
4.45002183550969
3.27065316960216
5.40303162997589
4.22682840144262
3.75197912799194
1.75449793459848
1.52349941715172
6.18794859619811
3.52800363907591
0.70619952166453
3.29959693276942
8.86708259349689
2.75407220469788
0.955341174267232
4.72162213436953
2.50804301806663
4.70973973860964
1.62921825547355
3.08731285161262
2.49546818668023
6.91794051090255
2.35566904302686
0.897358951624483
2.59587330212452
2.76783743504016
4.77761360816658
0.972272345298629
6.48412357344875
6.44774109832495
9.08659449778497
3.78721926826984
6.58082328736782
6.35636015491953
4.63297264650464
