"x"
36.1907940836132
18.5381279611047
19.5366054515327
23.5079308273271
29.7798790270463
20.1270979829133
28.0630714391933
17.6012972602621
20.3939142636955
21.3510304689407
22.9275044705201
29.5364660909399
30.7298418832943
23.6863927682862
20.3285219613463
30.957392626442
16.6310541098937
23.4155150363222
32.4741651769727
24.1650387048011
36.0140061300558
20.9299961803481
23.0475652962923
31.4770631026477
25.3279069671407
27.9460788471624
27.4293794296682
34.0397681342438
22.8335255989805
28.5368969198316
24.611623538658
22.9588489746675
21.6096656593192
15.5558678557369
42.2836635706431
25.8456435054541
13.7654190663113
25.7284090155736
22.0061521045864
14.7737833904102
20.1511686202139
17.8456903900951
13.789965165779
21.2521119741723
13.4596501244232
27.6142980204895
23.8448400283232
23.8307384234503
28.139622695744
19.688514387235
34.1175670502707
32.0671518333256
27.5129748741165
28.7172568030655
21.888006082736
26.2482444290072
21.5651883510873
26.4800587203354
24.1469713626429
32.0330909918994
16.5066177491099
31.1097089899704
25.8785069920123
33.7821210501716
29.245968372561
14.3506942782551
28.9631659630686
24.1276426007971
25.9162771748379
29.9528575269505
23.3577922685072
23.720270046033
24.7139946557581
16.0978796891868
18.3936272049323
16.7196385806266
26.4465477084741
21.5221683547282
24.9773611375054
27.6135605061427
23.6863578246025
31.4848883775994
39.1361351103938
19.8513850802556
27.8084626654163
24.4593529962003
25.0318735139444
22.0446270424873
19.3321896251291
35.7681604546911
18.9196807521864
13.217604951283
25.6684422886426
23.9926849957556
20.0410878285766
26.7464885411682
19.2142177657993
21.0916727302323
25.2726034028456
30.2000578725711
20.9615416591987
26.6899465458217
35.1080461384213
22.478801022026
34.8708995871805
15.6184721996044
26.1158743174747
39.40283418423
29.9892934504896
32.0039025042206
18.9221971901134
26.5151184304076
22.4553501466289
30.1745070610195
21.4470357925731
33.8405905757099
24.5711117750034
21.6368047520518
24.5211679467221
18.2050197152421
26.6277569113299
22.0052659744397
29.5295252930373
16.8902606646748
28.651407873258
30.9640193358064
29.9245685338974
21.0026191490899
29.9035963369533
22.5702316733077
30.3142100339755
27.2167465649545
30.9001174755394
34.3891908647493
23.9262470509857
25.4946326635313
28.4409582614899
17.3469213303179
23.7793069798499
13.7445656117052
25.2423736033961
19.1321467282251
19.6326687000692
31.0042088618502
32.5203299755231
41.7818026043596
28.4700221382082
23.7969067977896
31.6565683106842
34.8253265002227
26.900662179105
20.9270010655113
20.9219595883042
29.969017393887
28.4757527057081
25.6138499360532
30.0400789594278
27.8472204925492
26.7968705389649
27.1665721898898
33.8996729813516
20.4039195904492
35.839857328259
18.2639467995614
34.6054724184796
36.1464782596982
23.236902221106
19.3834704579785
28.8486930308864
19.603603426367
39.1078239754128
29.3752558995038
27.573845977895
24.4753459777846
23.9447552477941
13.0309379892424
26.6039327485487
23.3030895013592
17.5991088850424
23.331984016113
27.6325213722885
12.3421402415261
36.6765104213214
30.972194718197
19.6507170330733
30.0493414048105
33.665001951158
25.7020278600976
32.1737496182323
30.107125453651
30.9099343372509
29.7232210403308
20.275127934292
30.3625003682229
32.0434467634186
24.7567909071222
16.5781929135554
26.3045032974333
28.2677676994354
24.1723421262577
24.8590936185792
33.99516439531
19.9712201254442
14.9939592462033
36.4673026350743
17.0284423278645
15.8553077839315
26.0940770851448
16.1975078218569
22.6078836014494
26.1094543384388
26.723123062402
23.331247176975
24.5555958012119
41.1316061371422
27.8826143825427
25.8872543694451
24.0106333047152
28.0144742224365
15.8706609159708
30.4631268139929
14.1845234204084
27.0967452786863
24.453679472208
10.7852549524978
27.74346144695
22.7490773284031
27.2604409605265
25.2386812120676
18.1818396318704
40.8740746511254
20.0868118787184
27.0937273046002
26.5047404936997
16.7068092152476
22.2746861865744
19.6556064300239
26.4977585757151
28.233004710637
13.7659334111959
15.5190175309461
23.4591489424929
16.4511834736913
29.1800688333097
18.6759010659857
30.7951157885011
26.3610694091767
24.8740087961778
27.1800813265145
10.5194578878582
14.6813787415986
26.6735611017793
15.848674489685
19.3057355470955
24.6522552799433
24.1207958897576
14.7863144753501
27.1897078724578
9.19770142539643
32.4568056035787
27.4699569446966
22.7218209533021
14.15387513116
31.442674039863
23.3896591234952
25.5965511785118
24.7685952344909
28.7553075933829
22.6904529612511
20.7134367199615
13.7792268535122
25.3014518879354
22.9842298002538
26.7818036023527
24.566706083715
23.5747917322442
24.0614924114197
19.5965383900329
22.1975549589843
16.5500252973288
24.9400524655357
27.4486530805007
30.1194843603298
27.8880401048809
31.9616931257769
25.7497418904677
21.6500436188653
25.2482653129846
22.104230745406
18.020221688179
24.6200943132862
22.8149421978742
17.5760509679094
16.6999644134194
21.5140437008813
32.3631927371025
17.4805550836027
33.9483936550096
15.9579631639645
29.7202999470755
21.462151245214
29.8942754976451
33.0590708646923
37.7083821489306
21.726358612068
11.6609586635605
18.0191300497151
33.6772489827126
23.8548191729933
24.4864037260413
11.6934026541373
22.9108241153881
29.6355755534023
23.4313321956774
19.3830309317324
11.968679074198
33.9660279685631
18.2255034205465
28.9620122406632
31.8980679381639
21.3255600305274
38.4740458780384
24.9218352138996
17.6406965818748
27.804635492103
23.0427149916068
29.058707295917
28.3307892968878
23.7835738575086
26.9008021103218
26.7899689862295
28.4480410628021
24.4812405817968
29.841878228747
26.6985883237794
34.8163828881001
19.2117517115548
32.8067793045193
28.4337481716648
27.7899052482098
26.3294986682013
17.4378796318678
12.9320870619267
26.2265440126883
24.4779352331534
24.8120471835136
29.1795001830906
26.6904542222619
26.8823146121576
32.9622211400419
21.4679748551288
29.7078718198463
31.9676377344877
25.117475586012
20.5695919692516
20.3681584680453
24.7187306173146
19.613773166202
23.7405361700655
20.370918745175
27.0448597846553
24.0800409112126
21.3475212221965
25.829488877207
19.9262535432354
22.7687735809013
29.4342441717163
22.5682512158528
31.4929037587717
16.5933166164905
35.8567110518973
23.5168650280684
34.1807460878044
26.1112186824903
19.3984567187726
23.9638556027785
38.4358919204629
24.3463969556615
19.7042576234096
31.8642870290205
22.3704927135259
15.0213280379619
25.9084584191442
31.5665317699313
27.9005623655394
23.4218491008505
28.0380634590983
20.518500306295
26.3967888662592
32.8226321609691
8.92359257498231
33.9681895449758
28.1793685397133
22.0999805489555
25.4558346932754
27.2589564556256
39.8934767094857
26.4138797996566
30.1765578566119
33.7987174279988
22.6812324253842
27.4982309201732
26.5230676222275
35.0660534554577
29.4042383786291
27.0837015472353
21.2190777529031
21.580009534955
33.1064182333648
21.8404442537576
29.6501322183758
25.528574665077
29.1641517775133
17.3326527234167
24.8483727220446
26.2439065457361
15.4367588693276
33.6468821391463
31.5114205703139
23.1612984323874
23.116681096144
39.8972935588857
21.7009943677112
30.3075026255101
21.9043008284643
25.6141125923023
26.368100522086
26.1681477094411
18.9885928761214
35.5020660761373
23.2503353138772
25.1277232076973
29.8615830019116
21.0769139695913
28.8468573475257
20.707772250333
31.5384357469156
28.5861258162186
34.9225829953268
29.6682735672221
8.45618171628498
17.0717230532318
16.3648891236322
31.5988584654406
27.8437203494832
18.6567693250254
26.4093681471422
32.3685916839167
25.4244506824762
18.8880311790854
18.0637962650508
18.8334253849462
23.0666356859729
23.2756719226018
24.0503617096692
25.84448014386
26.7714129528031
26.0184651007876
25.7460504304618
5.59152620844543
26.5589624410495
14.6439389325678
21.3879351736978
21.3826207676902
22.3214538069442
28.3072410384193
23.9253876089402
13.2761411601678
30.7985388964992
23.6114835847949
29.3960290960968
26.880292640999
27.1360248094425
15.2956801466644
16.3556407107291
19.7920294012874
34.1605466557667
28.2130132196471
11.9734231509151
22.3551420029253
22.6579753647409
25.062667648308
15.6922922004014
34.9937848585379
38.0720341526968
22.2376433666795
24.2990000844267
23.400429985486
21.3609834808831
22.8153220145032
21.2463080650195
25.9527485817671
17.3161641927436
28.8814219878986
33.5002127103508
26.3411913998425
22.1603202400729
26.899106008932
25.4240176873282
26.9958320539445
17.965698800981
38.0882361032224
25.0160172581673
34.6463578287512
36.5742853821671
28.5364414099604
21.9231858190221
23.0968916090205
21.4653172064573
19.0199335105717
32.1888212114573
26.7771890154108
15.8296262146905
25.021477870702
22.4428042769432
35.1660470922893
19.5114044705406
26.5081053599715
32.0005531888455
29.7264581546187
10.2500737627388
23.7804762602693
17.8549955133349
10.1115077689105
25.4112059017643
26.1945141712204
28.122129291296
22.5078852614388
28.7882619304582
36.1416378968811
25.6885338807479
28.1214532741942
14.0139209339395
18.0342275183648
25.1237435266376
24.0119526628405
21.1736917030066
22.3502191752302
31.1594446189702
20.7254668697715
20.0881153360443
24.9541004188359
16.9790491461754
33.1341746728867
23.9244797732681
25.5331988190476
28.4953288501129
22.3718374269083
18.2127623019741
22.1630550455302
25.8324833819643
12.9632947966456
24.255933961831
24.3434569099918
32.0366527419537
33.299156697467
32.4053304220482
10.4850219096988
18.9685829915106
13.8562287203968
25.3317637601867
22.1217828907527
22.4455797255779
24.1740934085101
29.0901988279074
24.5144817978144
12.458505136717
24.1474679671228
28.9037275128067
35.4808747747398
19.1999948906168
35.0959101205176
19.5669392878681
33.3450465230271
19.0097537516005
16.7216653004289
20.1925550458281
24.116033851169
19.9218442896381
31.8685133010149
34.1928150970489
16.5537128505985
20.6798820989206
23.2300919014961
28.4258198225871
17.6728232298046
18.4191424865276
26.6841088887304
14.6511113736778
27.1963966777548
20.1099580619484
21.320491633378
33.2489214221064
22.4399300990626
26.1851892340928
21.2998630013317
31.4818864222616
9.99930081889033
32.2946640197188
13.0880956770852
20.3595818951726
21.5916198678315
17.3587691038847
37.4915791654444
22.5029676454142
28.88106147293
35.5143351925022
22.330282558687
24.3115530116484
11.0902610614538
36.2053743076927
34.6697371009089
23.4022782882676
24.4588803307608
19.2342704394832
24.8352332040668
27.6287264656276
29.3351997155696
27.3439921904355
23.5101844416931
20.7896514330059
29.8091430217028
29.6994827222079
21.5341673465446
23.5483292955905
30.7303094072267
17.8039378719404
15.0007310789078
8.76539091113955
26.102956593968
23.7898919032887
23.0987393995747
23.5982813173905
14.1702243825421
28.9696307387203
28.8854773156345
14.3386456674966
17.7991773057864
16.0120444605127
35.0268468348215
13.1663575768471
16.341813839972
21.9500539125875
31.6413850523531
19.4136921316385
31.0359212337062
24.7833228302422
21.6238328255713
14.1930576181039
19.5712289307266
20.9588698351122
31.3302206108347
22.9306489927694
29.4739839155227
23.4930673148483
19.6500230114907
21.2526649093078
30.5440134136006
29.3367536790872
21.1946356110275
22.917382459579
40.6835678012526
24.928375845775
37.8817171768701
22.2002765483723
24.1990866838023
13.0524879554287
21.9027918763459
29.2623778339475
13.6188738048077
21.4020043160022
31.7050889832899
11.6174921715775
14.4922927302609
34.2331611784175
28.5725824069232
19.2492410165608
30.0006627105176
24.1903863614425
11.5628709550947
12.9159693140537
21.4107573730871
32.9430578742176
21.0896514123306
25.3384349207591
20.8918060874566
27.721762121655
30.9392574708909
36.3826423034636
19.8774752672762
29.2900498490781
27.7134062722325
36.7175021187818
26.4098823536187
23.1411753730289
28.0560365645215
14.2091568326578
33.3816466387361
18.7713904749086
22.4835872882977
22.4418567726389
34.631832735613
23.5627727815881
22.7165607269853
30.9223520569503
27.4735150160268
37.3390852212846
26.6896625049412
29.7402664087713
28.9792606374249
14.0790275363809
26.9167440012097
24.1150902584195
19.7683012578636
19.9546070070937
30.3922160994262
20.5041472567245
31.6955384099856
30.6010942673311
29.6760075027123
25.4338786171247
15.2692741714418
26.0467612417415
31.4303355524316
25.2649251138791
29.0456220740452
20.2909654006362
29.8431591363624
19.1479585831985
27.5411984184757
20.4188952455297
31.045995070599
29.197611217387
18.0457835369903
30.5540311383083
28.0174084515101
20.358871971257
22.1917466013068
30.3297184640542
31.3693151270854
23.6137788277119
20.661467382493
34.247372741811
18.0736504606713
22.9996573412791
17.6412989851087
8.54463691357523
14.5612949738279
15.2869487879798
23.7141574034467
28.9745792513713
22.0914622070268
19.0108946757391
20.2262251870707
28.1265559373423
21.196556231007
22.5476762512699
16.7122972891613
33.9418070856482
18.6124488245696
31.2086640158668
28.4674238879234
26.7307118978351
30.350297736004
25.5232188152149
24.661846482195
21.1103230249137
18.4113847324625
26.9931649994484
22.5928420200944
35.5606653706586
19.323155330494
30.053354986012
16.3866503397003
33.7441368288327
17.151738004759
16.536981497822
16.1052589289201
11.3479583371913
25.177037040703
27.2170169977471
24.6524460274729
24.6544355293736
26.1929931351915
24.448821740225
20.5102334585998
17.697689216584
22.1094346372411
22.9767184704542
21.9021308813871
22.7374164620414
21.8450627056882
16.494156117551
25.5676698798686
29.1282100370154
19.0608224731149
19.0838585840538
20.7387147471309
26.0720896767452
30.1574129145592
27.9361040564254
28.4509429009631
20.3393798088655
29.3200336629525
16.4352110819891
26.2139608425003
33.102475409396
28.9339226670563
18.2101362850517
31.7655211288631
33.0307804280892
26.1170563293457
32.8363524982706
19.9981218669564
28.8276713574305
32.2145510464907
28.4446746110916
26.2275224784389
26.3234336161986
27.7838252717629
30.2079997956753
37.8073490669435
17.0247945003211
6.37652790178872
32.5694889295846
31.1243220698088
26.0236362461001
20.922411349602
22.9378304909915
30.943786422722
23.9737804047763
14.3525738501921
34.3393842689693
22.0068899681792
22.5385954436384
33.3930588327348
22.4838932743296
11.5353234112263
17.890779961147
24.6203717309982
31.1701169237494
18.078296049498
13.0547286244109
32.0932239526883
27.8994468040764
30.2167152054608
24.1567365359515
32.2211848106235
23.4433751087636
13.4511235764475
23.1872237753123
12.4742225511
6.15843396035802
24.7386691393331
22.5514971185476
28.0081170373329
18.8642852474004
28.1479876022786
23.3960423152894
21.8504673102871
25.8264865260571
18.8098536105826
21.9358990434557
17.9626576369628
20.1246961718425
21.3619868736714
26.7280823738937
29.2970408685505
24.2803053930402
27.3837464861572
39.2397300732712
25.0319264130667
23.263107660622
31.4967492828146
28.0044754734263
31.2830909853801
18.7595579773188
21.9393834006041
9.87779994029552
25.947793899104
34.4401380047202
19.8608793318272
26.0062494082376
14.0356727177277
32.9914336558431
27.4817188736051
22.7372479625046
15.6196134863421
18.6402170932631
25.4996911855415
24.398043518886
27.0170903997496
19.846233685255
31.8940276280046
22.0423870487139
10.93957956958
26.8354700645432
19.6040109964088
28.4192004008219
30.5562698515132
24.4948285864666
25.0770391663536
12.5261580338702
12.0711044224959
33.6748437257484
23.3174742665142
20.9105863468722
19.6589954895899
30.0959339132532
19.9063912493597
26.1535244528204
17.8395938475258
25.0867264345288
25.1770561560988
27.5895664002746
33.8617326226085
27.4759392021224
29.0863445261493
34.3414424452931
20.372668094933
29.1349116712809
25.4289369081145
22.8256925242022
22.713215649128
20.3966547735035
30.8738862397149
11.2406649626791
24.9673303915188
23.2967674965039
22.5218090461567
16.1485435079789
29.5987415127456
35.4246032064264
23.39806354139
22.5556908103911
28.6615639692172
28.4808366559446
28.9673545397818
23.5641272738576
17.8033345611766
10.0587421329692
17.9576334776357
21.6300185304135
25.0612063333392
32.7808144735172
23.6792375100777
27.1472274092957
21.4914881391451
20.4667910683347
35.8797547076833
20.3282509285283
16.2404913455248
13.5388419497758
31.1617611208931
20.311778600128
22.5432699546218
22.5248783593997
11.6225084522739
26.2989575043321
30.7310007279739
27.1791845737056
28.8808112964034
25.7246803055693
25.3016436472535
24.5356482919306
18.9551524817944
29.9364826874807
9.02379436354551
19.50738948694
26.8799756420776
25.9427920449525
26.7182220006362
16.955327312462
20.3258357709274
22.8204388171434
19.1659727832302
26.030533015728
14.8555570747703
25.817464874126
14.5924788666889
14.3950883764774
12.6919995760545
30.3408534106062
14.5857321589436
17.9239118659428
18.901921925135
28.6832751706243
24.440625240095
20.6155424006283
25.5517256679013
17.186323995702
21.586137637496
31.7714395467192
29.0170003427193
28.6553940735757
16.9778811046854
29.5887900295325
24.0668769693002
19.8130225399802
15.6338512897491
26.6729291994125
28.6540402565151
19.8099408997223
30.4926136974245
12.2603128897026
28.4474208718166
19.7945351013914
26.2052157195285
8.31095131579787
28.9537802804261
29.9959597410634
36.4183547419912
17.6593038020656
30.7206767378375
13.5345040073155
36.0240293486156
36.2684867789453
12.8614376626351
36.0254768752754
23.5577769111842
28.1103924848139
20.4204995185137
30.7718556607142
22.8481738595292
20.5740704518651
24.4163666153327
28.8462804397568
27.8361788950861
24.9077001586556
28.2916478550514
13.2303673405175
14.4966434360206
21.5562872821465
16.1697638919577
22.1130647031685
24.926335318014
14.2380672506988
21.0876009892672
38.9579221307729
25.7391529157758
23.6981738591567
30.6121734641801
26.2322787661105
30.8328439947218
27.5855958694592
21.0338536184281
13.4977281298423
21.9892064575106
18.4448102489114
27.9538003680114
28.9649811806157
27.1024679066613
13.5091342264786
29.0379263460636
16.612151847221
24.641085951589
21.4186590669593
12.7551980316639
23.9964711014181
23.5852611018345
35.2833627899481
14.5705445669591
22.1410145284608
21.4837009189695
27.0807808497921
28.585110604763
22.6208193427704
25.554787251167
24.2768914501539
32.3034099303186
23.6151251243427
23.0040155583993
19.5622810162604
22.6208280073479
32.3050738079473
11.9488390343965
27.3773537017405
31.505212164484
19.6017798901325
21.3531612884253
26.0189383523539
29.7177474712953
19.0828015306452
18.9477167092264
24.9371222220361
19.3763766761999
29.5392923522741
35.7356742704787
25.4326993599534
35.1638798723616
19.9778516366508
34.4313691137359
16.1959091899917
29.7534185228869
20.315649593249
25.089889136143
28.5156558500603
25.4914081655443
25.5739147397087
32.1728079755852
32.4959785039934
15.2478599455208
31.3092681346461
28.3604078204233
18.2385111227632
27.8120839735493
34.7632344832698
21.3558692019256
31.8294320022687
25.564057007432
21.5201301637283
36.8955810533321
25.7306076120585
31.0261362232268
24.215337401256
26.166789745912
18.2844958733767
28.2056355616078
16.8129505123943
24.7878320980817
36.2347356488413
13.8180303154513
29.988296632655
26.7906656023115
23.1750873383135
11.5308853099123
31.0849657747895
15.5725307995453
23.0728452093899
34.2393239960074
27.7948140632361
30.2617309382185
25.6403443869203
28.5628356272355
31.5252827247605
33.2571419421583
34.4960952177644
27.7282141614705
25.5932646271965
19.2031316919516
25.3024420473467
24.7673390666023
14.1134922950823
30.2519896766171
16.4915605002328
32.381923426874
20.3600530512631
28.4890793729573
19.7372836293653
18.5664999065921
26.441599894315
24.0493041696027
24.2835263954476
29.8202375415713
18.8577464781702
31.1453748494387
20.0980506138876
28.0527668281709
29.3998609296978
26.0022266535088
17.8373708051113
18.6715998919681
24.8743425435783
15.8563426928595
32.8986671986058
30.7866799374871
29.1522137122229
17.4132565734908
23.9282000577077
24.4909675093368
28.1246635626004
26.8791517941281
29.5637106290087
14.45579349529
30.7414818089455
22.4493198096752
25.980508280918
24.9577362090349
38.3291686398393
26.7401050776243
29.5436906861141
25.7216788828373
19.7337424246416
17.210720712319
30.8062196010724
26.9812016282231
27.1875520702451
29.4162122146122
33.9367358246818
15.3048979110693
30.683213705197
32.7457670588046
24.1363222012296
28.2429025508463
16.4565728046
22.0834682632373
25.8167847758159
23.7127013271675
21.6609184863046
19.0114998583217
36.9924529749749
12.874275120523
21.6642212604719
32.7403935370967
22.6160144433379
31.1800483614206
26.6923202900216
34.3512787017971
22.6313760504127
14.9784092092887
15.6454886034317
20.6730380417259
29.4053496792912
18.9374092267826
10.246843204263
33.3725525545586
20.7567040808499
24.4594732299447
18.2075570570305
26.7461268464103
22.1271899528801
27.6166366180405
23.5517075983807
25.3376085078344
31.1616896418855
25.1385456649587
22.548418934457
24.8634285759181
16.9176875777573
23.8586253719404
25.1571340952069
21.3574818747812
18.4981187572703
21.2531943107024
29.447026969865
15.4257691508967
27.3169490974396
11.9105742993334
10.1600646041334
30.3841040702537
22.7409082232043
18.0848201271147
34.6748633289194
12.4753026819221
22.4787048297003
18.467033669668
18.5166874434799
15.5238910140652
19.9701672468224
24.9918184941635
22.0092971495372
25.6677544908598
22.278609406203
30.9546662104628
26.364957052283
31.058105872944
25.0341315342529
19.0340263303369
36.9309243569211
20.3199664596468
19.2218125797808
18.2991811539978
26.9800993381068
24.5476625626907
27.2388555109501
32.270982908085
23.3967201318592
22.7984047494829
28.7682397291064
34.6244140993804
14.3014204921201
26.6897558001801
29.859532462433
35.7111985308534
19.8635478736833
27.2074988111854
15.3743383241817
28.1367231626064
24.1378051694483
34.3557839980349
17.0248349798952
18.9553452190012
14.9862875463441
26.8742920598015
31.2286184169352
23.6142622074112
16.1368790781125
23.9092619158328
30.5936517426744
23.4736450016499
22.6188801927492
29.2953528929502
18.8402199491894
30.7596241822466
24.6318944031373
27.8695221957742
22.0498987939209
12.6403931993991
27.1620399085805
22.8305505122989
18.7486902810633
20.8518905486707
41.4422317387021
32.698281807825
20.1493207830936
33.0197338247672
24.8412055429071
26.8666742602363
26.0508491192013
13.2051657534601
32.9750440549105
20.2941816217772
18.5816171811894
26.7746596829966
18.2354589924216
29.5512043405324
11.1370989587158
9.76969893090427
22.1878046618345
32.650941121392
23.3119214884937
30.320272827521
24.5800195029005
30.3696129471064
21.5695833321661
17.1213224297389
27.1472570486367
23.5090077389032
14.5817975221835
24.8062845019888
26.0912092169747
22.2088065196456
24.1706411819905
28.6027756053954
34.8848718461923
30.576916462075
21.2012294948111
22.2057641483843
29.7924908110872
33.4786098217592
34.8406592981845
31.5492078196257
29.8771030036733
20.1347812544554
19.2262928467244
23.833357103409
20.1789085119867
14.2074778133184
29.5550592942163
18.0656335674646
28.7241486025754
26.825007959269
22.2927254391834
22.3837342113256
28.2230981997206
35.2595905574977
34.8190718919665
35.8412078216439
33.6072707781568
36.4648016078874
20.5438720295206
31.9972569355741
30.0077118445188
27.6702551636845
17.3510042950511
22.9365940474163
23.3927036635578
27.3658591322601
29.0006152819842
20.9291975712404
29.1286055929959
28.2775896135718
37.481676598773
34.7994740350369
37.3844816794103
31.8817178485915
19.9678521836177
37.6073171829289
28.7019538227469
23.348400532268
18.5038149356842
22.8939507389441
23.888139706105
30.7345104869455
30.7915082201362
29.1271907510236
19.8581294563919
10.8078767545521
35.5024747529483
26.9565001130104
15.2771263583884
27.3486006539315
24.9475812306628
28.4961801953614
25.4084351006895
20.6525681683401
23.0095392093062
20.927690085955
34.3207427999005
27.7829214930534
26.1437868541823
20.2635209467087
26.0244312297277
22.7302777813748
30.1902204519138
29.6932589495555
13.7758472235873
23.7176878144965
29.9299529986456
13.3178329811942
19.0447476925328
26.8579529365525
14.0999985160306
34.8397933391339
29.6458723722026
35.2282688376963
23.0074459919706
36.4042265319681
24.4650469394401
18.9943530596793
31.2364907003939
18.5202350171442
24.8875291785225
29.0520973270759
21.2365286191925
29.3483383255079
29.9671131884679
30.2611380117014
22.4426234747234
11.5706087998253
34.9842532516873
23.9028068492189
23.3973196242005
28.1211118679494
30.053305439651
32.0893655531108
24.5791812194511
15.4590057951444
24.6698832372203
24.2894746130332
11.7166857933626
32.7591054141521
19.0103946020827
20.369569840841
33.7708885781467
26.3175552710891
24.2518404265866
18.9861283171922
22.1664741868153
23.2915992848575
21.9387127785012
19.0448351902887
25.3564679063857
17.0010779052973
18.0433142438939
23.2970045180991
19.6005234766604
32.3689014418051
38.7546089922494
16.1900202278048
28.3875565975904
34.4072902342305
20.0140095548704
28.0448942212388
20.9358364809304
11.5810141479291
21.7812142102048
16.6526005947832
25.8635307662189
16.7460600353181
18.8425200991333
20.6369644030929
12.6752740237862
37.0206918286107
30.1213816531571
27.0311570027843
20.3800250543281
31.3325210474432
29.713789280504
26.7556628445163
31.4042665995657
23.9385570632294
25.1246040454134
21.4650135448262
20.341921155341
3.83028290234506
28.3019847702235
13.1196760805324
19.3926124135032
27.0198123762384
27.9559944335868
22.9318389669061
18.8020109431818
27.1509455051273
22.7625449886546
26.4915028819814
25.0915328972042
27.396663534455
31.8997376132756
18.8341595465317
14.8785740369931
26.9855147460476
22.8910924168304
22.0613625366241
27.2572115296498
38.7209928573525
21.7375843785703
36.0920129348182
33.81461377077
13.3473217254505
16.7308192266142
27.2412907099351
26.6407030867413
14.9864668026567
26.7302909865975
16.8817872414365
32.5136182829738
34.9965543930835
29.2750091524795
14.9844952858984
20.9697763901204
23.8820561440662
24.8630435438827
23.7323690438643
23.6477468162775
20.0119151980636
30.0467440625653
26.028608251363
10.3668556315824
11.3073506015712
28.0859000049531
18.889195448719
21.7896168120205
26.847917214036
17.2408726764843
30.5237722583115
24.8296364909038
18.5451526537724
27.7565333662795
20.4922736855224
27.6513035409153
28.6223172279139
23.5033160774037
30.6251985020936
29.3594206450507
22.2862081136554
28.8339757611674
31.0017181094736
17.066564307203
30.8367273304611
25.3927836660296
25.6193089066073
23.3443517703563
23.9362734674351
41.2715187248671
30.7264439528808
23.2404034119099
32.8305480768904
13.9407062035833
30.4196768905967
34.2351840808988
29.0707177715376
28.5461134975776
34.4780969899148
33.432412170805
21.2591397808865
27.9754846356809
20.5440430901945
20.4195541795343
28.1242045108229
24.116451380326
22.6024893112481
19.4918038789183
25.7871345384046
27.6691664010286
27.3368325084448
23.3558649430051
24.7904387302697
24.9091809267865
26.1790689779446
18.5639276634902
26.2605567229912
27.7680933941156
20.4333971254528
21.0459413472563
25.1173671334982
18.9328287728131
37.6047507807945
16.8688472970159
22.9638328077272
13.269532751292
30.9200793039054
25.477279885672
30.7982829166576
28.7491470808163
25.0062451697886
14.8508927086368
31.226724293083
22.4090638803318
25.1751515083015
36.1954979111856
29.1371057741344
35.5919016204013
18.5383517295122
31.5398141741753
22.2647757735103
17.6989487838
27.2552934475243
20.2581952925631
31.5849127946422
17.6842381841246
23.9737715804949
25.8633240591735
24.809951055795
19.4839799311012
30.4284668760374
23.3589703390027
28.1633715378121
17.0848236133047
31.1143747763708
28.1225747932582
35.6865081915116
22.4728568922728
23.7364764672989
21.66105236755
19.8157960316166
11.7476898478344
16.1435107700527
27.6798008941114
12.7977196360007
21.944270376116
22.7843884145841
21.5237322961912
33.317146380432
24.9601358631692
11.3162728026509
17.5712853921023
15.9631265560165
36.7366998901075
29.6385973226279
23.2981107300762
23.4476263459702
23.8129650009796
26.1083469493315
21.303771995008
30.2086629439145
24.4639000622556
26.1585969245061
29.4797192560509
30.7245789794251
11.7237504503534
24.4017872493714
32.2389152832329
22.4782553734258
23.0977674480528
19.9286681367084
22.7370807202533
21.2237502279903
19.8594907065853
20.9525670215939
22.4322360008955
28.1241223914549
22.0507750986144
28.3609005156904
28.6135218339041
27.08131352844
15.3313735965639
15.4160253236142
28.1742287726849
21.1779471952468
25.8825950091705
15.857908455655
22.8214620379731
20.01127761323
31.9084705784917
21.2915028212592
28.4074358874932
28.3347841352224
18.82639730298
26.1114551491153
32.7372136751276
25.7386089500405
13.9950359007344
23.7605617561263
29.6039913780987
25.5218982929364
26.2892894912511
26.5142312971875
20.2159052714705
25.6804892094806
20.9074230106321
29.325842182152
26.2609109515324
25.2850997494534
20.3441474819556
23.8211622927338
30.9293240774423
19.1800989909098
29.4671948766336
22.2314714454114
22.1312403678894
29.8095544334501
27.7985401684418
30.3863869514316
16.6628174118737
23.5994268674403
24.3963319342583
13.8032067334279
35.9660424329917
18.530207778401
25.1042948104441
33.8344840565696
15.523428433648
15.2641477362501
20.9293656272252
24.686833913438
11.9523778092116
26.2373887933791
24.4175996165723
20.1109612593427
18.9787489827722
24.868611828424
31.3911679200828
16.4825693704188
28.6522312555462
26.3371436623856
18.2261536130682
29.6618826454505
20.0174591038376
17.135343299973
32.1854710578918
31.0342390323058
30.6860650889575
17.3992858268321
17.063938616775
24.6115015121177
23.3295149868354
22.6910731522366
27.4395757354796
26.9184132805094
30.4170125396922
19.6103605208918
32.3025043355301
36.3906640072769
27.4313749279827
31.7058574641123
23.1858405983075
24.4841744424775
18.507829185857
24.9032360501587
33.078164816834
31.5983433509246
36.4265353557969
31.3558058580384
33.4203105652705
29.0499694878235
16.5709548445144
24.6012856019661
26.0341115063056
20.5834274645895
30.739685986191
32.581589743495
21.7710653055256
26.0799982585013
30.7147809071466
19.999718433246
29.991686088033
25.300079131769
21.722228359431
34.3156866030768
31.8770969286561
22.8469382273033
34.6875513853797
24.5660049607977
27.0206007175148
24.141940032132
24.0730413235724
18.9304761054662
27.6195825310424
11.1141279628756
18.5996234869789
30.2549445768818
14.8803458469997
10.4283177479932
23.4049281105399
25.4748200299218
23.4261259993782
24.7245201840997
16.1294022843958
31.4218392129987
31.6122666466981
24.7148539969722
26.6676928848028
22.9769649449736
27.6453248225152
24.7490208828822
16.3584894733503
28.3884679200128
20.0420684879646
23.4523469116539
26.1424309108406
32.1282485965639
22.1710094017908
26.0497649200261
16.1047091940418
18.3920609997585
24.2725563468412
25.4495048429817
23.1134873814881
17.6510374966564
17.1909818650972
14.0143023799998
15.5217606341466
28.380023338832
12.8917488888053
17.0420743059367
22.113601770252
26.4315294800326
22.919694846496
26.4131549694528
27.5573260849342
28.0310391448438
22.8526953374967
24.9685901449993
25.3589691128582
11.8463260354474
33.9354338124394
24.129388271831
23.8273506751284
19.6505661588162
30.0231781089678
12.1174243045971
20.152695546858
27.3240588139743
25.7257566787302
26.1562567476041
16.8076819507405
21.2336351862177
16.3581776729352
35.2474823573089
23.2599108712748
25.8933865930885
34.836919044838
30.1011399133131
24.9952261336148
29.7055394621566
26.9390754168853
32.0706411032006
23.6260753823444
25.4395249765366
20.6491820741991
27.6406316552311
32.9833634896204
30.9676581295207
21.5013152686879
19.8522327947095
27.3024163208902
16.5768139995635
29.2432198766619
18.7350522493944
24.8700350892409
26.466187951155
12.1116121998057
35.2401405551887
29.01000615675
33.2484223181382
22.4722653860226
16.8024801183492
29.2744229082018
23.0488618370146
24.044062779285
13.5360639542341
23.9698664356207
17.8765556076542
35.4759287999427
37.8016373121595
22.0568127930164
15.8808781066909
28.2867629779503
30.8182194363326
30.3979437565431
27.6317042997107
26.153294253163
29.8027771292254
9.11971398163587
18.3840400306508
28.1447348184884
17.7242928184569
29.2053580051288
14.6799916401505
24.5225406484678
26.7096332740039
27.2480739746243
27.9990430455655
29.9504604423419
30.7817399036139
32.7884781407192
20.216171303764
26.5522775590568
27.7526734396815
21.9873536843807
24.6829375857487
31.6885461099446
26.4873862732202
27.2333875531331
29.2857867898419
41.0136925966895
22.4341585533693
36.561811713264
24.4446717435494
26.0064545506908
24.264143730898
22.9983321856707
20.203390527713
25.0016044126824
37.0665825560127
18.9521494787186
26.6724065644667
20.9256203122693
31.0088631464168
17.1280630688646
23.9076788071543
25.1336787827313
25.0289396615699
22.9305225805917
20.92277884949
26.3042817823589
11.5540062543005
12.2724262299016
20.1250027795931
29.654346127063
28.9232755312696
24.792473949492
28.9484643843025
21.0623973049223
25.5747315706685
29.0691347327083
14.1495018266141
18.8791355816647
27.0514968209575
33.4837349131703
34.8824604393399
23.4701812500134
29.3037154013291
16.5244465658808
28.0628390843049
17.537936125882
31.7707791924477
15.3090442763641
21.4208044810221
32.4676293181255
39.1554184134589
19.6382219903171
14.5566407591105
24.3737834738567
20.4686549026519
34.9412707729348
20.2133329564892
24.1259495782623
28.5100509179756
17.279264473498
26.406738255173
12.3381684534252
21.3278187206015
23.5553893726319
19.9218357680365
9.74348838015143
17.9270784603432
18.7363754957914
26.9910923903808
21.1746280141435
25.7006488740444
23.281504237093
29.1559293400496
15.776176773943
22.9768086224794
24.6404672274366
28.5298387985677
21.2190248770639
34.5800979994237
13.8033071347432
24.9908521771431
25.318394592096
19.8261104768607
23.5610325122252
35.9650805571532
20.5321884015575
19.6005741367117
25.9114256827161
33.1145424861461
22.7208473486826
32.4933337979019
13.6482818750665
27.1370946895331
30.5891571100801
29.4997732387856
30.1564888330176
20.0468938797712
30.8701845118776
28.4254360478371
