"x"
14.8509064456448
19.4635490222035
20.0052888598293
21.9515596881053
16.7945929570124
2.54274774550364
12.538940878585
4.18813931755722
9.76406611580629
11.184966028668
15.3409037841164
0.706644263630329
8.57170637828438
7.26743212435395
15.412400662899
14.4920619437471
5.3464774621222
19.3853590121627
13.0142251495272
6.75057813654033
4.94815681595355
10.5907686700488
9.49357133358717
26.0645473143086
20.9200338460505
7.15992673660431
10.4523613831187
10.0458631990477
6.89693566429875
1.3205278897658
4.33558190707117
19.210240081884
8.94793285988271
2.55831787362695
8.47171079367399
19.3901036866009
13.5368821909651
9.45689255361754
21.5414440957829
11.0513626597822
15.6224124599248
10.3108535287902
9.11334045231342
7.54508334212005
20.2175261685625
17.0349418418482
14.7760676220059
21.8373737530783
23.7775286659598
15.8790505025536
4.05562699306756
9.28516578305515
27.9383229324594
14.3050689589409
9.46346996352077
20.3301831847057
16.8457194464281
17.3847779482568
16.3562944158912
13.8526926282793
16.7119820056589
9.85552601050586
14.0044601638008
19.4115689722821
8.55780863921378
4.76768863119437
6.71885697048744
7.43761700578034
13.2225502980873
18.1108076358214
8.00443717744201
11.423269379884
15.3989171609282
11.6469194646925
22.2632462537883
15.4917296953499
9.91825882811099
9.10266726277769
4.32807297911495
15.3288526144923
1.24785418503359
16.3422706769779
18.0989644257352
5.65885486437599
14.9457682631105
9.28438417613506
9.67230664983187
11.0141107346863
11.6568914614618
15.5018052481751
25.5864335456863
1.34167587384582
9.43643699865788
15.8527644118294
16.0984389483929
10.0329806329682
8.78300087060779
18.6330072116107
12.8565581759603
10.2691339328885
19.9500230606645
18.1116479326077
3.65850705958669
15.2222062913791
16.3890938507393
12.3317408841103
9.13543681499581
7.494145212695
4.57240224350244
14.2542010871693
16.6088692611083
5.4115344117837
10.7531015383155
12.8525925450373
11.5713010542095
18.5498853438288
17.0820912113413
15.4390683630481
14.0594725962728
12.1940978385477
19.969319631915
9.76003606338054
16.3681631209329
13.3740175049752
9.78953663725406
20.5399749102071
4.8695077188313
9.31155494442717
10.1625751267141
21.1504935054109
18.0011635646224
9.52668224927038
26.2035827385262
9.77010624148829
8.07200554891482
16.1907628877088
12.0899112544854
14.3052289262414
17.9938120301813
14.7164679365233
10.4220141191036
23.3779769506031
17.4024127231864
21.9099725982641
4.09826644478513
8.41716049286531
12.2278082184494
13.2418018998578
4.32470093946904
25.1429014457172
21.5238929027691
18.1028062244877
19.4323523435742
18.0499033536762
13.0755367138784
20.5731474794447
6.82194213610009
24.2525363725105
4.06987664755434
14.1443996224552
12.5074021983892
20.8291305608886
18.3153091929853
13.8237693347037
17.666241992265
7.47267310738157
14.813674101606
10.6987561099231
23.2210796093568
10.6555793201551
6.18453648422561
15.2950090382054
10.5057847453281
1.33907408453524
13.0020449299341
15.4559190850705
14.5152319222689
8.61363410535356
12.1822112938389
17.5113995326683
17.7575826179236
12.0768191991374
13.5773888556287
7.83149965573102
9.9503176053986
11.6617216728628
10.713634849526
17.0718126736391
13.0660769063979
13.2812177069036
16.1439174320549
14.8831203347072
22.3620703909546
14.3079013796523
21.6114037670195
17.7489694440737
16.1943859729261
11.2235365187093
9.78666876908392
15.9312875010073
16.1497274879366
23.0016653891653
11.2834223313257
19.8707224801183
12.0204706602012
13.0588949657977
5.53999664741669
13.1702979793772
16.4972291236326
6.33663362097383
10.0788173265755
11.1747668357566
14.911645767279
5.21927822846919
10.7629389502108
18.2266941061243
11.2761686823093
16.3617460605243
4.3537848171529
10.8843576628715
21.4684614911675
2.40328784322129
9.85285758506507
13.1773308385164
7.06788362003863
17.7865727600354
14.7743254434317
3.02457774523646
7.51224879628299
8.92972559439077
7.77050205506384
0.229490691213256
11.6654448540537
14.2367472773384
14.07488246914
15.1787041919306
12.0832987091398
8.58965308795889
12.780358183227
12.3248283052817
13.3141349069774
13.2983745541424
3.73633757699281
12.9403577186167
10.8607961563393
14.3212877679616
9.1057053534314
12.0300494600087
16.2675233790651
20.977899315767
17.6039533689618
19.0349641987441
21.8872003024444
11.123967266059
18.0359011515975
23.8744560629129
12.6712024444714
16.0314541077241
9.79220836383983
18.3609417872503
7.3361182352528
14.5004419609904
5.55545995011926
16.1711483960971
14.6817175904289
12.2429440905676
15.1893912116066
14.3256208626553
3.26110579345603
23.3471007086337
19.4491461617872
11.1421718865471
23.8185603883669
18.8065134702281
7.59247145371789
5.64553190488368
10.8376053161919
5.51509785000235
5.33477961465818
17.9545640479773
3.19680550601333
15.7351626730292
24.5088626164943
6.90035981323598
18.1104614166543
27.9924905626103
10.264772871586
19.8571261484176
21.5619397159691
8.0117917386815
11.2043296917563
16.7242245515808
19.3658288335428
9.95761746531148
19.6901685092598
13.9810288324952
17.3146753804758
16.267329081893
14.4811054458842
14.1754425338108
21.4011965230667
6.57981316141258
18.2041179388762
14.82935400973
14.1199996975113
3.8303571128413
12.4318771064281
5.0770464586094
5.26991821825504
9.43869280163199
17.0041218167171
17.9417951498181
12.4649579826411
4.37626587360749
5.87265144567937
11.0816199332476
20.5793026601896
15.943313902244
8.28281159047037
15.9514220431447
16.1257491207913
10.9103113180026
15.3592854449413
20.4888860332214
12.7830027494847
11.7842469974806
14.8025894889527
4.47161563206464
10.9361869635178
29.4917034218088
11.5940123097971
21.6239519882947
10.2594253415812
21.853838651441
18.9259780301681
8.32588314078748
11.3385408725536
15.3114652261138
8.73258847603459
10.1121446117759
6.39313429345958
12.9778510848782
17.051573144272
1.50035481044808
16.7451748391613
16.1169636837009
11.5849669091403
18.9695761073381
8.46581519581378
3.38903534263503
17.0124349882826
9.42850790452212
4.51371724761916
14.1901737503837
14.6329347681529
10.8917640328452
20.2222927939147
13.1474312162027
19.7937353514135
9.85993161844034
9.59297637455165
0.0917966011911631
17.7925789263099
9.38911852426827
21.9439153093845
30.7838407345116
20.3727974090725
7.53159664223915
14.0667196596041
6.06848784254175
12.5849480740726
13.3206287418363
13.5877314256504
10.3820454720366
16.9558675261214
5.88229976128787
12.1876452118158
9.90363992750645
8.57232944108546
14.0671383589506
8.84945160009975
9.84418445732445
18.1905621662736
17.059322300346
22.4354790756479
7.00027127750218
10.2518904354466
20.6845424603671
15.9691878966164
5.17157738473347
9.12773818708956
12.0734333293512
16.8493184648375
14.336511050351
13.9128501294181
20.8810514304787
12.1086812345311
17.6332409959286
14.5100611004419
17.2840527025983
8.37253576525815
1.66843673214316
9.37376387882978
10.8019055717828
15.3568629641086
18.6375623112777
16.4379365509376
20.1913538388908
12.0810361191095
13.1460182834417
9.83517613429932
6.40033867675811
23.1247009010985
13.3412372779909
2.24132491275668
17.972369119525
11.8205569684505
21.0706849815324
12.5597313977778
16.6306026470328
15.3161767404526
18.268575607686
12.6540760532887
22.2109863301739
12.8476958721876
14.0810662922314
11.8199169170111
12.295078733702
22.5413131993264
18.9590089721605
11.8502453514678
11.2148939565599
21.8972967937589
18.0668351706117
15.4105686116964
23.6101573565975
4.4771210975582
7.62149641809303
13.072397298092
13.7310393660507
12.779994495213
8.59983419068158
7.21593941561878
16.2478169426322
13.9564127428457
20.0570035228192
24.8534976970404
3.88176550623029
17.6103978883475
7.75890846271068
16.3010300602764
0.011695153079927
18.1348700309172
12.0651269564405
7.25960675626993
15.2407823738028
7.2141885291785
16.4808568311855
3.38482386449488
18.892898526974
16.6391912847757
19.6656512329355
14.3292141622852
19.4250382250175
8.92404738466822
10.4853535761373
15.9672192468026
16.5400360488307
6.65887222647823
15.1144500123337
22.1129871206358
13.2092942716554
19.9613956734538
24.9508531298488
2.19003646634519
17.7451569819823
22.1055871574208
8.79415447913312
11.4222758521145
7.37804428879279
15.1895032031462
21.3343316921964
16.7194873793051
4.79391939006746
14.1294007422403
11.6434418130666
12.8761967644095
7.31838184050355
14.3489023549748
11.3642951939255
16.7593704910833
11.8099183542654
17.6729245111346
6.96038206332932
18.0346709877851
0.92082095798105
11.9690960155668
17.4931369023398
11.4554987754673
15.919219100732
12.9457723764239
16.3128190673888
8.64019298821174
9.74277150817215
1.90602086950094
12.7982875099406
9.58746691113311
12.1096635935828
3.01032334100455
13.767580911191
16.6745371190585
10.5985045200214
9.46741760708392
18.378364155069
4.32681616741468
16.0772940609604
18.6458089050418
2.87357751981627
24.6898943325505
12.8024491248652
7.03448972816126
15.4781223041937
4.01691403239965
2.21000723540783
3.00067299976945
16.1613202766975
16.6230934672058
11.8718751295549
12.4250172870234
15.5542951310053
10.0818472448736
8.66010873578489
12.4394470833597
14.875253185684
17.3402633750811
12.1548477215001
14.7363324183971
9.79506379691996
14.7627248428762
12.6127296127379
11.5286138607189
14.8011595709249
8.26189217623323
9.21993358060718
17.8852387238294
5.79453810249058
20.1557522872463
17.8613022901118
18.6307979179348
27.8077943949029
7.50990496458846
8.71531444136053
15.7510690158233
1.51222998874363
9.85294303391129
13.9600707683712
14.5026347832754
14.5041771931574
20.5971410032362
17.9996857998891
4.36776253907762
21.4117168448865
10.2689332226717
13.0683157360181
12.7830248326063
21.6878485280338
19.9622292071581
9.43731908209802
5.51155328556309
17.2577890045432
9.08957875799388
15.7708745449781
17.9841738892719
15.662810668964
20.979583170265
8.78952740001249
11.7743287846593
20.5167882842943
3.53718929723953
6.11561038531363
9.59175417665392
26.4112468110397
13.5698253943271
25.0344958854839
8.44632887747139
4.84023420958241
6.55599348247051
10.8460612595081
15.3385595418513
10.3952589910477
9.55952521736271
27.218202338554
7.18819454777986
0.502113462425768
12.3541089473292
13.7372365454212
15.7478645443916
9.1194497417323
14.3539678771049
15.6984809965083
14.3086187308654
10.863688448444
7.44854123331606
9.13484126066285
6.59253883535395
6.58782270349139
7.93608953244984
26.506223785691
12.2268040234669
12.0521463220939
16.8256039265543
2.54529825605638
11.932671465911
10.5063062394038
9.51513680629432
22.9426932986826
2.93557713739574
3.94424953394425
15.3021871112287
16.7648779693991
16.8254318647087
14.8356511257589
5.89621625840664
14.8035178290894
12.4887543987692
16.7811160070716
12.7374635310844
12.2453342424706
10.3513284732875
13.4746674448252
21.0173486033455
8.73644665622257
15.4692542040721
16.6896758135408
6.8953184876591
16.0768681904301
12.5418425905186
19.4135514320806
15.7446682220325
13.8924549566582
12.3887272551656
4.81095870491117
3.56446281075478
21.771109639667
12.4673278536648
11.2571289995685
10.3392493911088
11.5261992076978
16.8248133268207
16.9240003684536
17.1120819170028
24.8341557336971
17.8098230381945
27.3213338106871
19.2097735591233
21.0861061932519
10.7270749984309
20.5519113922492
22.6546311986578
17.6163617521524
6.06888080947101
17.1789408894256
18.0876956321299
14.6505441516638
14.2371796301757
6.52385139837861
28.5727428039536
16.3578225998208
17.3234185436741
18.1242916267365
6.51253086980432
17.2960888594389
19.9184203287587
9.15061582345515
12.0960696833208
16.6484297718853
4.0703606916556
20.982726267539
20.309432130307
9.74012386330581
12.0643409434706
11.5677230292931
7.44164706269523
15.7452841352582
7.08626930136234
13.9808090837487
8.30493737012148
19.8626996716484
11.1069234088063
18.0125815422963
19.3044447919204
16.4179989136755
14.5811203168705
1.499456143938
13.2537673227489
17.2444887692109
14.7004114231095
16.1484548344938
22.628369438462
10.0607423577458
6.6200738043686
0.132508249953389
7.74604312609881
21.8749018153176
14.2679147929083
9.96944198850542
17.5205301493406
22.5214039441198
11.2276752924996
15.1154178660363
15.709150233306
5.32053868846231
12.7886848324689
24.2243181914091
18.7208922579885
9.62594530499472
7.12048385757953
18.6120037455112
15.7773372559775
3.45860319212079
13.4748429550143
14.5328923885165
20.7410752074793
8.81493389606476
17.558818589896
18.8516400987282
5.79006015323102
6.47426832001656
16.6579552460462
20.269930921495
11.3333254127035
6.6535925725475
21.2399445706978
15.2589049423113
18.8886521849781
14.9547727545723
6.7233760178838
17.2042472520843
18.8520771451294
15.5220253123198
4.82959731305258
13.4443307993934
28.5074176732451
16.6771699283531
15.3643541485195
2.47946560848504
20.56139325018
16.8818891582208
7.58256604894996
5.54547833744437
14.6340313600376
9.85446269623935
15.8565404126421
12.4626037576943
11.0023800749332
12.1929339133203
16.935040964745
17.8524173939488
11.8764331564307
15.8184667683645
5.15216165222228
21.1240159580484
5.12155855540186
15.8389293355867
17.4657328985631
16.3590795360506
6.3055336708203
10.3786081308499
25.4694838775322
15.3849229272566
11.7937505695675
15.040948567912
17.4134120843877
18.8670215662569
2.33051086165452
16.1267634715456
15.6951437005773
18.5362488729879
21.2291791126294
17.3769126646221
7.07365060225129
7.37791069354129
16.2110077366044
0.766338400041854
11.558280675672
13.9943426707759
13.5485460050404
10.8788351528347
21.5314633678645
11.0242611961439
15.9596958896145
5.80457047163118
22.6217515999451
11.0690128319214
18.678247067146
25.2632645424455
6.25597536684491
12.4189750958186
16.7925686109811
18.5362230055034
8.81764015648514
26.872375598413
16.0627594761468
11.100810370408
26.0535203386098
13.7744848468559
20.8543244516477
14.8616095003038
8.37469103280455
10.2874489790444
15.3368593161792
22.4681776016951
5.8104651886135
8.87481456499205
19.5666704094037
11.7128343804172
5.98059836775064
16.4761962601915
15.2952208416536
23.0661457404494
8.58530718833208
29.9128738930449
9.94798387400806
6.31304004271936
5.28884511440992
2.02609272673726
21.3597081368789
22.779601207003
18.8242302974686
16.6597934596324
20.2375906053931
3.69900019507628
17.8315968854783
16.2679283879697
17.2699444778772
4.24972264548413
9.54484810541427
17.7871442355914
5.52829068619758
23.203550116159
19.5853186538443
24.3801081553102
1.47629710247174
14.2245297320187
11.7708524757979
16.3809917401522
2.65351554844528
20.5579899484292
8.33992256282769
7.94163206592202
14.5503927953541
14.1032377943832
12.542951053463
13.9013144886121
22.5951459724456
1.93990808911622
20.5995174823329
13.9552780194208
3.28480089083314
17.334965164126
13.2542966660071
13.0323396762833
19.0337340580299
9.75133460015059
11.9083896977827
13.8906687265262
17.1451537404209
16.7626898502931
13.3088604314253
26.6442689930606
3.96845430482579
17.3948019742966
16.238208906725
9.4617998925969
5.88989593088627
9.235513303543
3.07319932617247
11.0308721195906
7.28022141847759
20.6366868689656
21.705297450535
13.8775338136102
7.04598995858559
19.5284627843648
9.60593173411445
12.0824344689026
0.00242358073592186
10.6386110652238
12.2993014281625
17.2516321763396
11.3912282301328
19.340933044441
14.6484751719981
4.15406661368443
16.6341014672071
16.985774692148
15.1153218514335
17.6172592677176
16.3354002870619
19.2449250956997
12.9891530610621
22.7402530377731
2.65897248341686
14.6326693367562
8.63514638040215
17.4550688359886
4.48562642520399
18.4129252796993
4.10346915014088
11.5754455111662
13.277788204141
15.4013762250543
16.6827717944736
3.25179369767516
25.4625873700284
12.5194562599063
9.37799212988466
20.3497465699911
7.74575222749263
15.014172019437
5.92257799580693
5.1449010774914
13.632675493136
4.45818262308663
13.1938542073657
11.1200873229819
3.21472191717476
0.239951685176806
1.66907857665955
6.52715098112822
12.3657192336395
11.9277758523822
8.03711081781814
20.8798435982317
10.0820965193044
14.2276014434174
9.90856962744147
19.4279076472904
11.0372910508886
3.80680875387043
8.10960829257965
3.02635622210801
4.1316781120459
2.92245426570272
20.8231543117474
17.4288369249552
0.146172777749598
31.6924694925547
23.1113519680313
13.3635969157605
16.3257125904876
11.6832598345354
4.39859458710998
11.1323800066116
2.75532049126923
9.83340201905448
21.3683052686974
9.21046116854995
14.8471880936995
15.8497553318739
5.63122320454568
20.9222403750006
14.4400914898142
19.0894694555639
5.28603838451549
13.4255992947146
0.390294729731977
8.3045402308926
21.6212552273646
19.7913526557386
12.8853149976556
4.96176743825025
7.44284254033118
16.9763709884137
20.0138143712456
11.5386808523908
9.79055901989341
0.600953869574118
10.5080330565611
21.086511015892
18.5274367919192
14.5994439088289
7.80137437107305
5.59671325424226
8.44175335951149
8.87031803092933
22.2120071528479
8.9403057936579
12.0752303338296
12.5059456797317
15.5252670225616
9.18601693119854
8.31063967198133
9.98524930328131
14.1161340521649
13.7803999707103
18.8785150414333
21.7082260875031
27.2535283584148
23.7615754595026
10.1128714391962
9.28993309038793
13.5895376335163
20.0197586901856
9.79798478074372
10.619815136306
8.81038508377969
20.5604130728909
11.0582310473546
9.54752389807254
17.0798090752214
26.0697656543925
17.8056915290654
10.1207631872967
9.13300830870867
18.7550643458962
22.0627305053892
6.94877943354878
20.3980221180245
4.19904243632618
11.7541870733712
7.65374943148345
11.83718703697
18.5958483721158
12.9739948082715
14.2644227569905
16.6473598917946
20.4082171898335
11.1496095312759
14.2240518005565
6.9511667506752
19.5130154723302
26.3494118349627
5.513905454427
21.53126639314
14.5163036121171
15.8960101857802
7.69136896174986
22.9244865709916
14.9296414805576
9.53644757370537
6.41019735485315
12.0270407758653
11.6763872560114
11.9396893896668
23.278196551837
24.0928784594673
4.46341814320467
5.70931013207883
23.0278422590345
6.25460296869278
13.6213908939318
11.4619213156402
12.97562911568
8.53962876725418
8.43950582202524
20.1862474670634
16.1816395586357
17.6376526476815
18.8492029672489
6.44152862951159
10.0155975381731
21.0439234739169
5.11926754843444
10.4366013314575
7.91056291200221
13.9572373167992
10.4513670119393
7.03467825917454
10.4347556363791
25.7945881457999
11.5311909234151
7.45999251957983
11.0553194070235
4.44853495759517
11.4603910308601
9.16145367082208
11.8725198088214
10.0612725248983
15.2510379073717
3.29472650773823
15.6066755764186
17.7037418562405
11.9834355646887
21.1698854069234
4.48138012805502
8.40643301849675
18.1835990864784
16.8736340674887
23.3178523834795
11.697850516066
7.79963153241645
19.4714550627396
9.20494743622839
13.5703469612923
15.1386062381789
21.8184010742444
7.20527572380303
2.8114098619976
7.00939899708145
5.56493648267607
19.3165218224749
4.80711099226028
4.79457180481404
10.221537691541
20.1356697361916
7.47226201929152
10.1663908785478
17.8902543433956
20.5329042393714
11.9886473519728
16.4396188181547
20.3251422150061
13.4584087217568
2.02077354719959
22.3277702694759
9.80808912413895
17.9158081148424
16.9543961295858
16.4238397963345
20.4126827884465
12.5899917522639
1.71457945834845
14.0516640398895
21.4472542516887
22.5457774633549
13.7088502757251
5.14479598496109
23.2456122059375
22.893727199632
15.9073990536854
9.48796782907396
18.629984697327
1.00185781502298
7.22588358912617
13.6437763211689
10.1359527325258
12.4512992803025
14.4009340419716
19.073498690346
17.0907212188467
13.9878477202728
10.0165158723838
15.1258619735017
9.6381553914398
12.3813572519446
12.6079665753629
12.2288443148136
6.19994683656842
17.8490290418267
10.660886624828
6.32248762995005
11.6775030968711
13.4616675308351
14.4514048472047
21.9727581599727
27.2661958807847
16.3039741106331
12.2659475775436
13.7570856953464
8.11326934244343
13.6817104733457
17.9541000863537
17.8520086221397
5.15534095466137
16.1330911098048
11.1094463383779
5.22313313558698
27.5331115117297
14.8038827581331
10.168256633915
12.5854844456921
16.0905370488763
9.3565980438143
23.3860064763576
24.2313305847347
12.1949068503454
18.3768779196315
15.5063176294789
6.23616548255086
17.3779040575027
4.54589482396841
9.81657917660891
15.1299634249881
14.9189392803237
13.7656284080369
0.984243076153406
17.7908224624269
12.0391030795872
8.13047653348914
5.97127851176064
3.0130346538499
10.9131726436317
11.1965793883428
4.83687608502805
23.6257662298158
9.88577932585031
3.05229073856026
10.4990110499784
9.82949869115981
10.5100822460103
1.87139739282429
1.46425247658044
8.75769308768213
11.239606253833
26.048523443751
18.7684676390056
13.100782012308
8.23158378573714
16.3588895928115
8.97117732092738
9.00198016315699
13.6748263397313
14.7358029907638
7.10641672244781
19.1348871449009
21.601365483366
17.6410373067483
17.4293356926444
19.8228559445088
26.8721993546933
23.6074839020148
10.3893266059458
0.0415709568187594
14.6319825671102
7.83433879259974
14.5622733980417
20.4636648762971
24.6378982206807
14.8902075747544
23.678695387207
13.226828107292
4.27014613524079
20.435906768888
18.4539547655731
7.68673890270293
16.281597793922
15.4161736369133
16.6299890493974
15.3248550603166
11.2775065004826
13.3788051549345
12.0619835564867
0.0577381876684338
15.8048335462809
7.69297963342021
30.2481456892565
15.2050565462559
18.0025498848408
14.5832340665325
10.2278592108971
13.8042582431808
20.7856708904728
17.2873478657666
20.0185199268162
5.18430683296174
16.5490017539761
7.80015488269587
8.47606868483126
11.7954602232203
24.0033426089212
15.5750243302878
15.7303818734363
13.4223881868003
16.9591708108783
13.557392382063
11.5258947713301
8.0575019026055
10.7934072886318
18.119737226516
15.9761547324375
8.60346388071775
0.847695209085941
8.64315817984532
18.2017554296181
13.5525144869462
7.15080560185015
17.8750026971102
2.58780205622315
7.63273546472192
7.86616834811866
19.0717715222607
7.02830865609982
7.61311654932797
2.88660451769829
8.7019250029698
10.9031431609765
14.275590563193
16.5357894962654
3.43810897320509
4.08334590028971
13.6690267594531
17.1737689367826
19.2176468903199
13.8757505397153
17.4374307738617
16.9246950263412
20.6803219625726
9.2326093094443
17.0553309144452
17.101382650435
10.9467366943136
5.84527037474123
18.9479013904929
6.00084154866636
21.7594455461949
9.89883593283594
14.2875716323033
21.4491118931218
22.7719384245574
17.5241456832737
12.9486069083214
13.7278785230592
19.5640306700632
3.50008355504748
8.75622735531237
21.3983692114804
22.0920092659071
13.6349975896628
4.673678916879
8.63778079344819
11.5121282531362
8.67967971134931
10.4288366623223
19.6734892204404
12.7435670932755
7.53918945363614
3.38676615192119
9.68133613932878
1.51431509293616
11.7567614206219
7.92274152557618
7.52436639741063
17.8816074272618
23.9043098408729
15.9418262541294
8.08625736058993
4.07533724792302
14.5914209308103
16.4695085931054
14.3864642595872
4.53470327347305
6.82861820293758
13.4674024273565
14.3955645151436
8.29086522571743
16.9439985882491
23.6405005686371
15.5864839209244
16.2073397310451
6.74565527588129
11.7220004089177
18.6924236593768
22.498314917939
11.9907303713262
9.25972708500922
10.700862063095
8.50906765921924
14.9926333498397
18.5940015362576
17.9158557672054
5.06250131613959
11.1899171723053
10.9227162785828
17.3377582699699
6.20611774164065
14.7186247684879
25.1042769756168
13.2042391924188
14.5271788118407
14.0052173380476
21.434914553538
21.3055138709024
30.1474900916219
19.8399780318141
14.4068595720455
0.180123490281403
3.96265548188239
14.5393290556967
21.9427311448399
6.18451291229576
14.02306931559
19.7031503950674
2.81333010643721
5.98171917110026
10.1259211311117
15.8374407095835
11.9670700414798
16.3386438507587
23.0668245349079
25.4773092688993
6.35282787339185
10.9833543744613
16.1495166830719
9.84792087692767
11.2526866840199
12.7247232492857
15.7298614503816
22.4040151006545
30.4548147832975
1.96501000318676
26.6164004104212
9.84304139856249
12.2545048594475
16.1463714437559
13.4476675419137
7.71984590683132
17.1769541455433
12.1248141396791
14.8005445439527
15.2107377070934
6.04778223205358
14.5784967931165
14.702758891508
11.9285796070471
18.1774912867695
12.8668842371553
19.1201138775796
2.87648746743798
7.86139611154795
19.6646708392273
13.0539807025343
3.03757565561682
19.6981946239248
12.3239121166989
20.3950001707812
12.7828815719113
12.4011320523796
17.3993009770132
11.8236638139933
17.9735822603106
11.4443219735573
9.35971061699092
24.2683942886349
16.4209761191159
13.7066214112565
16.7708869085138
18.0059980135411
15.0956612313166
9.11381847109999
30.1193932071328
12.0587393641472
15.9477291163057
10.8775050844997
22.5328035419807
17.8144611418247
16.2589311599731
11.6892459342345
14.4513158826157
16.1693704154005
22.8614082559943
4.09976426736198
10.3718552836203
9.67015868518502
8.38985329584656
17.3786242259666
16.645449004379
14.6201020339504
5.53197129629552
6.85713605489582
17.5284032477066
6.34524805356015
21.2309700120083
17.3956439830363
4.26901183091104
11.8632071814027
7.01711333206429
3.16406523198422
21.0803698021451
7.65259652398527
6.56680383253843
14.5836028270423
7.86659889854491
23.2596169225872
13.4407113613735
7.24236599635333
16.30381019786
13.4324953663768
23.6006559804082
16.3439844036475
22.3697435809299
16.06464558281
18.3159644482657
14.4590062554926
20.4964378383011
14.6727584587733
12.7196395304054
15.0867473101243
19.6018897928298
15.8900846440902
14.4804615294561
9.17383497580886
19.8134105116939
16.5808618534356
20.1903174398467
17.2799339983612
12.6073234248906
18.5709588695318
18.926452845335
9.18781261425465
0.771807421355384
10.4409938603234
15.3284627012908
22.1712902188301
6.73763685103096
14.8027787916362
20.0203102314845
9.60497751366347
3.95880529983132
16.6699997615069
20.959847047925
13.556647952646
21.4485421201871
8.73631330304993
1.75960745090658
26.0196096263826
10.2740682894364
8.19012872570416
5.50698204897344
28.2071058871225
4.43791881529262
2.17417568264633
18.6797284698817
11.5841540801505
15.5360538546657
13.506804453209
6.23045949687767
1.50948394302936
6.85988122131675
16.6596915572882
1.856963328158
9.09221505280584
12.3544510919601
12.0943563058972
9.49590336531401
13.0297950747748
21.022449247539
14.5616577006876
10.0894430186599
20.0536512309558
8.85004224255681
8.79012115489262
15.8215138068594
26.3977024704218
17.3048546072096
18.2454960677443
8.70798721443862
11.3525534861108
18.486459646374
4.68755266629159
8.9539443841204
16.7402626248077
5.23361645173281
19.340538023971
14.140143385157
0.0734062399715185
12.2975257394051
11.982672378817
12.7564684953541
2.46161418035626
1.93894237745553
18.3511150535196
6.77255177870393
15.8816374838352
17.0909469248727
17.8493630839512
13.0911566342099
18.4324393980205
1.13892465484073
18.9329278074991
20.4297620570708
18.1099658366293
20.3427571085963
10.2754480811295
9.37689084094018
21.2403982410858
9.63813832495362
16.7014231714909
24.4198970962316
17.8053612989327
19.0582857001573
13.6358652962372
12.220138906663
19.0932380966842
15.8907217439264
11.0219774767756
12.3613055795431
21.1105820257217
4.95117788668722
6.12552554812282
18.4015417849947
17.1170569294552
6.73205159151993
6.92830854095519
11.6536179091781
11.037629309388
19.9588628020138
21.1795440176502
2.68778331290501
18.6448781052604
18.665151624009
8.57398649677634
9.44445160475765
10.9921755734831
17.8807323332876
5.82072124816477
10.7705746529849
18.9781975699589
7.38167504314333
20.2306311577559
6.20293117696228
5.13092381879687
6.90047640819103
12.6940684486641
10.2161201415583
16.0302894888446
8.81595737300813
7.61177875146562
12.63649512548
6.61852911580354
11.8498622672632
11.2470468971878
18.9939656760544
15.8822785597295
15.7025742344558
4.50214769225568
12.6666032951916
13.3708372944966
25.6897021550685
13.1133301882073
8.80568523425609
13.6614273302257
12.2293407839406
15.1668205857277
4.02265792332135
7.64767800491508
10.4421554133296
6.75532347522676
10.5235807486311
11.6182644385844
21.1680406692069
17.1849708305672
8.26949605252594
17.2032761061008
15.8167176414281
16.9444660423324
14.8905948847859
9.78813717846621
7.02604991383851
18.0871229153126
2.93937425594777
10.5936249826821
12.4338785652071
10.3020124137402
25.0867452472448
22.9701340245402
19.1889895359054
1.68042241130024
18.9377618720755
11.6842112508049
7.27855029981583
22.1147736068815
6.21672049164772
10.2308517090257
15.2945865057004
18.9311043485141
14.1907428939134
10.4320835089311
22.6336314342916
6.41175154596567
9.13906188938376
13.2950373271273
8.8544636266306
8.89772844966501
12.0497673749924
7.22163210450041
20.5085242285578
3.16060816403478
13.3630419382825
10.29358652886
16.8490221025422
21.1628827266395
19.5295875659212
5.9325444503496
8.01214107777923
9.51975488569587
2.87158450073099
15.1149593706233
15.8166631114299
17.9799400085704
15.1469414820895
12.9885111004114
5.92413358390331
17.5158922094852
18.6009912053123
7.79679932165891
13.9033319661394
28.8561801376278
26.1683698510751
13.4429109515622
29.6650769189
6.82730472180992
19.7071967413649
13.0657786442899
6.94112316521426
9.85906482674181
19.0312559218532
9.38180887605995
22.4290227517486
13.2576884651398
26.1964620916801
17.7952809259295
4.81730496833327
9.74922282621264
28.6210319102264
1.17146794489748
14.7954656509683
10.8353093069264
19.4302981719375
10.1188877042306
18.3614244451746
22.8636896032624
15.7899244921282
4.78689603913669
19.7707554325461
26.0825098492205
10.3002379881218
13.7491051946611
14.1938902176092
17.4846458248794
10.7747249093823
21.8395771691576
15.5545181361958
16.910987929441
9.24851642921567
11.7043014382944
9.10866762209658
11.7333602393046
5.95746808685362
14.1976855462417
17.9768749997551
4.6104944543913
11.3282934064046
7.56347212009132
17.5727144349366
11.4370188908651
10.078093688935
18.5611353488639
11.0243526985869
6.54978986383409
18.8916357714373
9.73044498823583
8.22189855389297
12.4604134587571
9.25770064350218
6.03102101013064
1.70063148252666
2.55596719575749
8.31107261339636
18.95883588586
9.76528741884977
15.6768220243976
12.4757407233119
19.2396851722151
27.1863192087039
14.5354321226478
10.9725049811115
16.161637683399
13.3792717476459
16.9731264235452
23.0090407887474
17.1476981897995
12.6747538078577
10.1039246648757
7.06723280589812
15.7119479961693
9.88769383494668
18.4422818478197
9.67722015921026
13.9929397264495
22.8229213971645
16.5827879216522
12.5802265945822
12.6083973329514
4.96372599337569
3.98465610203484
13.3741311728954
7.47555284760892
11.1746142618358
18.1614354485646
14.8696557153016
11.5990709746256
12.0725887594745
10.587009088579
19.0608808302579
16.0551371751353
22.600237489678
24.6929638553411
20.1097760815173
0.114135032532728
15.2134828502312
17.9055687971413
7.68890082256262
11.251802649349
6.88391934241322
7.93537164572626
22.7318675955757
22.911255903676
19.5066586136818
16.4321820018813
11.3818570040166
18.3439786080271
16.2629460217431
8.48139303270727
17.2350243769163
15.9935939125717
25.3477404592559
13.5198823072172
17.9595075082034
11.9118269121675
18.6683749634522
3.93655721563846
9.77110671810806
29.4064411194995
6.65147241670638
3.70952931698412
11.9745095493272
12.295124244527
1.10590809490532
4.11243424750865
3.88353568876635
5.15561802312732
14.6717130206525
5.98639614267317
9.25576710541096
18.4821247687379
16.7258348310324
9.22651286236942
4.83433324843645
12.3091940768063
16.2318880669773
19.2781957861369
15.4001244788394
22.2267415369114
13.6332451831549
17.336388095282
16.3656097138301
15.6972592230886
19.4441720783689
13.9713866170496
11.703142987415
15.2899703010917
4.30142062250525
11.1922962423045
14.4537803018466
10.1652735378593
4.44456436671317
9.71547474054494
21.045276732184
20.604787474822
11.2539497669786
11.7626427264356
13.0042761098593
10.7458407524973
14.2891380703077
10.8288742369041
13.2634263951331
3.11015236633367
13.3611639264232
9.24713367130607
12.9063529660925
28.0804217956746
4.51375977136195
20.418882695958
12.4134420184419
27.2825891384855
27.4265351705253
16.1287306575105
2.19906357585245
20.6181140616536
5.48707072112465
18.2634619995952
21.1529362880771
9.95358538374244
16.8066949305117
17.0504401670769
21.1679097852386
12.8440246451646
15.2965403161943
14.402616247944
14.8232542277485
15.9252718556672
18.4700445272028
8.56059252992259
7.45300853159279
13.9161405619234
6.22990272357749
7.80300535261631
12.6122349640355
13.0133907543495
7.94613210018724
17.9026092897071
10.8048198511824
18.5678160982206
12.5060154357925
19.2471808367315
12.1196868363768
4.32753367349505
8.19885804084639
16.7569203302264
15.7006367109716
12.9363887244835
3.96169945597649
20.5392663599923
14.0883862739429
7.06788951065391
1.48710308130831
9.73206393654771
17.550580129306
15.1070090709254
5.4620424984023
11.0324108973145
19.8113163234666
14.8813864148941
9.6426745178178
8.13221682328731
19.0770145272836
16.373065742664
11.4816586952657
17.7199974423274
21.1311123101041
15.2231802931055
10.4531238588924
24.089062037882
14.520008854953
20.3418226679787
18.2105969308124
18.949137837626
1.06764636002481
20.1727104606107
20.0477053411305
8.37038773501188
29.88701981958
9.97225127648562
11.0009691456081
5.3380422243746
23.9714139839634
19.8872282064025
16.1308013834059
23.0179054867846
2.60054806713015
15.5046361265704
8.05121588055044
15.8011500257999
19.1213136771694
19.5794406676798
16.7905514128506
14.4132971065119
14.2341332975775
13.1743581732735
19.6561740944162
8.94038896076381
18.8466554507613
17.9133466489623
14.6798281231895
15.1825399923617
10.191889363341
18.0636665085331
24.9655219027773
6.97891389373809
16.8350547784939
18.5995601349422
21.877970173955
16.6347143240273
14.6426279097795
19.0862574381754
15.7587945926934
9.74487226922065
10.1134315365925
9.99950863847337
15.7047715736553
12.0735917938873
14.9389928148332
15.3261644765735
20.3005042858422
26.1268664849922
4.00098192431125
16.3988229469167
15.3077580404793
12.8650478553027
11.7300065023059
20.7648620940745
19.5428434524719
10.6989099188619
17.9699923186137
9.02567588917889
8.63520519545664
12.6063580624759
4.764284635894
12.1546723181382
