"x"
18.8439794350415
41.4060285314918
35.8332403935492
41.6704281503418
16.5087937843055
17.7401616238058
13.9825166203082
41.2029787432402
21.1433256510645
19.4819475524127
31.1564328932826
31.0756473336369
12.3396232258528
32.1611041668802
1.38286852699105
53.1289810522382
47.1574133262038
47.8285892716902
21.0304212279146
17.7695197005975
34.2686909250915
30.1150911021978
23.4093334991485
35.9798786840328
28.6488470621407
20.0019707358251
26.2623539194465
21.2562285829335
6.29140175879002
14.5879808813334
31.3793250825256
38.6554852128029
28.8384669856339
32.7478444309238
31.1478536508926
28.8024083878119
34.2752244323492
22.884730645571
26.8439935520291
55.1281652413309
43.5788493603468
50.5143078975379
27.5067021121362
42.6707093461202
27.3266706327455
31.27304365014
46.3426508009434
11.7012292249473
28.110469115545
42.7379564154718
44.2093208061976
31.3283923547715
12.9529650323093
45.0849631033142
33.6297350004315
31.8858252372593
26.7324413172901
39.6938228048384
11.448021652177
22.1366368699819
17.0804456091193
13.0049032518219
16.0665615505251
24.2170092184097
43.1407443247736
27.6979058049619
33.0570792542274
21.8342470936477
22.2343223896129
37.6494199037552
11.590745812282
30.4150650743395
28.4813005011529
40.7424179371446
17.3540982457901
19.7703286539763
18.4583579588539
21.6385065112263
18.9696541798462
18.2953076902777
21.7636859592641
20.656730246255
19.8110868451681
27.5560694953793
13.7150857131928
40.8733220770955
3.79112688824534
30.1363330334425
40.8349539618939
47.7494272262791
26.7555180260229
49.0231830161065
34.1415042057633
23.4355591703206
26.7724840903892
35.6811529557614
23.5611595679075
22.3402171395719
18.3698397431715
27.7316357940435
25.1591925043613
28.9043544791639
35.9688539989293
30.7433317881078
28.2806891947985
36.4098006859422
24.0033857058734
9.20507744885981
25.0271624885499
23.1816775165498
22.7240856736898
20.2462979592383
27.2913397755474
30.692871240899
19.3380496930331
21.280137107275
35.4908984217151
47.6061198033478
10.9092171769589
17.1959751772502
30.6044442113489
26.0516889538975
8.9692329056561
38.0018761847168
39.6517980843782
7.03618358820677
30.6312691885978
22.1309177577496
6.18654034844366
23.4798824414611
31.5259183291346
53.4299238584936
17.621929757297
44.700925424695
38.2680552068325
31.0945520643145
2.04351891341878
26.6360085923225
28.0914389993995
12.8197903279215
26.3880494050682
29.5741460286081
12.6080292742699
28.6123951431364
17.6060098610701
16.821850632359
19.7058996281533
13.3792243970216
14.8587734416015
25.117072975263
23.0867682024837
16.7421706486493
23.1837046821945
24.7556246351451
20.5603311304003
22.443884277892
32.8773683356583
34.1020131377209
16.3397946860641
22.8300459195565
22.9355197865516
33.3945343736559
48.8088582176715
22.8766614105552
32.3393010068685
18.764658505097
7.2867364128555
19.7573067032852
40.8538350835443
13.0183483437777
35.4639618191868
13.2583359256387
36.5526931360364
42.5386608578265
17.2479139175266
5.26553546078503
33.4069462958723
25.5594158545136
34.769637696445
45.8256353624165
44.9824421200901
29.2129764799029
45.7362066488713
7.27287457407929
10.1852325295462
12.9666076973081
18.7740757595748
35.1608563680202
21.6018061619252
33.1075753550977
2.60875516130932
37.1494829654694
38.894234970212
23.2881260570139
18.2631230235268
50.3751977812499
38.3740738965571
22.0911670476198
26.2784256599844
15.5028283130378
8.2078614538083
5.29347471892834
40.9791647456586
23.330563493073
31.8314943928272
15.5321847647429
39.5108433905989
26.3691823929548
41.2448978517205
2.39503299817443
35.6682103127241
13.6151222046465
47.4405057728291
25.1462912598033
28.796123014763
23.5693997410713
11.7601507809013
39.0807232353836
29.3516675118799
19.6753356232414
0.680178077891469
40.4836157802492
29.4780621923478
48.2949606608599
43.1156305130571
14.4108003369475
22.4765051461529
23.2600410863634
9.4543591607362
6.74693426117301
35.4753609615113
32.2334619788698
40.3380163479596
44.4189524743706
22.7119871415198
28.2954100519419
26.9991671666503
39.3268368239741
30.1751153481768
21.131792711094
13.1523731630296
35.6916076503694
41.2353796418756
57.3209644760936
14.5052927037543
32.324846004746
18.4470318799588
40.2613830752671
21.0302747320384
39.5379109308124
37.11335984881
12.6431695185602
29.7468315174979
52.1985106635839
24.0879738237709
25.3335896413773
34.2190340626985
43.3255334850401
3.34119317121804
24.6206930372864
9.45467454644322
34.7695965496228
23.2951332814991
23.5982827826823
32.2643033228815
13.1407575670642
33.4598811866719
42.4300120677799
37.9020719788969
27.9453856020658
29.7410236906864
42.0128327153665
34.8896989712105
40.9048726782203
33.2315873354673
32.2092212270945
21.8348290941447
22.7710158780714
25.1815688466805
24.0871676709503
42.4197167623788
33.3067758008838
27.0049192942679
2.16687011395093
29.3522598687559
11.7987192542316
15.8426014090014
43.0438014678657
19.2531379405409
43.7832363881171
49.4011010974646
34.1938182711601
14.7553607755734
30.157638804057
26.6605473113961
5.18660140223801
40.7392292283475
34.2918045818806
2.0478084377822
39.6483114920557
9.54849319532514
13.8788671698421
32.7968140598387
59.6644043993658
9.04535464942455
5.82823993353779
31.9930329918861
53.2901369966567
32.851337082684
9.92887647557337
20.744124148041
13.7922617141157
32.365313405171
37.4498750871416
21.4441820047796
28.2710459083319
35.0305340718478
49.5400283485651
17.9201531689614
28.6193289258188
14.4982099998742
33.897815135908
19.8670749552548
18.8970546178732
11.4672487133249
36.30257002078
37.4880228577705
37.0123806239998
7.26787815801799
19.1266264055033
35.2941328193992
38.5601134970784
28.1007135797152
5.94327840436222
43.9073523509532
10.1044538653941
31.0402773415065
21.8425620812923
22.3258707672358
24.3583793751895
24.5970086660236
26.0841476938791
20.9569370839745
43.2735052891076
19.8781514074653
11.432436760515
25.2882725093514
19.2403847817332
27.5657154619694
18.633877491828
33.744642091915
15.6424887478352
12.5305679695191
27.4155858904123
20.5872540179631
34.6518626902252
32.2121094446629
9.80292479507625
18.2767648448998
24.9932905193418
13.4049922693521
20.8753311540931
10.3689119685441
57.3641939088702
18.3817472774535
41.8526738416404
33.7788837496191
17.6073273643851
35.1404642946901
17.6620447254206
32.349092559889
35.5532502755523
42.5394578836858
30.7089845026189
19.0237587783486
22.363953244786
17.4682813390451
26.1669535655528
15.2898807348128
26.201067911461
4.78042322210968
29.2133571114391
24.0131290163845
32.1565256454051
4.28384612314403
27.159149046273
36.9398213457316
10.2384467143565
23.2293728273362
33.0380721017718
32.6982703607532
31.4662282421086
20.743520390091
18.2263568130693
35.0695582106709
22.8239831514657
18.6807800550014
29.9880770092608
42.3400474246591
9.61418952792883
36.1860670614988
16.0339666008404
14.3501634243876
24.3771689529141
14.0424616634846
28.6312614101917
14.9828209076077
26.7003034707159
19.0197543519259
18.7904215883464
34.1908141970634
24.9751220457256
26.1443665039344
9.11443849153603
33.0895074643195
45.0671459082514
17.8211316389961
9.18640737353401
12.092668815084
37.8086845390499
5.24157932959497
24.3267736397684
28.7778484169394
32.3467039503157
13.2943128335261
48.4250073581497
31.0569636058062
7.42960906216094
17.2708320431411
12.3973034322262
34.0563775937107
30.7857292238623
5.87673878626027
21.5911378958353
38.2980183232576
54.8471804708242
39.2168160527945
28.439923639875
26.2120635817413
29.7294476088871
38.0177187733352
7.59173459373415
22.618173668161
24.441209435463
39.6670612106805
21.9443130772561
26.7011383839217
20.6738379428908
8.38985834270716
31.4376818016171
31.6615461297905
14.0299323466038
29.220347572118
41.9795521534979
23.3227700120797
17.7335534962057
28.9205269888043
17.8767383098602
38.8708070767653
20.8197886124253
42.3459852847211
26.6387740935173
9.94902816857974
47.0160664990544
27.9403332226718
36.2994407769293
34.7899489098625
11.5615821443498
37.0713426265866
12.1359926028481
35.3436724282801
34.0072946622968
10.6361296240123
31.4292180817574
39.6135257091373
12.7134520093208
31.0972422244071
16.1609839648008
19.0942924975187
42.7319162525237
22.8844123426825
1.33864884264767
35.1733953466589
40.4222699347883
41.9823857955635
8.49102768115699
21.0283479187638
21.3626404758543
0.579758187292091
24.8057018499821
30.8096113574459
33.4479415323585
29.9687655642629
24.9696897342801
48.396677011624
24.3896724190563
43.7634138445821
31.1953617725521
26.8161503598094
27.2389140132836
17.4202264266679
39.9993100669235
35.1461690850556
2.53186960932422
26.3732338324189
39.7060246579464
36.2734918359679
31.0638672805088
12.0972908105486
23.6819817247708
25.8362376582323
32.7507640700787
32.322442997247
4.81626526385337
29.1112391278148
26.6841910313815
34.4101466238499
29.4927331232161
30.4340990725905
36.0127333551645
13.2061736192554
41.1584940838404
35.4286677669734
28.0144359450787
12.8492133226246
31.7456976510584
38.0346512624914
18.8637245446444
33.9985442287053
11.9448427576572
13.2556484080851
7.75124053389375
30.9158734977245
40.3832920471682
26.6595549415797
31.8970349617302
47.5591159891337
45.5216929316521
10.0100606679916
28.2087353989482
36.4774895831943
31.8191064056009
29.2544944445115
22.6507638115436
24.7288895305246
4.34190530564583
10.8831303194165
21.6519514564425
37.0517021704486
30.4146838840097
38.6624645907432
4.75113042630255
21.2657822761685
25.7025335842231
12.4753247675831
24.6662618470585
16.5586738775014
9.14797911420354
19.658634159714
28.3438672499935
33.1135524902493
22.8447658475488
34.4152079429477
16.1659576603081
30.0100409691397
31.9969544544823
24.2067576386034
21.8027051072568
11.8866076937
26.0928105562925
38.6702431304658
32.8585973009467
44.6144524496049
19.7842704468919
4.72318176180124
15.2511340565979
24.5653365273029
39.2277511768043
44.4110241252929
29.7115846537054
31.0090540442616
39.759351266548
23.9396720193326
23.2027842197567
33.1444156821817
11.8473565276441
27.4603149387985
21.2691131266539
37.0674098841846
14.578214908427
46.7214727308601
33.8316272478551
19.9037510808679
10.5726551264524
18.9040305558592
39.0152277890593
26.6304954420775
44.5828821510077
28.6078738188933
21.0198428014978
52.4646677542478
37.2066461142004
12.7359690225549
24.7074504382908
24.5559949118776
39.780865656212
30.5921255145222
24.5501083787531
42.6386594772339
46.4632122311741
61.4584581460804
37.9696056712419
5.43448887765408
21.1600023321807
30.07607688196
17.782286927104
39.6237377543002
44.565278349655
38.495018100366
39.0464254189283
10.7532212976366
15.0733015500009
19.2692234646529
22.2376334480941
35.3968055918813
42.2121276147664
9.18932085712388
7.98941780813038
23.2397713234295
46.2269001640379
3.4028330708608
50.1765882084874
45.7402680069208
11.6966832894832
3.49650099777599
29.5269368644254
37.9127092659473
35.4309873584404
30.2787049899874
38.4395468219939
27.3670166265219
50.0609765760601
13.4758916217834
11.8130566552281
23.8034760836436
57.7683110721409
33.5918609518558
29.0419047698379
19.5818119682372
12.0398987391596
21.530613985728
29.4419148471206
39.0497894957662
35.5590172977211
24.3760089855641
20.6816044636071
19.4356237333103
29.7177590572512
10.9751467127353
17.4143713433295
22.501801902478
30.378236155957
18.5408444609493
41.8129784986377
18.983281508765
24.8319909907877
9.26448525860906
10.1055548884483
9.98312126361309
28.8899108083361
22.4153952761047
5.68634290248156
9.68547179363668
28.0200681649148
30.1541707478464
36.044041486457
22.9198192246258
16.5505620650947
20.9086157847196
45.6277121324092
21.775422862117
3.42920906841755
19.5256372913718
29.739592038095
41.5955213364214
19.3710879422724
32.4948177672923
46.0870998445898
23.5543495509773
43.8649741716175
13.5000838153315
34.8302369937301
18.6192482244223
10.492519242689
28.4882129007237
36.4423806313425
31.3450902234763
13.0155974887635
10.870531498092
23.6004503890388
36.649754922837
24.5351748075336
19.8708159849048
46.4752433821559
21.5839855838567
17.2151724340191
10.7012894249106
49.1287800949067
27.7941267117732
34.7069521434605
13.8821932021528
37.9169511143118
23.2121639885008
32.6059426146637
46.369497907791
22.9106166865677
39.1795800533146
25.0818376429379
23.9629100076854
40.6173105351627
15.6213215086609
26.0264160577208
33.8422740809619
30.6487699970603
46.9008623156697
15.2168705128133
23.5293627386321
27.2764845285565
32.9678508918732
28.7243461702019
35.0541976746172
22.6332790218294
21.5411908628401
30.5807390250266
22.0774460583925
32.8303586691618
33.4544592335573
21.3181083090603
38.2067871745676
39.7296966132653
21.8434994108975
36.6075735539198
29.6635306982965
35.1195763107731
12.1641340199858
36.5605387603119
28.3516156131942
23.4085405711085
20.6742320209742
38.6866504326463
9.52238545502205
20.6507281592306
18.8546410296112
3.18834539502859
44.4508573574386
14.4947875465381
32.4437439907342
14.2133376628761
25.9218747159214
22.1600577285733
44.0520406700671
3.13846850767732
4.24616329550567
30.1845797337592
12.1769464574754
42.7528080530465
12.5926192842394
27.2645686753094
41.6080379392952
33.9526026970207
35.2553248871118
23.0399664957076
34.2053388245404
34.2971858102828
9.3555161729455
3.25082294532282
25.509871414565
23.0338376969099
19.1637779893614
22.2336617886912
23.3253032900393
23.848740407797
37.0898304133832
26.1952546890825
6.23677965131134
18.2423773497
18.7205459022765
18.8304807214052
20.0114965904504
22.4284476600587
21.7312946449965
15.9082402009517
19.2677488084882
26.825699582696
31.5154280260902
18.117951694876
17.6152548287064
8.65777232684195
26.0950191412121
23.4736336860806
10.9714640500987
42.7910154219717
17.4240877386183
34.3335252255201
40.09538934179
35.4388842359185
38.0585259991989
48.0076929273791
34.6971028018743
16.7560134302665
42.8666211664677
28.7252720445395
21.063649665689
21.9035946298391
38.770640688017
0.998160475865006
39.1136183403432
23.2000285436322
17.9183808155358
41.0562288481742
28.1683911569417
18.122676666826
17.8879042621702
18.5264326166362
30.6332838255912
31.3032133039087
14.4100742880255
24.4697003159672
27.7192739769816
13.4658216033131
42.7730900622611
15.488822106272
37.9217178560793
6.78007390394449
29.2442684527487
18.0338672456357
32.6350673101842
34.2637270223349
36.7346664424986
13.5330053512007
40.4964128043503
25.3493714146316
21.7120900787629
22.2625641617924
22.3301734159313
17.7850890345173
24.5638906490058
24.1551372688264
17.4645754974335
28.1906893942505
47.4124114494771
16.5903440214006
17.3714403063059
21.9834012445062
22.853015652529
38.5298338253051
43.317831074819
21.4536380488425
15.2755932882428
28.4960645716637
33.6705118531016
24.3121065161318
34.971165843308
36.3401824628604
18.2049165014178
21.4647255837917
5.22599858231843
38.4405613906192
39.5713303523063
22.3699990194291
32.5547666754574
48.2810263750086
10.661948332563
39.3300180323422
14.065348636359
28.5729248782714
33.4715833592782
25.4021298605949
18.2129407301545
17.5754546187818
34.698653630095
7.85641721449792
33.564516203478
32.5109954139631
38.393591856584
23.830151790753
48.2998049817979
34.6282914900206
43.3397007640451
27.2376315668225
9.22839599661529
36.938401311636
15.1536850238288
39.0227972064167
33.1447701435536
21.7384323012084
39.2615928314626
3.49551510742585
28.2247252296656
9.00685608176267
20.6864553969353
25.6656765472144
22.4640933274487
37.2771085239947
0.0385718885809183
49.3407346308231
20.6351049244404
15.663319081068
2.45367168330478
19.5484081748873
2.86456844769418
32.311033224687
35.6695765629411
36.675947982974
6.00853340680535
25.9404521435499
19.3374589085579
40.7131197396666
31.0810058377683
35.3173935980918
22.3166975638222
34.8175985272974
20.4923199955374
28.023471031338
22.3910247441381
18.1657937821001
21.1323847062886
29.9338088836521
23.8179711845693
29.3288925196975
45.49206988886
32.8355268575251
23.8418189343065
7.42865465581417
17.5224040547869
10.5399706866592
13.7960833963007
19.7132939472795
15.5651755698904
48.4603033401072
39.5973294973373
22.6260736584663
25.829383963719
38.1789272185415
24.2853157459372
20.851704152301
17.4790823811781
26.6788376116607
17.5715649966151
39.3436147930691
18.8740610482026
21.6804743278772
15.3817832935601
1.2982506212869
14.6005918737501
38.4102746951065
10.3371006436646
11.434156447649
26.9964999746042
24.4571429677308
32.3888487171269
12.5895283245707
30.111431889236
24.9393503647298
32.8821904957294
37.959518795833
22.3625301849097
33.1653356086463
26.602999586612
22.2439237404615
25.8569922082838
1.63853323602745
8.26866419034223
41.4975609164685
31.8059315904975
27.7661598287523
42.817156529054
25.8063902147114
28.9607830811292
30.1051896996796
28.2774177845567
33.884645299986
27.1507531404495
31.7550859414041
44.1595108713955
35.2924107108265
36.5083746612072
10.4349993261593
31.1037386848718
35.408843856743
20.7792209532846
11.9013711309686
22.3789540323039
21.4903370477259
23.9151231944561
35.3489589057077
15.0836942717433
32.7507952753505
46.6574274469167
24.0456476077248
13.9529166743159
5.01187195161075
27.6914388872683
25.7401935756207
17.8184273115381
11.0528497491032
15.1336085051298
18.2915901898013
18.5516190249473
27.3600792094662
42.7402809262276
33.8788121938705
27.6831048540771
23.9001816321862
23.82403598167
33.8865811005235
14.2313575837761
19.7951551514776
3.31606860272586
5.60495606350699
32.6497859321535
18.0665448307991
23.262924713561
39.2585491295904
24.305108236149
46.8834311744579
2.72104017880647
30.5317731934883
22.4365320525317
22.500959435781
49.7090087822131
10.9933892730623
29.9735588301508
27.3568125907332
7.76083581149578
3.75105477869511
23.4931360464543
9.78453329404748
26.2706651113735
37.0746740140021
20.8659722469747
40.8767607742534
17.1104249544442
25.5019145552069
0.392781058326364
39.8739627096802
25.1473372825414
14.4076536345875
39.2999188508838
36.1832882277668
37.0016769971699
24.1789959836751
36.594599718228
33.9747807011008
5.52846931222975
44.3301063030958
27.2533207666129
14.7524726577103
10.1232653018087
37.9355303011835
45.4839624930173
33.989010611549
32.6546378899366
4.99665546230972
23.6645491793752
0.609010124802891
41.5477589704096
18.5868447816294
14.9851182010025
45.9399791434407
31.8209092876183
18.6030434882983
31.7907642405136
34.7375940531492
12.3387123743329
40.690269228071
16.7713991393045
40.7621476037023
9.03854928910732
14.3437338527292
25.0577206098406
24.6169521431376
13.1262256763875
13.7181685771793
28.598747542128
10.1117477981658
47.7210737764835
48.7654043827206
17.1270937193185
14.3886249615341
42.5369413955702
6.7407725791495
38.1442779675126
39.0657267533243
43.6306773684919
24.5277656607031
28.922583302483
46.3327801786363
14.0799055807292
17.9460403509438
23.4027309343219
8.02010230088979
9.57333715632558
20.6904428079724
25.9442177228736
11.2878594852786
43.8083261717111
12.1094988659024
31.1449851840734
27.6048202533275
18.5575670223739
7.83284194767475
47.2345936577767
17.0435504029086
14.6962420549244
22.1307315863669
45.2318870462477
25.9663301900616
34.6274216845513
18.8256152430269
47.0039879457817
21.4057321660221
25.1013188157231
26.0558673317887
40.3080979827791
20.2766219961939
32.0319563616067
22.5267421412022
39.2110366839916
70.3695751068565
17.7786568056424
16.1263554822654
1.8480493221432
24.5711871422827
29.952302807942
48.9620889537036
31.9942308091316
17.1037664371264
44.1115132533014
50.8104723412544
37.6925823278725
32.9806716646999
19.8924049417049
25.8446556599653
31.8886094260961
31.8825196009129
19.1101614851505
23.5752292443067
28.9186781362538
37.9367280285805
30.1211441867054
27.5870331563056
26.3670132495463
28.4088154739713
24.1076201200485
39.0973928384483
25.6709597877086
29.1575612965971
11.9265998147193
28.0027976259589
30.6400926365475
21.9801109284163
33.2432179711759
23.1029596645385
18.9930846914649
40.3830224842924
15.508827380836
27.3226383142173
24.2257567122579
10.6288405600935
29.3187385740665
19.5999354124069
24.2537636719654
37.1316704899073
23.5927576199174
30.5396008770913
27.2793478798121
35.6965014245361
51.1026965395286
30.202570091933
17.771901935339
4.76135392673314
7.25672082044184
33.8489571586251
35.7302512973547
32.1769296191633
38.6313910130411
42.6459681708366
26.001324923709
2.98645821268581
48.3667350839823
26.0985167231411
26.0171330999583
40.0613476522267
29.8512263135845
20.9650711622089
16.3785593489244
14.4854583115742
43.7372185755521
16.8330116780285
15.8152878750116
28.8404112216085
14.2150249797851
41.6444548405707
19.4647997387532
20.8299351390451
19.0505933947861
47.8318277280778
15.396654133187
45.3417480457574
30.911506107077
17.803302611923
26.3084589788532
36.7175580460987
38.0493764299899
15.8387829700923
33.8355191517621
8.53986162692308
46.5080810710788
24.3187497893536
22.490265686065
44.747964758426
31.9816204050723
27.1242215538378
46.9842259513182
21.8356363009661
37.4785237014294
32.2074593044817
31.6240274736932
33.0382009968162
36.6527176462114
20.3059513587505
26.91328540003
41.6759408079088
35.9554472845048
17.6791323133727
2.32496671378613
35.8582486864179
30.3710168557039
12.4190275381681
34.9942638073117
22.4385749548674
33.5820773644263
29.6075403224677
46.1745888926089
34.9958057005531
54.199058143422
38.0639147479087
17.0618303583366
14.9616500362754
35.3141691535711
27.3742324672639
48.2868628110737
39.0500369362312
33.454690175131
20.2374816054226
23.9027991340278
42.2477430841531
31.1364602763206
25.6652251351625
31.6799284890294
32.4728426989168
29.8185013514154
8.48725470006155
32.0529062696465
17.8043242078274
27.5398006503964
34.5637955500393
10.226700687781
16.1760285962373
39.9414362385869
16.7011892423034
36.8886984419078
12.2144910041243
7.44406518839076
36.5114984568208
25.2017396155007
17.0352790970355
20.3765924554318
9.86075825057924
30.9487129346052
51.7159976088908
8.45892196824528
30.5864201392978
50.0565507914871
34.6947583369911
32.1217073593289
37.4682770110667
25.7014099025879
14.2533207624234
26.0721054859459
8.19045128300786
7.81141417101026
8.11728490516543
25.5366709964299
27.2743447683752
23.7777421716601
12.5862455738934
14.1487421002239
13.6478516738862
24.5091852732003
29.0296870283782
12.5314459249765
34.4220448751003
31.2034361021379
8.29903674311936
30.3525723516941
38.0516859237105
17.7331633400172
48.9383322652429
20.5756157170981
28.3985239919275
38.6688854554082
44.318423839286
22.7093847468495
30.615841364488
22.0540162641555
34.9483043886721
14.851798908785
46.5757101308554
21.6669573325372
41.976525913924
6.02391808297356
22.3418451379985
12.3382386285812
14.2199606821669
20.2892168890685
26.7691031202506
19.4162760810172
25.4900415893644
14.6724220256481
30.0852546438503
42.155290953815
14.7949701175094
34.0460015460849
33.721322612837
49.9612432904541
49.2894610855728
14.0037296339869
35.0296478252858
35.7969489074658
6.69134007766843
11.9683051016182
34.9315900394716
20.7113380078226
49.4708913378417
27.8265138609677
24.7401198372245
29.4589504599571
24.592959949769
13.7302242461951
22.3654343800604
8.03585234098136
27.9628839494212
4.07275198958814
36.3201417549403
26.8062279559672
38.142625708133
15.0465313345194
24.3807036269878
26.0957957860688
22.2634484991431
21.7274880968034
22.9673922474831
1.89443463459611
37.5551631057921
8.43126405961812
28.8233984483134
22.0236268460497
43.8268987987052
22.3254952579737
35.2046907413751
27.998114702109
41.5797687135637
39.3415591213852
23.0085711926222
29.5479551029057
29.5811066869646
37.3032057192177
23.8082700874656
26.114031763838
33.7996736168861
34.9034536164254
8.70678749365971
22.8688667178217
23.9413429618042
26.5003167558461
12.9755533046515
28.3883765947484
27.6795274849643
45.1610827662138
21.2626378238812
40.8490034285933
2.08695344626904
10.0920855533332
40.4713002033532
26.3181995600462
35.2466424372953
19.8643307662458
49.1719007957727
35.1232434622943
47.8651944547892
6.93562611116918
33.7258275980016
27.3283057463111
47.6837750989944
56.7484781611711
30.0651581492275
23.0692794616675
55.0288917031139
58.370176423341
11.9744557887316
35.9729550834954
40.8350863028318
53.4613722003996
14.0216290741101
40.884886495769
16.0566606558859
16.794990003109
38.8225583721943
40.3978732880205
9.71134761348367
25.6199464201927
21.2085947860032
32.0308009628206
22.8682184126228
11.170532181859
23.6085047237753
38.9598997775465
23.8584037870169
20.6440236239196
11.977958958596
11.5806207060814
19.316214742139
42.7891327999532
31.9976621316722
36.3674225285649
21.3860496732362
35.7064208947122
15.4920728066681
13.3618850793361
50.0527332418553
10.1982993006654
32.3151144664735
25.8213789064487
28.765374654904
42.1462680678815
40.767577238786
10.9400004614145
11.3269402278197
46.0747660137713
36.6944296751171
51.1094811372459
45.0266563333571
42.4527551003282
0.669119386106486
40.1362515520304
52.6775097008795
21.2502675297702
31.8803376052529
20.8382124396771
12.0299874339253
32.013204973191
14.2371943220496
21.7123052105308
40.962532768026
43.2468896079163
15.8393708057702
26.4964658766985
34.136808430776
14.6266630214211
17.6127802902458
15.5571949668229
47.7793900761753
13.9035854488611
32.7482401393354
41.5786565747112
13.5091457981616
10.8390545815358
44.1017491277307
12.4509407673031
27.2114664781839
28.1181346159428
17.3632057849374
1.70285520200406
42.1579269546134
27.6133202016354
21.2326246936147
26.4968128388286
7.62216197356194
46.1343616712838
28.7487947847694
27.6412992738187
12.2708932962269
13.3390195667744
45.0102904425703
41.2665125421883
28.4136680420488
28.2932118978351
34.1366932261735
21.3565442711115
26.5149315213227
16.9703331525258
47.0407207962126
26.8442559055984
29.0790331549942
34.6567142428942
31.3484188398635
27.8426771983504
22.9732707290434
11.9402342010289
55.9829710517079
30.2205242682248
29.8803619574755
32.2122788056731
9.43844052962959
25.3601998090744
13.3446640800685
4.23694620840251
29.7324673738331
30.3293618304664
22.6783170364797
36.1533747766786
36.3472165074199
12.3888101894408
31.052504805848
23.4508413355798
42.2544212005916
32.0918718310678
32.9919099342078
17.7284374662111
20.3924795147032
29.8993224278092
14.633418712765
17.9184908650051
27.4219348276391
33.0732080154121
27.5822015944868
48.9875286817551
27.094195076957
47.5225088186562
28.469413286075
12.1178072877228
31.0933423824479
42.0185404506402
29.6894893981516
5.67850588182248
27.1349096670747
0.69214291870594
44.6902499999851
37.6546202693135
11.0885061323643
12.4990838114172
28.096651379019
27.7538485825062
22.0665101632655
27.1674474771896
23.4168765051896
40.6129931565374
40.7350627705455
23.6899321898818
21.5771505609155
34.3854414764792
50.4851663019508
47.2892155405134
38.5693712159991
23.8536118735924
26.5855598263443
20.3644730102712
42.1970939263701
37.7294205848568
22.7658313233405
21.9433572608978
43.5320147778839
47.5530062802136
17.651872378216
17.0102464966476
25.952560082078
33.7847174145281
33.3764101053416
44.7209668811411
8.76941137329095
37.1189316734672
17.6220716908574
26.6124461777508
30.0821451248026
31.3142335289245
26.0413650976061
33.7294121272862
36.6292115300894
48.8198796287179
27.712273701657
35.6869763229042
9.35136347284187
31.3709729351103
23.3266069135362
19.0573467873037
29.1944911237806
18.3893146966658
8.1939101588254
5.96710252575576
20.1068297959864
29.9062430858612
25.614604701447
8.53696210726619
23.5358248464763
18.1831654424396
21.8674416348929
24.4620973812365
26.8630651084219
10.3534683119506
36.1865797545761
46.8485220801085
33.543744096839
0.22927257232368
48.8920797744673
24.6523120440543
8.324556050643
38.0534789524972
27.7231831103563
35.8874023426324
42.4470399972051
9.16291639636813
27.9164129402488
2.33289371646069
11.3025331869721
29.9473011400551
18.1193159427494
6.74933209083974
35.6428737286478
21.3824668433517
12.6660609739991
45.4455162864178
19.537302525714
34.7538769977034
41.4506424488932
16.7983278632164
15.5259223380949
19.6927318815142
28.5167509689927
41.7905826121569
17.5366702955216
21.4625573078494
30.6260288693011
33.8628378720599
15.7970777247101
35.3206429257483
23.1751723062712
27.9354861471802
26.2175675015897
0.548718543723226
8.66372436285019
19.6946237886902
25.2156875052411
53.2930189743638
14.6929363254458
35.2861087469002
26.337401249091
33.4264038756946
20.9832333493978
31.7926645278931
28.4287109039724
13.082864228636
38.768227212131
36.6178747266531
12.5619936268777
34.0032451902928
25.3262793645263
25.0573020070823
27.8963515534997
25.0219873618335
9.77828865870833
16.7526599280088
31.9152991098215
21.1122287272059
35.7991320081055
31.9752231240273
48.3167004305869
15.1805891189724
13.8145010452718
31.6568202804774
28.4998615416255
41.2393406964839
27.412534924224
32.6457369141281
17.2491675839472
16.4449620060623
33.217223423
30.177863035351
44.5023369509727
27.6712887668322
60.3255646768957
42.4928928725421
36.3333287746967
37.8423505462706
22.1677638124675
29.2088311165571
30.0546220015133
29.6725350432098
39.1421646345407
21.4442214928567
12.9354140721262
22.8678281418979
25.8432921022177
3.66025674100562
38.3359696553137
12.7438907511532
21.7545384771055
26.8489585723728
17.1502136554032
15.0378835365879
20.1354956254363
21.4016681537032
12.9531794245758
32.1438466295335
32.2314035147429
37.6004009507596
34.3008070252836
32.2682628873736
28.9457423612475
30.8501196093857
5.92008996754885
31.716096179268
33.1533826887608
16.3109202869236
33.2184802157289
52.8942894656211
25.0116301234812
31.1327814016964
21.3402179535478
2.24907139484846
15.2526051737368
44.880953989923
33.3835548255593
4.21842141362325
31.9405699148774
19.8249449075141
35.9082902693039
20.1302481119741
38.8843637891114
12.4431800562888
45.0479410588741
25.9269914589822
31.5313613042235
29.9675092149776
29.6401313040406
20.8512813318521
24.2660740596288
15.0847502129683
37.943298695609
27.0741905085742
34.7902793437243
31.9130682724678
15.4323834392101
10.901559858666
22.3911488428712
31.3130402006209
0.0971645582467318
20.7894700556252
40.7370973844081
20.5783391837031
26.4144849668279
22.1611910033971
9.69958347268403
27.5481581687927
18.4287808610233
6.8519987598678
50.1037915237248
27.4557474823868
19.7704528762692
37.5326555222273
30.4626476950943
18.1857868175428
38.9365088194609
28.6541481502354
31.4901179168373
19.2683874448392
41.3226494992617
30.3552846424282
26.5154004442059
38.08668917045
44.8876178374881
27.0781436935067
16.4437411305828
28.4904269216662
22.2222377001365
26.9575930200517
31.3085673343825
0.407065134766906
30.5305370595306
0.559990014880896
28.5270142368972
26.3363868579902
30.0001096911728
24.1949081854743
16.8055798392743
1.8454338889569
24.2191256023943
42.5081956200302
27.4596462957561
39.4879835657775
17.1574981417507
30.1899646266078
19.3791027180851
14.9774916562889
29.0976266842335
39.5166809204966
34.3725862912834
43.1487240362912
34.637689543888
33.2502607798639
37.0356704108417
10.1741006132215
40.6928698066622
16.1426377482712
55.9488148894161
36.5902503894322
23.3205328161214
25.2684884238988
7.83181420567028
5.33658539381742
1.30497557111084
25.667654722929
28.8799974136055
21.2121816506355
20.6312310416251
17.7659450835125
28.8669434961522
7.53245889209211
16.9475952163339
16.5619800332934
6.87846140936017
15.6384743284434
5.44925928678932
27.0409545611219
33.6119441781193
29.4717474039954
46.2529192212969
29.0905316108896
15.5335195795349
25.8504475741267
54.9112260341644
23.0341969903484
49.742855457589
52.4675652384758
12.0263778604567
24.8266416136175
7.04423128627241
17.1513150173678
20.7863855029769
19.9986931333581
20.0819135985179
13.5453400202096
18.2087643072009
13.7068619485945
37.4739515129477
38.4096411101852
16.4616282081657
22.6073391009647
9.06445700675249
33.2454494666308
26.6342959574477
44.4563122000545
22.3081225981587
11.0389740170882
37.5248905736953
27.0650243386626
30.8035802096128
15.6420836225152
29.8122520092875
33.1329974345863
36.3306543843239
31.8269615061581
41.261785896495
43.2556271537396
21.7025454743099
47.3513334523886
17.5035376068444
37.4483884312212
29.1530353017151
24.3447336833924
56.7715581040829
7.97777192405893
39.7412427235395
27.9660093132406
44.2966378759593
22.9839258361608
31.4744710110269
7.37827607929769
35.1790830492973
32.6004641280669
55.2360919304192
6.04337712381771
28.9040164205206
18.3268271074306
29.029497038573
23.4328626189381
18.5394225176424
37.0509664993733
17.0044230762869
16.901829559356
23.2733111828566
16.3935326505452
35.0723380688578
24.2351335736796
17.031338960943
46.6582908016782
40.23746564053
15.9552075434476
43.1481265928596
48.4720400068909
33.6068423219199
41.9018276501447
15.0456168223172
36.8320715613663
9.62201276625139
23.8994690327262
3.51019790396094
6.40906442977609
29.3211688521206
22.5416847970337
13.4297247976065
39.780911616981
23.8719449249829
1.31250727453914
9.70888026058674
37.8226676955819
6.32719923502405
13.1279033143073
28.0257276725024
0.27188379317522
38.3703009225428
40.7053645700216
40.9561660140753
34.7004766575992
17.9945811163634
30.7746317237616
22.8955959435552
18.5596625320613
28.376642435456
29.8812703695148
30.8819034602493
47.1000281628221
33.3306194283068
37.3467630023601
30.3449971601367
24.9017723370343
44.0061050001532
33.8553517448149
22.951435200067
42.1038150840043
30.1388948480157
28.7645841483027
41.8635729234666
13.4443777102065
12.2397402767092
27.4850240442902
5.23496707901359
16.7080845683813
42.679826496169
18.3959348592907
22.5869282221962
10.1734148207711
35.1961799699993
27.1015755609891
36.2965278327465
17.5031464074126
7.52298408187926
36.103045148775
42.704277811572
14.6270667282605
45.6112741027027
37.7793739280409
32.753630244698
15.6043649735609
18.2495777270631
19.552334484874
13.7263314729385
6.55013392679393
23.2600300637062
24.2751778707617
26.2631342746317
35.8634497504681
22.5944885518402
31.1021027320995
48.8069880288094
32.0348102599382
15.7328894153906
43.9937241375446
26.2843098025769
33.6535284295678
36.7279555182904
23.0975609857363
32.5460741296411
44.5981673896313
36.4776026923209
40.9141384065151
36.7687130364482
40.7162685878575
20.2861003112048
