"x"
48.8500349942018
21.2512812559611
31.8147624703124
31.8318537482992
34.0820176387206
37.941605001688
42.5923032173887
37.2806073585525
36.3085235655308
39.1833191458136
40.6795815005898
35.2031629299745
55.1865417481025
35.2279641106725
34.063221908581
37.2419397160411
40.2067348267883
41.9346223771572
42.6433584280312
34.532224200666
44.032825329341
30.7243710290641
53.7106746938774
37.7176372613758
48.1183772487566
30.0340128343398
22.9385016578534
49.979353395144
34.023175011389
51.8912208609679
36.9506927765906
30.5138073708812
47.866735747084
22.1389109408483
20.7632256858051
41.4932044921443
38.7373897386715
41.8383312085643
29.8692592838779
36.1492212256417
41.3164720032364
23.428749628365
46.175780412741
41.3534191157669
32.1923501696438
40.8889850880951
17.8359402017668
34.1596625340926
37.3082213057205
48.9205200195708
15.3831444142459
46.2144640600309
25.8926706993952
20.0852090632543
15.179670737125
20.268211962083
25.4903021920472
21.4988930197433
11.3022691756487
35.3993986267596
40.0209557916969
26.5655020670965
31.645981813781
31.5339159639552
42.8845752123743
51.0218936454901
40.8499497920275
32.3591848404818
29.3778080493212
31.0186258237809
39.2226486233994
32.3429455514997
47.6561976782978
53.4405785264467
21.5310376230627
43.9346590265632
32.9911259096116
23.2836507633328
40.8835475379601
34.2671913607046
24.1472069360316
20.806641173549
32.3545930860564
44.2979278601706
28.0562901683152
46.6616195766255
34.6217659162357
25.2899821801111
37.4660270195454
48.5117465723306
42.6970756147057
41.2050096085295
42.0339552359655
31.4214576222003
26.2940913163067
35.3712977888063
29.8416419371892
28.7160552737767
34.6621332596987
41.3782439287752
49.6503292208824
45.4841124312952
38.2695489423349
35.2715593412316
19.0886507369578
23.1232054671273
39.5293966308236
30.8072225842625
34.0770370559767
24.7701267422119
37.1739008603618
49.055280826275
45.6076372787356
45.9187598712742
45.1515384484082
34.5161679200828
36.1752500152215
44.9844318395481
51.558181263945
38.9433094346896
41.753495419398
34.6617355038581
48.0775977903977
26.2332560680807
28.5490709729493
25.062784277834
54.69350382455
40.3866235170222
35.3679900150746
28.2203536527231
40.540844257921
23.2062627049163
48.3662565518171
54.9378844879963
38.9641956053674
40.7608508318663
38.4825743362308
7.71284843795002
28.480798760429
51.737592394317
24.7912590065971
36.7980145895854
38.6815162096173
27.5531433196738
39.4071664754301
29.386041383259
35.8833076361166
33.0417064856738
26.0812728363915
15.4349892099103
21.4721107017249
34.6041247714311
26.4457216206938
43.9232558337972
27.8533626813442
49.9463555839309
31.5433834586293
36.8785648257569
31.7861111588961
42.088429601863
45.7307564653456
31.2300966354087
32.3694128589705
17.0414318051189
28.7903455505148
22.0026225642223
47.561650541611
41.5909287566319
33.889457010664
32.6680342527106
17.649298440665
21.8075318659332
32.1981203975156
35.8651184802875
28.1067309714854
36.7697206838056
36.3091059308499
38.7515873787925
9.13208034820855
41.2222866853699
37.4728543451056
42.0567820267752
42.8990398161113
42.2343569993973
36.5027432795614
32.4841778120026
42.8532631509006
32.559447796084
26.11740074139
31.5855466622708
34.3123173462882
29.8222583020106
47.3150407988578
36.0399660985265
32.4644530145451
28.2484139734879
42.337032770738
39.4671700848266
48.7597334820305
37.2082130843773
31.67448238004
26.6327566234395
41.7813119851053
44.7492643399164
38.060005158186
21.8010861629492
44.3335778359324
31.2720200931653
30.6178179942071
42.3332371935248
30.9545564791188
39.8429546551779
47.9437430482358
41.4154447056353
42.5123483350447
41.2862445181236
28.6443920759484
42.7345471689478
27.1938963141292
48.3765365742147
40.809144419618
32.8609695425257
28.9440449466929
34.9677732540295
33.238732283935
19.0518532207074
32.1307616960257
35.3381136246026
37.0843858085573
21.7888837959617
30.0524208368734
37.9885785048828
43.651349185966
27.1395553974435
20.5361372092739
38.6394261848181
36.0666712839156
23.0039174528793
54.9347590220611
32.7320718811825
22.6565250661224
49.7486551728495
53.3136982534477
32.8673049433053
32.6079335276629
23.548770211637
39.4750630407311
46.3583198655397
21.8909993402886
24.3365110317245
34.6770473010838
36.0251106554642
37.2035574866459
36.1090547405183
34.6731251850724
28.9452132303268
31.7396712768823
20.3795020370946
32.6178036630154
29.6507523022592
47.2915885178372
27.5146485352889
20.4339714452635
48.3357524871826
38.6582311149687
24.3382609635592
50.4935369238653
36.46107449242
34.514274597168
37.780177090317
43.3940157527104
42.9975705128163
35.0012074643746
35.9676448954269
36.0549006597248
29.235699144192
47.3850990924984
34.2782856811854
38.1965622631833
31.1766552459449
11.0263724182438
32.4696739623323
37.2807213803753
32.6507982145995
25.6844323640689
41.6006291922019
32.1940651256591
32.8901491987373
41.7433530837297
17.2504046978429
16.5256049519408
27.530216114229
37.7325830189511
42.4916661158204
23.1263583758846
36.2876680353656
39.1228722594678
40.8617936540395
15.2181405656906
16.5168841229752
37.2036642720923
37.3236185219139
18.4468858337848
27.5785433268175
29.3612922588363
21.6277530151954
25.8563242387027
27.847497924231
27.4574649189021
46.5726571297273
19.7571821976453
22.5914144329727
32.1263757022098
31.197569090873
32.7850389294326
27.4927999917418
34.755908777006
39.6117395719673
40.6467098696157
22.6419851649553
26.384562831372
35.6200257480255
33.6731091978438
50.0554806512805
46.3623257866129
34.2247206328217
26.5519806370139
41.5758727909997
44.763539737091
33.8800548715517
22.7561782565442
36.8817983660847
43.2537026097998
59.863834219838
40.4095065034926
44.5968334609643
41.4236058713868
40.6011936813593
35.3503126849096
44.2610216233879
35.2034011436626
45.5138076515868
41.506087583328
31.5154704189395
30.3115736840566
33.4230238525197
29.9415396992117
22.3245671205223
22.4140796950087
16.3611117005348
31.9319462962449
41.4924157923087
34.7840243810788
31.1130648711696
26.1560653802007
34.1500067198649
37.5741104828194
49.62766543668
34.0701650083065
35.1344735305008
39.8826944222674
31.4903768384829
12.3519492847845
51.1764286141734
26.5464962134138
37.7334397813753
38.243466890417
36.4695723820478
45.8600538875908
35.9415523475036
44.2760637030005
30.322749695041
41.8390994053334
25.5791214992447
34.4946662662551
41.9197563827038
13.649340100216
41.4574356051162
45.8359549287707
33.909112312831
28.226861176081
41.7597212456167
49.6227617159882
34.3672697292641
28.1465844018385
33.2147966776833
35.8767666993663
37.1131502091885
19.6351759029605
39.1870973818004
35.7940734317526
21.6055611961722
28.9533211337402
35.2000199630857
22.9433172661811
18.3166150702164
41.4523353613913
26.343568302691
53.6618320794959
39.5298427436501
28.9676716504619
32.5935728522018
30.2119486127049
31.3206608694203
36.3406489370391
32.2704436117783
31.2153128487989
32.5065974751487
30.0046629365534
32.284637959674
35.7687560888007
33.2111601691041
34.6382276844593
32.3480166867375
36.1466534202918
40.0363797368482
27.2504463707999
43.9755274727941
54.4231897190609
28.9650161866496
47.6819519745186
35.0229086400941
14.4883308373392
42.105822917074
33.9034164370969
30.6992741348222
32.24531813059
42.6248011970893
51.3671513674605
30.2355691883713
30.7292495528236
28.6781055713072
37.7888969238847
36.3098806794733
56.1648816264443
35.1690881047398
36.9890839699656
23.5407085623592
24.7364821471274
34.6781128066241
35.3424280369654
45.6256743706763
29.7645342068437
50.4895073606276
34.3984350886653
32.5772376125678
36.2344786804169
45.3672022512183
33.2899454607357
31.1119271302596
43.4165910631418
50.0095960375317
23.5036186454818
29.9919114634395
22.7670279238373
34.9659338410516
22.6803160551935
26.1483982438222
35.6391823478043
39.549527936615
41.4811523724347
46.4965422824025
24.2488719409421
22.2334539378062
41.6789773013443
28.3657437982038
45.9758304990828
29.5973203983158
38.1523362360895
43.6813284503296
31.831262842752
8.80887978710234
26.2359456857666
37.8925278969109
35.5096417386681
33.2880762545392
17.6567608397454
31.1157790012658
56.75962175945
41.4004962751642
24.3963687401265
33.7596239335835
27.0232544094324
42.6807575207204
47.5971789984033
43.4988831030205
25.1948515698314
38.5596546530724
29.7419529910692
41.7598319100216
36.3273942749947
21.649291748181
25.1942681130464
36.3842457579449
35.1628613658249
38.5991957131773
37.5259776599705
16.8314438639209
32.9227039823309
50.3450166218379
34.746601395309
40.7300405902788
28.7091459427029
38.6657546646893
39.569029383094
18.9076513936743
28.0774438241497
29.7296257127571
27.9835679428652
33.4766178904101
35.7579182460904
34.8833090625703
41.0126597480848
32.1902554994449
38.9672933937982
36.3759931595996
31.2944274761092
22.6431181090047
33.5934075715728
35.4743569577113
30.1405969960615
24.2158979130909
32.1451526973397
22.878472458483
33.0216137512173
41.9456999655813
45.6518437480554
46.6546953748912
30.2880772808567
45.2056822227314
38.372873836197
36.1108606727794
38.0683696269989
33.7289414694533
48.6111782927462
40.5638144398108
39.8480141861364
20.2900793869048
37.7143026283011
40.1468452066183
33.2682830700651
45.3310872241855
34.4046899399067
29.9821574147791
46.7833682522178
43.7249227613211
23.5906341430595
42.4276004545391
32.9050450399518
40.4738261550665
41.9679122511297
37.0078249135986
38.3406624430791
38.5870105028152
51.1918252684034
27.0439970001185
33.241257192567
43.8270457647741
33.1520323455334
15.6765650957823
33.3439751109108
37.621881486848
37.6363593898714
23.9479610044509
39.7997170127928
35.1449495414272
27.1129971690425
37.3609695711108
42.2098853671923
46.5922196628526
22.7949867071584
29.5951571375812
31.6905574686825
30.3533156914636
37.7652897778898
36.3066307641566
23.5719645582139
40.2233602060005
35.5967242456973
32.4708906794737
36.9059516303241
20.2667902829126
28.3681102888659
32.3766367509961
39.992375704024
42.8162055695429
32.348578190431
24.466141410204
36.9307240610942
29.3584303045645
31.921004569158
38.6422428302467
32.612073821947
42.303815423511
36.1838890099898
36.1568775560561
23.5390563861954
36.6360644262524
43.7065884564072
42.9434119397774
22.2129484917969
14.010737836623
31.2722181919034
41.5793178603053
39.6948078414425
30.1634464738891
42.3342959862202
44.7674432909116
22.2692908206955
37.8237113263458
22.693170644807
33.7884135963395
31.2349507445469
29.8889875691384
32.8247526520863
39.252478890121
30.5431687738746
35.6395332794636
22.0075356466008
44.8802422964945
41.7777159533748
27.2479572546728
35.3347227629274
15.7296121421509
32.9362687584405
36.624491205439
35.0884820101783
33.9757949440363
39.7615994014009
19.3199053453282
35.0043274182826
17.0319494128088
45.9315400617197
37.4900392070413
24.4557997956872
31.4887367887422
29.0034156665206
32.2601553575128
30.7528426824138
17.8864352428043
32.1199086634442
38.7765879509971
38.978881505318
36.7333461577073
33.6130381561816
43.2114975852892
30.5399557089792
33.5497195132289
37.0234103733674
34.844997827895
26.2241262242893
39.7335561271757
47.9294024081901
35.7309253560379
32.4783786787952
30.3728252230212
29.8806322568221
23.6021213093773
18.3592009171844
56.5239071164676
38.2277781004086
18.4345136950328
34.6167987527438
33.6072152527049
47.9261197010055
30.7231728872284
35.3247057273984
39.3011679686606
22.2743265563622
28.682325584814
23.4732058471717
33.7938886322081
20.2491518436
52.3277364269295
38.9736116956919
26.8704519881774
40.7768520573154
31.9530053576455
31.7019531643018
28.5425416223445
36.5801067277789
19.0522311953828
49.2333941411623
45.3724402468652
32.6123121660203
32.8240152588114
29.6109571214765
40.3791873822888
38.3157750368845
38.6530470661819
40.6495567644015
52.3057739294729
17.4832012085244
47.5019409507513
25.7852594042197
30.733265817221
31.4888215716928
13.8649655603214
40.5584614146905
33.6983573483303
30.2591501921415
42.9012967506424
17.6629505166784
31.5443058032542
39.3851609807462
36.3765654852614
35.8713862905279
30.4070701503851
35.172570203431
22.6515335636213
22.3346214788035
33.5248323017731
35.765016112849
31.5646896976978
51.8705638748058
26.6859486838803
25.1492184912786
25.7626191686007
43.0965824937448
43.0096558155492
34.084376306273
41.995679368265
43.9292346453294
32.3132122913375
41.7004396114498
40.3337342757732
29.3537317123264
31.4088659686968
37.2256612265483
43.515035379678
37.2126976159748
24.3412792822346
35.4651106633012
43.3516684779897
40.0555349793285
26.9785857247189
37.4566670926288
37.2454404272139
37.605654434301
38.5847608372569
22.5209699384868
28.0198318697512
43.7291796738282
32.4919802555814
30.8629511804833
48.7628459899451
18.0199813603598
19.9363201623783
35.0507319858298
43.1487970566377
37.2758164242138
23.8676035869867
35.3365646490176
33.3355359639972
40.8913641935214
31.8049062648788
27.6706384401768
47.7866310120218
41.454497994855
26.6726941522211
29.7228144202381
40.1070495368913
26.5261752821096
33.3997251652181
30.1581358984636
36.5932733472437
30.0380294648223
29.6524753135923
27.8845558315516
39.4748788140714
30.1890288898721
20.5652043968439
36.8426856864244
23.1794249080122
30.5727206682786
21.6850448917596
33.990968214348
30.797276282683
41.5991158894891
30.9393896757613
53.6673462985457
40.5408343160525
38.8127191131935
38.1430305200083
37.9833035450429
24.5021751243621
35.9592463308945
29.479632026929
22.4115239478071
36.8413104489446
16.8624018970877
18.8276159682891
28.0723544675857
35.6047769961879
45.7595092942938
42.7303273836151
27.2794759180397
45.1501144468784
18.465151601778
33.0422200076282
34.684547772631
47.4757853616029
18.0508744996041
23.4241707090896
25.5906681902707
22.3291077511385
32.1094334544614
43.1165801221505
34.5965290209278
45.9705864731222
31.9911877065897
43.2387427054346
40.5633217061259
32.9278855537996
32.0303316786885
32.2158459667116
35.1675986824557
48.7723665704925
26.9003230426461
33.4725522529334
10.2193498797715
31.8442755425349
34.0809039711944
33.2233797572553
43.9335224917158
21.4883056316176
31.7271304735914
39.3173887169948
29.851870238781
47.9852575529367
29.771902509965
44.8128368193284
53.2421900605219
39.4891694840044
38.8261519139633
45.3928250214085
21.9212983036414
33.0594745604321
41.6748472535983
39.0962337236851
44.5760150579736
26.1734253494069
20.1416678586975
26.233954182826
33.0428869536045
48.3377296151593
35.3076681029052
22.0273929042742
35.9914321033284
31.2177825067192
34.1609697649255
33.6172049399465
37.3380923178047
37.1915648877621
36.0791259352118
47.6993639674038
29.2628577509477
29.381121462211
32.862466853112
50.6087588137088
24.3502842029557
18.6793409403654
32.6310374562425
38.9748346759006
46.0239780228585
47.8740538757507
26.808730987832
20.900858794339
28.3107713609934
40.5364202242345
41.4507569812417
43.1791468104348
46.2762486981228
33.9820048864931
20.0878144981942
40.7456200523302
18.9606687054038
44.9321192270145
38.8948875153437
31.4008412857087
18.7564227962866
45.0396289955825
50.064267163201
19.0253337472677
28.0366143714744
33.243470187299
26.7122027138248
30.0091233151034
37.9563123174012
45.1704134279862
44.7672997333226
29.018133347854
43.2342605851591
57.8533171576805
28.2154665056177
32.5893194274977
37.9337562713772
31.6549594659023
26.5136845596135
35.0323319016024
31.0903506815657
28.6589933705121
39.0221201255918
32.59343010568
33.317699925974
38.7981637287885
38.679920360446
37.2979681100696
22.7041792001633
35.8039032015949
26.3964759930968
46.3813858479261
40.7077426742762
30.8616483816877
16.9692494187436
30.9651282057166
21.1241443920881
40.7879935344681
29.2070687469095
20.9475568849604
22.5230801245198
39.6193535579368
39.2081026593223
42.6346209272742
38.4292218247041
29.8585011027603
32.6053488161415
39.9851778103039
40.8485284959897
33.3814039640129
29.1956711281091
27.4990525795147
36.5317348437384
26.9603258970985
34.7438971418887
30.0883400905877
37.602789318189
26.5692182696975
36.1167388921604
42.3614910697134
22.3083018833735
49.7774614139522
33.8032236555591
24.5116481295301
39.4724372867495
38.9122350001708
37.5104018487036
38.9942097151652
39.8229384142905
24.918278567493
21.1234453646466
29.1652895479453
35.8171001356095
33.5365849593654
27.7652287995443
32.4777181399986
25.4786769207567
50.5028421868035
47.8977704141289
37.5707670489191
30.3351598838344
17.0325270527974
29.7524022031575
36.1626771697775
39.2114816885442
30.2429181523621
36.3862297119953
23.9816285390407
35.9588094754145
43.8615245232359
23.2786774821579
18.1428723157287
18.9267319254577
24.5342707680538
33.0871819937602
32.2922552889213
29.6872727945447
17.9890575259924
38.8300226582214
35.6372166285291
25.4036375880241
43.4475937858224
35.5293535161763
45.045864242129
18.9776015334807
35.5151873966679
31.4049181016162
32.7701298426837
39.6082469262183
29.2750941077247
33.5652265371755
47.6320774992928
33.2419464621189
24.894974110648
31.2445089546964
18.5957343317568
29.5520714811741
14.0520477807149
42.2787309158593
35.6279434403405
24.8848868301138
28.9722070656717
28.6410457490072
38.1513696257025
24.1245294362307
32.1758418437093
36.987722357735
32.5380934774876
18.3402140345424
37.1683293757574
41.7684482503682
36.6771449707448
27.8760329421191
22.7680627582595
24.5556190563366
39.7594044636935
14.5088515710086
48.8696181634003
45.7074713055044
43.0253447597654
30.5120006902143
37.8427509497851
40.0750284735113
32.7919399693096
39.3430306017399
34.7180715401276
28.9093183912337
33.5026000021026
32.8039997024462
40.892524458468
45.3546342300251
26.6852700943127
13.6528818262741
24.3276235787711
51.5949390333542
31.6332787135616
36.1408306797966
28.1956924404949
28.1033051013947
19.1494123635051
24.6015110146254
28.528830469586
30.9948372794315
23.9750324064833
37.8576764976606
39.7651531128213
22.7562180813402
49.3510295623754
34.5409503253177
33.0237742234021
30.7239095959812
36.7347882798238
38.1950093759224
37.6767756277695
31.498082797043
27.0928819105029
26.8385300925002
30.9377921419218
44.5540329022333
43.65715067368
38.115429347381
24.5556382881477
26.9986150111163
39.153103448861
8.03424564671255
40.041586831212
30.5347866704687
36.3758730096743
52.0261870388337
30.0295816268772
19.7755389939994
19.2614925516265
34.460363201797
18.6868223309341
30.0068342406303
28.9824029896408
25.1041784370318
43.2484641252086
41.6367857065052
30.8728318754584
35.2520259097219
39.4334894104743
36.8776167510077
53.0781721294322
26.3352119503543
40.2087808959186
32.4791010050103
19.7826724639162
41.408757702118
38.2847040658817
33.7068148795515
23.1791217625141
29.5654812874272
25.2943088486791
41.7784350039437
29.6512395516038
26.2041795579717
26.2352772988379
31.7933920165524
35.8173925569281
36.0605524713174
49.0088572696247
33.2500917650759
47.5881772395223
32.505744821392
36.2817684002221
36.5354612190276
19.8471882473677
48.9944882086372
40.7905579498038
37.8205397725105
30.9925945075591
40.2007846999913
40.1795401982963
14.0875883791639
39.2009612033144
36.0493345534928
28.42402942013
43.9129413897172
27.6252556033432
47.8566363733262
37.7683145086891
22.1840663207695
38.4743895997403
32.9392257705331
47.8280298039317
34.3762709340081
25.4991602990776
35.9088788041845
22.9224720690399
45.4836481623352
39.6205040439963
34.3704879610315
37.6110623544082
45.6909070769325
37.2282440913841
33.7544888118282
35.1558904862031
32.041480098851
26.3216155162081
38.4783212374896
32.1208833251148
25.8513649087399
22.1599075151607
27.5738046085462
23.3457079064101
34.8094666004181
21.0706801860017
41.5382861718535
54.5607135336689
21.5431375615299
43.045696914196
31.8996876251313
20.9379365528002
32.815372091718
33.1551604159176
31.6415997641161
37.9484958900139
40.2283906936646
35.3555264598909
42.7965814620256
33.2510147290304
27.2587766302445
38.5746772075072
38.9609061181545
14.5200781244785
30.8011578489095
41.685044025071
21.6645489959046
39.802459240891
41.2436784245074
37.9083134327084
33.4777117630498
25.5041453797436
45.419041858986
26.9847539206967
32.8589679999277
41.4731116825715
38.5902702622116
47.8221165435389
43.1933287065476
23.6927321506664
50.5831699416437
33.6611851910129
12.757147247903
44.391899346374
33.1591299269348
32.5119541705012
39.9195168539882
22.7303378004581
17.8310027439147
33.8896276196465
15.9968701496349
32.4394153151661
39.4229170354083
45.953173013404
45.3846798278391
30.5307057257913
40.8208565926179
35.6437953095883
37.9179980186746
32.7355058862617
48.0933217843994
29.1182494955137
24.2450591083616
28.1971779838204
30.8863206766546
64.0884620924356
36.7036725813523
18.1049397494644
37.0808136166882
36.8987692007795
47.7153180260211
20.9525791974738
38.4886430483311
28.0730962287635
25.4031513817608
37.968103589619
43.5621254798025
28.6310196435079
45.851928088814
53.1799075629958
27.332262871787
32.5886229425669
28.1449476769194
29.678618172639
37.8688772348687
30.1441994402558
48.7373805016675
34.2730594100431
26.3107763044536
39.8007843783125
51.0475387767353
20.6955882552682
43.4260172746
35.3729834521084
28.9948507305235
18.1551859698428
29.3692338233814
43.1193391047418
33.2456875825301
30.0102639570832
42.6891128951684
40.7360932228638
26.1214710678905
29.6866595279425
18.5061453189701
32.9851941234444
43.8769743824378
49.3387119722017
46.3290198752657
31.6844460880384
18.6626644249053
48.3105142228305
41.4491081982851
29.3855162570253
38.2424281770363
49.4320866494893
34.1403666140511
41.1809135507792
36.801997856237
29.3433451000601
17.9799433751032
31.1732133058831
34.0126316109672
27.2333668358624
23.5551861394197
19.6235245249538
20.1451197165311
40.1585994940251
21.3917453633621
38.2887350860983
40.0305794551969
30.2900795731694
46.0412828065455
43.2597867725417
31.9599262019619
37.0098814438477
36.1485594883561
38.8764313916651
36.8342743767425
33.3325008582324
40.0123178400099
43.2816077070311
52.477139306108
48.5598275334981
24.1729387408122
38.0099770087176
54.4560667936155
31.3454817745653
17.3295339848846
44.45484128315
32.5689124874771
51.348242132887
42.6706441957504
30.3540221182629
30.9850226668641
36.0963490061041
46.040623318404
28.3554141968489
38.6040142271668
29.8084043617449
40.1971693476662
34.4252212718129
15.2783379775889
47.2482718620449
35.3158051896069
42.6243262039497
25.4152805916965
44.0226057730615
38.1184802623466
40.1369570568204
26.1375320097432
30.6492841383442
36.9265033956617
31.1800113273785
20.3408844511183
34.0649183420464
37.6152894087136
25.0957189903797
21.0825193859637
36.2547528231516
51.847891814222
37.1436616079882
48.0329371569678
40.5318557657301
27.5395689532161
36.0882900557307
37.4476649099961
24.640268557705
39.0499783493578
30.9684365987778
26.5323611581698
44.0120719559491
30.4578346852213
53.4055382075119
37.9004327906296
21.1973855178803
52.0871691871307
30.5932130757719
45.2201256714761
48.8134268641868
28.7819035351276
57.9048465068427
38.0198875395698
14.1906951688738
30.6873114593327
19.7691923659295
34.3440520111471
24.4368959357962
43.7831329554319
42.9582661669701
37.0494664134458
56.3940669007995
36.4438500301912
28.9509290596065
31.4342070417479
44.0578987216577
32.3253483877687
39.6695741405711
29.7785905841738
43.6206920165569
23.4519121935591
43.8698185840622
40.4945350019261
30.6348970811814
36.4975503645837
32.7697005169466
41.7874310258776
23.0914838984609
32.3595586745068
31.8210660386831
30.5321534117684
40.5035173008218
33.8935818104073
39.0742949210107
28.2268987596035
36.2618523521022
30.7813323941082
26.4690006850287
49.8433269251534
38.5488583706319
40.858007138595
30.0295721930572
41.9220135780051
41.8838312942535
27.6629153033718
37.9777999874204
27.725669387728
40.8601872436702
49.122775182406
42.2039719764143
16.5057842178497
31.8521241750568
29.1847227839753
22.9739471198991
36.6695510782301
38.5126711754128
24.6956880856305
27.2936774197681
45.1723449211568
20.8215960566049
25.4953064948694
36.3143537379801
27.1034638397396
41.4629362290725
35.3377926163375
32.329287441661
24.6379884146154
49.4529583834508
54.293210798986
27.057208432816
43.8028038712218
40.358354547061
37.1749979211017
38.548578270711
32.6511892396957
41.4260086417198
22.7030927776919
32.14320871979
35.7116904808208
37.3493446549401
31.3235693005845
40.1592187257484
48.7029966310063
37.1993736550212
44.2300289077684
27.8382153483108
26.8390631011765
36.0270347166806
44.9584065051749
24.2752500038055
21.0573976533487
27.0007021771744
37.3865571664646
48.327955910936
56.2027882196405
20.6478962529876
31.5804242203012
24.4655171259524
33.3304880699143
29.708502173202
37.4742096988484
37.7663933904842
36.3411016995087
28.5304983509465
37.678630258888
38.581872349605
46.4177345577627
28.2268004165962
31.1778226168826
25.7823183807197
45.8007244672626
41.9872638536617
46.554280645214
26.064744819887
44.7291367175058
16.9248998071998
45.3728715935722
40.1901980768889
31.4706684043631
44.6748175099492
34.1429872065783
40.9381701843813
23.9687273511663
31.096340790391
28.7677086656913
61.4308868505457
20.7811847422272
33.3133631299685
33.5803878541279
35.2515680296347
17.3140055926495
33.7890156498179
31.4880204200745
52.0878788090208
40.2247240347788
47.897045048885
48.5365367651382
34.7762113437057
41.7323424480855
15.3897549025714
34.3771411675556
38.4729348946354
36.9324502302334
40.3459095116705
25.3879063656333
35.2079900493845
39.3494480941445
31.3452841993421
34.4902140693739
29.048142763786
44.7032835241407
27.9136417293921
39.5513941394165
22.2077650949359
31.2550927093253
27.2456818667403
35.8712264383212
29.1407664911821
32.3280775360763
39.2544919392094
40.8740969933569
34.9634665017948
46.7392870504409
39.5751806627959
23.6725158337504
39.5168900536373
44.5965711260214
25.0110082654282
23.500998262316
20.8516746482219
35.36142825149
39.54998803325
36.7192752889508
29.1106083057821
29.1225117916356
36.884640045464
24.8735937476158
36.1948788492009
26.0860227653757
41.1014090797974
42.6285612117499
40.8868582932697
26.1370183890731
38.0734112951905
32.9478224879131
39.6990418739703
20.1075279060751
29.9735909467563
52.119189991469
31.9069455610588
29.1784843755886
39.1140449233353
47.5003311829641
48.1360038556159
38.5004916200838
39.1510898899287
20.1157472888008
37.8237349785162
42.4440001696348
49.9166445218423
44.0042797802016
36.1023106984794
32.669718535617
20.9538059588522
35.9525128500536
41.1164999566972
38.0582945374772
17.1994730940704
20.6079095819703
42.7572697820142
19.2265014257282
30.7221105415374
27.2582350671291
39.6855716500431
37.039909507148
34.4226638646796
44.0302753867581
32.1573357717718
30.3509392915294
30.4886438160259
34.0543047292158
20.198033885099
20.8261816063896
33.6724790232256
42.0691958349198
38.9457915117964
39.3786152871326
34.3777200346813
25.0114973401651
25.6600376265123
42.8783685527742
50.6545806553611
36.7210794566199
34.925618362613
33.1285339733586
36.2480587186292
38.7236579647288
38.9007348334417
25.2414336567745
29.0682737110183
40.4647833574563
38.9562434796244
32.4074004776776
34.0476985042915
19.6363837365061
20.046641654335
21.750477057193
40.5251044411127
37.3446917627007
50.2287125371792
29.5689780870453
59.159046526035
41.0514223761857
30.0108136609197
48.9884406349957
33.131319032982
24.6585913561285
20.6300386786461
50.6800898050095
22.1368209939193
31.0913186147809
37.090048273094
36.0430843150243
44.7375917714089
39.042083430104
48.5540737647959
41.8447118671611
41.6679462604225
30.1444471394643
35.2512004412711
16.8688661977649
24.6271285042167
31.2996172858402
36.0417810827494
35.9721440961584
12.1281489541818
28.6959527808771
27.5687810964882
42.4324430897832
35.5817492166534
37.6003046265694
35.741884619557
31.4617362385616
34.7511320188642
35.0498089566827
19.3482057377696
19.7189489332959
49.7977439586497
26.8860462723579
47.1102155558765
26.6384087875485
34.2207478079945
40.8543904498219
15.1303039165214
22.2515867324546
22.8080223517938
26.0573317765329
15.9831040385216
31.4399198023602
39.147345180433
14.8849431794704
27.7091374620795
33.4242029255256
28.7801592493571
33.3079000143334
37.2167438594624
21.4018523646519
42.9806692060083
22.3219562105403
23.9015803299844
52.4819586015403
36.8445096444339
27.4977700132877
40.92201073654
36.1559349205345
47.8621137561277
35.3055630688205
38.7532956851646
30.6595435272902
25.9129236219451
23.6230328700787
38.1765151536092
30.7024140580142
35.5142127675936
28.2009208528325
28.2459579734132
31.0849462356418
31.0550817102194
25.6921064434573
45.5342254135758
32.8396176360548
32.8521410003304
36.3690915470943
38.6376190790907
44.0959382336587
37.7078721299767
19.9695478752255
41.6831519408152
23.0198375100674
40.1985682500526
36.2926144469145
28.981591113843
29.5954394619912
33.7073769699782
27.1665161801502
43.9710095943883
21.9162118225084
45.4290011990815
33.575475201942
26.2132152821869
19.2582693216846
28.0642392951995
28.401237687602
36.2717706942931
29.2812905320898
28.4546194737777
32.5395679571637
23.1799641216674
33.7973243463784
26.4220314193517
11.1724009271711
42.0003094756976
18.5611365848524
34.3737830547616
27.3223043140024
35.6455188932436
41.0114867705852
39.0568011114374
32.3757793055847
33.248914911799
27.4081641880374
32.0766677876867
30.6632899818942
33.8281525827481
37.3221316747367
41.1920314282179
34.7938017686829
42.2076569544151
37.0131825050339
47.6637155888602
15.1907950379057
26.9671920174733
30.2056109486148
30.9707102552056
23.1389416847378
37.7885713195428
29.7448702188121
44.107686094785
23.6394035769626
28.0929417954758
33.4526756545529
24.0925914281979
13.1210579014508
19.5635395357385
40.6535144755617
43.4999895840883
35.7432864559814
46.9057211326435
44.9172884039581
34.1117855813354
32.8855841746554
35.9856394166127
36.906017116271
37.5841557793319
45.332787479274
39.909656313248
23.4961621137336
46.7601310741156
33.1345887994394
45.6241267966107
35.8020426053554
37.1149255661294
16.3504525506869
46.6441039601341
25.4529117524984
38.8612329214811
26.1173876328394
26.9655360933393
37.4616710459383
45.6734333466738
26.8653307296336
42.9465682385489
29.2823148379102
39.1127071063966
44.6104262443259
29.7409478994086
24.8374964245042
35.5761731974781
25.9442831632439
40.7705396227539
33.153304872103
36.9158247532323
37.2297559073195
27.9521233877146
48.6659661591508
12.5059486646205
20.9748267848045
31.4979406120256
31.0271440818906
44.2132543679327
40.5009449645877
28.2425797265023
33.755864277482
44.0330474078655
34.0297983493656
42.9502069950104
32.0461223321036
52.2002742741892
41.2892501568422
47.3983021220192
28.4450745629147
42.3272768966854
42.0455088932067
26.3127381773666
20.192713367014
35.8166214264929
25.1744268974289
43.1804200541228
30.1356548443437
37.7416590321809
17.7052171481773
31.6962120576353
25.3459180984646
37.3824831517413
43.2000991189852
39.8494393611327
25.8080193400383
35.5284984986148
33.5089022340253
35.5972756445408
30.8242963580415
25.0868202932179
45.8231384912506
47.033830974251
46.338077634573
31.3578905156403
27.0857232110575
21.6482491525232
36.4483249792829
38.5661335242912
34.3622508458793
37.8859962848946
41.943687601015
45.0842182105407
44.5505387103185
29.6526814484969
26.6454242262989
41.3919530482963
34.6375304926187
31.6966652637348
32.3247780743986
42.9153787717223
34.4696347275749
38.4311395091936
42.8504158323631
52.538154410983
35.3897965746
32.0571255683899
30.0374973099679
31.9694419391453
30.3609170159325
41.7627193545923
33.08958464926
28.3628304395825
20.2663391545161
33.4504264453426
32.5369062880054
11.7837017122656
36.4977773977444
38.1947009824216
44.5229367839394
25.4311223560944
34.225471271202
36.1092422017828
24.6131664374843
31.6695637137289
34.6618322655559
37.4870794313028
25.1837290276715
27.6620694647185
37.1448839688674
31.8302479120141
50.837853948439
45.0966516742483
38.3840034808964
19.5471035735682
31.9630294991657
29.3937068246305
32.1251666080207
13.3423248119652
40.0544244237244
25.0977675116913
41.0454385122284
48.308792845346
36.3742463570088
32.1858794474974
34.07393141184
28.3296283474192
48.891336174389
34.0440889592533
33.3883372275159
41.5860701818019
47.5317177921534
36.1358549892058
31.242323666811
37.0328106544912
43.5868590883911
22.5873295310885
31.7784761171788
40.5364243639633
52.6433597848215
19.3311536184222
33.7422671914101
47.0495539903641
31.1815526755527
44.2106044851243
45.755933187902
44.7997903823853
33.7170235812664
41.4345895173028
36.2475607451051
36.8874667305499
35.9028181107715
23.1705568049753
42.4599350616336
20.1597202057019
31.9464229932055
38.4410864301026
43.9200509665534
28.8716384412733
41.134977848269
32.7876212075353
22.8897334635258
33.7347950025406
31.3560724630952
40.413874569349
31.6633390123025
50.3647123434045
47.2762502683327
21.7164130374441
40.1738686393946
33.979067504406
38.2041624793783
34.8712304928384
41.4543393813074
41.9193116063252
28.8225199142471
33.1562957121059
27.376387372897
41.4008291158825
39.4374931510647
36.1983389128
35.036301119253
37.8409196576104
26.1947199179334
29.1302198311314
25.0360033288598
28.1669376883656
33.1528965709731
6.84473679925757
23.908652421087
47.9305755160749
32.3840865679085
36.7145651532337
43.5514028649777
42.3993853339925
46.2141643371433
39.0750131802633
24.2756631458178
34.9250912179311
34.7386367199942
32.2849178683961
54.2325104184845
57.9652494814643
50.1860428199568
38.6552664171904
34.4147498439997
33.6847976752422
33.6034892685711
26.1523543251678
35.978820011951
30.292663444049
32.3594491835684
35.6512109655887
38.9035875955597
42.0557808643207
40.9055263362825
42.4923411523923
23.1836988125892
48.7148236733326
34.6668607974425
41.7243657121435
49.9900713812956
33.2942193513736
45.8574425335974
28.3141486626118
40.3741557942703
17.6290112594143
54.4270444255298
28.7486953474581
40.1673299865797
41.2836485821754
31.075593479909
26.7253390513361
31.4522345177829
45.7603343715891
30.980416322127
33.7943793693557
44.0341903315857
36.6938522318378
33.4876513108611
47.6398896565661
37.0114304870367
28.1611017789692
42.8160892333835
38.8435383864232
34.3925783102813
43.1231230450794
