"x"
32.8671568073332
34.0276956558228
29.7446154523641
17.1829686676276
29.7386567573994
19.8697872720824
41.5502482796587
47.677850490436
36.1194727302787
7.83298962762631
39.5741824992001
34.9935179101138
38.7034670978507
25.4152951109494
41.1760076414794
29.1990324355666
12.8534360446042
13.4472906128071
33.0248003359884
31.8478498142213
30.0162309780717
30.9679058985091
48.2199708465487
30.8574253693223
37.6699349842966
34.5457510557026
36.29868169027
41.0925396718085
36.8515975307673
31.2220104038715
35.2834168355912
40.5924936575549
20.9569675382227
12.296140473336
43.0865901988
44.3780711852014
33.8931224534173
21.0009541362524
33.2030491903424
28.8034489378333
45.4483836423606
34.3170842621475
39.5046839956194
29.8877775257405
18.6999392462676
34.8708368837833
22.3132873344192
42.7408492658287
44.7332390584052
38.5320191737264
24.0428406279534
25.2327301073819
38.432841140843
33.9033332187682
35.3846544399858
23.2217920944095
47.7690508589149
48.6738203559071
27.877148706466
34.2923407795819
5.9795705601573
8.36195452138782
19.8774723336101
41.1388261612204
19.6861957971697
35.8112241607159
15.2961274344522
21.1730741503115
28.8186514750123
36.5302247460932
27.9830289073288
46.4282048400491
26.5172853134573
28.5832729656249
28.4372819587588
19.4573828484863
31.4679073635489
11.8610071949661
22.4506058730185
28.5311713914937
47.6287393365055
24.6155307628214
5.86826820499965
34.8111713770777
19.833687832579
38.7421485502273
45.7665677182376
18.9425839538199
24.4501167372525
28.9480490610003
42.4639555625618
38.3616043537222
27.0985316019505
41.2424321752042
43.8230707734734
30.2554653491825
18.8146363859046
33.1147328950465
24.5033365674317
29.7367424704134
32.0386790670455
36.4654093980789
17.1242935582995
29.2767040897161
6.10923380590975
6.83871610282457
22.7180035319179
35.5379378939831
18.3943420648575
44.7375842370093
20.0296700118288
25.8514703734331
17.208417626999
37.9056611098349
28.1696035992354
12.6518498799876
31.2129455244638
30.5821756832302
21.9868914689869
22.5136915409506
39.1259228477871
53.8592803757638
39.1610792838037
40.9696873277426
43.1407445655601
12.1329091489315
25.3761611413211
33.9368125423789
29.6800408046693
21.1567640770227
2.02891831452752
11.3418145570904
41.3405990228057
16.2139833904803
43.0046699941158
29.912626510486
15.4860648613354
33.6708683520555
34.8499186336994
22.3591034766287
30.4923058953136
22.7875042562998
23.2606220059097
32.4624109547585
30.8579637203366
7.94109283015132
18.6075292062014
9.26669770851731
15.7669289503247
19.6533367503434
25.3861218813441
15.9658395685256
22.8206987707572
32.4034593068063
18.8605999574065
31.8999164993929
25.8835185784847
17.6583874039352
38.0813547875732
41.0492013546701
43.696620753779
22.6785475853831
3.24277017602958
20.9897057429955
44.0238570794463
13.4429934900254
24.9598992988467
16.5270773739902
34.0913529973477
9.91225726902485
14.8046959657222
11.3287144340575
19.2072222355645
38.2148595526814
18.3884438592941
43.5866230167449
42.0299877412617
14.6217074251539
30.5549792479724
37.048129151084
19.5032963611527
17.08192108199
10.2194307837635
43.2303570210934
7.86341419443488
34.8109925631434
18.2539153378457
19.521466922015
25.3564467415767
60.1385798305273
25.2599205573281
29.291405947879
37.2783974278718
31.3438969036595
55.1922008860856
25.8786738850176
33.2694853655994
12.3866324312985
46.9886951304702
23.5947145149112
42.2442904673517
22.8393779601902
37.4526760075241
34.7064917077199
37.512751063332
44.4618235807866
25.1399977132678
48.0729589704424
20.4677076676469
21.9079840462655
11.686691083014
37.5587251503021
49.8990652617067
27.0026023034006
45.2612660825253
17.6000823266804
24.1907746405873
42.2304815544734
13.2171296514571
18.4203132521361
50.2356726210564
10.7700656633824
9.82050953664253
12.1019375044852
24.2862203158438
36.7375859525055
37.8331114479065
25.0888768117875
14.1154893673956
24.1237885318696
4.31972775152267
21.6812918428332
3.58379343524575
25.454099336639
5.29750459827483
25.8289251476526
28.7013617198324
21.5831414179454
6.19386713951826
25.9672342416197
35.885794274509
1.37469441163645
19.2384095451156
29.944455480642
31.2881271156566
33.6868612095714
37.1392966248095
23.385631290376
40.8199090067331
22.9753601600679
27.1628532239619
38.6448570527136
19.3402599471752
9.08939824439585
30.5717917624861
27.1221274975687
38.8999861199409
45.4051031731069
19.7950732894242
43.8938646111637
39.9574040435255
17.3814779613167
25.2262667287141
41.8044571764767
5.4799520615142
26.67888677679
4.07197028398514
14.1369528913517
34.5611800171057
21.6717113740742
2.97721349551994
17.251643227579
30.2274272495191
16.427194699645
28.718727780506
41.9470643159002
36.300103580779
9.33407139964402
31.2995972577482
26.5773805323988
14.0808302909136
32.9730701632798
40.4431939590722
29.1365761229196
23.060673526049
33.3418277557939
30.7207718491554
39.0605925582349
21.767794134287
50.4488633680502
42.0499776024371
3.47805432975292
38.8874476309866
14.5956985652447
7.3107780225879
14.0543581452221
7.84220920086831
26.8746367359702
16.7645193711787
23.3226923693212
14.5187103655189
30.2250579930842
27.177305566147
25.2684032263929
41.8905575759709
19.6336987861952
32.7565209728754
5.81008100139926
51.0091198608279
32.2644121944904
14.9793200194836
24.023147959614
31.7086060012368
23.5191840678453
6.21508331767732
22.537256142366
0.155294909677628
19.1891921218485
38.5305924341083
14.2629870213568
41.2313897628337
9.53757651150227
34.5006647985429
10.2380118367442
12.8269247245044
42.9555510450535
47.3903309553862
40.6253488734365
4.05920563340317
16.2286287173629
44.4020585156977
38.5041613131762
15.8376066014171
40.9755791071802
38.2818209007382
20.7543539814651
21.8899538274854
20.4643709495233
34.891743445769
20.8414246328175
27.2588816471398
21.0412977986507
20.8477049600333
17.6192172477276
35.290074482724
21.4693805202842
37.9902887623757
26.6489129979163
29.1110856873709
16.1430815957144
20.0195294804871
35.8294550329447
25.3718041919429
29.0022277273238
20.6872284412384
34.5370142254978
37.9748372728382
38.2501904852688
37.7423795017762
19.3835688228818
24.3371660513163
15.6984893966447
52.5924428366125
26.0492239613086
43.6372663589037
28.662992285664
14.7485417369634
28.9853978126091
24.1709962487221
42.1790845226496
20.4873298294842
37.4233589973301
33.3415929228067
16.9921602122486
44.4532736594734
11.2670391543325
48.8128156866878
19.255403149873
13.2800716733207
30.5395072791725
20.4680945257978
38.1498796399683
40.0593335740268
31.7603045608848
42.3936514183879
36.8425447959453
29.8416642937809
16.5961118880659
38.5813613887876
16.174309865008
33.3020573275983
42.3726226576138
41.8028973042965
10.299840150401
18.6837499029934
26.9953982904553
30.8479506522417
47.5867805269831
0.142020406201482
17.7559051695809
14.9832290542918
38.0942535120994
12.2212943329055
18.6969664413482
42.9512261771771
37.8193041309714
31.4707142053946
21.8343639476916
21.7527759261429
28.3041703049093
23.7207835117765
47.3055779933929
36.1843880265951
29.3254907242954
11.251932149753
20.6469125114381
27.3474468892011
24.2162984795868
14.0219253140758
22.3873705603182
23.7575978040695
15.1679603655687
8.32169535569847
14.2452648375183
21.7623484320939
22.4889309408764
46.3019469487819
28.3383533230521
24.4846308138222
19.8373443801967
23.1820372753096
28.4254016197805
30.4975226987153
35.1566450670362
29.2403713800013
38.56136277318
27.3758375551552
28.3670265693218
20.3650222159922
46.9499475322664
33.0870196962827
52.0759358536452
38.5376158636063
28.7276733836932
40.6992113683373
39.2387214116752
31.6461076475618
39.5108931697905
27.3938719653319
19.0510540734977
14.9068851456784
28.4692855941567
35.5161277994252
26.883239782781
15.8185009902455
10.887029254809
40.2690576009185
3.7998768966645
29.3372191023082
25.1643195748329
34.5100697595626
33.4486070094836
19.8290086207204
38.1071124683288
37.7052168307065
44.563319394365
28.2664529047906
47.1028450876474
40.0563880801201
1.29045629538064
24.3112540338188
9.11220129557769
24.2766314186156
32.8840261981658
31.8125472869724
39.9986083153635
11.2446108832955
32.8675116412342
37.2226147446781
11.1594661138952
24.5080090593547
35.1019010879099
27.4485401343554
9.91763724014163
32.8829353209585
0.521627720445395
16.0966862924397
49.7175631579012
28.7862495111841
30.5453439243138
41.0572613589466
31.5027186440559
34.2103287577629
22.300982337045
14.4858150551154
29.0918077860656
15.7438654918224
38.9448241330683
12.1997112873942
15.8391633082527
3.75606869347394
18.7036856543273
37.7066011540592
28.3736348617822
25.0687842257321
17.6364866369008
29.9662886187434
22.1948732837454
20.8955138456076
36.4565050695091
7.06440145149827
14.1393618180507
18.1219866964966
24.4870917405933
44.491976685822
34.8240778971209
55.2220376208425
32.4107040320152
10.9297245275229
32.6843961607665
15.1905323378742
15.7703917715115
30.2131714299321
34.4992681406438
14.4432142842561
40.3906387276947
41.3956044241786
42.5442544743419
28.1221762749757
38.699046894908
34.7544921562076
18.8378052852215
31.4864364201815
32.7435412444174
43.8206277322024
18.4963710606098
27.8187989046491
25.0321237836033
17.5687100272626
23.745310632512
15.5788267962635
16.9210676569492
21.6404225365253
33.4103845494582
29.8087059694058
23.7841757014394
34.8192870920005
38.7468232919044
50.8738508913666
16.2054553756099
20.615912694484
8.32760684136016
41.2993012927473
28.1692380551249
49.102653310287
1.67871857993305
20.4784246627241
34.2659573474095
22.8383959271014
30.2436242293589
35.0401217583567
35.4013980436969
34.9945575930178
20.0743932276964
2.98199555836618
11.2501879321757
20.7342291250825
37.2387101873755
39.5078543107957
3.85651807300746
37.3276302590966
31.2828273800873
48.2773329131305
12.4740126542747
24.2032452037606
14.4905851544243
19.0087497053361
10.5248352254723
30.1212858408689
8.20858599618077
10.0533252455014
7.00363124238995
21.8048492093744
22.6298325229436
30.445762956515
3.83460097946227
18.0163719323352
32.163018016142
16.9266072567552
41.8152872473001
7.96805876816755
18.5894204769284
10.2428710533495
13.501666091152
35.9745104797184
31.077593145892
35.6632027440128
33.4120679174091
28.5820560995489
20.2632803935558
32.9973135143518
12.2746199835092
37.9331990145147
7.46829994477331
30.6461919564754
18.2420459114686
14.0296799067725
24.7549603469345
60.4593898635358
30.5907223806354
50.5342748016119
45.6112835556269
23.7677526194602
15.3527594589254
57.0852622855455
22.7019665961891
11.3646569689757
17.4581952858716
17.9639341775328
48.0069026350975
12.8000353462994
38.5276919230819
15.9199279733002
31.9203032646328
51.4462664237517
28.3207068219781
5.67623740062118
14.0720120631158
27.9710062779486
27.5822245050222
13.0843808874488
7.35142651621817
1.50564643554389
27.7377513237298
39.1935345524506
25.6256829481572
13.152584200725
25.6144784976699
24.0498876350314
24.9947089701891
26.6048345249146
32.4187963735312
42.8161431103945
28.4466207027435
27.9637351632118
22.5124054566801
26.612847764045
14.3969554919749
29.752846295014
27.582617290318
21.3551833441099
26.3873855117708
28.0192690435797
20.5659544192974
52.1784373093396
31.4206610450289
46.08797673136
16.5496318601072
1.12625220790505
1.69345219619572
45.7286918070167
24.7118828818202
17.5763661041856
30.5495699867606
49.6239084750414
46.9478387385607
23.5835510254667
27.2480669180086
32.089321481901
34.8379853647202
30.8833337134316
29.397850880342
48.2768591493368
38.938779898528
16.0898854024708
32.7779502607882
34.8528382368386
22.5313717218043
25.5144289229065
33.741778600961
26.7966282553971
17.3851331230253
29.4039953581496
13.3367523879212
47.0019777771086
27.0672160666436
38.7293259774187
20.3328907024115
22.0600469503552
32.1744499728084
17.0707245822996
42.3408599104732
42.8648984525353
43.6668683908565
35.4440831790223
30.9074778109789
27.3613464087248
27.7117713354528
14.5986952353269
18.6044495087117
33.5155692882836
50.4841934423894
13.7628222815692
36.8847266770899
43.8429775472316
38.8112586922944
31.1151132918894
41.3454332388937
24.7121123131365
15.3072067070752
26.1693191714585
24.9551154381842
40.0240112561733
25.2834398738587
18.3003445036201
31.0415172483772
22.2980873805569
3.91973429359496
24.3752564331178
44.6298197377473
23.9334196317941
53.8029985036701
7.02440875765562
25.0215172301978
17.5683239009231
34.5705016516149
56.2915336340666
43.2615711819381
26.7061314055801
26.7773527186364
22.9467598255724
41.8026186991483
26.2400275561959
15.8104894389122
31.0409293889752
25.8565854746848
29.8368795774877
23.1401769444346
28.8711920380592
35.345557568668
15.3199118096381
22.526939958334
34.4727672186959
13.6971303727478
12.4150038648047
30.7947279885411
2.159956516698
12.3234807513654
33.3457206375897
16.3741655647755
32.9577033873647
15.4155734460801
28.4289254806936
33.0933723619068
35.8691577864419
36.3559124059975
36.174084013328
13.6167142540216
24.1816858295351
25.6919538602233
17.7674812352416
25.166257051751
29.793589532749
32.0617333054543
36.6767046973109
10.8996778260916
45.8470055833459
28.1672869808972
8.53213647506763
23.688644496724
9.03064426966012
24.8582576401532
29.8820006204682
8.18372191861272
12.4182331841439
16.6200453881174
10.2503347479538
35.8258572872728
30.5931656621397
21.8622476070909
39.3535803072155
38.2096790708601
16.6281433921396
37.1200942082361
28.4589907620102
44.9392196256667
14.7992723155767
43.8457296229899
24.9397338367999
33.446081868795
28.4768425375365
17.8198378533125
10.4402624755442
62.6322739757597
15.7439306378365
20.7040686697719
27.4533502757549
28.0477676738482
23.4943467658013
26.6923909075558
41.5523991454393
23.2216663587374
8.77537251671144
18.8723170637061
7.83538864523079
2.76291539897172
33.6929721714675
21.945853413374
42.1880332753062
20.368442054506
20.2258813194931
43.9587701112032
36.1725919879973
9.10586244426668
28.8533624042949
16.5844906192098
26.5908749669534
4.2617860250175
17.5936435047751
21.686264174059
8.92625944477198
21.065590903163
2.23348904401064
20.3974012751132
15.2800189331174
22.3404228733209
24.6747139496331
14.0781986527145
28.8315192330629
32.5668446199694
23.6314841546118
14.3347820732743
35.3842427954078
24.7057400178164
4.20966963356316
17.2356022756314
34.4042795597602
4.96088257059455
26.6423714347184
25.5378113330904
32.3252208073699
27.8607697226107
24.1236086934805
26.7995190051797
39.2311201352823
28.1329815938351
34.4804253671762
44.6356541011482
14.0775814702635
17.8608717396855
39.1868087928742
0.332101853564382
44.9562042951584
14.4766362383962
21.1389022413641
20.2316664624959
16.1673445720226
4.28862174819009
22.8438258227091
36.6399526596069
11.171510641605
20.6808442052883
18.1166354566813
43.0131222870734
12.5565177093512
18.9581880502634
56.3889625482261
27.0778550607903
41.5880199056119
29.7750456629518
19.4351056590676
42.9885576479137
22.3440867848694
30.485311569646
22.887543133862
21.4258896234864
45.0732289347798
12.1714501641691
30.8816062752157
12.6967767253518
37.3851006919211
36.683105211705
24.401014946792
28.0668053776026
33.8110283650373
14.4923611578842
12.0110362302512
32.5602120254189
27.5534763000906
17.4090536482432
13.2247396279126
46.29299700297
16.3357055976062
34.8241429679175
30.8668065350503
26.1258357670158
52.0437927450985
23.6905002500862
11.6935796944743
4.47288804212267
18.2986357714981
41.1924848602104
16.6479101152101
24.2116370125614
45.2840401528625
28.6152232438326
28.4329117275774
17.0994890853763
42.0442675705999
5.27567393146455
24.1466667037457
52.8889568522573
47.2952914424241
11.052538221702
15.898467625082
40.8823890611529
21.931142636326
11.3249185029417
42.4075277522206
30.8888303236654
27.4476452730596
12.6911045052111
45.4808244481683
36.0304642242193
44.3318115547299
2.90047419257462
42.2459752764553
23.8209758027793
16.2401483859867
12.2459968086332
27.8101627714932
54.2226152960211
49.5842973701656
28.952045398183
10.3541512176527
34.1412481329093
11.0640972835663
36.4583980757743
16.3881926331669
33.9393781963736
24.2253324948251
22.6926870644093
7.92955504730344
38.9151618350297
9.8972088331556
27.1610665135086
43.3513120494083
11.9059644639492
35.5151447467506
34.7111129201949
18.5176319442689
33.2661285530776
25.6804984994233
24.0003671497107
17.9914147593081
22.8430293500423
32.8923556022346
5.16997521810026
12.9375198390335
19.4297967478633
37.6113737355309
35.6414031237364
24.4335071904872
46.4829435481568
15.0877537205815
11.3526129629463
20.6058090087026
42.0949692372233
31.9897035149155
21.7383128125221
47.4895692430437
55.3418534273895
21.9759843777865
35.711711505428
8.54801278111579
4.9830078613013
28.3090914133936
5.81024079583585
12.4650239478797
2.1760025061667
34.7347428105458
30.8674567844719
34.3915306963027
17.7837645726787
32.6188352890313
44.9164358898997
33.9092306548712
33.1505166366696
18.8019597006545
22.2309967587008
37.6930879428983
6.22167717665434
30.5982680059969
28.1221540198595
12.0980007471412
17.212147731334
41.3429860491306
29.1957405181699
4.97589945316867
32.632637117058
45.4624281730503
22.2081943415105
34.0701050125062
6.81380473603869
35.9383147209883
30.0898360023443
29.2085698583469
4.19647272085083
53.6464427597821
27.9407177730043
27.1233868785203
16.0316330736359
28.9792404239291
11.2261191010475
24.3763660580407
37.4679882545024
41.3881747424014
26.6475406242491
24.0008822726486
29.5972407926041
32.0023962742017
14.1687748186939
9.06787678609881
30.5329658091068
21.3472485542297
22.2622754052281
17.5859620198931
29.1901060036809
16.5229203179479
43.1287928950042
6.5893913153559
40.2580971363932
57.5577636715025
17.1485281549394
30.1724368908792
24.2407149169594
20.953140603236
37.58993325755
45.7139970066558
26.0771444998682
36.8754171300679
34.8018956370652
26.4132964403364
48.03680437617
23.3417842410947
38.1782496348023
31.5823341254145
11.3809366244823
15.9269278403372
30.492241215959
18.7449342105538
18.679827125743
47.2165482584387
49.5443081948906
28.1760947778821
15.2031582780182
23.82772499357
17.5206411629915
36.4378605037928
33.6885598488152
15.8869596198201
13.4055668371743
20.9918687585741
31.0469896998256
32.1000980740695
17.4285735934973
28.3290259540081
5.2863699849695
19.4016847779541
29.2349773924798
23.5235536471009
28.9698594715446
29.4588344171643
41.8968793801284
9.05970670282841
13.2789899681592
37.6771662337279
26.2195547576994
34.9358834370967
18.0133516900241
16.5895066706367
48.6988728865981
28.4826111514121
27.2529236972332
34.0753600466996
27.1966421511024
37.5035644508898
15.794267573366
17.5363895483315
41.0373803052068
27.3272424470633
23.9856251981109
19.1427580546588
45.5541816074401
20.4470637254417
32.3124682707448
40.218720305711
35.9023557510227
33.7854728102684
33.3559669554234
21.6232252061583
25.5334695681098
22.7872039171321
29.9296032171696
23.6110110301524
18.1043202782513
12.6992528740048
42.2899767756462
16.3967936805573
4.55750091258661
27.5647400412709
54.3606699444354
7.1786736138165
24.5276077184826
20.246597379446
6.62131388671696
34.5547127537429
3.33149135062511
37.2809334015437
27.924568095373
17.359785316512
13.6412412552471
9.25136118146414
26.2947647832334
44.4542148943439
24.4426843710244
24.601743882522
40.5731504317373
36.4974681753665
30.9802325908095
24.0074837114662
33.6427274625748
19.7088006366128
20.0188793145322
9.57172833988488
37.6873766537756
34.8801976535469
33.9825363364071
27.2434022743255
29.3591074179858
27.4621684949413
16.6018725104968
44.6292845532298
23.8979023881257
39.1294054910453
41.1237811204046
25.9723227005452
28.6605587229133
29.3813414871693
11.5351141166298
19.2561930976808
32.9612281173468
28.2010256836132
33.2939878571779
29.2046278249472
47.9625605978072
27.8937012013961
24.5412348314358
7.05283102579415
6.04428706596134
23.1241463683546
27.9463961720467
24.6948404180226
34.6045038662851
27.5381707586348
27.3478511720896
16.580303478064
6.72305561602116
15.4881368856877
29.5090547762811
25.4000436514616
28.3127134665847
21.3463729486894
39.7704765200615
33.4102902095765
21.9531151466072
39.8860727902502
21.9888475058745
26.6397362574935
30.4046655073762
16.0508310887963
34.7427161295584
36.905004363507
12.0858300477266
16.8366371188313
25.6954033393413
30.6848295498639
27.6598530423538
33.4621199803507
4.42143240943551
28.6476857960224
26.9643990322948
8.57899404928301
36.5498209372163
32.1490318514407
19.2496768664569
32.4866116978228
12.806551437825
26.8856711219996
42.9522878024727
25.1046963967383
33.0956095363945
43.6259873211384
25.4597033474354
66.0604134667665
14.4871409210113
37.7958889584988
38.2533562369645
53.6348745692521
26.4824105993522
30.4863187484443
37.697049183771
24.0630574833276
11.390367615968
14.0286618378013
31.6217684583606
9.01410987786001
34.1316060675087
14.8717871401459
28.8888113573194
25.5564315710217
43.6610491480678
11.7451301310211
30.7338435668498
15.5702782694093
39.5282238545235
8.62075909972191
34.3551986364971
41.1217270419002
22.4368955474347
42.8059814497828
20.6489729229361
55.9968811459839
25.3238159642213
34.5962872728705
21.3292310059648
14.9897301569581
26.0887051001191
0.481558125466108
29.7849324997514
34.4871386334646
14.3906706085627
43.7939431983978
15.5446712486834
21.698409089031
45.1304518829832
6.81658720655153
14.0318967196911
38.4685835801065
29.8197090625763
30.9371277990566
41.4699413347989
8.43924232758582
18.9951247069985
26.8853429800231
30.4870902620548
31.3413947927394
37.8674199447062
16.2665765266865
14.2621010076255
13.9658343978226
5.313337237883
39.7134416313315
14.3832065630704
41.6354320204815
44.5755768567324
34.2390242671245
48.9873448408448
11.0824228789281
28.001999668777
20.9488991182297
24.6764514129609
10.1307750026075
18.3833847975563
27.2967033844916
51.0409460403025
50.0671570189297
20.3177793879959
12.5772298313677
20.0391475765772
50.4276596475393
35.1476094219834
10.3039822467621
13.4158013388515
8.49075942091145
32.7934039944503
9.8528737667948
19.2705857629332
58.4150050766766
13.7974341967887
9.67501937411726
18.4328049701287
37.5898581463844
16.0594078712165
14.0190831385553
37.928684707731
34.1977363464032
26.9915022421628
23.1547459667331
29.6787421684712
15.3569585178047
27.1885638590902
16.1824092268944
24.8951273038983
29.0217623580247
18.577276635915
19.9782965856579
25.6097695636187
29.6832565683872
42.1129116004944
22.8934918828451
50.6102186627686
22.5410022307187
42.4902965441151
32.3310147039592
30.4598622024059
38.8569051865488
22.9525960050523
23.7061292520721
11.8358153536158
4.16000120105439
19.1284236634868
45.1541489455849
36.5473039913923
16.3929720874876
33.321188674364
5.32448152080178
32.7885308302939
24.2107171099633
29.1549308691174
32.5124822091311
20.7662343978882
33.565025171265
18.3774747811903
25.6375056225806
3.12678939662874
22.0134498025152
32.3530190129329
25.1221908722073
17.390516475961
37.4429737683386
24.0658017806709
35.1774593349546
37.3921762372873
35.8493952080607
40.5005245469511
20.2331861481071
22.226789089268
15.9746327181136
23.8590150605887
40.2316135820001
15.6234703492373
36.587532190606
18.9228536071322
42.2073808729783
34.7090209834278
30.2197437311747
29.2484434575581
27.2643512883155
37.6638187095523
43.546006642282
5.04860812798142
29.8496198840439
26.3568338938057
26.7029237933457
31.4563814550638
20.5500853247941
38.6618404183537
10.2318678982556
33.2135592121631
36.0028163657647
12.3978232964873
37.2185371816158
27.721690479666
23.2314946129918
33.4747340064496
43.4747719205916
18.46714890562
20.4563323874027
42.0347047504038
21.5186194625563
38.1706023123115
32.5175296710066
34.4772316981107
19.9614240322262
28.4285529982299
22.6685560828375
10.9168147668242
21.2188377045095
23.3196972869337
37.7810419071466
35.7555393129587
3.55572788976133
30.8126821182668
24.327172858604
21.7664757743478
11.7727588862181
31.1618438456208
37.9454767331481
20.6277409320261
53.9257239084691
13.0033165540276
1.20574486654501
25.2727933693677
10.2751631785235
26.5522887464613
9.74715012125671
13.2178081665188
29.188658343628
23.6212608404458
29.1346797253937
23.5748968087137
26.5668283219808
52.287392411381
0.89629078283906
32.3599240742624
2.8917274903506
40.1732344298071
9.90677298144165
36.2626586575061
36.6861116141081
53.987851093321
25.4466314800084
37.0441418606788
9.09092211222883
10.6176575180143
41.1220451351255
12.8713017062776
41.6778979357332
31.8109727464616
19.7834777645767
42.5207985099405
19.4263527586578
37.1406420229443
24.8342237749706
13.7255701702088
25.7440142804069
12.648311300375
28.0021225757924
26.1974131146056
6.25205291435122
31.3441409352852
32.7525441982557
36.934056552127
14.3583093769848
41.5735465008765
40.7280939165503
14.4769504178925
14.7365661803633
55.1066579762846
50.6437376607209
47.8090435266495
0.905631590685168
30.2862229909485
44.7993135549603
44.0947359893471
20.4443490132689
4.08426052890718
25.0810745865124
44.3122191820294
40.1843581348658
14.1155761986395
59.2104859184474
14.3138394225389
29.0319956039345
26.4862935524434
41.0480353576509
12.0866792276502
37.4477139208466
23.3611530349412
40.7984857913107
23.482177965343
47.5011247210205
22.8831816930324
40.8074608923391
45.5344812013209
34.3834578731726
39.3932779159816
27.6533675380051
40.5877937562764
9.88196438519955
2.55059229470329
13.7191094458103
20.695563309849
34.2755337933014
13.2752356317313
33.5002996493131
30.0401823043685
18.2565974329064
7.4992707464844
28.0439834326122
54.9925751052797
25.8195731757052
30.7071010322854
18.262722203508
42.8992580622435
26.3004764448851
32.6818219578133
31.2368206162203
36.4965243730694
11.4445934730639
16.3944608531892
32.7810906050091
16.1802569404244
32.9526348505169
39.0219788532704
32.884902972728
47.8989417664707
20.2426638197765
20.5829266924411
16.3714523427188
26.5659572090954
23.5997908283025
28.4189822372236
3.09385690074583
4.23543218188497
16.2068562213969
27.2242214567042
20.5488556064665
37.494457885623
20.1728889145917
14.8689997848123
25.7802060861542
21.570683689788
33.0666930880398
27.1786177065223
3.04220858596437
19.0025132698403
31.2367903999984
5.36092822439969
1.10848629692452
23.0016462970525
14.4479395356029
19.2215512972325
14.5420234650373
3.71380723081529
43.2326685171574
22.1434514503926
20.2291137073189
38.2494876133073
16.941086249426
6.99825142510235
22.2813251143105
41.5913010947406
2.86620566621423
23.8470718730241
18.1250220066964
24.0065684076399
9.93764167651534
31.8054161500186
16.9041391927749
16.2721844390035
18.451397142727
29.3825360480696
27.6450707874888
23.8585665983757
39.3109404016286
43.9732072409242
31.1375984922051
29.7675470355898
33.6161634884775
22.1341092475513
29.5463863835012
1.58248278312385
21.0661661345512
46.0907578933984
28.8518849324806
35.5471516493708
18.0943949148059
14.6815848536789
27.9059801250696
20.2526515349746
17.9930784269617
42.0434997882694
34.9196880590171
37.1111544314772
35.1000087335706
16.7418865952641
39.7049414459616
25.7210520561785
42.2545780893415
28.7159880759139
40.4618887093412
14.0833339578485
31.1482996679842
37.9859211437683
27.0255704982201
22.6680586580187
14.7537127602845
25.6813870742917
39.3298324197531
20.807345158374
3.42344924863803
20.3274989034981
28.1919934321195
39.3595900386572
6.65839684008953
20.8699836111524
15.8897908410516
34.2422605957836
32.746619431218
44.8084494099021
27.9366724193096
30.3794142968728
47.0129280816764
9.33377640321851
38.1226609926671
22.1376396126214
25.5377014167607
22.8600329253823
24.1093154530972
29.3161149136722
6.63841892965138
18.0387643556512
44.878581399098
15.3534865938127
35.8579335268587
12.0202977210283
31.2256481964141
14.4441468446495
27.0037811740281
53.5216259304434
21.3774114381522
14.7897914983332
42.5643027940448
39.0320532955229
19.918969552964
26.5067061409354
25.2149307634681
24.561417736476
23.7456978764385
25.9118398533686
24.6641224348195
22.4842473398894
33.1003221217543
41.0113483667374
45.874419156462
22.5260737292028
32.9319428351003
43.1299565825611
32.3827140033245
17.9614687338471
42.0819729220673
13.1917777679065
40.1941611302026
9.99749153852463
14.0164804179221
18.216749606654
27.9269736725837
40.3266912326217
16.735966457054
35.6497007422149
28.0130759812891
22.3164123017341
17.6916622091085
23.3862691197466
46.7405585574297
39.5240936180476
4.89928754977882
41.6023219935596
28.1940139830112
35.6052182149142
34.845344722271
15.0690692484186
31.1435682699084
47.1449994947761
3.15641635097563
19.5049835368991
34.1761515010148
31.4528905320913
36.1591226886958
25.7853069342673
34.4768429175019
24.3111994117498
57.4352083727717
23.7598084844649
27.6953862483646
11.8891796562821
34.3423198476791
11.0010024625808
25.393692869693
13.6501596774906
34.8149180877954
38.5134431999177
48.8183900248259
18.6023678164929
32.2911822237074
30.4111291654408
23.9690948277712
50.6242400583604
43.1451629847288
54.0336400736123
39.0127284452319
32.90287465158
42.2104699605705
29.5179478309475
32.9972472507507
40.1266726665199
29.1524917748512
12.1814701500581
25.5829664878547
12.7531216014177
24.8189530335367
39.3110150936991
40.5657909395096
18.0366275832057
20.9137835680269
17.7580134666175
27.5625630747527
19.3021330982447
19.8030282277614
32.7754434198141
26.6175484257343
31.7741507236551
47.6575727108866
20.5996421165764
39.7271313238889
23.9409644156694
0.962072582663555
20.7932255230844
44.9023982975632
26.1463566503506
12.094534258612
28.5090032784459
31.9002079311758
25.9767223149538
24.1785913766007
22.1501416992396
15.9720029681921
30.9808092179845
34.7417847719043
18.903568491877
28.2523551321251
28.9887174963951
7.86458780057728
39.0526555944234
35.4825946812022
32.6982834376395
27.7501160333236
40.5077969189733
15.9731679150927
19.4831185508519
56.3188041094691
35.8701172417809
30.5738758386698
18.1824320461601
33.8923918548971
13.2309129927307
32.2697780356247
44.019013363868
38.7369870792611
21.3956153020263
25.7051436461745
40.7978675793856
35.6075923891447
15.358314383775
22.826812369749
32.5408005984921
21.2188415694982
25.6014834623784
25.3508293824093
18.8871501944959
26.6258010714699
28.7593580782413
7.89282037876546
46.0528167895973
48.0567722581327
36.4186528082861
17.8181363735348
21.7980695422739
14.3016746733338
19.948953948915
19.6499696932733
38.0034589208663
17.9003161843866
17.6331319380552
16.2540127057582
42.4552890526872
26.3989312066478
29.2494470719248
20.8206447609372
5.46939004804392
15.6425730790943
26.7585080116987
9.7750204180632
32.9561952967197
38.7387162485316
26.9418926815465
21.8780771112268
39.8481314536184
40.6444971449673
10.4581165127456
17.9309059921203
35.3323667079271
50.5878057330847
18.8511757645756
31.4677122514695
23.4796999953687
29.9865495879203
17.5520641372494
14.8001290857792
17.5516800489277
21.1049031466246
27.640848653391
14.2817878964206
30.2352344617248
23.5517171677202
16.2210571579635
18.9187422043912
20.6979142036289
25.7032340858132
1.90597262835686
20.625693211332
41.240024015515
16.9573086779565
31.1850154772401
28.7874858360738
35.2223015855998
45.4102487303317
27.1046098321676
42.8533157799393
3.22173999499231
37.0542301796377
5.65894735045731
37.8460660111159
32.4645422864705
26.324219070375
7.53099843859673
16.2551969755441
46.7644885182381
21.5205270278053
53.037692559883
24.5335172861814
35.1854520034037
18.8275892287493
14.2152660060674
19.8242150074852
52.5439907796681
25.3250994253904
17.5753124384312
41.3381341539976
23.5787821002305
22.9421268682927
21.3943958282471
25.8711283560842
30.6087585631758
54.8784620128572
36.0563200432807
22.8859957173968
34.7976745571941
40.2150472581818
10.3029311565066
34.2841664794832
31.7466379143298
23.1893241877944
18.5493892112821
46.354625094682
27.6635087095201
36.7809648894441
31.1948239803314
25.1907516270876
27.8458722867072
14.0460364054888
7.42092950229298
25.7401566021144
36.0529608382751
23.5663387924433
19.9601577944802
29.4822425875628
18.3277488220483
16.8926812242717
19.1253066062927
21.1960424203426
23.9922006309024
28.9484373293817
18.6303157825023
45.3828786034137
34.7219038194918
30.7903949603087
31.0023863334209
26.8335390836
29.8195242881775
38.3618637453765
35.3949087164891
25.468424173679
0.895023206248879
31.8674906156957
24.2758764885366
47.9038535151631
39.9464349453779
29.0652891931984
21.9718758091402
39.9142035283148
41.6359128213673
35.5532374233007
39.6684845909476
41.5377835277468
19.0714413765818
33.1964303739369
9.74151749514291
25.8397904075273
24.7275375572619
44.2788258194923
15.1976941619068
22.6041949969177
29.0898327250034
19.8993009980768
15.655168518424
17.8952110465616
1.96921280847905
33.8905600365251
8.23455595731107
24.6636662632227
29.745677486062
26.5284075670949
33.5597250144929
22.0533909740046
46.6075035936658
10.9128036536276
23.7362034346262
37.8835208248347
36.6778166219429
19.6585400469443
11.3765870668945
32.6604780275375
8.5000777784654
16.6400200067697
15.6489102105409
2.84050044588138
24.3619533446191
37.3125915881246
27.2154177539051
49.6624010615051
20.0108454919442
23.081333213466
24.6764588169754
44.0853389445692
25.4023646935821
10.4598506735275
33.0393844749779
24.2390893681317
26.4931584242731
36.1146293779078
16.2840527156037
34.4708020798862
21.8006860464811
45.1282202731818
27.6249723974615
20.1569699682295
38.1489218212664
26.6943980008364
30.2173006348312
26.4370949544813
45.670884957198
33.0804121214896
10.0656243041158
21.3720599038537
21.2226039730012
36.3181451801211
34.7028124611825
21.058942284435
42.8636682219803
22.5917280649273
39.8320691194385
18.6563439201564
23.4973823141934
37.1727528981864
27.4168372619897
23.9753238391131
7.54449395462871
52.0189926028252
34.1389058623463
31.7957729166047
31.0880018001062
43.1084744632244
21.045101294294
17.059526219964
34.9661289714277
22.8744210675359
23.9415806348253
38.5739986784756
11.4516520406329
3.56366840704527
32.8192877597248
11.3176631741226
21.2047833949327
40.6336405108573
48.6826987937093
8.97527092368054
44.7118826210499
29.3996088892735
12.9472891800106
27.5556177116791
36.0440479143896
8.53622290305793
8.59541611404339
25.6062247867874
17.8521163761616
27.5418578203786
18.9308350761329
