"x"
1.17754857055843
1.0395351331681
3.07604993512576
15.5345677398145
7.00249926551933
1.58444475382566
11.5864487294907
1.25330558300638
4.78835566900671
10.1673793047667
7.39386550576256
0.886481627821922
17.9908328227978
11.5325702874535
7.46528446529198
3.08010722510517
9.64450858951621
12.1562639717013
9.18119507684758
10.016600927338
11.1564251103488
14.9160993124926
6.77075669223045
1.01210084118433
11.7016516848287
34.9009660538286
21.5480068232864
11.3681525923312
4.38359394756724
5.64016425050795
9.31984524149421
22.8269178885967
4.92753277550174
6.91240001469851
6.28216138371003
1.16383619606495
14.1111491089314
7.00257588177919
10.328478109399
4.02604342840382
13.8156681787223
0.433253822848201
10.2155088802224
11.0263579525054
1.57869678145631
0.778333843113211
3.88899637449793
1.91890317363431
15.8061318903901
1.07744652636703
13.074673573647
22.8813458505865
0.109261178225989
10.0251501231591
6.53897258453071
3.96930687428048
3.91420693461161
18.4249198529869
18.5216933954507
0.951413092107139
0.889826843146926
0.713640931635803
16.1288712602167
2.89554909710991
14.2457288951339
2.61006316178565
8.40793456882238
2.358926134184
1.85591764748096
12.8957476845316
11.0227927565575
4.29750197529133
4.47713260437317
14.403558569029
8.58323653228581
11.7795412428677
9.49577979445955
25.6465620361269
15.456273406744
0.996414572000504
10.1958799161598
6.07736324891448
9.60683636367321
5.59607190079987
4.17656278392895
17.3157383222133
11.7506412789226
7.7435435559649
14.5100554600046
5.78127657063305
22.5593344441581
19.5607567671686
5.53441221904307
10.2210727054626
4.46918373927474
2.02652922215616
2.85651539452374
5.93134658411145
12.8364398609847
3.46082900650799
2.72097550332546
10.0145770870316
4.03627782848858
8.68271645158529
21.6830955194921
6.03550728410482
14.4240997266024
5.95841156059873
23.4697581268847
1.18417106568813
10.1010384969413
10.9735818579793
7.01173674315214
12.9379095043987
2.28026759676289
4.52658248809048
3.6433157237317
15.9180242568254
12.3070918727378
2.72126579657197
13.6095409281552
5.7104377452426
5.441187415272
5.62865263782442
0.384357282701147
13.6400551656828
3.59741211773462
17.6318155601621
3.27263784918066
19.3029306828976
2.92083589592473
1.43507851313489
4.33786691388793
10.2460093152267
4.94486256502569
2.33209477554197
1.32185039110482
8.87900185771286
1.47049882970576
3.34111755179132
8.06212374009192
9.95750731943187
2.31190836057067
0.368614765567562
6.64421953260899
19.0169822890311
8.15268945880234
20.1986581552774
5.09710985354306
5.79834803938866
4.99872276559472
8.62259268760681
15.6669836957008
1.25778042711318
11.4054121077061
8.06978088803589
7.25498436950147
1.72702120617032
12.7318217275888
11.7513172794133
7.07568186335266
16.7884013056975
8.71445772994423
5.00233987070387
9.32114194147289
14.4917825236917
7.59410681203008
9.03717886316359
3.15404759737668
1.99803225696087
2.34361101544799
4.5343785731031
20.0984766984199
2.39931855690758
4.75132782012224
3.09110870584846
5.24356986941994
5.66342507917328
2.23870409347159
9.31688956916332
12.384434372772
5.87483202107251
6.20315023697913
4.12167571485043
15.9795508082966
6.92878868430853
6.41787860162674
9.00466480009408
12.3710644431412
2.30806036362089
11.6388776033364
3.29270179667092
11.8621431291103
11.2783724955933
10.5657320113162
9.8077183123678
18.1450553070034
9.65029965154827
7.88520763464959
2.81792312273494
21.741297086438
17.6877883262932
12.4230164568871
15.596231026575
0.900877453386784
14.0378110576421
0.468383822590113
3.79124917089939
17.5798473500619
2.8253946929714
0.920784287154675
1.99551405385137
12.1911685714164
6.39979753818699
3.67940841242671
1.29273892147101
13.8195059140359
0.0953581053512574
7.36285545863211
5.14110922813416
7.56524419412017
3.31129268743098
1.99376377277076
4.95862052775919
3.49581292830408
0.202148267999291
6.58506211690715
18.642358481884
3.55419116506863
21.9192899297923
3.83120882324874
11.816355260089
11.6435576977266
17.0556370634586
4.94040933719424
0.104502101574315
5.87481902912259
1.24627674272091
8.39967560509425
0.783800892531872
18.8990294001997
7.59309688865102
0.374758429825306
31.3234173227102
6.61862807716162
10.1937299492827
4.55886701198845
2.17148663843342
3.48469796590507
3.20704359742832
17.3235046677291
27.024558885023
6.80577107705176
33.8530035223812
0.647314391343165
38.9142960268637
12.6502921804786
1.32917100563645
10.5419609811908
6.56957048922777
20.016731284286
2.69989659189432
17.7922565955669
3.87278902344406
9.46368488286042
7.44628903773482
0.104418778031979
6.65220954660149
11.9927336461842
6.8415816548009
2.56239455193281
15.6424697954208
16.1092350337883
2.518425649032
16.5029474068433
12.9830934107304
4.09560250118375
4.89575038664043
30.4002522834367
11.484393524006
7.20208995044231
14.0185304451734
1.94121433914755
8.71835913734664
19.3968250881881
25.3166493028402
7.60202216915786
7.86518363017062
3.64373238985916
0.601284791370673
2.85061525901114
8.31427864121477
16.1398197767889
2.90637225843966
15.2064118644694
20.4961654730141
1.3917772565037
3.01424129638957
1.54583649709821
5.1572167314589
5.63984527252614
0.808761594817042
18.0982468184084
18.5849275905639
0.188878654658741
0.737658236175776
20.1851589139551
2.31650220230222
10.0417019799352
2.87645654752851
2.40041492506862
5.41270436275759
8.77712038345635
10.1945336833627
16.5780510795535
4.13523591123521
3.28473700210452
2.49850829131901
18.982925071857
10.8579038257409
21.8489304650575
16.3360097911209
9.65922502800822
17.0668341121577
8.26970619457127
4.09470930579355
20.4874874145599
13.9058843720704
2.92815437549246
5.60363046824932
6.55462410597064
7.8632028773427
2.59854843890713
11.3720639364348
5.62763407531906
16.542508546263
8.86484736347957
2.2935507863796
15.1074966881424
18.2249001692981
4.49888883158565
15.4817695109409
8.60063782893121
7.90082537569106
3.69881419464946
12.9648068432313
6.40466590411961
6.48146229164602
20.4095670400185
18.4786396566778
9.60074639879167
1.9233169965446
2.62280781753361
2.46880995547446
8.23193621220543
14.0863321721554
3.91062947713469
4.83975491765483
4.18060017509424
1.80669310502708
21.4110190582546
24.9276681803167
11.6416880860925
7.57121447706945
7.05391401425004
10.1015699561685
12.4942468944937
7.92695353738964
2.63409142490378
3.14270872622728
1.53085943341655
12.0905934246332
11.9273636955768
13.6773413453851
1.24585909213944
8.88740162458031
7.86320185968285
7.6617228332907
1.32970786490137
2.98585318960249
13.9353336766362
2.59806136010967
11.0453541390598
10.9016274309441
14.2528743483126
6.24854085888135
4.86891473609151
21.2636278942227
9.25756025612319
5.68979061208665
9.16940559446716
25.5695824077342
2.17636585075218
10.8554946724325
5.49427485070997
12.2057131532603
4.10812692716718
0.270477288312821
5.20211905241013
16.1093443632126
7.31314037331494
15.735351599438
22.1839374862611
18.9542942214757
11.4071013165321
15.1491287630051
7.47033976949751
14.8570155724883
5.13588502801319
6.2141316011548
22.8081142995507
11.9320768862963
5.5415746755898
4.13870625197887
18.2554301609385
3.54338153265417
4.88926402999898
18.6720612458885
14.9341443545985
0.363965899349865
16.0757603049855
6.78521980646993
20.2838901556367
16.8587905354798
6.50345347821712
10.1489499211311
4.21460186115145
29.756628209725
14.9981179274619
9.35359764844179
3.28177073970437
5.96128231845796
25.1352896448225
0.730504235252738
12.093805149374
5.3750387325174
4.35180910862982
1.38990868042841
6.61592818796635
0.444377733341663
4.24948590807617
6.09073956155719
1.66275021620095
10.7312811538577
22.1865359693766
1.90862787836142
9.11452625878155
24.53034655191
15.4718953650445
19.3722254130989
23.283308558166
20.9663745481521
14.5895882043988
15.9174420079172
4.81120948679745
1.44479407367625
9.22201229259372
6.37368215247989
8.29314570873976
11.9998312089592
14.7501169703901
19.8384083341807
14.5696173971527
22.6408754941076
13.559809849667
17.8131060793663
2.04944210126996
31.2339880038053
10.2466997241249
16.0115586522005
4.10511498339474
13.1775287643462
5.93052357435226
1.74768725410104
17.7676309529449
6.6964819445719
11.1185222589681
6.26964322291315
13.7244279584757
6.08850498683751
9.78340315632522
4.90371160277588
0.586299831047654
9.91056202910841
6.05167910522421
14.8186302743852
3.4725425824772
18.0038881953806
4.3786411639303
8.51447787135839
4.13521276786923
2.92580802924931
11.3220056984574
1.4766922686249
3.5076407727833
13.1637519275257
2.99726738594472
13.6604140978307
5.44068792003153
20.3086968045682
13.1561814807355
1.96310505270958
2.81981243751943
2.70571718433085
12.0471255676723
7.46868308633566
22.4608894622015
2.17005545209642
14.4219408277422
2.57223046485744
18.5806349851191
0.450782542751382
7.0277136284858
9.68960453756154
24.2830303963274
2.10627177730203
1.77873312495649
1.74982836080403
0.473274896219267
16.8640892613033
0.302249767013954
3.37563091185779
0.605096714571118
8.04292117245495
8.2139115780592
17.4573746052835
3.98811274208128
6.14672436400018
9.5258500892669
16.2154773111518
30.3401658259614
3.31910788081586
2.90474467910826
3.62986598386186
11.1205051752957
2.07215594127774
6.63389193984195
13.1391356233507
1.49588744688754
11.337359668687
3.99109488353133
12.7504243418552
2.4330607989852
0.378969753199941
7.51155898451269
11.0408841645117
16.3684917613864
2.78541093174192
14.0892217352369
9.46213733404875
10.0227162241936
6.04472237216073
3.19793864045548
2.29897551533172
12.8962442278862
32.5396971707879
5.40561550296843
18.2415395975113
16.7601221241057
1.6530718627315
13.8667203124854
8.64315703511238
5.38550686780721
20.1001377776265
9.18372278101742
1.55828086744759
11.5085762459785
6.72131339088082
9.5732350833714
16.3848608266562
0.173055939376354
12.8039731370444
0.582803716828776
4.08830004744232
17.2349329114551
10.19904226996
14.9212260730565
12.8199570390749
3.03800888899523
8.46597046533389
10.4523266665637
17.0547936908348
6.88975137711035
10.4696356784234
6.08537919330366
1.98409133590758
12.4361823312938
3.99828483350575
1.37357978375052
4.1817614112293
16.2716772407293
28.0167847756833
29.5391616411507
6.24253605492413
2.10233720045894
11.2883748020977
4.7754811576478
5.77136691149387
5.65917185049972
1.1736258277532
0.21677112572836
6.58314193128043
14.8988231550902
3.55082671158016
2.85193526659874
7.05787632614374
10.2331943222567
9.51408095599544
5.68325311274878
10.1324770133942
7.70105277188122
24.2294577881694
4.32630585711631
4.55780010670424
4.77285063825548
11.4711156971139
5.56669672951102
2.23395156908763
1.25666749663651
13.7255311477929
15.9998712129891
6.34800626777159
11.9175501808345
16.9226860627532
7.24032404832542
30.4809546563774
6.12785699777305
19.8666780721396
15.2069174058143
20.9270074032247
17.7279269057646
3.19277406670153
8.94667981303165
9.84449279494584
13.6492231395096
14.1751418355852
1.38634913678686
4.49260094299412
3.39491242820732
16.1322162486613
1.23303532600403
5.06386619707786
2.90950005874038
12.5923142768443
8.49390178918839
4.00477927178144
0.118296686559916
17.7038040012121
5.93177177943289
9.50573827140033
16.7333730496466
3.63003867678344
15.7659029032792
6.47456934675574
7.62183568440378
20.6230783369392
13.6935743503273
12.7699451521039
0.582648161798716
10.3589661661044
7.25228515408497
8.0481189422741
2.0674971630452
2.98328517214622
6.58015762455761
0.560063474612045
5.22131137549877
4.00541178985696
7.67444530501962
13.235515775159
10.0996731780469
5.51257033146204
10.6913456324235
6.31286790851394
8.29960177652538
20.3285987958448
1.9378172699362
0.151116547925025
4.06860779039562
2.58630183525383
19.3554365541786
8.88844850266365
12.9026702139527
22.025220596408
5.46871790803012
6.15009563043714
13.5167548898607
1.04646813124418
15.2767372408348
14.6033906091853
5.24969664402306
3.23560829274356
14.841740578413
13.6822512048871
15.3583325015235
7.71329577059367
0.95963851204069
9.63364349331785
3.26882577501237
18.6853961553425
3.31533253855165
10.7986492157702
6.03591158941406
5.16231061418379
19.4396238774061
9.31775541976094
16.7453949805349
5.19886584952474
22.1621045842767
5.58964704505067
16.6318300917351
6.6809693351388
3.98799605594584
4.95795202441514
12.2778680163743
5.87407648563385
7.54507486708462
17.2360425349325
2.08870252848148
0.0975894107240896
14.6971558195236
7.16118642621022
7.95190916396677
5.81252970732749
17.1580379345332
3.20576392114162
20.5723449587822
0.485687312051296
5.04019288346171
1.73653771515854
20.267413649708
4.61620991118252
1.74072174155638
6.00282998053527
17.0742162968963
1.82899171486497
1.27947325836349
1.74793320613105
16.4110952988267
8.06848177645893
21.3813145462527
1.6053462744304
28.9820088073611
13.2681363464987
9.20837293379009
2.23983181640506
4.75604333914816
1.5674892347306
7.52800185191612
7.73241338320076
3.61782427145177
1.99095641204441
5.88727411814034
10.8809239696711
5.43433201055079
17.994462359506
3.66182365288806
1.69108098673018
8.19929535500705
1.59776008792478
16.0616448966766
12.7567808609456
18.8663910608739
4.38642250989432
4.34538268772355
10.9008227009326
6.69803987257183
4.83812196180224
11.647707736253
3.72276972047985
2.5972992181778
4.65025706216693
2.33822650386319
26.2264735065401
12.2277642776662
1.5136148314923
18.4668397530913
1.65228212080931
1.47852264344692
13.4908527135849
6.17374554276466
20.5474433023483
3.20748393423855
7.83801710517526
10.2838058024645
8.6922942660749
6.75278503229515
0.283570026423991
1.63511484861374
0.656972080469131
15.9665833863401
15.7248626937823
11.4037433173507
16.9934667406069
0.745544245889469
10.488116882074
3.50510249528209
20.0535525102168
10.4486613530476
8.66892975755036
4.51272306963801
22.9160779853847
6.21450131169101
6.07046894729137
5.04954469896932
0.198267021417934
13.4530611271975
4.90152798593044
1.93053490129338
13.1156300194561
2.32792077586055
12.8940952941775
2.04415144933169
6.6582040861249
5.57381962426007
5.94504834152758
6.8160977231041
12.0781583245844
2.18195458874106
7.37165953032672
5.42270606383681
13.6316827032715
12.5318939968009
4.92580672097918
3.93154094927013
1.61622844525742
1.03013487532735
15.4533396570875
6.75323011848034
9.52234399498326
3.54555454105139
13.5934119926412
5.10624047087466
7.31946905143559
15.1504172477871
3.3128596842289
10.3936329949647
7.50053008086979
1.65210477383919
1.38554244934474
10.8339914861178
1.23219464446265
7.41582168266177
18.1310612124787
11.9853947777301
19.9429383035749
5.73100121691823
9.06045698846041
21.5556387323886
4.39856485463679
16.6488142797384
7.62405097484589
1.23714827932417
1.61128832589842
1.59114189445972
8.87530334293842
7.35993734560907
2.26750611327589
5.85047829786966
10.6749718077481
0.219237973828367
28.5247953608632
2.62906546704471
21.2760653731893
14.8239742033184
4.05684118465937
13.1207231432199
6.36746035888791
0.346677610650659
19.147731224075
3.00759682431817
16.1875315010548
0.562125147260976
5.16195548450161
0.798446997165658
2.06626582087336
5.73663166724145
11.3165309661077
1.87681363298828
15.4065446928144
8.74111885204911
15.746456803754
8.02842425182462
4.86424509950794
11.7603160440922
3.83471096865833
19.6412178687751
6.04505879721662
18.4201854639044
7.07253152504563
14.6593506873078
16.212726617232
3.10596721246839
14.659783244133
13.6686972742775
21.2686798861941
3.33068685803128
3.13040248053371
4.52764187939465
18.3931065257639
9.94975008070469
12.9187889397144
1.13500948064029
15.9301032777876
1.46452509818474
3.39873474037808
2.87596518173814
4.12625421423118
8.10307869687676
1.71036031097174
9.74548839531566
12.3216258361936
4.01814519427717
8.4042329170885
17.8127445746213
15.6359563115984
6.85372822917998
0.866167806088924
10.4246261987513
9.98316504992545
10.6489324942231
5.31680266126522
4.28138476850398
8.15629381686449
5.36697537630884
12.7297906375687
27.5264361873269
1.8734397366643
19.303520116955
4.46641993716132
0.610807770112556
12.7563514328499
8.302445942536
8.97970595397055
0.681614456698298
5.78454655591445
18.5674153268337
5.54245128296316
12.8934677224606
13.1248970516026
5.5290263034009
2.39305617287755
8.33846726454794
10.712858941406
3.84068880230188
17.8095950279385
7.76014705188572
28.4180470276624
16.7366784467669
4.61262944154441
1.73870377221031
18.3363378369824
5.93686047941446
11.4551599603146
6.36395952261888
9.90122645454763
32.8379536513239
20.6384586667553
8.11801152303815
4.37162164723454
0.211911648511887
3.50459930486977
11.8200527038425
0.0300527084618807
4.52412907034159
18.0230403784662
15.0539181944853
11.0753889195621
4.02841904505218
17.9838291369379
15.2457850985229
18.013349827379
7.39464489743114
1.17769055068493
11.0905045643449
8.7345143314451
16.562616545707
12.9272669088095
0.0488586948730588
10.251029449717
3.22000733576715
8.80717625841498
1.34080048294747
7.50323887914419
2.21095546148717
10.1487472273935
0.0903550535440445
12.1982886754307
6.42509991074157
8.0971151124686
30.3328541568788
0.0983006868196555
10.2177440104412
8.47674646037455
6.53597038078843
12.3274296056479
0.926704378798604
6.13179868087173
0.550145988027353
3.66590325720608
20.2883878722787
2.17332015982959
12.8751575481147
12.080714412448
1.32841001559841
8.01748878528005
6.6214748438187
5.43298069387674
15.3543127498375
19.2285641011985
4.43566301837564
14.6241698414087
12.782388413325
7.50474896737471
22.5323498979083
10.734628073119
4.33333084027868
5.73428622446345
24.0098199047159
6.47112499190874
11.756423817449
9.29275895468891
4.7552117659015
8.32615486851869
0.91864478168416
9.87635226920247
3.55724629706662
14.6968198008835
19.3591326009482
1.26630880035649
8.32496753628293
7.12216518665196
9.78673020808412
0.101485379421529
6.68505658395588
4.75868091729811
11.921206104138
6.00001237631108
5.82484654150903
22.1086703706533
17.4140608403832
0.517955955576292
17.5502934027463
2.59958212263882
13.4065672038401
1.02389093683118
17.6592547446489
5.81533554941416
15.0362736545503
4.53311074525118
11.5844295825809
12.870904058218
7.83093338832259
27.0383296032516
10.5985352769494
0.279742665588856
8.87623480521142
12.9770413506776
0.326857050479156
6.99548409461994
0.960995256900787
10.0934593861164
0.999467121437192
3.24586610638415
7.15481271035969
2.76230536401272
2.2944624553524
2.93540805578232
19.935916130781
18.3223307024766
1.87040804885328
6.3644021880155
6.67257031504674
11.4141162614913
25.7883850915017
7.08733201026917
4.64826395778063
9.22939796000719
20.2224339358509
4.30714739486575
12.2914596926421
2.36000511795282
10.8335165274017
4.97435497392692
8.17698431201279
7.37814479507506
1.67849232135218
5.13105460265327
35.8495425898582
0.472547901136633
5.94488512724638
24.9951958695703
0.0848512374444395
2.10050522836745
7.30097568593919
5.99691389605923
6.1659621540457
5.14468014018855
24.7405487147985
6.45517930388451
16.3904996787094
10.8691787347198
2.48087211512029
6.59334763695143
9.45554124191403
8.01760125905275
11.3450753555374
5.84585424512625
1.93127910606563
8.64806557074189
14.9958646856248
5.72057254612446
16.0377075260997
8.54151835411347
3.03100307847829
7.96290763673881
24.6074121445417
23.1746113450068
1.18146492210929
5.46211428008974
8.19831690751016
14.3277131021023
13.4020039346069
2.6564204134047
6.98200566033633
14.5455196034163
0.0806411728262901
2.7904043905437
29.0193761698902
5.82790649496019
10.5785509571433
11.1426530344125
1.63311000796424
9.12970230580058
8.26598429121077
7.13481605052948
1.1629238604268
5.34327886998653
6.13127011436867
0.0582716893404722
21.6499014291912
4.78584142401814
14.2532638739794
0.398057428939942
2.53813094666511
3.03219119086862
6.11080107212029
3.97274615243077
14.3399436620469
4.71679120467866
19.8217891352663
13.4148435667157
18.2746569160372
4.57866778597236
22.0477961469442
19.8410144247668
4.95560801610786
24.8590488918126
8.34476887248456
3.85071425698698
14.8959772822154
0.222186744213104
10.8117533382028
10.4528964031488
10.4904113377512
2.66887173339438
13.1033361423761
16.3503508035614
7.32199209742248
5.39554252115095
3.15799559466541
3.32359848544002
0.179000530096083
16.0634472060389
10.4310798458755
4.22222511799926
3.46545791253448
0.347930870264924
16.2819021847099
15.2746845968068
23.5626569017768
4.37183869071305
3.75769920647144
0.54542925208807
1.79756633006036
11.4309484604746
0.956836691357932
10.8929351861441
0.138097466340531
2.82713456212736
6.63025579415262
2.55734592360634
3.98663841187954
7.48586914054072
24.8784223550285
4.95591185734969
17.8811205085367
6.02423397974243
5.47627533556761
17.1664671972394
14.0008899383247
5.42947831563652
8.75280946007893
6.79572967615457
12.5438186805695
8.4417974576354
15.3332378249615
13.5803252258085
2.38969777710736
11.1756879836321
4.09962357953191
4.30960636585951
2.68522351980209
10.7092926164541
5.87806484581928
4.54642845163994
0.861761560051093
15.8791208639741
11.3826766610146
6.58114086836576
22.5144888740033
12.9627876915038
3.78085463307798
11.7493026805649
19.5913151842931
10.9578160569072
23.2236505951732
5.06576476618648
8.99666557864385
6.84358808211982
12.6034204716197
8.57014730572701
3.46590164117515
16.9530325103551
3.42612701197623
15.2441850863397
10.5221937410533
18.8285108655691
26.3256958685815
0.452258298173547
1.44561366178095
7.19654387794435
7.86571153439581
10.2857893106135
14.3288540941944
21.5922566713389
9.83844203874469
13.2985393528326
2.1960208463612
13.2962793577462
2.47933036365864
8.13046390504214
3.49515560083091
11.3680160138756
10.6000468505819
3.58467060141265
0.131692834455306
9.43436231464148
21.3789230212569
21.951163886115
12.1595880482346
6.81122774258256
3.23020927608013
9.42154269813244
0.0763588584959507
9.29745189827855
2.86833248101175
7.2214020085475
16.3561174180359
1.29868788025573
11.2071382813156
20.7239171955734
10.5381782632321
15.3248756192625
17.7582687232643
15.7876931635095
3.39201330796292
2.96898613895554
8.40726564638317
3.07163422312386
0.667232768747837
6.62680217064917
12.8958011511713
3.9009547310885
1.47590658086076
3.12769797555118
23.1492062099278
7.17014065012336
11.252160044387
13.9641862828285
7.04537648707628
15.738637233153
10.8742840588093
6.36130394414067
13.4510821197182
9.46068237880579
22.995533561334
2.43318525979452
0.173288227601272
16.6386307682842
10.9508525580168
1.21084614586794
11.4116354379803
13.0376056038258
0.503442117747128
15.922179305926
2.54090897906559
3.41633716598153
5.23750577121973
1.73926386199082
6.30445731439392
7.03001577198653
1.65660075918985
9.76917745754035
2.30403029937565
3.69860038570652
0.0699872083417592
0.186649043837903
2.44856244765677
6.66146013821427
6.72368858940899
8.48020482808352
0.434269849210978
2.5164248169067
8.62252172082663
25.1757191028446
4.00037178769708
13.1449433041526
8.40281715924393
4.38818205147982
10.097377529237
19.0150070935488
2.88414376159724
13.1003293006388
10.5097084117019
8.97280145436525
13.031156865173
14.1774161946569
0.889875739812851
5.7394518160692
31.1509130522609
16.340345829678
12.9450403153896
12.7670235000551
5.44640254229307
30.3945435211062
0.0522116645572385
5.72241004556417
1.72649820469169
8.81398417986929
4.27598055170028
7.48921124895355
10.402326239273
4.13055601529777
4.50759069062769
9.81799364336624
6.6063198260963
17.8821065928787
3.72828799299896
9.46534825488925
9.20141153037548
9.42561128519301
9.71698737703264
8.24672064578016
9.17699360463349
12.3940701130778
7.99464429728687
11.8343030870006
27.0839830860496
25.4499628527718
2.68766181543469
1.42326309603966
17.2726013232023
6.26756406095262
16.6462890338153
16.7339228093624
5.14908503933488
11.0605094116181
1.76301603205502
13.4241144172847
1.46419238299131
7.46703480839313
7.12029469174514
17.3692975218316
16.6833982802927
6.2709508893995
20.9742576349527
19.2553023807704
5.87372433964873
12.8058651285537
4.7282205059981
9.29772330095364
17.6027678280564
7.99496618809372
12.3697558883578
14.7662537753946
9.98748699440046
3.36950132996909
13.2530950009823
2.07285615951854
18.4934694312199
23.6157090873702
4.83780619688332
8.19116984231073
0.8552226703614
13.3524534127388
14.3094271207294
6.08368911780417
1.84575945066955
0.43980636463516
5.13744656927884
23.1689463369548
11.256740280579
8.07138201780617
7.72841156170689
10.8693121953086
6.03035227395594
11.8835592108013
6.41419948078692
14.9368828162551
8.3971592922146
13.6831122309631
0.152247259393334
10.2646675107985
18.9969378064536
11.3746338058263
17.2363488934934
5.95587137874386
0.538451829925179
15.0227327247335
13.2000901425653
18.0825716394458
1.08762159943581
14.6612504962832
3.37025877088308
3.07221873663366
6.39196273669596
5.91808171011508
2.72433739155531
9.25161056220531
12.7200229332417
21.5889929793775
4.54904459783992
1.63604663429277
3.38899054997732
25.4753618501127
24.3411844596267
0.404780963435769
5.12205837294459
12.2557230299266
3.63502562032775
13.3886067279479
2.95995002920944
11.4633581026395
2.5423614308238
11.7641050368547
6.61798100918531
2.762202732265
2.12014665142193
4.62720217738331
1.49666639044881
2.0508118905127
0.509475917101689
37.2412374708802
6.1802720553703
6.35453216502523
15.2495947784778
10.9687251504511
20.6415813416243
0.839134174997167
1.06102489734859
3.3661037370824
1.25662637874484
7.05991704568287
16.5989693719894
9.18634223818307
2.0097482996992
7.18169558899438
4.15207431651652
12.854727164115
9.73717050125901
0.779966439058654
5.06860576570034
17.0230362564325
22.4507910665125
6.87052528068032
16.4863661012432
11.554096499458
5.60341500677168
8.92738507917657
14.5395631296192
11.7237912956625
6.8281608633697
12.8914345171332
6.66724224574864
2.52898992039263
10.9769767343686
0.428562108393478
12.3411410546666
11.8585042655468
8.36286609479864
5.6820850353688
3.61757301725447
4.98563970575338
1.5385297127068
7.62212625886134
13.0218597137268
1.83579535223544
5.165284843428
5.7755911257118
2.34163950910373
0.958991564366537
3.80411874502897
4.24507036805153
3.48958391696215
15.9388781525195
0.697646895423532
0.32115572222583
16.7200711594042
0.46947649680078
1.36492839083076
13.371655349699
20.3481088392437
2.4980828892914
14.5137655548751
3.27795925550163
3.00911557860672
12.1681392547681
0.732272118330002
13.8787557631224
13.8011064380407
7.15776565484703
7.26056466810405
10.7116355685954
1.21530128444624
11.5156601755802
1.34510330550939
2.08983553822189
5.71569594008018
6.18396777643781
10.3436066769063
7.54897245205939
5.05135869267108
0.279169807468889
3.37180974893272
18.0376013740897
6.44589046598829
2.72247349543741
2.03994428738952
15.0452773552388
2.70122778601944
16.6983366012573
23.0513027869165
6.91256462596357
1.13906773151409
8.42425972223282
7.98500675731253
1.44838555715978
2.26064617745578
3.05703240446746
7.31964867950502
5.91402309946716
9.99332866631448
8.7048324164005
12.8828721072931
8.19613598287106
16.9492589938297
11.332746129483
3.53998597711325
13.5266362689435
7.31099545781662
13.8349039045412
7.51446499489248
10.6568550277695
17.3356845509261
5.2932646078311
1.08813527040184
7.7558857850672
3.19930101184294
5.32593941126118
11.2679219804704
2.86914668977261
22.5752332247794
6.62784188892684
11.5593770053238
5.45745715498924
7.77490162794124
12.5287160662684
5.99203556776047
17.3365784018322
8.68624784052372
5.39595003669764
9.93029954843223
10.4218434054667
0.452442961626709
14.2151329200715
1.23407896608114
0.336563866585493
12.9029695262199
2.30281578975362
18.5195868834853
26.8307834863663
10.5739907897162
2.65471390448511
7.63239616384502
5.01757529564202
7.6008859533768
7.70906372927129
5.65152987837791
1.32883512414992
21.4065759267876
14.8824979085475
5.43169723823667
3.01803951151669
4.68328078277409
21.019599493593
2.34483140520751
5.14178579696692
24.2662167176604
16.9639522605071
8.38426823806791
0.794337014620663
0.801926804706454
9.13144662044942
21.2647906504571
4.53620601025068
6.60541369579732
1.19653757477032
30.1088038329118
6.9970965385437
10.238216780704
20.7622342277318
5.87677475917831
3.61143033951521
25.2706609200686
9.75240906700492
9.61542279879378
4.28549982607365
8.26854584738612
2.49191243201494
0.0124876378019753
0.989857781678438
29.7589745372534
4.41640932112932
9.83760883100331
1.84370056999676
11.8014291860163
24.8108364641666
27.8650362728347
14.3570033367723
11.7683477699757
10.1351188171891
4.79030642185629
5.47932225302307
10.3403788525611
16.0260684322566
5.3862578609738
9.81336887925863
7.83213576708439
2.38744183443487
3.76579873263836
14.6487407386303
8.16202550195158
7.17128690827168
3.94352607321292
8.14748463081414
1.96826956234872
11.6794128202005
3.94704123027623
3.92428999766707
9.44060306064785
3.51090861140301
4.74890499842858
11.4305503817787
2.45839607812564
12.6145108141246
12.4089391277723
1.84006616473198
19.9922140702939
4.72942776939303
7.9357348382473
0.206579873338342
13.6872784234583
4.04800367541611
0.646356353536248
3.76312495209277
0.0504408497363329
10.7973128091544
11.687801013957
0.0850390422211531
0.228861463711384
10.2142745628953
5.44262952171266
3.36691975262978
10.4244722053409
5.78953862539602
12.7386553877617
0.901612952561949
1.62642514333129
2.08335449011103
2.78112868588279
1.72109334234437
4.83053582720459
2.73853954859078
6.87443157657981
18.4665319509804
5.84311158005515
2.08334374180981
11.4685956078041
23.8458842646189
3.39335827156901
4.73171635530889
5.5542915733361
1.82682783509891
12.2038129717112
3.41809550300241
11.2473641468714
31.4219263266563
9.53000825829804
18.5148319695145
9.1116604860872
1.67619383102743
10.0403209682554
13.2954014465213
9.3011029154506
22.1252079121768
7.7572176232934
12.9310490919683
12.1240339719015
13.33445510827
4.96612643924542
3.74462567269802
10.1397341582924
5.76332309283316
12.1560917701572
2.71495631895959
7.55725377328833
8.39875825533761
7.7580832876265
5.0267225695448
8.59218277037144
8.15508687521723
13.9549286104739
21.5618749149144
6.92501207813621
2.16827522963285
7.0507314441737
2.13362677022815
19.7858294347264
3.65764548479854
11.4410303533077
10.5477710720152
0.384811761545955
6.4375065267086
2.79282146582941
7.12723187170923
5.62317622825503
10.7377732172608
22.1740136854351
8.11447312797213
12.7158672548831
10.8404289465398
2.6963587223797
13.0114973988384
10.7827020809054
15.153733794649
1.94308659316073
2.10102366444609
4.38387219300466
12.2379336715087
23.2495913747698
5.06356484256685
2.78390706516802
11.7684092838317
13.328166851481
10.2194043163464
20.3371980693191
5.15123106839593
5.22984946146607
8.93711710108016
11.5066915750504
20.5470315180719
3.89942685142159
1.42999348537251
9.53021769047721
20.5791341140866
10.0514266855858
11.4643407519907
16.1836223676801
2.76055803506912
0.156922452151775
0.646858185669182
13.1628904491663
15.6235083006322
2.80621286469489
13.0464028567076
5.06173064196199
8.07493939064443
21.5827784035355
13.1095161195844
19.8923942167312
22.312510991469
10.6200042349596
13.1474770139903
5.41613092646003
18.8827008474618
0.675350318343024
3.41889542257932
0.426530838012695
12.6968182546699
6.47350302897394
11.2811740096429
6.38204724527895
15.8245833506186
5.23146758787334
9.05303904675992
3.03069384694725
9.86250229179859
1.71062904410064
4.16150405071676
0.521263027109318
0.382604260593992
1.29795139655471
6.69204825535417
0.349942548200488
5.4365205578506
6.19718506932259
17.7416712394639
11.7740402185933
17.4723361598881
3.01810003335891
15.9472689032555
14.1900350339711
13.1690193213598
11.8120239581913
20.2440420631319
11.6756680378181
12.3553251326777
21.5021217707545
14.031371682929
7.44891962967813
5.16153322532773
11.4814232050133
6.2596813775599
6.91531044431031
15.9662623889744
11.1367565579712
11.6115075070411
16.3787963334471
2.59843445204299
14.569469820708
6.33189357978955
18.5490195639431
0.331163229867882
5.21260283548947
20.5803467012635
17.6964859012514
10.6031899806112
10.6159911807887
5.74466288089752
29.1285479906946
2.71615630243508
5.72948283515871
1.39838232802121
12.3485785724773
3.97934864415
18.5023783688735
5.52212863757836
0.991740314817927
0.0455287285149097
16.184047376737
8.22670771237422
19.5769751444459
22.0372634008527
4.44576560775633
16.8785493355244
5.96823175437748
14.1720506362617
8.39682449586689
7.66193817638003
0.628104340285063
2.47658970765769
0.432309682752008
11.2224507611245
10.4538540355861
14.8654724471271
7.54656279459596
5.97978364676237
7.95445777475834
2.91963227985123
4.99755329389413
11.7438789922744
1.95142826996744
1.90572463907301
1.11130159348249
11.3902537578353
1.30174132063985
12.0965812935594
1.42578378247731
16.1741441581398
2.46861726070485
1.31086042821835
19.4148572627455
25.6965402604533
3.94912190350067
3.3847423736006
13.8358114752918
7.36747370101511
0.417956746669329
4.66228795711337
18.4325777925551
11.045987252146
13.5341077577323
8.68078494835977
29.2520106304437
10.7853554715153
12.7580008469522
35.6223482172936
2.63209191810514
1.30746881477535
5.1869856659323
1.07381687668869
14.0747810374995
9.82858828906635
2.08972389809787
2.07183713664226
5.30062355101109
12.2029822319746
13.6216212529689
7.70907039712717
0.608142325654626
10.8937738463283
5.49122823988773
6.26913541927934
0.390357058495283
2.5642497866476
11.1022988799959
6.44047366108406
1.09606537605534
2.53320009085701
15.1802491862327
16.8261013756896
0.820277584716678
3.22602055966854
17.1792409275967
5.80485630780458
5.49663621932268
9.68027757480741
7.63653966624232
18.9717130735517
1.82682964262103
22.2601081244648
6.85156958633277
15.3140796814114
5.77626009471714
11.9552214918585
2.5514499284327
5.45330397259748
9.08870780840516
18.1499713566154
3.57313230633736
6.61207887578342
6.64310557408267
1.73270588121943
4.1339532006532
10.2483275753247
16.2677130196244
1.07654875272057
1.82461762286375
21.1036259547511
22.9448472615331
8.65025917576856
15.1643011338541
1.63987315863563
4.70110087974649
9.60476451863165
8.75479725026092
1.07361180362023
4.00693399784393
0.358648272231221
8.20063007995486
9.02687806891784
4.99067400992607
2.92360284365714
19.3621161658245
10.9176762402058
0.981594612426111
7.48237821818564
17.9458464051714
14.2292185361453
2.79109571129084
23.0484593659639
8.95290035201596
2.94994302093983
8.30157381026292
3.55790024623275
15.0913170538843
7.68241132609546
6.25912649556994
9.86439259722829
