"x"
26.0376174701378
30.8222718071193
22.4487519833958
12.5694044632837
14.1109796375934
26.0938267922029
18.2606067042798
10.4635640663515
14.7005372254041
12.2578714797763
14.891686080955
5.53191680563801
15.7462152186781
14.116560225375
16.491079586558
22.914112941362
20.0394903198913
20.5495301168412
10.1401188177988
26.3642971869558
21.1731829808959
26.0302558774129
21.4898864694898
27.6374086271971
21.8776008812711
12.1388059807941
24.586043949239
22.9505880735815
25.9752466809005
12.3991583706811
17.2057054238394
16.5504025674859
11.7867286549881
21.8410390196368
30.1551258657128
28.4573070006445
9.09478933002744
14.4467831356451
13.9862703020538
7.17370828589318
28.923120489344
30.1668676082045
23.1613892596215
18.7036860621124
14.4459053054616
20.3872501384467
8.62428764812648
25.9500275133178
10.0530582728693
12.6895267749639
12.6979555236176
29.5860472833738
14.1557540022109
19.1934094997123
11.4463271530704
17.4764786381274
25.7382919779047
22.3459978767577
12.930307420902
28.5109070269183
16.4378660265356
31.3561726128682
14.8286708147818
20.6569573841989
21.308316802606
20.18374777399
18.1889750529081
17.4877946781767
20.8310578018427
25.5467378767207
18.4269145363942
18.9530569128692
14.1660287510604
21.3180600431315
20.38457703311
20.1095549156889
21.0790393641219
10.2912786416709
8.69512104382335
19.4039966678247
24.1785033140332
5.76075271237642
10.2250291234733
12.609978672117
21.9017177121714
13.0210001239853
14.0264556510374
24.9477370409295
34.4562262296677
23.7578759901226
29.90331586916
27.6358301518485
28.7445803871378
14.1563550103456
20.5195621932674
12.8294961759821
17.9680750705302
6.53948478866369
26.7336205113679
20.6708612363729
18.6855665175244
29.7315614737374
21.6797796078026
14.0850795077883
11.7211384275633
22.0118265831843
13.2177447201684
19.7492347331718
13.7936109676957
19.861057261005
24.5060451561585
18.5287586413324
14.6686460877169
15.5694136121504
11.8783131474629
27.7702540392056
24.7908972902223
24.9997074948624
9.4769427087158
28.2908223103732
18.5239581173303
16.8948150705546
28.8784499047324
18.6329593916269
11.8825914682961
14.4399173881196
12.5574811912685
20.5204160538094
12.942783604376
15.5328889843076
12.6577872317284
17.1042298898101
23.7523994408548
22.1623816760257
25.6213624961674
35.5405467075712
15.821318468079
17.1017001848668
16.8517105979845
16.0274424465546
25.467719649896
16.2860793527216
14.5757728007861
24.0314801689237
13.0866434531911
15.6303002935624
11.0810147831216
18.8830277882516
16.1767971469089
16.2256248528138
24.3125904584303
13.5502226393352
16.5926672285423
11.8279876692432
16.821343638541
21.4582445565611
16.5912033287168
19.096869439818
8.0203796736896
15.2748799417168
13.3910327776914
12.093717418611
22.1925649650191
13.3726529544219
26.8478513462469
20.4787368420511
21.6805849519507
16.5106750386566
16.7660174600423
18.7752276193351
22.6372519508004
19.2054355241498
22.3398218862712
25.4294035956264
11.8400615407154
26.8136790022254
13.862048019655
6.40034745447338
20.7907921168953
17.0611751234963
23.7668345449492
15.4297291333131
16.822140182879
14.2604069834671
11.3563628389935
20.4767711807195
17.9971992969513
14.2737770632546
19.706805399619
15.8097795507354
19.5985756536976
16.1161911455161
22.8407132672146
13.537172950914
21.6365196685804
24.460060801357
24.4026916334406
14.7193485638127
19.1933225374669
14.8143387166783
22.0042466884479
18.7803135499674
28.1484470469877
27.3779926821589
6.14141193218529
12.0026943273842
21.2442892603576
17.7182052851825
22.1663779475613
22.7348284055356
29.8815966816619
20.8418814836546
24.0460455650464
23.7121762474999
15.9328666835818
15.799100516346
23.0547529412434
24.3429410118885
13.6332115856931
13.683291268535
27.6218136262209
24.8881618259475
18.6036453349516
24.6440842049196
17.5734714139253
23.6159349146659
12.4223555656608
9.50395204126835
17.0752927427921
20.4436738044024
24.1711515933275
18.1888898368925
15.6347869429737
20.9917779057282
21.7455403879285
13.642125181983
15.9508458237538
8.39657040778548
14.7458445746452
24.9554358422756
26.5778802062247
23.5616872087121
13.1869826931506
14.2117052106187
24.219617433846
20.7805936923251
18.6112693976611
7.63493114907378
20.7347033312544
22.869782090601
17.6477085896105
10.2539052488282
20.6901089753956
28.2737105386332
26.0874162893742
21.5918974252418
18.7152492348105
19.8626811383292
16.8327191146091
23.2387974625453
29.1975075379014
14.1638492466882
18.3242410193553
22.2329193260521
29.4131470378488
13.6772696254893
24.0350922802463
19.2200094943669
25.8424601517618
24.158420227468
28.9940663380548
20.9153415868059
23.3073354698718
13.1976690877156
23.739526886493
28.0673854751512
18.3519468642771
20.6272922456264
25.6618843643563
5.86744772735983
18.3005023049191
22.6090219570324
24.9810379231349
18.6925081769004
12.7166105201468
22.6648436393589
22.9548012837768
15.5874584848011
17.0840094331652
16.740299994126
19.6572194108739
27.449936629273
12.7751525840556
31.3781969016418
23.0604566866532
18.6916740378365
20.7861710856646
24.0921247052029
20.1305128633976
23.1764766154811
19.4992697332054
17.1265051001683
15.1481815613806
27.6525806868449
23.807266401127
22.0838027074933
9.92456725798547
8.6820560740307
24.7839179588482
15.9593831980601
17.9559929994866
7.92299441527575
15.109124709852
13.7066550087184
16.2989596137777
24.1934813559055
29.0708003332838
17.9490346563325
24.0563064580783
16.4604834746569
13.2675432600081
21.5289531508461
19.2110928008333
21.0198903921992
20.484350911789
18.8187911046223
12.2065022899854
22.1677861874923
22.7573376157612
18.5855928869626
6.66107337689486
15.2272297535092
21.0049293641006
11.654673772864
15.0392069946975
17.5611520186067
24.7647296812591
25.3341687610373
25.842590467073
17.9590593557805
19.0483666956425
14.1938468907028
19.9159254785627
17.6276823272929
11.3448129035532
8.02379322703928
20.9157212404534
11.9495327032899
15.2338558199034
27.686997782439
17.0641832752153
20.9703160217032
21.4476004941389
24.3494587672232
17.1881122281775
14.9055269945323
14.1721045831218
8.71515087783337
17.2810544725507
25.8685050997883
25.3522476647049
18.1494635762647
21.5887703323435
14.2322200350463
3.95930362865329
22.8260587194074
19.5376438554376
26.6807332169265
28.1360744964331
13.0899909650907
27.996449987404
14.4823035458103
14.1531090717763
11.8853670557001
29.3678272282705
16.3433694513515
21.6420029755682
26.0036590240583
20.843394449912
11.9413560489193
15.8432719297707
25.9350009262562
29.887758824043
23.9128578687087
18.4662197198602
32.3667999356985
20.5006381031126
24.3103386834264
17.1459451783448
22.922497917898
31.0522313928232
6.8794856197444
25.6834092084318
13.237148267217
27.994759939611
34.1316170524806
27.4441081099212
17.9533230839297
23.2929529656868
25.5834876094013
29.4891634122626
4.62852753698826
22.1545422449708
16.9848099118099
23.29754056409
1.86106958426535
21.0896271513775
11.7120946757495
16.6795754256016
6.39016879722476
16.9989127432927
32.8189958287627
12.109423964212
24.7199194971472
17.7104353671893
9.61531949567651
21.6754131251946
18.6554096639156
21.4692537905648
17.0716507551614
24.3370900163427
20.5967780901119
22.1292752074078
25.8809748476068
27.8733256505802
12.1715347049758
10.355277416908
11.250436049886
19.517531665042
21.9018951291218
13.9992548874012
23.20796619636
31.7851286614314
16.1815508712724
19.9908565729856
14.0734766609967
20.1224038843066
17.8256437880918
20.0660923495889
26.8171829404309
22.2226467216387
22.5404579015272
25.7911534281448
27.6043911697343
11.2925895722583
13.0426193354651
30.2917512832209
13.6200976092368
7.85122923657835
16.8126509059221
29.3142892653123
15.0004083756357
16.5905355243012
26.4669785741717
18.8886034535244
26.3346540508792
13.4814959019423
22.2892209887505
24.8321662656963
24.4098702212796
19.509310745783
16.9038619846106
23.0946362484246
22.8089056249167
25.3637613728642
18.735550600104
23.7684005871415
20.8385508740321
11.7395227076486
22.642361256294
14.1601356456485
25.8082885407103
17.8337857592851
26.9919191952795
9.70721074845642
22.7456740063168
20.5083794426173
19.1580996343916
21.9522703671828
20.3194169327617
17.8218110231683
16.9296395964921
21.7773721375529
28.6625410895795
27.275687083602
22.9946523206308
12.7625778084621
24.8800404602662
15.298964548856
16.7983034159988
10.6244119099435
21.9936982030049
16.1203603027388
14.253245247528
24.8195592081174
18.4377352474257
22.0000842120498
25.1811756053939
17.4420173082339
18.2799334172159
23.973840707913
7.45023593772203
19.7087326319888
19.2047916352749
11.5848963847384
2.67532847356051
32.803045748733
29.3061781441793
4.89194905570287
17.999494750984
21.0324571700767
25.9120512520894
11.173457238035
23.1759610353038
28.4543574787676
18.7463849550113
10.1205295717962
4.67878000345081
29.0286605013534
18.3072211453691
21.4679651660845
23.1300562387332
23.4490662114695
19.0833257278427
13.9749467372894
15.7615631556224
18.3193089906126
8.33092592000446
29.5200864085928
15.4017572989687
16.6194920195267
15.838334107477
11.4292143082243
13.8324027296593
13.8569944538176
21.1651209509
24.3080383166671
16.8732522986829
14.1689144773409
28.7495934171602
20.4479939071462
26.6234334111466
13.8581312727183
22.0503730737347
12.9752531880513
13.7135698460042
18.5028435718116
17.3496929230168
11.774775898084
19.897987623699
4.0576204042206
6.3225356423426
16.6653827531263
23.2327951816842
25.0966329826042
10.7760122201857
22.6103706983849
25.648516342239
22.4369266768917
25.2524792872951
19.3797442835856
21.7712227022275
23.9036184502766
16.3832620251924
14.8758099647239
17.8719806717709
17.8908186372789
24.1929465904832
15.3556502920036
22.9162407340482
28.9328076178208
11.0533959465101
28.1447770772502
12.9070042865351
20.0836528325453
16.4245357969776
10.7764332921483
24.291516491212
10.4760545538738
30.4979650769383
11.4597573177889
21.509655402042
19.8835604938586
14.314069156535
14.9254077579826
28.6267962306738
24.3651089956984
30.3196081891656
16.8818786842756
29.2468385305256
21.6839706525207
20.4444825649261
27.6746809855683
17.9131020791829
26.7770043108612
20.1494490806188
24.368449463509
39.0763343739246
20.1515931868926
18.2271908735856
29.2702757986262
16.1354766925797
16.9485013699159
19.2005045013502
8.05291305296123
29.9150465630622
17.3837178849451
13.7494143858456
19.6517948294058
24.1119545799765
19.7158946687342
9.38999452163026
28.4338223731432
17.9607012433469
5.96020752564073
27.7878438821062
23.412027092778
26.4349659439176
23.1661856174469
17.221259652108
25.4670341964811
22.5314897950739
19.2067566560581
12.6168883405626
28.4785064402968
16.4452475961298
21.2684800178211
21.1798678617924
15.8078268170357
23.1888067442924
24.6380221098661
28.0912505462766
12.1417048387229
25.7305638631806
22.248635487631
23.1161861913279
19.3830448189895
16.4716334547848
23.124973103404
15.588839375414
16.7828350816539
24.5543916011229
13.9691595220938
18.7593627721071
22.6258994159856
17.9332790185249
16.8763229856268
11.4263304389479
20.5872432794422
15.120638301596
25.9076727321371
16.5134828537703
21.8124741222709
20.2622032146623
17.5494336761197
23.6063548363745
29.5496389036998
29.3781436514109
22.7143702097237
18.8205131562427
26.8086210824549
21.9905067002401
13.5532449930906
5.10212960653007
7.32216458085061
25.6407052977011
24.1893838625401
13.5684338605067
20.2863224083558
24.7044924180955
16.313151158981
13.9652064535767
20.3203426906839
16.6297352174297
16.4368101627789
16.7044995818287
20.3257157092899
19.3548892159015
16.0160744153937
15.5932446010411
17.6863409294861
16.8833362171426
30.2408370422199
19.4021767306058
22.0473559806123
19.1130602418422
27.0599809708074
29.9170351354405
24.08630955033
8.37938045151532
18.7449211254716
27.9580046189949
18.2988367276266
22.3233128665015
22.5738766370341
26.8182794097811
22.6215841263625
25.4800497554243
10.9806493853211
11.1986171919852
20.4369860701263
20.281450310722
21.9277011626119
28.5612366395071
20.4702152656877
13.363891094923
27.7198581490666
17.0014668721706
10.7254571979865
18.742512143217
18.1384920142591
12.3360904399306
18.5611294871003
10.8375485287979
27.0713243633509
25.0675214687362
23.3667257474735
18.4357211925089
24.7885581804439
29.4733270492257
23.5793959355615
23.2756221611077
15.9456253284588
12.9292106967178
15.8864756347612
1.19175746146604
9.03317696075863
24.8961321776733
22.6805324899033
22.0145305151534
16.2422598572448
2.30273744496643
14.9744847090915
22.7833359730969
25.3000674151523
6.24124789610505
11.1547592096031
19.8317766552641
17.8626878419891
20.8550308365375
14.6523963831022
21.6071794045643
7.68066576789058
14.7283614463748
10.6754234443628
26.5628769528121
20.1761448988691
16.4711768273264
31.7788740852848
20.0139293679968
13.0250878399238
11.8428804213181
28.737112483941
13.2737334119156
15.1679844129831
30.7693062582985
27.1488653030246
9.85532737542515
13.6876660166308
25.9059343021363
25.0897779827937
13.7530571548268
15.422639676482
33.0191247863695
21.6413673944771
13.5604447498834
15.675177029334
23.2572647000992
12.7694325055927
28.7326903315261
28.8007596274838
23.5837908449204
14.4312045071274
27.3271120619029
20.2001807512715
31.4042318379506
14.6782404393749
16.9563269782662
28.5958665655926
19.0054019214585
20.6008330220357
24.6117220493034
22.7360693039373
14.7584622414645
20.699656335637
24.9008216196671
15.5896668089554
24.9833479057997
14.7291369037703
17.8260711047422
18.9755803832184
11.1414839280769
22.9258251842111
4.76030011014421
10.4587304638699
26.1276297969744
34.764815411518
16.5066715329885
13.7642121640965
19.9623881839216
23.5729964682832
20.6334052840248
11.0960772493854
23.4374980442226
20.9231301909313
26.8776824672393
19.3000592757016
16.6597560513765
19.3747753326348
10.0253801868349
19.9659955180305
17.8208687342703
14.2548104282469
23.8357345806435
17.5737547658917
12.9496130626649
17.4419267103076
28.7589155483131
22.593141450399
19.3928283406422
9.3730034539476
19.6277691982687
31.9919953821227
20.3238367801532
20.070921536535
11.2923059493645
15.0177964705669
22.9537626961246
24.9224195256829
22.8924544760957
14.8456393806295
18.0159007661879
23.6526191001758
28.2796254443955
23.9784001838416
27.2447702474892
20.7349309232086
19.1570327444561
16.5692605543882
7.73434496950358
23.0273322202265
14.5466951653361
19.2152813796009
28.2356044277549
12.7175597473979
10.7992288171065
15.0944156572223
5.95661834813654
11.1083645839244
32.0400280412287
28.5317728528753
12.3009122442454
28.9482017513365
3.37379649281502
9.02627669274807
16.0742928739637
22.6325827650726
21.1795571958646
21.3745224988088
24.824247113429
11.8023495888337
19.1578546586583
16.1210390506312
25.0435421010479
8.76643846277148
17.1654821373522
19.1026836168021
20.7524683669949
22.4911422235891
15.6394569203258
22.7961505996063
19.8638847097754
35.8812580738659
21.1802625097334
12.949283211492
25.0281544635072
29.1691137564005
1.34810109157115
15.9710030537099
16.5811575483531
23.2884134631604
5.42789250612259
6.12367712544719
22.2955881850794
18.5138247448216
30.0013698404655
11.2874521149792
18.8870610203594
19.6656748419628
21.9094460364431
22.1820052247494
20.8552912808955
12.6118163345382
12.8587407525629
24.3966741720214
21.2200545473024
18.593463068828
5.92194069176912
19.663657899946
22.5103628123179
20.6741271141539
14.7743482142687
11.1117629567161
13.9027366880327
19.9767906218767
12.8064986085519
13.457980839309
10.2195584448054
18.6362428281942
12.4508865643293
15.5613280250335
25.5845140817386
23.7046634807358
27.4710388621315
11.6896046466838
19.5693478221074
13.7121557956561
18.3673065854236
18.5373034328222
16.9771723078888
28.3783420920372
26.844743732363
19.14211540152
16.7078208643943
13.3976674638689
24.5715284021571
18.5452750651166
13.7698681529182
12.1026732563938
15.0534622470287
6.93356649619052
20.8258495898917
23.440711479634
29.5516698854044
22.296799859032
14.9741857951501
4.31436197832227
13.2476042490453
16.321021303985
20.4666678793728
17.6158980466425
10.8261355107961
17.8592788851209
25.2409300068393
23.1436703184148
33.5340600227937
21.5680938930697
25.1520876772702
20.9961567733281
20.4025477537785
12.9836747888476
27.0574507769197
19.0534714609385
18.0044110904017
22.5514349527657
29.2068035108969
24.6076428098604
26.672594062984
14.7911764215678
25.4123749444261
17.0781371935614
21.4098362252116
8.73454584497364
25.4439257853527
20.9737156518155
12.4163711261851
29.5922198798507
16.8605430750176
29.1795747354627
16.4526154054329
15.5520098516718
17.1172256814316
23.1531127588823
18.0878079729155
22.8041170863435
24.7561653610319
8.05919015248001
13.2959230104461
15.2430310612544
12.0629120618105
16.142361680977
21.9018833711743
21.9460184220225
19.6311597013846
27.2757874808131
21.2309796870932
30.2269310690463
17.8371507208794
17.2770307473366
19.3268979044057
7.85777147393674
15.4604900395498
12.1265686585663
20.5026942999467
26.6655360348523
11.4011744837549
21.9521148314079
25.3645606804639
19.2258576396853
15.0126453875539
18.991892762049
19.3634917028248
17.0021535063555
25.0548493582755
15.9406507387757
27.4072215006938
8.68294655811042
19.6056254499427
19.8403298854828
24.7524475911632
19.645850523375
16.8074563814848
27.7179728727788
6.10863268304221
6.2085973069499
14.0549150459594
15.6881715171039
17.5659295184462
24.1500512463972
30.2581869531423
19.1938573524031
14.3251366586535
30.8484997134656
25.5164251662791
20.5361838219687
23.9791172323748
32.4571563163772
4.72857574865041
18.0705257148636
19.7491723811254
20.6493158953909
25.6726398553178
14.2318149529185
9.82641016598791
18.2650591246784
14.121361146681
28.1258376082405
31.909787049517
20.8279762882739
16.9843854615465
13.3821617579088
19.8020958807319
19.7410230524838
6.92236095201224
7.26314484385554
21.4471423532814
14.1379704233259
23.449586564675
18.943766807206
20.7175210967171
6.35894918814301
16.2215440534055
17.6548424921196
13.4612685767934
13.9634921215475
15.6397634884343
16.3964584935457
27.4089154554531
5.00489033284085
16.7119369609281
9.37947491183877
21.0290936287493
8.55075430590659
16.9809144758196
28.3064840128084
21.9924913253635
17.502088076435
17.534573818557
14.142292086035
16.431149886921
7.41521858144552
24.1906988900155
20.2999564819038
15.1662435261813
7.58209805935621
10.748950461857
11.5276850992814
19.6085705490313
24.4304465828463
18.9056658418849
18.8273167703301
25.1931299455464
19.8513232171535
22.7405241224915
17.0275858836249
15.6279413480779
24.0569562418386
27.1627947222441
20.9717953810468
10.1223523610298
29.6814146451652
23.0572446249425
18.6394722433761
16.2213541869224
9.90965983364731
11.3010839791968
24.3825187208131
20.4018106559383
20.1971637592328
22.5571156246588
20.1500118244439
24.6561343409274
12.7905548997031
10.7377743962222
34.2027349863201
29.4954115524888
9.25983847118914
21.6339691096119
24.65596832335
8.03933702409267
10.9240622503372
18.2894439993543
24.1718585602939
21.7444820795208
24.3862359551713
23.8369446247816
21.9642999814823
17.7867896854877
23.8830206217244
14.7457758197561
17.3462693346664
16.0944713279605
25.4222066141665
31.2837236793712
24.6354927774519
12.5282902969047
15.8391261938959
22.7657701121643
22.5060189608485
16.7518642551546
21.0795398568735
17.8202027222142
21.4967906553028
17.470444063478
14.6120624616742
18.237305781804
33.70293576736
29.2453893227503
19.0579280249925
24.7786717955023
21.9408211065456
16.3969598031378
18.0379188386723
15.7457197550684
23.295847599403
34.445661935024
13.408939391038
0.970538263209164
9.83414750080556
21.7172950739041
19.0930204134753
25.6881304318085
37.5985702478743
24.4039257522672
21.4660511190122
21.517773065716
5.84888875018805
6.70244733337313
21.5440418093921
22.2318305266977
28.123763957224
9.73538889084011
22.2559466259554
8.82827730383724
22.459700028412
9.70931854099035
17.7203621482477
18.1629974162206
24.791496200487
21.0400977870449
21.7737131752074
17.903310386464
16.4451964665204
10.5077126761898
22.8840637719259
0.616924790665507
12.1620586840436
19.9996039308471
21.488236944163
15.2404718333855
11.9623573955528
14.3170444993302
20.2241582952701
26.9646810086934
25.619953754358
24.8775160638615
16.6413618717343
23.4861867269501
20.7770850043744
25.3767107147723
18.4868836542591
24.6403659693897
10.5053087463602
8.60048260074109
15.7587002264336
13.0672036902979
15.96235736733
7.34343915246427
18.8036562176421
25.1408495474607
25.6543321302161
18.5544677190539
22.8394310921431
7.98540858086199
22.9746645083651
24.7431117109954
14.454031852074
27.6407448574901
16.8763706227764
22.1496235113591
23.1959624215961
13.9916341804507
10.4964224854484
9.42173460498452
12.525610380136
29.6325208386406
27.9651352902874
24.2068048603723
20.3023646492511
11.6285215131938
16.7457421543077
19.8109439108521
28.0105583369732
19.9798462211793
11.8593711405993
21.7097869841382
18.3840312063694
21.6447855560295
22.112623353067
13.2957914611325
15.2587948320946
25.1072493381798
9.09125502221286
14.9924391299733
33.0491801258177
15.3204651782289
29.9611971247941
16.0222667683298
22.972858791523
29.382215119984
29.4212806271389
18.3384093921632
31.5417188219726
12.9458848387003
20.8992675645277
7.59476971810237
15.1876520365477
12.6523159444332
8.90683294273913
19.5647830842063
8.01710679661483
21.5752650750801
4.83345396007446
10.448397236946
11.636374797672
18.8374998047948
23.1493703071651
25.1759282778949
16.757317725569
18.1627581361681
17.4419247545302
13.0392771679908
21.939787757583
20.1706316260883
15.7189786201343
16.0891121951863
23.0939358472824
15.8874806249514
14.5191369811073
29.2648023692891
19.6635458987821
24.8448719969019
24.8839604737169
30.9985311236233
15.6080503739998
15.644133137539
13.3004123810679
25.1023980323225
22.1816240577027
4.53751568107112
18.7989884754643
12.1047242311761
7.32914495747536
11.7116553434169
19.5156946637874
7.18280158471316
18.862923886627
12.1256361715496
8.9226371058751
18.3753495104611
22.7908912813291
16.1562786437571
23.0575083522126
3.87350465171039
23.2084030115176
12.8412251826376
21.0990750230849
29.9865733832121
27.6772148441523
27.1469661267474
20.5347662325948
11.5393212996423
11.5488132138602
18.4293175821249
25.2473865170032
16.118398372112
19.7297676233575
17.7860443503079
10.1593509549275
19.1335971234366
22.3914193827125
25.337694818154
25.6708152126521
14.4444221397862
22.1045481739566
19.0405159257352
11.4015960134566
20.8976135123521
27.7081780601293
12.8869693959132
11.1585630055603
22.075159358792
26.6071232734248
4.97102221782724
22.9510416276753
18.1776536628604
10.7264511752874
28.940487280488
16.8172968085855
17.6471388433129
15.2215926456862
16.9549778103828
23.7644922686741
6.65982034988701
20.3075512738921
22.3081643693149
21.4814785867929
21.9402310438454
16.1292716667143
25.9775109821931
22.4358968618207
19.375503086485
27.7295793173835
24.4707236299291
25.939667201601
19.085711077787
26.4226529514417
29.7295578056946
28.6247923271731
13.685699973244
13.8594140764326
14.1035926062614
16.8355132918805
20.0563020305708
12.8670480418621
14.503614492083
18.5822755564004
18.4798571048304
20.8306172962538
11.4035866223276
22.3071992397308
18.4881029184908
24.4962964439765
22.9357053292915
20.4925621859729
14.7755314394928
25.9175504092127
20.4476662911475
9.64102591387928
24.6612014714628
24.1837435401976
20.6620619523719
21.8317011604086
27.4395198561251
17.5630003446713
15.3293839190155
16.3928844943544
18.8419903395697
16.0520548932254
15.0609432099248
28.8150528911501
9.35517095495015
18.5607135063037
19.8188504436985
13.2169076474383
14.2549027921632
15.9150437451899
19.5425880374387
13.7768971268088
30.5687624495476
10.9730517081391
28.1569882296026
13.634453387931
17.287922417745
22.519286241537
33.5855189943686
12.9922114545479
18.9338013296947
16.0730569377736
26.2378715211526
9.90978351328522
10.134519349248
26.6678328160197
10.5828081490472
23.5156151233241
15.6120936619118
2.15557301189491
12.2071821200375
4.58220089785755
28.6547576077282
14.0164777636528
20.4860183643177
21.2382756406441
17.6324115137111
15.7547221984714
13.9769035158679
21.9350848114118
40.6853801549828
14.5380297537276
20.9468024317175
8.8839887403792
27.8834466822445
5.56781553458329
14.711438678205
27.214687759988
28.6725305952132
4.95696107391268
21.71627651788
29.8711541108787
13.2099260576069
6.03971288073808
31.476942775771
18.1823850842193
21.6089938534424
20.3112931456417
22.7884288877249
21.572149407872
29.5538479927927
27.1627088310197
15.3885281431091
34.6917438765472
22.2040429645351
9.43587106321121
21.2247990304604
17.8809511722552
16.1108867032453
20.9872379200533
13.7044293884152
8.7295020190326
14.753516856581
19.9622021056712
7.91580832257753
17.3539847135544
7.59328718683995
8.74752655705941
22.3253727097856
23.2982354704291
21.1216774536297
11.1957100220025
9.95735790029247
24.4685404468328
17.9121947381645
10.5351042509028
20.2347472775728
19.2898961249739
25.0755142886192
21.8583208974451
11.8590690854332
13.768719787309
16.4725354174152
21.2851871707812
15.3992352541536
30.8555942494422
22.4929713411257
20.0524642830715
25.7527384441346
10.0728775840253
9.73347007579239
22.4932778298595
12.3206847114488
27.4611120345071
9.52917498070747
19.0873223210093
24.9718407168984
15.0102481245995
10.3075932805764
15.0995830945914
15.3121702140197
3.79038327373564
5.66554868128151
17.6084249746054
24.0235237466919
8.76057290479242
16.5377384219206
11.5292821079493
23.0764038162306
23.0673261435146
24.0558348105018
16.6633015032858
12.4120700638741
31.7693028366193
16.1227719392627
23.4400106826797
24.4636241579428
9.51399076730013
18.8474294529253
21.7411577135711
10.9272615402941
17.6690472988412
25.4175720969215
31.0835172408776
26.278389012441
20.8339806430516
24.3572066538036
8.38292649179901
17.4059095326811
16.8224735738799
27.576128882356
6.43918722983382
4.7977534821257
26.9182125804946
10.0293013801491
28.3180666307369
21.8258600216359
17.5307855010033
13.0946290446445
19.8415192542598
15.4165128462229
10.5713648721576
15.0378562510014
23.3966569416225
23.8884113263339
10.5071826819547
21.0364920785651
10.1728738285601
16.940530759973
22.761113778688
19.5803476497531
14.8455011051868
29.1726267663762
26.4811097644269
19.797457405366
13.4602978825569
20.4232713096671
18.9038159092888
14.0081550460309
16.1064160754904
13.2280388148502
19.5540912216529
18.3718583080918
18.9296105643734
11.6563499998385
18.9200855161034
23.6439461121336
22.0172107219696
15.1323225349188
21.2674070615321
21.1401138687506
11.6275078384206
16.5724931991611
17.1417449865655
26.7816595810714
17.7893484011292
15.2234218822866
12.7810085657984
26.9176227349676
19.3945785984397
17.4463348249824
12.0128136361018
21.6069835005328
31.262662797235
19.4026671117172
13.2673743790906
17.910019448027
18.1172235636041
24.7173698153347
8.09680247695604
33.5115268826485
10.0503905961502
22.6135095348582
15.3198537416756
29.9612651113421
29.8465191153809
26.6893702559173
24.9623999465257
10.451799700968
17.365607782267
14.897178276442
19.6417898281556
11.8456523632631
22.1708198363569
20.5072660930455
14.7048941580579
25.0780574744567
20.2678313013166
16.0026208668165
25.6788103608415
9.79653336107731
13.4476999752223
27.71041598171
26.4699575956911
20.9712849929929
13.2485537789762
17.8623618642567
24.2578568402678
23.8219609104078
18.6195240821689
25.9001278085634
18.4462793404236
18.7016110867262
30.0853869179264
18.5733098071069
23.8526673754677
21.8987616943195
22.2320497501642
25.5481615429744
20.1309248339385
25.3909705433112
14.9651969317347
22.8938699234277
16.3366308552721
16.5773279732093
15.5380909331143
21.8645596215544
20.524841408619
10.7404118869454
11.3422957947478
36.5996157729483
17.0333067886531
19.6381930727512
20.3223305288702
21.2617409620652
25.385957211256
13.7260987221875
27.8194611193612
30.9632249874994
23.7316752285798
15.1025128783658
22.4794447258435
26.4864506372463
20.3258942812681
9.67324122320861
24.4715533219278
22.1585297957063
21.8417765572667
11.0448732506484
29.6215486479923
26.2811660766602
12.5136830145493
28.0325067229569
17.5712855067104
23.5764027573168
13.3983422536403
14.2391093540937
22.9310397757217
22.6836731890216
22.1911906730384
25.6408581975847
16.1007876973599
22.6698504381356
17.9683385416865
20.7708608359098
21.5642338618636
24.0631759632379
10.4712521191686
19.9729826723369
13.5332769947127
15.855707670562
21.1161836516112
13.369688205421
25.0899966340512
21.3823753842168
35.0581678122477
29.2995974421501
24.6482897084206
23.5978697235298
13.0410849063958
10.4710028506815
24.3462975602597
18.0124680511653
13.3980127051473
34.5479210838675
19.0265576122329
19.7726299753413
14.5484721520916
10.603762906976
26.112636001707
24.1271261824295
18.7315814197063
12.167914933525
8.87747891716162
9.42678938615506
9.39189658965915
17.191633884795
12.7612121099975
9.17250625342871
20.8796253427863
19.7566702376255
19.814160419628
34.2357293237001
24.5543916709721
21.3376244297251
14.666855474934
13.4485899468604
21.4243992697448
15.8778831129894
20.5938560893635
16.3355596596375
16.5625889623591
22.1997023792937
13.5018496308476
18.7643661614977
26.040086359717
15.8099941676483
22.7198670618236
23.0964782182127
26.3618848985061
16.584969474934
35.2965776245651
23.0796667264807
16.7342112632468
24.5721487561241
32.3786293622106
16.2868283456191
17.7493670312064
24.8586638830602
13.2699397858232
17.910649580881
14.7520724651518
36.8903913752518
18.6096619581804
19.2233588779345
9.6832181364084
28.2585958717391
30.0976262290486
11.2944479357087
16.9968273956329
22.567082129538
21.1707011330873
23.4047923935577
15.4392020544037
23.3661920530722
21.9802436418831
15.9723007120192
22.8632513437009
18.9042991665582
16.5220605907962
13.146709324792
15.1577011449262
19.5297237951308
23.507146933116
21.8977685086429
6.62394829260219
21.3258459698409
14.1308897174895
12.6987167338925
17.7280091913417
23.9341355802929
23.387752853334
14.7195631405339
10.4634665418416
13.6698679765686
13.5286871343851
18.4070446295664
17.3051065066829
19.9848426273093
23.3673008130906
27.3704971652478
24.3645744863898
14.3552747984414
13.8896956574172
25.0139702809975
8.11455058865249
28.288246341981
10.9372639795765
21.2690716424072
16.3036735728383
14.2880858602925
18.1038638143599
12.1945439139381
21.4853099202957
7.42754701059312
9.00459317490458
21.2439781753346
5.37264382001013
29.7623174730688
13.6954457266256
19.6595032787135
11.0108196269721
22.1015573712066
28.0746401986107
23.3034713892266
24.6181906200945
24.5084214489907
18.9272669842467
23.037180909887
21.326211112579
9.56056758471003
13.7772136367857
28.1393334968016
19.2232250003144
12.3954078073279
19.2436693701893
12.1271385112777
21.2278202874586
17.5018248148263
10.3658123174682
26.9483387004584
24.2667530663311
10.1225516758859
23.104831459932
20.9111464442685
18.9655400254756
14.6930435439572
14.0375195071101
16.4594469591975
10.7466345065704
18.0528032360598
25.403710315004
25.9877893142402
21.9912774395198
14.8296509636566
11.1881239805371
19.4450209150091
11.6402882616967
22.4739905762411
16.2542217335379
25.7093064826031
23.8043734941718
13.5649176812576
25.1661276910454
8.8097553397893
18.0723162600771
30.5539484135807
19.4862443953753
21.9768419396132
19.822988496162
10.8190181432292
18.582390433842
22.8896725224331
10.5307349857642
15.9380331402645
15.6572389497303
7.7822883380577
30.1788919139653
17.1632176497951
18.9115328216947
21.8212549983664
7.90795013308525
18.7105501193204
21.7361613176763
27.4550281930715
21.4488226088886
24.5439412770793
10.4097410337999
20.8955719135702
27.7661440098446
11.4355896647065
18.5497347731143
9.01443408600295
28.5294154891744
10.614319545593
14.1480422578752
22.0101723913103
25.5040797870606
17.1758599346504
23.6222715349868
25.6279291585088
13.3283270511988
18.3873786590993
10.2329434801458
15.2357598104546
25.2023106068991
27.9763848287985
22.1994726918638
13.5838661342859
4.77902011480182
13.0464227613157
18.6277940869331
31.274798931554
23.6091599101998
16.7148374548776
29.5238981721923
16.5368518326432
28.4801391419023
9.41304455045611
30.4924322525039
12.02771528624
17.5592525163665
29.0199649753049
24.4110842002556
20.5474494956434
18.4230686398223
21.1235935566947
13.6397631373256
16.5043651887129
16.3933980485094
14.7637414568161
1.08896666206419
29.1309324791655
12.7716733841226
7.23484467971474
14.911682599898
32.8664514934644
1.02110882943662
14.9856140393919
17.7668389864266
16.5505635552108
24.8785371407528
19.3249098258093
16.63230904378
12.0477459393442
13.2164659444243
17.5374716985971
17.2632801346481
8.85423496533
25.4707946674898
11.2174817593768
11.4722807258178
26.7140256939456
25.9558374295011
21.0320808459073
19.0607841126621
24.4469806784764
9.42259321454912
26.8088994314894
20.3057840982411
28.8699533091858
21.9728896394372
11.2909991759807
13.7805314734578
23.710987623781
15.0211980100721
27.0341652212664
16.4347953628749
15.7544031040743
19.5073820417747
6.5529955085367
23.1456113047898
18.7027478124946
25.0884255449934
15.2491331798956
20.6693272106349
14.5692286669253
21.9892672263086
22.3731909878552
28.2470517791808
25.4253983123633
15.6200855504721
11.6146559030735
7.23116078879684
17.7404191810638
19.1775858169422
16.0378761822358
23.8750260788947
25.9752832818776
19.9392348295078
23.8924763398245
10.4790857760236
8.04014164023101
20.4979455797002
13.9149560127407
22.3768696188927
16.8757761748723
19.0996493212879
17.8348107496276
8.00252724681406
23.7211659317836
20.1235465703716
10.5767865665257
23.4099388821051
21.5009415814517
23.3082142891362
29.4313930207863
11.8142221052281
26.2042074697092
10.096789104864
26.7009798868251
16.981729795225
9.65937282842057
16.5704450337216
5.77322873286903
24.6457741362974
14.9947771104053
15.0079528664491
17.4632480600849
19.7930189911646
17.0896989927082
22.8131921030581
27.4278902448714
9.81154206674546
22.3987316247076
19.9704001912366
21.4778046822175
30.9512656414881
20.5514547415078
14.3892006250098
22.9258275125176
8.47981246188283
18.028077762574
