"x"
13.0650986684486
8.17677790764719
9.60352935362607
22.5708779646084
11.5259088099018
4.09778061672844
10.5179803445935
4.66131971431185
5.27706590923141
7.99806241411716
1.71762900426984
3.83262180257589
16.0814457107335
2.5406596378436
4.8327895347029
8.19126106798649
14.2462180694565
12.4877459136769
7.15040287468582
7.76848911773413
5.81979379057884
8.45969183549337
6.21905699372292
12.7281849272549
10.5769594199955
12.7228600671515
10.5575493747859
14.8215917404741
17.5186909502372
15.7626755160364
11.0464510507882
10.0464761003509
5.07439417426095
14.588102302514
4.27393142599612
14.6384575404227
9.65531498966122
14.0205308753092
16.7042638861766
7.05362685254231
3.90743522439152
4.80938088148832
12.8530458547175
8.4272178041974
3.14721919130534
14.7896498576488
19.6204074950061
8.85859873527864
12.2671844204888
2.62103739520173
12.169553944841
8.91936940606683
5.40024552427021
7.60068527000493
6.68983093928546
9.16047741961378
1.65897635743022
8.80202118661742
11.6272779995416
8.14031788627353
9.0423239627853
11.5362897968033
3.28096377218605
6.80807468015701
7.1159145814737
16.6501620551571
8.26118814293295
8.89628637855616
4.22829908784479
1.9891416678982
1.94779162167309
8.64185461748135
0.446096751438804
9.83906150801215
11.7166062191464
4.50370376929641
8.0163351027295
3.72205937746912
1.79807364474982
13.8587107649073
7.39368756767362
9.80976680293679
8.64290685858577
15.9782691393048
1.16266480181366
12.8994680941105
15.3408645419404
13.0554920116572
13.3066739188507
10.0142054314328
0.437253713607788
3.23857627809048
15.1533942064294
17.1894451370463
0.807554140917493
2.88895168341696
8.16225042431694
4.01266924134502
9.57411475325024
5.80768920481205
9.39520648680627
9.82693077530712
0.295122465188328
16.686092177406
11.9344103357011
4.15939609520137
3.23021777439862
10.5293710731413
7.69203582312912
9.5821923809126
11.7928492138162
5.42231956496835
7.38557014924742
5.76573088765144
9.78957835459068
7.02525861561298
16.7877375148237
3.88696359004825
10.2880594320595
10.7820429839194
14.8770570522174
11.1299321374939
9.64577873237431
10.2758034851677
2.50609084171904
1.83778416274891
7.1344933938235
6.73744473606348
17.4357226584107
7.38156363368034
6.22634820174426
16.4167681476101
9.56333444919437
3.00946371684398
10.5552469845861
6.36984799057245
6.30436567589641
12.9729836698691
5.63968534115702
9.76603629878613
6.47310875356197
8.78421185669385
11.0506960159528
17.1687578316778
11.5977998590097
3.15073984675109
8.61604287066665
15.2244656133449
2.31346595101058
1.51063648046418
18.2560861704312
3.59434275887907
6.03768755681813
5.28038159877172
10.9517452772707
0.148823182098567
4.27082607056946
16.2627524230629
0.148066366091371
7.24245502569022
14.0449526053311
14.8367697605863
4.959589559681
11.0513078747317
6.87025649245688
3.32123145926744
4.72719294484705
10.1316628046334
10.2624376770109
5.37952451020961
6.87634507194161
9.79879605583847
1.85970153858662
10.7201120969266
1.20284291915596
15.1556873694062
10.3540154517608
7.63090432155877
1.00016421638429
16.6371209779754
0.842578464895236
13.8521517809733
1.30668845959008
3.85749454144388
3.74989060219377
14.2978141549975
9.7913357662037
7.21237359102815
9.27275000140071
13.4070314142549
15.6123572876944
1.97239003609866
9.58044042345136
13.4574624032303
2.3157521852701
22.2117114113644
13.7573202140629
3.28277794178575
11.43188866632
5.34024694934487
14.0475816301262
5.9765201760456
4.93955705314875
0.0245640752837062
9.65846001636237
22.3325310507789
7.80821680091321
6.44415826266277
5.35216240677983
11.6811753317988
2.51373819348235
10.3043271042315
9.78621849790215
0.495941570671571
3.6671276204288
6.91450056619942
8.50076567781274
8.75061872712241
17.1430281596258
12.1998009970412
4.28891035460257
10.6822552392259
12.8998304484412
2.01897074002773
10.149915330112
12.2646501638409
5.21281824912876
7.14425461600213
7.47817184790936
7.06664160898457
1.94394506127022
5.73916116263717
4.86111522186548
14.3778402125463
16.3498642388731
11.3729126326277
13.9590573947495
4.94574254844338
6.02059403900057
6.41470984555781
6.92703742533922
7.17455805279315
7.7937232186717
4.94798474312146
2.91513192094257
3.13827632934427
6.82128807529807
13.1720016943291
10.077652707696
6.70838189560375
13.988443557173
0.374374911189079
4.61445274743684
13.9409714009704
12.2120929801321
4.84047024510801
13.8572022551671
9.47265659924597
9.0635981956304
12.9783997323981
19.1257435828447
7.80372544092539
5.40370808305264
3.89351060148329
12.7661861246452
7.31401739273412
6.81551361922175
4.29013179574919
6.78491925355047
9.51714551293023
5.16645141336719
1.32539043691512
8.48299242570806
4.56110057421029
11.5287478784512
3.17116060360871
11.6944388484738
14.0634926268831
0.200437226087437
22.3484403220937
3.3012778731063
7.15365935536131
5.21748047429566
8.45964963307942
7.79774328693748
14.4247399177402
9.58663248457015
9.91137615930987
0.0248805098010063
9.83719814103097
11.4675106829939
9.88680860027671
6.81582151919836
6.77820376408666
15.1450331555679
2.3219506789399
7.58324258464782
6.78011574782431
3.85890139737008
10.2225503884256
5.47339604236186
17.8311138816749
19.7068834677339
7.11808966007084
7.00074271713017
5.90712763369083
8.72429560404271
8.06801291182637
5.02418613991219
4.32999522764849
6.97311013936996
12.6346164848655
7.29492173646115
8.01916923373938
17.7149056224152
7.57836273405701
12.36762246117
1.24548822641373
5.53829066921026
8.84716496356966
4.73630260717943
5.73984237853438
3.48980580456555
3.19480679463595
4.73906789816277
22.4255324573208
3.0245398869738
12.8106435062364
11.6898136446252
8.08176428825485
12.5150635605678
3.25417809654027
4.84770894298259
17.3385264817625
6.20586222503334
5.52346473559737
2.6015711016953
8.63206554566063
0.503942946623621
6.94893575193559
10.327358613722
10.1593551458791
9.90653685772522
3.57866750808046
3.67199538682622
1.92830168349758
11.5119172725827
10.334841870304
9.92933409288526
10.063321236521
1.21245877817273
11.0147106469848
13.3824087991288
2.58460011342486
17.0458615524694
7.54563115586355
13.7175161391497
8.12580634374171
4.3290400179103
4.21406750101596
7.22348404002824
8.32416951526386
16.2710487144068
8.40291514469566
14.6565049653873
0.916514382697642
4.19435368385166
10.512238652185
19.2467372837124
10.6906642692053
14.4804285140708
6.00429421756417
6.87826864887029
9.10087537486106
5.00629276827902
3.64681805607022
2.17545526306493
17.7369938886342
8.65556995850056
15.9507162868977
6.90869672689587
0.635631020194754
9.55894708167762
7.05192606298305
5.642986507155
6.2380276485085
3.91960854503296
10.0983103038743
5.00768921338022
19.9745788238943
9.95072848163545
7.72027437144717
4.09521795809269
9.93871653727052
1.75594153781557
12.6521777031748
5.96862621605396
0.646407739259303
0.458288915858081
1.17892792914063
12.1177836814257
9.24690873803044
8.56840568594635
17.0997223816812
3.87837735470384
12.1338516240939
7.42195853109532
7.26283164694905
13.2393584353849
18.3654388878495
9.15046168129061
8.53108540902007
8.56976171041599
11.1506183864549
4.9369747707969
6.83158154133707
6.7617659803392
5.23896650411189
0.550748780518118
12.0554311399152
7.02206616056325
12.6547837862745
9.33822598308325
15.8814631402493
7.31645040214062
7.48832800003847
1.22187116742806
13.7782442616299
11.2697752909523
4.12690574303269
8.07262994349003
9.88787489477545
9.08912047743797
10.6300482884397
5.69988808586328
13.5848787613726
11.5576633485034
2.96062266951954
9.9487233267453
10.3752588387579
11.3194288685918
14.5540269324556
7.70584263373166
2.79015405539697
4.4869146309793
6.85587211046368
7.68585956975239
8.62206551246345
2.81489230352342
8.91081974841654
0.623954241660529
1.92956624086946
16.9054700993001
12.4038789654151
18.5589533299208
1.96457636090668
4.81153701997869
5.07778096236135
4.81761277187616
18.1582872290164
22.8102551903327
1.67917890939862
6.17637184222358
12.5183984071957
5.9402305399999
2.73570897988975
6.63898147834035
7.18151447363198
13.7050590477884
13.7545737903565
14.2437130445614
4.10284577788601
16.9376981211826
2.3304066305683
6.35840170678086
5.02942658230031
6.25813063234091
5.55725557878328
8.30792577471584
0.472173203413564
9.47826064446102
7.18806232325733
6.82565155076157
10.6426095124334
13.7368191197841
7.9534817316183
14.2376098548993
17.9853029781953
9.99889944214374
9.90254228224031
4.22325239051133
7.4176577177879
16.0411819815636
9.04031729449602
10.8957746997476
0.684807346735157
2.15446689711544
4.84166190998388
13.0033073015511
2.82528886416472
2.07434022394706
10.2540862278512
5.70849671494216
11.8905738461763
3.73603145767355
13.7497615592027
0.796079207733646
2.4498194179102
6.37289939913899
10.18544039689
5.28980477647045
6.75986767746508
11.737915338017
7.12759114213695
3.86381822874311
13.0666112906547
5.18198939971626
10.9696812462062
13.5228922673006
4.91592008620501
14.3384773749858
13.5393236530945
10.9335825778544
8.82388043683022
2.17798962257802
13.8831179589033
8.24646537362619
10.8103946084157
22.0296999206766
13.9801697805524
3.56454677403674
8.30643710186223
7.9916041969375
9.97468196701
3.09790573082864
8.57337228428045
1.64692724774582
3.60478735528886
13.8190638041124
11.9337975280359
16.9632438570261
4.61011917795986
12.95318629127
8.75695957802236
16.7099606711417
8.1127927871421
9.97597791720182
8.57085175922871
7.9313007183373
14.2251077806577
20.8017993718386
10.5954804224893
8.54721972271327
16.6604742640629
15.6923225848004
9.98911529313773
3.75084245536811
2.79063793875352
9.48136011138558
14.1815346822391
2.4271380734792
16.0420131971229
0.672947943911743
10.7289402047172
7.11577266920358
11.1518890829757
0.644963345698714
7.24393900018185
3.42825294042292
8.90249957448183
10.7211884576827
1.67149280488549
10.4972482417808
0.44392473064363
6.66858127806336
4.6882571419701
13.857762232824
2.02938086266754
9.29147191305374
3.26805780641735
14.8825220298022
5.66020875703543
1.79805061779916
8.54195170754342
5.62125949654728
10.5786910573443
9.54655804671347
7.42310745348588
7.23533229902387
6.26659879926592
6.93989267031842
9.23342396935009
13.9572235755622
11.3213625969365
3.6227596218573
6.63623446431066
8.81591364836895
16.7121137530418
4.79598932433873
3.00902975723147
5.36308319211085
2.11867119651288
4.68606729991734
5.10416524987907
8.24549603275955
5.32048676254763
9.85606933098111
4.33441742789
20.0656587956473
12.2279884526506
1.13407652544712
1.10115006100386
2.94273786712438
4.61866301484406
6.27006157237443
6.25476699788123
11.8242839584127
3.35169580875286
8.21690075099468
4.61621633730829
4.35886245686561
11.9067487539724
10.2396263275295
6.64937715046108
1.3652156687709
7.4287798255682
2.45743887498975
0.816621026024222
14.7064701654017
8.4506384562701
7.95091544277966
2.57880566641688
8.67652385212338
6.41986629925668
18.9285919088961
1.50551796512668
4.5453064484182
12.3136697802693
1.36055886236672
4.24013969022781
16.6400283109397
2.44930449407548
4.2575386858638
8.14600425405354
7.94127237153093
9.37277019947082
3.71805639006197
14.412929129994
9.45438602939248
10.4662490355703
0.803277955099061
4.32235016487539
8.11817709585934
6.83661934453994
1.87607537955046
13.1314306985587
4.90563675908845
8.6492187289135
7.1561066666618
6.77706070709974
2.6391472434625
11.6813672240824
20.4122978186262
5.14852178748697
12.270262860693
8.42741779051721
0.76010085905254
3.95459963474423
6.49358151770589
7.93424991405796
5.1564581318926
9.55771387089044
15.9271065382357
3.55011195074627
21.0679911775514
22.8610643418506
2.93719414869859
13.9009904349223
0.649352993877091
14.6557703381404
5.97930913890782
2.39674715494953
16.9921946646328
6.51776068843901
0.2259261906147
2.35430086269299
3.33261722698808
2.02873649541289
4.70924660732055
4.76654622072504
5.81082755234092
13.7355065206066
2.28082198155169
9.38972057774663
10.298747732304
10.9161988599226
20.0418318621814
11.7806110134055
7.74061618511797
12.9300394793972
1.15404471461112
10.3094398016071
2.03657471574843
1.03084994480014
14.0714879147708
13.5562538968618
1.49002545513213
8.19857125170529
11.0080254031345
0.888293564086925
3.33959318123323
17.459903890267
5.6321179959923
8.79750230815262
12.0528495172039
12.6652457052842
2.52073442097753
4.26300964318216
11.053472757266
5.79852871596813
1.37030834622514
10.2005742490292
8.62820866462918
11.1290486063808
5.74668701738119
1.41332647763193
5.28851426215684
2.16527821030468
8.99453456513584
10.1317522814497
2.34531234018505
6.06296367477626
7.32219939985944
15.973779768683
0.819438672624528
2.74794790893793
15.7099947566167
1.58225276973099
13.5646155104041
3.03950931411237
11.4684167550877
16.5430600091413
2.97684511169791
0.173566618286011
6.25084131811413
13.019437296316
9.39038002397865
11.2771350424737
9.34053003248862
11.3894530255331
9.10144615966515
4.35184559319168
2.51967237738755
7.84683661083004
5.10357640113043
10.0812655640766
1.16793499328196
10.0030476925895
7.04764581751078
4.47010042339948
5.39943783623548
10.2701826077876
1.90868871286511
6.60285269841552
8.29048473387957
2.7376243378967
2.43025599047542
4.63273436762393
12.7633698750287
6.2963158877542
5.90884189587086
12.1062299003825
4.05016012955457
4.59507224150002
6.04938569013029
16.7933096876368
5.53016162902904
6.89139422029257
10.9022675082088
9.11426464664003
4.73364137578756
8.34517942275852
9.04598655179143
10.9200210310519
12.8717658575624
9.48129687816963
8.07660189457238
10.6689457548782
10.1233474211767
8.63895863294601
17.4460644368082
12.2143321670592
9.0849818661809
6.23590210738798
2.29307351177582
15.6299354508519
2.61939192066113
7.72618863265961
10.4292097501457
2.68194903619587
7.66079877503216
12.2292658605346
5.17616250351901
9.74531172616634
7.24480874227138
4.51705975949675
8.2531338557601
6.76369075663388
0.915544549934566
7.89003903639423
6.75266694743186
14.0208933036774
7.49045852571726
5.26232609990984
16.6064311284572
12.5679260708495
9.70614734105766
9.58195101528371
8.31657348421808
11.436389409937
16.7204027296975
4.5237716136585
6.66591671761125
3.48037530209007
14.0954313726034
9.60123807523905
6.59707949962467
9.59478991571814
4.54861954785883
3.83750515275561
10.2335391100496
13.0790513707325
4.36053511343703
5.46366611961275
1.21026586275548
6.05632914148971
8.0807279329747
12.9095659358427
5.06360112073022
8.65940609946847
13.5410931194201
0.591158354654908
4.43568031210846
15.3612670255825
5.09510457050055
2.23891292683162
10.2464425718251
16.9325402704999
4.29123446810991
6.77111916497128
9.92254719603807
4.9475668988769
0.0844508409500122
7.95412298237003
11.2844489747658
0.187020094239537
3.12747464973696
14.0527749558996
0.701999058946967
1.50667512626766
4.67123696688698
13.1870432756841
8.44688911456615
3.72626353055239
2.50238748709826
9.14380990434438
11.7182597285137
12.6204029892789
7.23639305215329
9.5610290998593
9.38364681787789
8.25645428154279
8.04754442069679
11.9485789211467
14.811419066973
2.75122465100139
10.9045959543437
3.2838727531092
5.77660114504397
4.2803615334556
6.60331355544597
12.8440863216998
3.95887496415526
4.32629454880953
13.4724791860208
0.546447606757283
8.46703953575343
6.6632465591343
10.1312957545739
8.00278862006962
8.34363112226129
7.98365911468863
9.74449273198843
12.2544408915414
11.6898966422002
1.35432637762278
8.7830041302368
1.35155953246818
13.0238425009458
17.6329276757315
1.29938346157211
4.82261453289539
1.46861416511655
16.1517719119529
4.44314825923137
7.73053506854922
1.65929992217571
15.4990980168805
4.56899254114224
7.38508757311669
11.7845174856484
10.3068322408944
9.59350399469082
2.14724660473181
3.74200874939561
12.3724208911881
1.34860777761787
7.89355111774057
1.31217122543603
0.578570715151727
9.25292442552745
12.9491963656619
13.2645981864894
3.14936898773684
13.9842165534527
10.4660979937762
12.2771129401444
5.87137368939974
5.32854794004648
13.5551259852946
10.9313177087093
13.7064500013366
8.32083518565161
1.57584708649665
10.9716003295034
5.34716667607427
6.33953467477113
4.4460340167229
10.1017328677699
1.69893875343538
5.6601560059514
4.61647161282599
4.14890556130558
7.30830626028711
12.4428682870042
18.9920067321509
19.6639835136011
6.1912142438814
2.6815056836571
5.17446764279157
2.90267856150665
1.66640450098926
4.26675846083818
16.8808028374224
11.7614468559623
5.46124510001391
0.150137557648122
7.70111467724742
8.19014797097324
10.8452551570838
13.3643775797256
5.31880253925144
14.0388935571536
1.94963035173714
9.11708274309122
7.62380829546601
14.709478081204
5.45487095710357
15.4733816161752
3.12447736505419
18.9110503299162
8.76406448882972
10.5447013783984
17.0058446703479
4.83838946092874
13.4518509588563
7.37845422512804
17.0495792292058
6.66106388740369
11.0168156446889
7.1665171533823
14.7028132108971
5.99632598459721
24.8790301149711
6.01090835407376
4.77220206521451
17.3844951903448
17.0966121677162
2.37179959737463
1.67583818547428
1.62786431246493
1.6355521720902
7.12040979415178
13.8115128269419
11.5108959376812
10.5812782421708
1.0823748074472
8.23030965402722
2.32759062200785
12.5123362755403
21.08832183294
3.98522191680968
3.55678260308668
1.29698156379163
8.88316236385676
0.356308816016532
7.47210280969739
1.62863524165004
6.34737806394696
9.71940834443524
8.0784552032128
2.9338737251237
16.4509355090559
15.4504848411307
5.17704119328229
6.21156002130985
12.7658834169252
6.88886989537092
7.02121308274296
14.4444272154942
11.1890533473343
16.1140163661912
6.8070152875342
4.71456528175622
14.9156155996025
5.32252339180559
8.51312354520915
11.5365034667775
4.07546712085605
1.92687951494008
1.2700563063845
6.56535013593536
5.19512323662639
0.485942826284116
0.450940825976431
15.8756950169222
8.83714030060599
22.9258272564039
9.71082765609026
7.61012462664055
5.13193207395298
3.2511494451456
9.65399239989915
6.11907243862077
3.97709149401635
2.98063948284835
4.15391155984253
0.637328460996503
10.3488930733874
5.22567760199308
5.38506514651813
8.06225052145058
2.51913128272796
2.97376072479261
13.7343279784545
10.4241650784388
24.666290753521
11.6341659333557
5.74269698803867
12.4223959399387
7.55375354703587
16.7487348614328
4.2498362949118
8.0441467671527
10.2158395107836
12.9471818218008
6.51205848497653
8.67561905179173
3.25428687501699
5.82863797899336
14.3302785232663
5.51181570626795
4.62141172029078
12.873344658874
10.9250586945564
8.60289209818433
2.44157254978998
2.91585214436054
4.17867230717093
0.0999490031972528
0.134953765758323
2.12349891100813
4.6648950899106
12.8968346165493
15.4702278086916
2.81866899996836
3.84399329777807
13.7518013361841
7.17628083657473
7.92184913414963
16.500082751736
12.5462924195007
4.05468246899545
20.5778798786923
6.01652946788818
2.87121974397451
2.13206510525197
3.91787400003523
9.05734323303273
17.4037571530789
5.41453785263002
14.7959056776017
4.14836498686718
11.9528378592804
4.33244486394182
13.221872318536
6.92667659302997
1.88486871009996
6.8308348706089
6.29104825991052
3.36924083698112
18.0999395204708
4.02661475871256
7.23455555271357
14.4215014763176
14.0979435701425
11.2727057200621
7.18960892409086
7.39419246092439
8.80076545290649
13.4786348217343
7.85705691669136
5.49436483997852
1.6000726107539
15.2237855829298
6.45915330387652
4.25951390061527
8.05859328285193
16.1136927141946
12.2192710378246
8.70835480745882
15.0787944840449
5.18874207045883
12.6489513553679
13.1439481629059
1.53704425320029
1.91068907734007
0.536862314252928
15.3465120330495
11.0096525633708
8.79069832153618
8.34051338024437
3.43383264262229
7.29129486717284
4.98338933102787
9.31526150088757
7.53951245138479
1.15808631794851
5.36307364613462
3.04010973807241
1.44360961410958
4.6685912180692
8.0227273233145
4.2523464653641
4.64416674803942
2.52439689356834
12.1620091376826
12.8389293095097
17.4854470416903
7.95660802673074
9.50263680424541
11.8228299310431
15.6566248973832
14.773223871211
14.0394907677546
4.12729111866564
18.6445472994819
6.50378249119967
9.01815088000149
14.8078976664692
10.5152629083022
4.57197661492661
9.64046783345482
0.956696479284366
14.1605837969109
3.55570870093368
10.2791905395549
8.26565812772842
20.4047683160752
3.64120894372255
3.46852072980255
3.37152351955656
11.4766638493165
2.30826928745955
10.0440213223919
3.60246833879501
16.0895575769246
8.2915301900357
4.82866244856268
3.43986256048083
2.16927130240947
6.72749737277627
11.4102156832814
4.37336273025721
8.6089407127649
7.21423418726772
16.2998237334879
7.76354940608144
15.7698855502531
24.7230424545705
2.90273448172245
6.51973934045355
9.18824867373076
5.98198231309652
5.21560178603977
5.39643634110689
10.4338070610538
2.52019609324634
4.03706121180614
12.3087806793937
1.25134219415486
3.48448280710727
3.2588532577675
7.24961968028337
6.45812088623643
11.3218130310997
6.48844594387832
13.2320926059037
9.88059886731207
5.33028617501259
22.5596041884273
4.53018348198384
14.9206134025007
11.9349211462958
6.98884543962777
15.7883858075365
3.07093206533188
8.4175847703591
15.7472140621394
5.39206158051404
6.16845367476344
5.22982648108155
7.91771257134621
10.5329710524529
7.23385512828827
7.27774028200656
19.0741129219532
14.6487735910341
13.893544790335
7.15884913224727
4.26940957549959
9.29309864262157
9.49182391632348
6.18969693314284
2.28910786099732
5.45383197886024
15.8536822535098
6.87585868941856
8.56334697455168
13.8179669156671
6.02942783002001
2.94692017511584
9.1125396778807
9.62860248982906
0.302030658349395
6.32675266824663
6.17076174821705
10.5345407268032
12.1929637156427
3.7298822512589
4.0265713943201
7.82945792305324
2.9692087385332
8.62222539520122
12.9896717844531
12.480673556398
5.87757835608037
1.42198902694969
14.2149733146653
10.8537334483117
7.86716192960739
23.2334453187568
4.71581736985556
7.51638335641474
0.481545133516192
4.62899941485375
0.710052507929504
7.92598561383784
0.81268600286927
19.3183328956366
2.21527245790269
3.0025231465788
9.86604522913694
5.04811243154109
6.3950098558838
11.9557604426518
15.9632203381062
1.00822143722326
8.49343116860837
0.194415007717907
0.262589147314429
8.72401313390583
13.8951043831185
0.132283603696208
17.9920471971855
11.3899358315393
14.3203124869615
11.912401187769
5.19892815500498
9.25330379973154
7.66798034310341
5.97047519404441
18.1626190479273
5.79734819475561
6.37654333841056
9.87691211048514
7.06034880131483
12.4371048251777
11.2200528345121
8.00070906989276
1.55488066010925
4.24756431881718
2.92877433821559
14.0854161465541
13.9302257215604
0.375156663358212
10.7975685112013
19.1659905947745
6.26327998336348
13.3178865613144
2.9681856976822
6.75030837301165
15.4855305328965
5.99988291505724
7.82829658128321
7.80289165678994
6.14607837051153
7.72931848593412
6.47615982865491
14.674891439784
20.3281068941578
14.0956027666107
9.44824273717173
13.7574807740748
23.4851691938144
2.26059914566576
12.3363297898322
9.52410758786714
15.2682887290966
18.721049441956
6.60439389757812
9.96696917326254
4.53561961456778
17.790310715794
19.1449836594984
0.274096577016106
10.2815630380064
8.95372313770203
20.1754740672186
6.86318757943809
13.6298283236101
3.84651361964643
1.7217460676339
9.85055702596807
2.01220781280986
17.5089649502482
7.66116643790156
11.2567416159436
21.349783412102
3.12988592777401
7.3172593023628
1.36656748552023
7.87759766793098
6.63174678226478
13.3744067050095
1.9442001124844
7.30783937033266
3.63598314579576
1.99264206457883
4.6710173599422
2.99455048516393
1.27088152803481
16.0289927152917
4.35114542488009
8.00969693809748
4.00453124415577
22.6709283422679
15.9032323663789
7.25292738061398
6.63326643228517
9.88973642233759
10.4846392417788
11.5251805721477
11.9610492372885
4.75886068306863
2.77936994098127
6.11642696894705
10.6172140687704
10.7289591592245
5.73402117232369
6.54420745559037
3.99652294474843
0.212353118695319
7.30074697639793
8.76762840602927
8.60608774237335
15.2510789921507
0.599720585159957
13.9408926479518
8.75936881639063
5.89449966792017
8.71872431598604
9.4713645754382
8.85618424508721
15.0831305359645
12.9478604067117
0.0224657732094641
7.17357152607292
9.89449010230601
2.98173038034519
15.1742294430733
5.28768550138921
4.53313763653926
1.48405466466902
9.91637020576876
6.18688352749963
13.5674373013899
0.111987604759634
9.19391708448529
0.124244252219796
6.58286865800619
16.5603756671771
9.74770353641361
7.75907820805388
12.2202553465929
8.08075300883502
2.77305280324072
10.7279948461698
1.14411811809987
6.31362926214933
19.0669820643961
15.4444424435496
15.8326020929962
10.6610627379268
9.86459357663989
19.7113959118724
9.77228269912302
10.670452285558
16.849210481529
1.96608617445621
7.19357021152973
12.5644109444693
12.623965881678
3.92049344008426
0.394787848927081
0.0306074903438042
7.29800497647375
1.48720440920442
6.69595845974982
2.45309416204691
7.94972369913012
17.2111052786931
3.94813791750419
11.9749494129792
13.2014813455445
6.64399809461794
16.1146523067117
5.37303970180718
10.7326235956345
0.596522609703243
7.14555091600041
15.0424470193684
8.42734193429351
0.653660111129284
12.5644829822704
0.184451602399349
4.4674820904205
10.5648546945304
17.3461504047737
14.7932924097404
7.20737618394196
5.68210968554826
9.82820626813918
1.82506544515491
4.99397323001176
6.33014221188792
7.23548356616298
11.2931669224054
5.34262801520526
7.39912118298003
12.6478414284065
13.7671120930463
14.8190231062472
7.9912442014703
6.65293014608324
8.77882121130824
14.3118254141882
6.23312557581812
14.4559195032343
13.1529489764944
14.3185792023863
12.8596864399808
1.68881968129426
10.6437826761976
8.07669751811773
13.8848075643182
5.53378572221845
1.54326385818422
1.63106622640043
7.43524738535727
21.3004609104246
8.75624632462859
8.53174353266809
5.93158086353142
15.8046217635274
10.1928593590856
1.00712259300053
5.48964035590704
9.35622341930866
4.42850508261472
2.48338764563662
16.6526152053848
6.88891550302745
5.52518875338137
6.19237611535937
18.8177942531183
6.27596305949543
5.63591998070478
4.46549400221556
4.28084329458751
1.09152989462018
1.13553553819656
5.53156178085667
4.6311770637879
13.97478815492
10.1012920411749
15.3410570603789
18.9118505455554
1.08555715996772
17.5723884487525
5.74289516080171
5.9324785806928
4.91252558096345
12.1393620036542
10.4471955215558
7.53272578585893
7.43380030617118
9.56708038549754
8.21271247696131
6.86287466892175
7.52610476868159
13.1563232513145
4.07565941568464
6.5304156858474
1.57002560558607
13.9781792182475
6.73157647252083
13.5767242871225
5.29548076713682
7.895527058281
3.25366608079706
7.3663957527918
9.43345251791233
3.90660671982914
3.60978587996215
0.566907310166245
8.50068971049041
0.438069412484765
16.9735966483131
8.81299639586359
8.14317270608722
8.04477388856852
15.7269558636472
12.5531978905201
11.8831605311329
2.29281382635236
9.35944467782974
7.68415981438011
2.5564909091552
16.4190865587443
0.823122914880514
14.4639095411416
2.19922794739588
2.68245714232458
12.8598300507292
0.598699250258505
12.2589107137173
9.22241867519915
6.07178674545139
2.84287071258703
0.233694487384361
11.5541397128254
7.70822474732995
9.15918671526015
6.97313926648349
6.42334566210154
3.41940417550371
6.64915500674397
4.24955780592159
12.3310951283202
2.19238437712193
0.922777334047857
10.3302790084854
10.7479355763644
8.98773062508553
5.80449346452951
3.17393428665907
10.5460163904354
9.63803020427277
18.1499929087423
6.55798518564552
13.6311018140987
7.46895529258377
1.12590724360034
10.5631479294971
12.9271902842447
3.8697325379742
15.2742270613089
2.46337968856096
0.051906774751842
7.41550409552006
8.79888057243079
5.31681003049016
11.7944750702009
6.98685520328581
6.55047372853382
14.3008055398241
8.85057743623672
3.18325255066156
4.16415370071584
10.7940992952504
17.7565339048557
7.59177436120808
0.455237785354257
12.287473375909
12.2259445305569
3.28943387139589
7.04997738357633
14.6302294684574
8.8554595829919
11.4111627219245
12.6059828198285
2.93504526310703
9.63081703707681
7.9302289057523
14.0931736212224
3.22136353816288
7.31204487383366
9.0443026740104
13.0874851951376
13.9891374856234
10.9786113491282
5.69074423983693
12.5669978093356
10.356656042859
11.4239876857027
12.7466043536414
26.2856821762398
4.22471754576509
7.318535552508
9.71188896362466
2.05653645376789
7.78250966686755
6.34276438504457
4.47102100588381
13.3733354980011
5.42946928180754
5.67894452251494
7.81194407027215
5.57356578697347
3.766968368925
10.9303005039692
4.7936756753782
0.478826805333193
9.10708687944216
3.93476404715329
3.18269386165833
5.56279621087015
11.8631096789613
11.7722666356713
9.13511209655553
12.2937925159931
0.295685790756221
5.29723227221647
6.26742015314185
10.4891493683681
11.6825835779309
5.46133597381413
8.41526191215962
6.74512686767626
7.17060167179175
14.0970619915715
14.3855922855437
2.88846625480801
4.29970586926834
1.72003374900669
2.21890946850181
5.54424731812366
5.42621954461158
14.8088384186849
3.0222415458411
3.63446085248142
8.69499539682764
2.80139716579873
1.03634314145893
9.72991671878844
8.67840107530355
9.47800461379331
11.5808605216444
3.34132125135511
11.7726364871487
13.6844447581097
4.4929092284292
5.79678688663989
16.4623184595257
10.1835644851869
4.36023846268654
14.3198957482462
7.14937266893685
9.4799337675795
16.0766440676525
5.40197001334951
11.1760184404039
2.60474293027073
14.57786380779
4.68150117494825
4.39355133567005
13.4099422255531
15.2790813008323
8.16345576721961
8.06330141804294
3.53553898166865
5.01454414334148
7.47457942188983
2.01479019597173
4.14497822057456
8.90956160146743
6.76544914022088
1.42596557270736
3.56676833170096
15.3168123913929
11.5057272138074
11.2868322758004
11.6175468079746
13.0545421037823
14.8797970963642
15.907722664997
4.16143871843815
2.12993263270259
3.5948634846136
11.3278936553952
3.11584048515074
14.263489912264
8.43674698844552
8.54929013440892
1.45780562660831
11.2188611367876
7.60734966864155
9.4676679931581
4.37525922903007
9.35427178628743
0.0681216760514933
10.0640418939292
18.209911743179
8.38349315805512
5.27242226526141
3.77428913488984
15.91924957846
5.92466131378026
16.3348223809683
15.0052140001208
8.63730840076802
18.5782766202465
0.921110976171255
5.21459481678903
7.03996811062098
7.69142592325807
10.2461550386289
10.4530763388129
9.32961637154222
6.58238038886338
6.82621141895652
9.70057707745582
1.67628873400839
8.70858480005897
15.9452988766134
7.68497139215469
8.23826452469656
8.55559413321316
4.55569738987833
8.52100378833711
8.89283661767594
11.9932250119746
5.7903556657439
7.76857961900532
0.543728866614401
4.47642884682864
2.52377991564572
10.7205420034006
5.46082155779004
11.2948380457856
2.12394383580741
7.59794872719795
8.55485484935343
21.1512911201697
10.0131717385779
5.81597108393908
1.38003730680794
5.84788552951068
6.83938328829111
0.0531234312802553
6.80568555644587
11.2225013552234
8.83337991220667
5.52211679992228
6.73585522454232
8.33152661447847
14.2507998738438
7.64489863067865
0.422825565735856
11.0978998516949
4.47303636465222
4.22643516787416
15.4202671954408
14.1655282117426
6.37019119723057
10.5887785720484
5.76966186054051
13.5550629334432
7.95870155561715
8.66901056363069
7.82788855810506
17.5569446524605
12.7737719798461
7.39023297534583
11.8215374881402
3.42986555679343
2.70230984315276
13.0693582817912
4.852933017537
12.1564334267711
10.6522075366229
9.52301712241024
7.20287214498967
4.26195546301268
14.056702144444
7.65052877394258
9.31867700121091
3.97617041599005
12.8237900324166
13.2545883534476
16.1518333999824
7.98423131418145
6.87308630440384
7.67091934103519
8.19724653847516
7.14985406957567
0.478980178013444
18.9398626404954
8.71847134896583
4.80428448269141
5.48139833845198
7.0995666552335
5.59888360415908
5.27480270247906
16.0139737650752
13.926974334754
13.5736245429143
12.4070234125351
10.7975409831852
0.682376860640943
4.49980265179087
10.1502222474664
3.86933288536966
4.33254318777472
8.8085406459868
1.85480791450662
9.66316882986575
5.58747628238052
12.0257459813729
14.9405440642136
1.67156986426562
7.70268577709407
9.95111488025171
4.80744593572308
11.0859738662839
10.2504209848121
8.19701333530247
3.54378651092424
5.20655019208789
11.9238536802428
7.06647941615085
5.79944434575737
1.82307721115649
4.68237476889044
7.75237493216991
11.8042198668358
15.2665115152424
13.034374685958
16.8816526653245
14.9515497032553
8.8814512360841
2.91690418962389
0.57668483350426
7.71597177482551
12.5936408760026
13.4379097493365
0.972355664806319
5.95294095110148
5.79550180118531
16.1557467654347
8.90419334173203
4.34730356730966
6.28524124622345
17.3872894141823
7.228729638696
6.33528267499059
8.93889851096786
14.6658808924258
7.43884479161352
3.94737645983696
15.16898001785
11.1991575686261
22.6166570326313
3.82506046444178
2.2836225353551
15.2233037166297
8.44068336300552
9.77467500381245
10.33447929658
7.99461442511529
11.478825728409
10.8104492366502
5.59156828094274
20.4611865570769
8.19448304828256
7.5084186391905
2.23049507476389
7.12372956331819
4.55154259689152
10.7252373127267
2.52229930416593
8.64995170850307
7.18415001037977
9.73966056481004
8.5704414113594
6.28804145380855
17.6257093902677
7.90800244144053
1.65508942861281
6.99638477526605
17.2392659938741
7.16899870894849
5.96081505063921
8.56544329797573
4.45257405138174
9.1743698110804
9.78470875415951
14.9937506765127
8.42400626279414
5.93946890439838
18.8206203170148
10.1741247810423
10.0135534070432
0.0695432536303997
13.1466851422166
1.05751740066114
11.646715099972
6.68110898695886
9.7580866066699
1.61346863023937
8.7376847397536
1.50530419335798
9.58167628805899
5.44524919404973
2.37432632129639
1.05293937478609
19.5151744410396
4.10337829962373
9.90921098273247
2.12205976027676
5.12643643203455
14.1052647448548
7.95611224602908
11.4434986375272
10.8339804923162
19.3839030805975
4.58162440918386
3.05905173882599
13.4462646099904
3.40403041336685
20.2581483870745
11.3844771834042
2.13554093005144
3.94177378620952
10.3558134986088
3.92674843315035
12.331287516281
8.18120623007417
0.536490085734194
14.744562539272
3.06283329298665
3.85267969686538
15.2367526199669
6.60020625545445
16.5527072269469
4.98428982682526
0.444913120009005
17.9469191292073
5.87869368027896
