"x"
3.01348776556551
5.68428805634451
1.56258954666555
9.72950530704111
1.87366650295561
10.4956793831661
4.18597425308033
2.69582425244153
7.38982928451151
1.98588452916393
5.39776226505637
8.40728422626853
1.13254801534058
6.38659875339817
3.5692229951652
7.01899868254359
0.73228235921211
1.8491500755772
9.14464257657528
2.40157409571111
8.1054538991916
5.97923500463367
3.75070511363447
14.9422036438823
7.94197764407086
8.07558419182897
6.07827464689052
6.3243445039726
8.99750364478678
8.03186374250799
1.79915138713135
2.73714859504253
7.95850756112486
3.80608104169369
3.27463271096349
8.82559847086668
4.52085798606277
3.81115713671986
0.444485401947648
1.21379315387458
0.273573747836053
12.5866983985327
5.5776834595568
0.19397038800544
8.46980407451795
3.28101683408022
4.10697585903108
4.88793868860724
2.69720793500758
9.16624800302088
3.61905784811825
7.80845132049657
5.69274744484574
1.39738455159922
14.6738719488886
0.371677242219448
0.982313603162766
2.72979349829257
10.1809549611062
5.36886514164507
4.95040379464626
1.45988580770791
2.22136264201254
0.19627227447927
3.80833975505084
9.07171336002648
0.854908953173
2.88098324090242
1.31603000605594
5.94304490368813
6.95989097002894
9.69354668902967
3.15273944288492
1.62188465808123
4.5560454018414
9.21768322746145
4.80840125151367
5.18134823608561
3.98222996352916
2.03117227647454
3.75608177855611
8.82568985689431
0.708024137319095
2.74296141983658
3.84081107037943
0.49136858433485
2.36865598708391
1.56447335612029
4.24189841476982
11.9128019977313
1.36285446388378
0.750776659697294
5.83900986239314
5.21355743985623
6.90249036997557
9.33752765754272
5.58631145662837
3.55833965429037
5.99597187247127
1.56175295606766
4.10874388397232
2.1758348448202
2.07295031205505
7.09391173566113
6.25458960257064
1.70225504817283
11.1942798525916
12.4545513652265
1.54442172497511
0.356556149199605
6.22694662306458
6.68338339310139
6.17036302540698
5.43309207457955
3.54705376084894
0.604718462076247
0.160051323473454
0.561603019014001
4.09714507404715
0.912120239809155
1.12636575940996
4.14055288430357
0.41908566527707
0.0548276351764798
0.88069640333982
6.24277667081834
2.68793925642967
0.00673339236527681
8.74807951040566
2.21547431132236
2.51479854341596
0.997454965477644
3.14385582737851
8.22118435242674
4.30254337843508
9.8749759607017
3.55063920656458
2.02497858554125
3.4776127198711
0.382057420596212
12.7028023824096
2.53191012525547
4.2296115309
3.70719095226377
0.116453066690475
6.92712038812792
5.62313033733517
4.07174167890711
3.22467675432563
14.1540811629966
0.240250999544024
0.160149694420397
1.23631577007473
2.90427875923182
6.19330161716789
1.70484690461308
6.2075909528671
9.90179830936056
4.38398009562021
5.45593657209039
6.4888132178498
11.0150644936491
2.1872220793739
2.52735816320394
6.49915069807321
6.59371756572103
3.27316819553903
6.81053416192789
0.224717323839766
3.75954541619218
4.30379076860845
0.173468794673681
2.63253333978355
3.89489859808236
4.94722800794989
2.20369995080116
2.89130980410917
8.21262737322231
3.08626429177821
5.44479928242601
0.123702997595406
10.7385044684634
1.67232189269112
0.834956168293553
3.85014463681728
1.85456652154042
4.21471563014461
2.02004330826029
2.75100856088102
7.91611890308559
4.04186411760747
7.17450463656814
0.258556236074004
6.16206245031208
1.18752003181726
2.57334604393691
2.51448047181012
9.00266082026064
3.228021832183
12.6634636661038
4.52529419283305
12.7142213750631
7.56187958177179
2.98246345482767
4.83877714723349
7.89464614400921
0.790658642537852
1.89096443355083
3.46109808888286
6.35037274997778
0.00724103047231387
2.58109660353512
3.93582198303193
4.79801942128688
0.0704354606568813
3.45826162956655
1.31700963463301
2.75218960301657
1.8817968585223
5.9955823009637
9.14869923144579
0.985643445852006
1.63556843978934
2.22725678955454
5.37300815340132
7.60517972521484
1.91817753948271
6.00114340100487
6.63378918543458
5.6986237967591
0.89840714354068
0.475322967395186
3.66486315615475
3.14142219722271
4.7972603701055
10.6841498985887
8.77051143907011
0.855898601002991
6.74873965326697
1.68636863936707
2.42167017422616
4.5807707356289
0.057096523232758
10.1422189734876
0.346321183048581
2.54154769605862
1.37817299603916
6.03457139244984
2.00325008012813
2.89137725534783
0.878331833519042
11.4131120215638
2.57748807063647
8.01520161617648
3.60294389538467
5.01632585558689
2.99151972867548
4.09032967872918
4.82542365789413
0.80379533410003
8.09770941732185
0.780410855492336
0.0146831477812568
15.3839621925727
7.60920902248472
1.43879174720496
3.85678638704121
5.48741398894288
2.46507884003222
10.8129541960314
1.52478322852403
3.02967499010265
3.76743483357131
8.32112998121351
1.55751809943467
0.640492028183518
4.30429559201002
1.0304108960554
4.50941901654005
3.71687556616962
11.254541825307
0.00586989583025924
1.68223581276834
13.870312506333
2.99177596699134
5.3514001192525
1.61033892072737
3.9182476826037
0.553283421322703
2.26557198911905
0.0654959677366901
0.717897662383484
4.98772145480879
0.937645422006028
1.30544128321852
3.70400365840268
1.79916624911129
1.07920872978866
4.40623334143311
4.30715478092385
0.321869499802911
8.28811910469085
2.18976080817685
6.90042313653976
4.57360502290784
7.37893983531377
5.50513153430074
2.12084909435362
3.06821400299668
12.1000286424533
0.18020042622449
3.04986824340287
3.92202793154866
7.67736534545681
1.59248735290021
0.249633354678286
2.89176690547492
0.2200897783041
0.328875216655433
12.6379439425131
0.516352499835193
12.9789181039224
6.45538663957268
11.5763598121703
1.8592628184706
2.51850981730968
4.29876145509557
5.43764009074571
6.68912433699169
3.82887039361466
2.53940105903894
4.61990972980857
3.62268257886171
3.77018989529461
6.98380637913942
0.0933755422011018
9.03003793209791
5.59674958220929
5.09286758024246
9.53665352426469
11.8257312038079
3.56327840993848
1.31373593770497
3.27213658456223
12.3424544930458
4.79105002354847
0.814771972166078
6.23276913538575
1.66675139999033
11.8335802072585
0.578656163645284
8.19495685938425
3.41332070529461
0.877376575954258
4.93709691571849
3.67120914161205
3.77747176680714
0.544954171212166
0.372524792328477
1.11690890622511
2.5672092248737
10.5683767066826
1.1557247580124
1.31209679756111
4.26231617664715
4.05905698426068
6.09898962511831
1.08832758851349
1.0277213761583
1.34058862360173
0.46690113376826
6.31620308849961
0.150056541098376
4.07917566236648
5.42834922671318
0.212984520188899
2.97102855984122
8.78314047586173
11.7721656325539
0.918015860952437
0.580666878694965
8.72616227716208
5.27784081641585
6.88947068993002
0.274800058172499
4.83757553012738
9.01389180515696
1.8059336539631
3.73389708067478
0.704609439708292
10.8341187238693
1.71799587551504
0.403155270032585
4.99583147466183
4.52595790848136
4.9588217632845
2.57490223739296
5.71409677522479
8.0914466874674
3.76881005644792
3.0556102283299
3.73671257402748
5.13035567257937
2.16074452636335
8.07467754930258
5.16608204944826
4.21944297850132
4.24295937377331
6.81746192622157
2.03029062728668
3.66526230234878
3.13774553917466
6.51363671001085
3.16367249470204
1.58854264300317
7.96418935060501
7.17811249196529
2.03886544331908
1.79613230284303
11.2684540487625
0.50063470504279
12.4375404557213
0.42621791358066
1.18579452666201
4.40490552106707
4.79331428650767
3.68190827391264
5.21698438209545
11.8554204236716
0.895602150698735
3.43438247218728
5.906568816863
3.81052035372704
0.464454745020865
7.35682050922484
3.56617383658886
3.91682269982994
4.02184747558766
9.60293137468398
9.34232340659946
0.585513911210001
0.649596541188657
15.145758224303
3.75266729388386
5.89357507415116
0.463221667950556
3.40928685282314
4.93007586337626
1.16559609305114
4.80353920720518
2.90913659598757
4.34525480959564
4.55282870680094
0.714562507346272
3.66035450051709
6.82304827496409
9.80439384002239
0.523432231186216
1.91005359371628
3.43172880547315
3.14105669377106
4.26826919429004
2.75840540532459
6.16649857256562
3.74737624078989
1.28448847865301
3.75860817562285
4.93321430403739
0.901319179683924
1.00012227907855
2.03972454182804
1.60233839415014
3.29012186266482
7.44378750678152
1.5006756940414
1.64239136502147
0.469138817573564
1.11790505264947
6.51166499592364
11.2158154700729
3.48514255601913
7.36153647303581
1.34034384973347
9.40156425349414
5.62114240601659
0.781491689169921
10.0645485334098
6.01459327805273
2.28180477861315
10.1988286944106
6.07959667180193
10.9406001633033
1.94190216716379
8.8175896788016
5.44087783896359
5.87448390240683
9.97928440250306
6.11676464322954
1.07129123570379
8.2917995698068
