"x"
0.326773012056947
2.43954373531114
0.761100510135293
0.468030975964911
7.58362396154553
1.959306191235
5.63734355161183
6.92595860455185
3.38509117718786
1.1266716523096
3.70980864390731
5.38942962884903
10.2790754149201
5.25358252527233
14.8397452197969
0.209791562519968
9.72159733064473
6.29316475242376
4.00748471110341
7.40377833135426
3.5996729740873
10.4388583213461
1.89434334170073
0.41115970495805
0.673390226438642
2.13175360113382
3.48248097579926
9.90660439711064
4.15636263480485
9.81391665991396
0.108835310675204
7.23841737630748
5.82292904146016
3.12438264105986
1.75542930702495
2.84903254744868
7.76919738667234
0.787392212077975
5.08460666620921
1.56186043750495
0.707056210376322
3.60190649729552
2.18668649546415
6.88337564934045
4.17006203866848
9.9249666556716
5.35962546709925
2.34232502800899
3.85247292878681
6.70150436926633
1.71879259869456
5.00430722943039
0.317639741115272
11.33555280976
1.98527553584427
0.559292593970895
9.29050098638982
3.386633656919
1.74009425099939
10.2733781777994
2.89880646985373
0.551806648981537
15.5329183908179
6.80585799273103
3.23428616393358
5.66035096819296
1.33975436910987
9.89716546609998
1.03599289432168
0.742512587471249
7.21722261514515
5.18968815449625
1.16649897780811
0.323824654333293
2.12326591010895
7.50509478509022
2.99603233579546
11.0825773794204
10.2952802553773
2.60693090967834
6.00338902130741
8.02756482735276
4.35127361213713
4.0856549190938
1.02140258532017
3.91348421107978
4.79321400679136
9.29924107622355
4.41254466635715
0.96005096565932
4.27327030944885
3.35767192300409
6.32807248608236
0.976685993373394
0.195881561376154
7.89727312512696
8.95186299458146
1.88126242103125
9.60353729986966
1.63408743362371
1.79438490886241
4.70527615095903
7.52791664563119
4.53345125776688
1.79590158338643
5.23782814852893
0.779920700006187
1.59990272950381
1.6120482679134
4.14631234016269
1.22358098160475
7.97804980538785
5.50390856806189
0.722988531924784
7.80729664469852
4.01590238325298
0.567710679024458
5.79115003347397
0.324168056249619
2.2058361209929
0.998434307985008
9.40183936618268
2.77306395582855
3.93698760308325
6.05280799791217
6.18247957900167
3.09474249782581
4.59548688577733
7.18032691548737
0.825728569179773
7.23810631316155
9.18538707570909
5.44563108123839
9.33003085665405
1.07911127845388
3.23536160278083
3.96114650648087
3.447176914371
3.39314614824813
6.26120131928474
4.63262822163055
0.368299611173847
0.111320494640719
14.4100947254972
5.04339970648289
2.00342373943034
4.68917228271666
4.58505783815352
5.80828308593482
3.01463392408659
1.76556212275231
1.91190368137551
8.33004487212747
2.44741931091994
3.83476617280394
11.9509113254026
3.597654390254
7.10591045486634
4.97320401807396
2.68359803594649
2.11910676941754
5.08243588055046
0.264061149612627
9.25302281975746
1.41955281142145
11.1381178403565
4.57963836379349
3.26729333709222
0.871036318130791
3.53806116618216
7.10931167086658
3.67846804287007
2.21732871141285
10.5872204527259
6.87066286336631
7.64260017496403
1.68864762620529
9.00916306098598
2.93297481257468
11.7649460502682
14.5334299653769
8.60509967897087
4.71194309648126
5.33611483286726
0.969086703844368
0.307878568441934
3.60689185312347
4.89890850149095
12.5390214845538
2.02851879565239
6.51288778258383
4.20412831008434
3.42317523900419
0.948046357370913
5.9845590869257
8.67640185169876
8.86650972533971
3.5156506113708
5.02211363826909
7.4927204321237
4.92426045842318
0.746577535279678
1.1246662989672
1.74804229754955
0.0572054879739881
3.38532782625407
2.57937882561237
3.42222875915468
4.08268461959636
11.4215908106416
4.30689200432534
5.63744991086423
4.87368903122842
6.66751895238398
0.590523588471115
0.135005530287094
0.152103998698294
4.69580818867189
3.9075935581286
8.3080236800015
10.6595726372875
12.6299811061472
9.00887802120199
0.998536450788379
5.93193273525685
0.113347941078246
6.04529872070998
7.20232678577304
2.26548947393894
4.08183508419667
4.37855513265852
7.79107331763953
1.93884466150046
6.16520640905946
2.21676672808826
3.39248056989163
13.5620725573972
8.95824660707217
1.06907840901699
5.93060851097107
4.72997950855643
3.88321687091261
1.04026959743351
1.55538988765329
1.24055133201182
3.15167331216203
7.17058240231479
1.25251727741874
2.1954351365684
0.275735596120537
12.5361166428775
1.56439688485104
1.16584235802293
3.44637278467417
6.42094111535698
2.99332823310297
0.883436831645668
0.316154106768034
9.61743763182312
5.37221606077582
7.08861945612058
3.97617381222687
1.50540318747162
4.41163056530058
4.29286322796983
5.28233724895089
8.91200634650886
3.77354726660997
5.49030651657309
0.751390890218318
6.01752382820197
1.04070210363716
13.4737177966981
1.48202019361424
9.47264021896147
4.11811277735978
5.60832652263343
10.4696816653368
2.19337127637118
2.8371464756046
10.091078421101
3.46612739376724
9.84048536047339
7.50459829749455
3.9116573762357
10.2519957348704
3.64715418256218
6.10680200203795
1.75195191986859
1.15535879126674
0.886585796251893
15.1609586946002
4.43868972347978
0.168457278050482
3.10947543475777
1.48135017582508
2.75702327489853
2.98893193582534
6.16954588331282
2.08608345128596
4.58470822777599
0.894883158616722
1.64393295823372
9.09365240950137
6.61379951052368
0.708593563274168
3.13880371427129
15.0090398408604
0.12819841504097
4.16027894243598
7.92379332706332
2.70123932261723
1.56597292516381
3.84420328104621
0.491364090703428
6.31436407566071
6.18983921594918
3.55666008697751
3.29702760865489
2.70475283092961
2.89795238059014
0.786294146352643
0.0504751224070787
0.483338219176286
3.56392990797758
1.6816604234831
3.04786965650389
0.445862620838291
12.6062296098098
10.5931892525405
10.1256364673486
0.395435816608369
3.86811370017709
2.2251647664234
5.93198565766215
9.15773991928314
5.43323670862689
0.0664376886561513
9.38487756066024
1.85267936353899
3.21106960281806
0.0925438012927771
2.37166474331308
1.37225864455104
2.11429884657264
7.08325845189393
6.1735831906306
9.97953552287072
0.278650224208832
2.02313833869994
0.532262912020087
5.36785810254514
11.0843334459549
3.42801046617116
1.6688808869962
2.21032884453886
10.3546381229535
7.21832700187541
8.45874142583426
9.83756333589554
7.19517751131207
3.13632514148535
7.99317820928991
8.08284529484808
0.130546814762056
4.95822688098997
4.32596679311246
1.35747570570647
7.1731491247192
0.394385447725654
17.0898708980531
4.70878074411303
0.796001404523849
2.25061154087868
5.32605716648618
2.1903719753027
9.62818611878902
1.23775019310415
5.13549506318358
1.65317893420964
0.742499507032335
6.40449021011591
0.550356484018266
0.318941620590385
7.32633732259274
6.15962030007048
8.03982759825885
1.30114161875099
19.9844453321228
8.21392890212389
1.82584031475113
1.80747297692521
1.33015665489305
4.86534819938242
6.45364685915411
7.41447017672482
1.94883299991488
7.65354074537754
1.84382177888011
3.58466268517077
6.28355923578852
6.86069829389453
1.51265779049847
3.61119554716927
11.7538214132587
6.93884750362486
0.228955503553152
9.12943815346807
2.82264589562746
6.37593772967567
6.86325437854975
3.24151872517408
0.738734995334538
1.8010161044228
7.28143658488989
9.12703284993768
5.19570874923649
0.776346190832555
8.72509016415381
2.22814620341116
5.03108417615294
0.381863117218018
3.66782912901643
0.769516872242093
2.54964646883309
8.56234935266778
5.6298953581236
7.53926306497306
0.581707398173683
1.67458469513804
3.507006203408
1.25320402439684
1.05261779390275
6.05261279270053
8.00440132152289
6.85559143603549
3.41256461106241
1.44339794842693
3.3873118693009
2.41984631866217
0.0478197731147929
4.4040385633707
2.83946881069669
3.19233095637307
1.36740966700017
6.92749306045789
0.103476211727813
8.29546567983925
6.83508235961199
0.177309662103653
1.54536017216742
4.55519666885437
3.05196722847286
8.72511200141162
6.28827135078609
3.5455637731942
2.59525772383549
11.8130416722398
0.471303067103202
1.30346233698408
1.95821395609528
0.195431988686323
0.356882647611201
7.85672247875482
2.13090483752806
1.89089249545916
2.78541459701955
8.24382961903885
4.55402652733028
2.41336398757994
8.14349628053606
3.66188001353294
0.64167291305241
8.5858534020919
2.45336251632811
3.31989068072289
5.22074827458709
0.803322391584516
6.0688623925671
0.919470649841
4.48655942132404
1.73210294451565
1.48192171473056
1.64065528314314
3.27038595903575
10.5728850467131
4.40893691674601
3.3644981813452
7.54221563693136
2.33175635803491
1.60213869530708
4.83829416334629
4.85597042459643
4.56443736751123
7.98655505333091
4.79225234046544
6.02784038055688
9.47502357885242
6.125398282893
9.51426818501204
9.33276740834117
8.56153760105371
7.70997207146138
1.98972774669528
1.0662971297279
0.0722343334928155
2.48814141377807
0.427528889849782
1.72248482704163
6.51329165887838
5.35388034768403
3.57807393072483
3.41133484616876
4.01201753411442
2.22281129099429
5.88723211388972
6.36042815167457
14.6872355602682
0.161785678938031
0.451522297225893
0.165835698135197
9.32935539167374
2.42087228188736
1.08293188800336
1.06345934327692
2.59797745384276
2.50316584324491
5.07816057652235
2.53051191005869
5.4693337297067
3.8711404427886
2.03397183169211
1.65769347086998
11.9143050862476
4.3911280144951
6.03312288876623
3.98640742059797
11.1850622808561
1.7035191920297
4.19926523763622
4.82152451576862
7.01570296660066
1.9565170397982
0.432001217804022
8.03194775997108
1.3115368610972
7.82598836813122
9.00259249211406
1.36514198966324
6.29237398055913
1.00457561013472
3.04204663261771
11.5488884039223
0.153302680701017
1.66166059207171
1.83194977181758
2.10459409281611
4.58149584144622
2.06966421262027
4.01025437749922
5.94168973620981
1.48769721854478
2.06477306783199
5.7049038064491
0.745173566974699
5.91320723760873
4.56249574176713
5.11313323056572
1.91077414143204
0.622396147809923
5.17673532664736
7.77839252259582
2.15156553313136
10.1681089261547
1.80506025765747
4.03191115359366
0.239663058891892
4.22228920434182
14.1689168754965
4.96560533223006
2.32648718829109
2.11585923098028
10.617497866042
4.55866411793977
4.89325243979692
4.50330788907566
4.46418409701437
6.19427710799789
8.1045174655518
3.83201699914314
0.742969753391362
10.1888716687157
1.26892251428217
3.05267261398292
6.37535520363599
2.08039425779134
3.21922987126209
1.73813556320965
2.80864823143929
2.69980500539369
5.85106099024415
1.53000757563859
5.28889296110719
4.55692192451671
8.56563693378121
2.12873679542967
13.1517805713005
3.07476525491259
4.32410594130185
1.86735117396047
2.2125535653668
5.89518041815609
0.107929534714692
6.57244339340449
0.676650991899306
6.87499307096004
2.61322781832752
1.58996838144958
0.820757122710347
5.03833775874227
0.909091252833605
4.6326087746291
4.50747447772655
13.7871375420914
9.12032970644423
5.63395633362234
9.14584322017727
9.1914581367746
4.87872168887407
2.09942939691246
2.88789761386745
6.22049258090556
11.2765124300495
0.811625996042621
11.2919953541226
5.39401552807192
2.26115868426859
0.542938453145325
3.20600182749331
2.12929883797963
2.51947890501469
2.95544790569693
6.61636025822797
1.15369344130158
4.78332843631506
1.79779558415019
0.549220205857224
14.631794556044
6.79023894481361
3.79800349963774
4.58329250230187
2.93121007271111
2.09047708194703
0.217598244625958
0.770601029444334
0.723697468315551
5.43116949237215
4.10388153977692
0.615363952405474
5.60167604025151
6.88014125917107
16.1854066653177
1.58205702900887
3.87736084620082
1.05157811696137
6.69878220651299
12.1629341039807
6.49602438788861
3.97903528113982
3.71514596716868
2.09531164437661
0.740313623833618
0.371780549176037
9.09816534258425
2.10281277244143
0.421528797596693
0.844445522282297
1.29554765753976
12.3471745635265
12.0450149950944
3.33202439212808
0.103911130601033
12.2866781213002
2.54052439704537
8.32761357115237
1.86823594849557
3.88521701097488
5.4668952479053
1.50523982010782
2.69719809853672
9.00083158630878
5.39598219283905
2.74203402380741
2.17606737278402
2.96534907538444
0.905912113375962
3.61506362838247
1.67765151709318
10.6038799509406
4.52586293686181
1.94535820466313
2.43475551251322
4.94218359235674
2.06963561503805
10.3763815248385
10.0320046534762
6.93348124623299
8.78558534757011
8.23532934300601
1.07330812606961
2.45092208497226
2.41203222373767
0.149206421338022
5.79227935522795
1.04424161058813
6.24700915068388
4.10948980133981
2.25249790808918
9.91421542959169
5.62537142880363
4.89173717214925
2.59248751681298
2.65797101892531
8.11305409297347
7.41197387687862
3.17511020693928
2.83981140237302
4.81893932446837
6.89837206155062
2.76666155550629
10.7114766025916
7.3778840713203
5.4181860992685
9.38251050854059
3.6014492623508
7.47591951395321
2.93506779707968
0.832732811176502
8.05833984632045
10.2893200702965
8.90579242259264
11.6986562333381
1.37428354937583
9.45877035930582
2.56968284957111
1.83621291071177
7.84637879129702
0.442370073869824
1.92395893391222
2.80129694515222
0.207447047044104
1.41102222260088
6.07693966269101
5.44070338364691
5.60749215073884
1.89698541071266
4.58032540045679
0.801944779232144
0.0491810874245772
0.546211493201554
4.69656630702615
11.9168373290449
4.18592265341431
4.76812513079494
8.13841344788671
0.0234473464866737
10.0167045835406
0.645999225332686
1.53135822883065
1.78764256290762
10.3415227727965
7.99068468622863
2.15160998050123
2.33102492056787
1.05801012832671
9.82099338772191
1.96135870646685
0.28230391908437
4.70292383843523
1.61582353609309
5.77598224172068
2.29957838044614
4.32112351991236
2.78817216386977
9.24903426785022
1.60045750806611
3.47083050291985
4.14761438102676
11.4724385086447
6.35014111176133
7.32438557315618
6.16139143774538
2.05563660631257
3.61794724594802
0.683529606115861
6.11957276720096
2.32215689784828
8.36712776395499
1.38879918958992
8.7609243387374
14.2647096188739
1.03190490044653
1.77562914951583
2.75784661062062
7.2424391284585
7.30114970356226
2.35395506024361
10.9814732926392
1.20618837114833
9.57292681581733
3.56153140310198
3.30655967342318
4.62083795573562
12.3497239363087
11.5971666295081
4.21543197375757
11.4343325411365
11.8671951481349
4.37170942502783
4.96560522732923
9.64381885714829
1.25125185586512
2.91139066684991
3.59021765179932
1.53821686347227
8.95606412086636
0.994503822487029
6.33239170545215
3.11268290970474
1.66243046987802
3.22027010843158
0.0222171889618039
2.8803969733417
0.199180304249783
8.11278563924134
5.92546194118168
3.57942341544783
8.41375379823148
4.2636398154176
0.569257088931348
0.989326780551371
1.53722723480314
4.58815791612582
3.47476682721673
1.30756157450378
2.24156856416236
0.366172294808384
2.83129409014494
5.92734101228416
0.990329985506833
3.23653778325061
0.674979202449322
12.684155581519
2.33643216696456
2.00187295806903
9.16388601901914
5.87961222193801
4.18125778230736
0.864266138523817
5.48482553567737
5.50233088433743
7.22971213981509
6.54278330039233
2.95767767820507
7.32803111985406
2.86981158424169
5.15821166336536
0.114063853279682
4.5351626817137
3.07302265026555
5.84804485552013
0.631002360023558
2.25691411178559
2.13887507561594
7.90116565767676
2.03230087431724
9.91829758113751
6.56742141582072
4.79248042684048
0.140362323842845
7.3258685413748
6.56102080829442
10.3346994612366
5.68057135510945
4.72729408647865
3.13297510147095
7.33811732733229
0.673205172643065
2.9231779742986
4.31621957104653
0.834638294547352
6.02376200258732
4.22292170114815
5.59752397239208
1.88705784533602
7.43534143299294
5.96370273269713
10.9244366979121
4.09744335338473
10.5282850563526
12.1736088767648
14.323506411165
3.22092690052978
4.77577517855736
7.62275440507765
0.75526270330781
10.7789169298485
8.19206689778991
4.34483939821566
4.86009959592544
5.5730062071234
10.3292707586661
11.3950989441946
1.86027649324387
0.955116609111428
2.71678314949487
4.69609585124999
8.57713415753096
8.22243329373143
8.02587621245353
7.27384944912046
5.69994528909702
5.42820686677445
2.58864173665643
2.53537926051349
0.0301064113191593
4.82545620723596
6.11114820513092
9.06520345280368
1.7467962577939
1.52882384136319
1.13108526192072
1.46361866500229
2.6180677493172
5.964074236928
5.99083475533488
5.38786481269906
1.65735846601005
8.60991044838604
2.45742027182132
0.932342885062099
1.44772503535954
7.77734897565097
2.37735731061548
10.1845879219676
10.8103387756273
8.27005070168525
6.27068581525236
5.87204194162041
3.89935707207769
0.228105462156236
2.41770821157843
9.05632108915597
1.35979365917127
4.11894045520114
3.63931046449994
12.1079963631928
2.56034783087671
6.33665479253978
0.36741196449288
7.9994772953036
2.23446210532626
1.72756751541572
0.57565990522515
6.49503795430064
4.46945710573345
11.3202390493355
0.28885364761078
2.43642611894757
3.47994617697081
6.73827208208846
0.515223054743921
2.34053218737245
2.27365499493222
6.82190444786102
10.6377394484067
3.50254867225885
1.45853835089055
10.4097335599363
2.41793899331242
12.9503193193738
0.0861445760113761
1.23996809124947
6.9205479696393
5.33681877397348
4.61995974183083
13.1019058956755
6.0711931437254
8.01755982735508
3.50916220340878
7.52565618849157
2.2283681574452
4.76299556903541
2.03580310175491
2.4174606564963
3.44790727434974
0.387330325758962
1.86554984905219
0.545740628931202
2.43426721510414
3.5740084745508
5.5875463411212
0.193358375690877
3.72129048532282
2.84169688820839
1.44541803747416
4.90914819359196
0.911143166013062
6.12250899430364
6.99699963736907
4.42241719889823
0.712987907782357
2.68291823799146
4.38898599240929
6.40006840694696
0.0347145833075047
14.7666076896712
10.8430904103443
6.9551550783217
3.95200047641993
4.63184912223369
4.29874518886209
1.16698078345507
7.27151150349528
3.66978514939547
6.16426628548652
3.68896334747685
2.46584399137646
10.6810532786606
6.95551338144081
3.22425058674165
7.63266645371914
3.06264779064804
2.0273644477129
6.7580111194071
1.73089383170009
0.779268146459081
9.07296310178936
0.0836178537409119
0.291761781257927
4.10062279552221
4.95038309097443
3.52065065537125
1.32533872887141
0.020464442750112
0.831438996829093
0.637158611789346
3.20929666049778
8.47603113349279
4.83665912447828
2.11913422681391
4.25447816960514
0.799282322536484
1.24971570912749
3.63110578618944
1.92735057789832
1.57650198157501
0.990147748962045
13.1444086810678
4.44060068590208
0.548612168324573
0.653466357456779
2.51827761530876
6.80035364348441
6.01496011950076
3.66975113283843
6.70308368513122
4.94360579177737
6.19241929802314
0.524983927607536
10.008881245899
0.621768971905112
6.08709317166358
6.05071667231524
1.12226216542956
2.3290166631341
5.08223848883063
5.56503557362125
6.15769664291292
1.67886093482666
1.51414447744793
0.215344700275528
3.26465200632811
3.39071773420121
5.54099020082504
6.52223010547459
9.15165290292667
6.30260359030217
4.3243551695537
5.14672887511551
1.22976735204776
0.509198034782548
1.7339531844572
1.37105968637142
6.47854353301227
2.74060165975243
1.69112032745034
0.785402953624725
3.08716217987239
3.47886268042581
2.38122949376702
1.42688693582545
0.0234787119552493
2.01674313284457
8.51516958791763
4.00908198207617
0.670064799487591
0.772146671079099
4.58035878837109
5.70695885420667
0.586288864724338
14.2110116239775
5.31660472952302
4.09167541656643
10.0934366928414
0.925376173108816
2.42576422169805
6.56243078410625
16.4534761337563
7.94457384297308
5.83772095194459
0.869050994515419
4.62025506421924
0.422707342491737
6.20780451483413
11.3039687043056
7.7766619855538
0.570642226375639
13.6740433285013
7.10237139916533
11.6963905285598
1.44258573351758
0.348470310718996
2.38738218322396
11.3235080822109
1.75919530447572
4.57515908040301
0.886538032428959
11.1283406848088
5.01542619372535
3.50100041257711
1.17634509224445
1.48952070157975
4.74402450309188
2.28901233058423
4.41834046505392
5.87087469175458
0.872509856708348
5.07949215825647
3.70722466614097
4.19181119650602
3.97329808486928
1.38553780143069
1.25825951699878
2.7694572461769
7.49322881456465
7.08313586656004
4.88144826397535
2.9627064242959
1.84196195965085
3.96300380254477
3.13841951091847
0.578419957309961
6.20481302536746
6.31991539694065
7.31542897410691
1.89587469212711
0.936173717491329
0.161962794249778
17.8476351987664
12.4270711326972
6.94283624431013
1.84780716343777
5.15268596354872
1.48439854383469
9.07603350405294
3.24018925894052
0.704633863283161
2.237783302553
0.326926377601922
11.6968275212418
0.191538100696817
9.51675355900079
4.73208428627694
1.41452506650239
5.44167335043185
7.9664051275002
5.3200094262138
5.07496346253902
5.91475351247936
6.76706631303637
1.71739491806297
6.05662638204806
3.17685549256445
0.730101251974702
0.196852691838621
7.64972596783145
5.07803100561202
3.62813751662003
6.0580164069102
5.17636830282404
0.155392386763763
10.9480080194771
2.6575400382698
8.14944300800562
6.31431564688683
2.05232705920935
7.49740132537408
5.80623717978597
0.280583862692165
2.87429497699197
3.18292309419665
0.839061333469308
4.9209453982879
4.19882945716381
8.82118726362968
11.9429550599307
7.42251744959503
8.26211977405609
0.571191460379049
6.78136751521379
0.92232096940279
3.36109091337355
4.35104446836105
2.09283572621644
7.79972157906741
11.59076268768
5.43473488651216
3.68780886534188
2.04498366802386
5.59788264799863
1.44853247324613
11.1612721346319
3.97737407954286
2.76107650715858
1.38853266835213
0.829534626713038
3.12628438696265
6.09728651160203
9.98327411220295
0.496676424518228
2.29412373155355
4.98887521070719
3.75386067034051
4.65246369130909
1.96317248913396
1.69647256843746
1.66608986910433
0.344475412462284
0.70632107090205
1.86609800439328
8.45249960004919
3.70102082379162
6.69573713093996
0.123221310786903
11.5259967278689
1.86603860929608
4.20651311087087
9.05465882059528
6.40363831290519
13.4422646136954
0.832257634589481
1.76986847966553
2.6950904228358
0.526584312319756
2.68941971007735
3.26466655824333
8.48145624170179
9.37973862494306
3.65708032622933
14.9467025417835
4.62244674805307
2.77520786473046
3.68252440821379
3.94033954888103
0.360255669689565
2.15967593248934
10.1161734433845
1.81205619135708
1.22741647064686
0.914135994389653
14.1125742113218
2.47635690029711
0.368435215204954
0.527982183983231
7.66301942057908
8.47110142931342
1.92770964931697
0.705224461853504
4.34231019867157
0.0136959179281051
2.65390543404421
5.16392876609081
0.733605423010886
4.62015119495178
7.63283181702411
1.2393928189081
13.0036943592131
8.30472884699702
5.43017496820539
1.96186364628375
3.21588637307286
2.76794837978
3.40630048885942
1.70919965021312
3.72353624552488
11.431424273178
1.35969365946949
7.66811345238239
1.67997218974718
0.438586948881641
4.04497939161956
1.47958367597312
8.33242791704834
2.87031149491668
4.48861255665864
12.468462977847
13.6128632351756
0.607309141196311
6.5663142956735
1.57974225003272
3.48797790961144
0.8342969230135
8.29605781473219
8.37240580003709
3.17349696997553
3.29843554645777
6.1501279765811
6.55580826569349
4.11033730488271
4.18506487578736
2.81886586453766
9.41772430669516
6.99227931909263
0.471743263295489
10.5963700450957
5.77603461144659
11.419721855782
6.48830934684901
3.38302357122302
5.16129194293171
3.78959483932704
1.67342845128184
1.54103100596881
1.7366491440561
9.93474700953811
0.410364405252039
2.10546613670886
1.43938615306605
0.149544957093894
3.66497320370929
1.479053334333
2.75646410882473
0.0150566687807441
6.78444525692612
3.98368970710192
7.48441936448216
0.243582995608449
2.9092955691725
0.720997030257809
3.44510204158723
7.02529939804511
0.59457392166294
8.25269669294357
2.92149393353611
10.3803554630557
0.158538273535669
18.0646551250739
4.28887365851551
1.03602661618399
6.98835214134306
8.93862354569137
5.38468905724585
4.36210816260427
2.48093829983792
3.24284799631259
11.2325388705358
5.23023547139019
4.46538166901597
4.92920115877144
6.29106334142327
6.59871681127697
4.39986060373485
1.25036245282591
7.1632641809645
2.58590780726797
2.15074641138093
4.59751323105183
1.55480260581669
9.35413257684559
7.87200718186796
3.56530682183802
0.611403211475385
1.89084305488741
2.08558432687213
4.10627196542919
6.7767133237794
5.51374777074188
9.29909695405513
4.34500381010556
3.36360324809066
2.67440585778166
4.79959016665816
6.62440888117999
9.2278053984046
6.31660259620802
1.55680335592479
4.80663256690452
0.0756801338866353
4.19805348771315
1.28627652302384
0.431285379454494
7.24787830840796
7.37881008535624
7.70867839455605
4.02025286988406
8.13629956285282
0.67811906337738
8.86047392651527
6.17380416021063
3.62966247623667
6.3211269909516
6.47190084657387
4.21965285204351
1.19218348797593
6.72205944781595
1.59384990110993
3.93136290177133
0.408484628695153
1.27176241738547
7.81662495976276
2.34537452924997
4.40060847904533
6.26238887198269
6.38421385083348
7.23362585301977
0.37882936360188
0.785580975934863
4.07281561333729
7.23002590239048
5.40317613897382
4.95735441332365
3.59163752291352
1.32113464642316
4.48506235726094
4.51107946763873
5.8565089179219
5.99124843720347
9.00367288850248
5.46980346553028
3.56742337287821
0.40761828495354
7.89041893881271
2.46653514914215
1.08803045004606
0.874933417601796
9.39269945428543
2.16114481445402
9.11010222043842
2.83566417638212
2.63380201963108
6.70933118090034
7.46549100149423
7.58740515448153
2.55171792910788
0.983981159515679
8.26211215462536
4.42223225254565
5.93664175830781
4.70126809168183
1.1649920605123
4.16336833235166
8.35535053629428
10.982283949852
2.48613227922423
8.54154746813059
0.919752242043614
9.40573115624763
7.80159328132868
3.21172302206697
5.875535121771
3.09485702533273
0.488610868342221
6.5276573644951
2.41325401186398
6.73783826063939
3.72251126478723
8.04287011588826
6.14496320486069
7.21690143176787
0.357497084290541
0.14632819587033
1.18324124834101
4.73398102913052
2.26801713168572
1.76107615698129
2.37002250455986
6.18991036899388
2.86754158209848
4.88844509336672
12.0283652793776
9.6473746933043
2.1166791440919
0.710318213739365
1.84043282642961
0.173372309657358
8.19831131957471
3.1229792162776
6.75760769499308
8.28781581949443
6.70696951879387
7.00554109644145
6.21529353088683
2.23552469432737
6.66339758317918
1.12328386731185
5.06548276171088
6.77546386717534
0.295808422379196
4.03224867768586
8.18015940021724
10.5781965423375
6.27624162007123
16.631646240913
5.56818475015461
16.3813833845779
4.06440193764865
1.99252864966169
0.64398334593407
0.858151300889148
3.61623230855912
7.3976828251034
1.97895426338874
4.22441784758121
1.39155266806483
7.03470722794435
4.54536586263883
8.14983978372985
4.78845814171918
5.22176472004503
1.8519815954436
3.40567848187628
3.9508124692629
5.36747431697026
2.76905388936234
7.51139337662607
5.1227006791935
5.1772039106202
0.749394670128822
5.29095963574946
14.1194408746102
3.12568233348429
5.55595508776605
0.242915004491806
3.89691575027206
1.37262851931155
3.93999152017863
6.01048313412183
5.56646445766091
1.12945365042929
6.52137750421269
5.46684789728101
8.7941326274817
9.11642354913056
2.94591207057238
3.6944079107566
3.38953322621877
0.0251762736783323
11.9016042212024
4.88194739023055
6.35191986802965
6.57468752469867
0.563635746948421
4.92454180493951
2.92118946016364
1.69419781655934
1.33753351401538
5.47615182586014
11.3263368606567
0.916017568670213
0.211911741644144
1.75221704971064
0.582415938778172
5.40984584949911
4.81238642626966
2.87936460046979
0.560775934718549
8.348294787449
1.1873529991135
2.80625415527848
7.24192814105949
5.01555206719786
4.31030861654084
3.64735560830921
0.481493852647356
4.39175226324182
5.47915161970656
5.24241293314844
7.54685800343796
0.105680571869016
8.74529629945755
3.00061813122707
1.46422798279673
5.94401576090604
4.43247967457925
1.66695527732372
2.89288342464715
3.79271246492863
6.66451232973486
2.96241357696771
1.09410924978775
1.9088312488086
0.0896765388019004
3.29740839079022
7.41473205853254
2.49788158107549
4.28939566481858
7.98774426802993
10.9331485582516
10.9476941172034
1.76286642137086
5.01423550304025
2.28107622824609
2.27975427661741
0.44827728997916
1.35895500425249
4.85435370355844
9.20776431448758
5.69181793835014
3.01058043260127
0.508767017163336
3.87277428301143
12.6676320098341
1.12402800157751
7.82514474758556
6.54882878656671
1.93984920806113
2.58745341561735
8.8981372769922
9.24692584667355
1.33434337643549
10.5366268428043
3.82231783540965
5.43232081134339
1.26264994032681
2.3054973455146
4.13166000507772
3.88155340184369
0.92817283601273
6.60338766385317
13.9282672898844
3.1554373317442
1.22959190048277
6.11625831226281
2.02533449037669
7.20758552727966
5.9598158600441
2.53761638887227
0.343352183699608
9.26751445513219
5.98633596993879
2.14568812526287
0.218802271410823
0.0602201253504835
3.80820091814256
1.54739595306019
2.48487386852503
5.57358312788887
2.17148563824594
1.7829809570685
13.7804919388145
1.01087284274399
2.0009444807543
2.95331419587786
1.82711827324139
3.58591333497316
5.10496841743588
1.56741151586175
1.59038787242025
6.41700783591136
6.04193042963743
3.38835822386609
3.87382989283651
2.10652169771492
4.32046897277276
1.38137022025649
7.05188962204588
1.39146045431304
4.64420267380774
5.94586756683901
8.47843534772338
7.7326703350991
2.71432620938867
0.567706468955941
5.12876554857939
3.57608416356551
10.1774370981465
3.19368579910809
7.03130076690222
9.47526693593818
0.101553602144122
9.44274894427508
1.28847074039342
7.54357061814517
3.90194681058807
10.1608066599759
13.8548899268476
4.91248345933855
5.20280720666051
7.33639427458755
2.85431658823882
6.61831808711684
6.09948967127317
2.81216918267685
2.21761604771018
9.73150571808219
1.59345774445683
1.25881191674096
8.0303747439757
2.55608283914626
3.24290972203016
4.48481889855516
8.99898003810382
3.11270431322096
3.0523604946211
6.3287509604929
17.2958061090748
10.5142943858327
2.28535912030791
0.256029763951691
6.25886747147888
2.168835519908
4.42768355179327
5.94201171770692
6.97571546770632
8.06475367862731
5.09140682406723
4.40619268920273
2.79414350687941
7.71062553590789
1.45833961221882
10.0333523470908
11.6372111951932
4.30200181435794
10.3092365432531
2.70402359310538
9.31362349074334
13.8749207369983
0.815651612356305
7.13091349691511
4.57350821234286
8.76939817999328
10.086110985602
0.260905345087605
6.79358670022339
1.14192012246993
1.09214638359845
6.55297068879008
8.45105933575507
0.489624434154306
11.0947599920972
6.72615679384465
4.18996446307653
7.55259341094643
2.98628103919327
9.09817900974303
4.24591507762671
3.35716689005494
1.07442159205675
3.1639449914163
8.52669824380428
2.93005309067667
7.91165370876073
3.12729727011174
1.09542408026755
11.738029262051
0.667680945473087
5.40788867193072
1.27293390687555
4.57268150820966
1.37312198057771
1.00194301921874
10.2284487536052
3.86687160935253
6.05108495494861
1.23937350908467
1.86156255658716
0.0916385091841221
3.83286077994853
7.02629759407045
1.9253036705777
1.46894291974604
3.00110160304957
6.6617390839383
6.51988063473254
9.06925658716392
1.88071690499783
8.20015831900721
2.22418599296361
2.9754494991713
2.98183460254222
7.60407175147212
7.42801134474576
5.07642596494406
0.649006012827158
2.95522352680564
2.06323651062005
0.332288211211562
8.09141413774341
1.02387766819447
5.3931596421369
3.47644922685221
11.9795169914141
1.49033464208184
3.54033804032952
15.4806256399291
4.28768385400786
1.82997673230723
6.41979221884717
4.93453565686453
9.2053190106526
9.93295140509997
10.0866995286196
7.09094938441947
3.97904389107781
5.55847457493345
9.72118570934981
3.34982317872345
1.69559696223587
1.49803652893752
1.36779199820012
5.70649446453899
6.96632659528404
5.63182956539094
3.86118541937321
9.66832884587348
0.583722857968947
3.33061860874295
8.69594094070174
2.96800667176438
1.20272427113052
7.60239607188851
3.59978713095188
4.49319728650153
2.42825281433526
9.0103294049849
4.93405219167471
2.4447285157009
3.04154860637845
3.95404957234859
0.542588600836338
9.23011414706707
10.143520196174
3.29121693503112
5.0832066515596
10.0870388980661
10.008029160602
12.196771078743
3.70521699078381
7.6959433965385
1.15914476740118
4.02992567978799
7.81434261609772
2.8714908162136
6.72407003585249
4.71916024485143
5.8493554635105
8.10483957175165
3.48881140816957
5.01593064982444
7.28403983999016
3.36767740296492
1.51925605319155
1.47908723881503
2.56832945160568
2.46550804004073
2.38377866784601
7.05218063310832
11.4828972145915
0.295594404451549
7.31944052396579
8.79466764163226
3.70522651355714
5.15864432183591
4.29419202264398
13.5927692087234
3.4939150307401
2.77269661892205
0.841956935500994
7.60382077218321
2.63922116719186
6.18663402274251
14.4656738499179
5.2118226718207
5.68521386012435
5.93822605442256
2.75348946157403
3.66176712747511
2.0043829921633
8.13322551548481
4.74640540778637
3.39261891786009
0.753322686068714
8.71269071567918
2.73926294713941
1.64465764537454
1.24397487136146
8.38251459462502
0.314794761366281
2.9277527182541
4.62650047954116
3.95542197345856
3.18413814529777
0.458045513369143
8.63066524858568
3.14133572999942
1.04926548923141
0.12674608733505
6.1484997626394
11.2981449812651
1.74903512487702
0.435757079328734
13.5387693531811
3.04941004142165
0.536684482358396
4.89079500930985
7.66565885860473
2.20171541254514
1.85289679069842
0.238427379173079
5.25902926726179
5.71008496917784
0.206495565362275
1.34446551091969
2.79877852618653
12.5135241309181
2.38709391560405
0.928486883640289
6.32019759633273
1.54592785984278
7.12365708313882
3.07151062879711
4.2422495316714
6.18004943244159
2.06977559719235
3.05086045991629
4.54712665547727
2.87447622977197
0.752424038223124
12.875566683845
4.20717875510202
8.35836613550782
6.19079945156413
0.680210744030774
0.944319132609319
3.04476828314364
1.15087906554594
3.26935306657106
3.52222472429276
6.65700508032892
6.42334884032607
1.42885283400953
6.02922005373765
3.00214181188494
3.39388297980163
0.881190332968909
7.45719602164462
8.83359324652702
1.42977249342948
0.600727517774187
4.32238369248807
6.89817414779685
3.00018924011738
1.08604673296213
2.05729479806242
7.65651499386877
6.74872156232595
3.74302969112229
4.37652892433107
6.91805998794734
12.3427342159664
5.85380678530782
2.51907226629555
1.59201407805085
0.698561477474868
2.61562839150429
4.54285460920728
3.93768806723733
2.96284512151033
0.843623874366851
0.74388761958289
5.94245297834277
2.80161386672159
7.4843924998638
7.74175219703466
2.20969374259008
2.69155729806677
3.10975247994065
8.47958042286336
2.83845560625196
