"x"
28.7639563563378
37.0820263866335
58.2285597454756
29.8155106138438
38.2686129305512
16.294195480772
60.7996710110456
46.1614495608956
6.14598379470408
42.2945902005619
36.395391728729
36.3414828620606
28.1471524853259
34.0697550214827
57.4217990040779
30.3615912795067
21.8521413393319
47.647879878059
29.7950104810297
20.8462442271411
23.5584891986024
35.5321262497455
39.0654410109851
12.2574460665328
35.9537280164659
28.6558906082064
18.858131673187
55.9492107184545
37.3942558187991
63.4592019487172
59.0767102316022
44.1736691590716
42.9129123404527
33.8744091801345
53.5879518371075
35.5051403865218
35.4902031712398
28.6875920370221
41.7402437888086
41.1723889583112
30.2170571405441
21.2892590097677
42.6667630206794
35.4358901735395
18.3972680009902
33.6257921531796
33.2359718158841
33.3323345820357
52.6829204987735
45.7736420736832
30.4313257802278
25.405779806897
39.4125215873366
42.0511035248637
54.5030287582794
45.6081955228001
50.7631662301719
32.3792064580632
5.22657581605017
36.8584712035954
30.1327248569578
59.4804088585079
43.8595957604199
11.1160130240023
54.0136758238077
34.4973065890372
39.7048512473702
16.3292154669762
23.2202201616019
57.9913332592696
63.0946218967438
40.78603615053
32.0449900347739
38.5659964755177
24.8362710681355
35.6234755702324
58.7353645823896
36.637986193461
17.97214641697
38.9238092582673
21.6099321074471
36.7827848705629
46.7483000829816
49.2656918242574
43.3735221158713
53.7940598558635
56.4847501926124
53.6654147785157
56.8097869399935
37.8614163729315
35.2888232255316
52.9682467436298
22.4886980610167
42.7990446332842
59.4001058489084
56.3730455003679
26.0003773029894
21.312209328016
30.1408445928246
44.8145323432982
36.7324599064887
30.317036901933
54.9085646402091
23.1228070799261
21.6863826921432
44.6869700681418
27.8131931088865
47.322508553043
53.8663878105581
40.5065191909671
38.040680391714
44.1741351038218
29.0742062497884
46.7420766984919
29.5564699918032
46.0941393394023
42.1126568689942
19.4370645221086
19.533329793766
23.5641741659492
46.9671464525163
57.2192144114524
65.1372266933322
49.9083434231579
51.7628478077704
41.204412933439
57.0338104851544
40.7182696741074
40.9890820713019
68.3831837959588
36.1985248047858
24.0609172731638
29.8520349431783
59.6425207331777
28.1919249872282
27.398128202185
58.1457018852234
47.4268340039998
37.1555522084236
28.6227131728083
22.060622042045
40.1136273052543
32.8735383253799
26.8660069443285
42.7522157784551
33.0106872944843
16.1775212508384
40.624819509685
28.7007345742087
53.444988746196
34.3828773591667
39.4866602960974
50.2831077306957
19.1536750058185
30.2552379667759
48.7829882185906
34.0969584882259
28.3916920889169
22.7305052801967
26.2303276406578
21.6626479092918
33.6781619484253
33.3179649747891
38.8664038386196
34.0975811580199
53.0102536547929
27.7860961854458
44.4846361875534
39.3379570450634
35.5236045084894
28.0217612162232
46.23724934645
34.0427767482188
36.1788615649059
46.1618938726086
55.3914566989988
56.4862995216854
51.7226264812052
48.9342593523093
36.2103439867496
45.6721241120249
32.7584468293935
37.3176477849483
44.5088162484004
20.0280332472175
19.4821792189032
33.1493126541174
32.2207528066371
21.6574754100293
29.5131619480971
23.3817105812195
59.5146356616169
29.063864890486
34.8003522027284
53.9218582345239
39.9505864828825
36.5546315197834
34.9374357919706
47.1551332157105
55.0025501288474
34.4932833686471
25.3740695981573
38.3982210401395
64.3508404027671
29.1696295142174
5.25523098545216
33.2119537051767
38.6515180888526
39.3970662727952
33.7056797782569
31.0181331355125
38.8693789485842
38.2140535950732
28.6594963166863
44.081854308024
47.8866143617779
26.5477873850614
59.9720307160169
43.7860483769327
39.4103714730591
48.9566326607019
60.1487183943391
44.3635411560535
6.85835516964485
32.2489690178306
55.3768887650222
67.9638442117721
42.158466903433
18.7914520036429
42.6994908135384
44.0836066845804
24.4483609231692
43.7623305255616
4.51376646225065
21.0614915165465
35.5198312831547
47.8020468261093
29.2740047443658
41.6225103195757
46.6795094776899
58.9420543517917
56.1563667841256
42.4221426714212
42.1766097938127
45.9203611128032
49.0020854398608
8.54975917026228
46.6808986850083
49.588384386152
29.915373492986
28.6803365685046
39.3850475084037
31.815896835097
46.3695441372693
49.947040903099
60.0952390115708
28.5127733834088
41.0601302050054
66.0997422412038
21.8308106996119
39.5719785708934
63.3596830070019
44.4033036474138
52.1407988853753
22.8342747466813
35.1877764798701
34.4192340038717
32.1481721010059
43.5623524585102
46.721403254196
39.1729179304093
55.2943386137486
40.4446931555867
23.7219962757081
22.3456830532051
39.3339809961617
50.7324234116822
46.2967038620263
56.7849903833121
11.9895063617618
43.8625283073634
59.3772418904372
21.4142596387951
44.6542671881616
29.7163374256343
24.767791479826
54.0240818634629
30.0513109276099
42.9793450515717
6.19770595803857
42.3769657500088
31.6560443490744
20.1434758026153
42.5862582400441
53.1932477839291
42.1636408660561
32.136661792174
52.8448277153075
39.3492692615837
65.3924930177819
56.9291410967708
39.5702445479428
45.8673935383558
39.747488219291
28.3475587911661
35.1425026543438
39.6418302319944
29.3464592192322
47.2454350408161
53.0095496214926
58.0045393668115
49.0338182542473
40.1894848328084
34.1739939060062
41.6781997773796
57.8478525858372
12.346757017076
52.9392026364803
51.5954600647092
26.8405711733721
32.9084111377597
35.8630298636854
48.6545489169657
30.4170386865735
26.9008960109204
39.1666993964463
40.774504467845
32.0381234865636
34.8621316120449
11.9872688753088
28.464233269915
43.7738022767007
22.8649776241638
34.3518019188195
9.74070369265974
30.2772172261029
36.3576966583116
55.1714717410505
7.18249739147723
18.6415018513799
25.9375866968185
44.0773135051131
42.2936339396983
43.5842923396122
43.9746506977826
27.9984632506967
57.3796534445137
26.3901106081903
29.2305614799261
73.0465511077862
37.5253947451711
38.3002724650856
39.1871524974704
48.2002187985927
13.8525320682675
34.2382649425417
37.0912292040884
46.3488183449954
37.2443975880742
52.7908565942198
32.7071738895029
54.4012330472469
43.6354420613497
36.4020592998713
34.6205810084939
35.1546216756105
31.3405540306121
45.8844030741602
45.1977460124644
35.8486787416041
40.7585026230663
23.6338148824871
56.9944723283036
54.7818134073168
16.8237643782049
37.3351799789816
45.8580814301968
11.6999038495123
46.7890920117497
40.8388081938028
47.1106307506823
25.6412238538711
53.5250462591648
47.7139316499233
42.1036208979785
54.4641854707152
60.0208006799221
43.8371399883181
52.4530087597668
69.3566729846579
47.8113575838506
32.5331204105169
55.3763371426612
41.6787917260081
32.1921088732779
46.3873109780252
22.5487329531461
21.078877011314
36.1261458136141
28.0202702619135
20.1648165471852
40.2030744589865
47.1352842170745
31.5585585865113
35.0921112578362
25.6921985652298
27.6234947509077
51.3123139273375
38.2477568785936
42.8922892082483
49.501391222892
35.0419641472399
43.3623275253922
32.4373051058501
30.3446732927114
21.8249024408406
28.8211343977406
51.6956977474858
25.4127817694098
41.3041999097914
39.6090317517519
41.4707132149488
51.0646052658558
34.2149507720023
50.9202810470015
21.4554385747761
26.539596129061
46.7166077756841
28.8483715613462
56.750788167119
29.9442334100604
51.3659423682839
46.6623369604349
25.2476471941918
28.8076676428318
31.0308654326946
28.7106401287019
20.8262674044818
29.7504799686341
31.0365629382432
36.3369354914381
42.6044229883701
50.1678233561691
39.4073566421866
42.8807410411537
41.5833767711426
47.539954027161
47.1675654873252
39.0655737831685
28.7608325481415
51.7817097716033
37.2378597501665
31.6001086030155
47.2690656781197
38.3274491573929
37.286361027509
37.4150559771806
27.0064914599061
40.881332966028
50.5603762024115
31.9793017581105
47.2544378135353
51.4044877141714
41.9784816447645
57.5074112042785
56.0379875358194
35.0160025525838
42.2648081090301
42.1929160133004
35.2687714155763
37.9499273374677
8.23503290303051
41.7416950222105
41.5058948565274
45.8348605316132
41.5468304883689
35.0095890462399
42.0244728673698
70.8350111830757
30.3370642475784
29.0935566282779
28.1800418041918
24.4252163916826
30.5759670678526
22.9859272949398
44.0607905642188
13.8268233276904
50.5433133337647
17.225667508319
30.7248559993672
45.9418113343418
53.9921997580677
29.2924351990223
39.9326817515924
48.0741934850812
39.4738042261451
44.3210175726563
44.0093758516014
25.4827590829562
48.7949347123504
