"x"
0.741010718047619
19.5917699020356
20.7181268837303
9.65982023626566
13.1218142510155
20.2900423668325
12.7277638726909
8.35192780941725
9.6412425906958
4.10603289492428
5.88588092654543
0.768687902018428
37.1549368370324
4.79365950450301
12.2951054995543
9.53851200605326
14.3393767456426
17.3036031946801
5.22803457178734
19.6761135011911
20.1831391546875
22.8937244076559
23.3845615293831
10.2320092730224
1.7763311509043
15.9451393876225
11.9876583106816
10.2342958096415
20.0086141005158
6.63302410393953
22.6851268324314
18.401763541624
2.98555218614638
5.4263573036194
31.5759206273321
16.6667001792042
9.47975799901875
5.26041025295854
2.47188326902688
14.1547770239413
17.0655775815248
7.24910269491374
22.0510205253959
23.919054819271
1.16311800666153
11.4092735107988
1.13720722639474
9.57364034838974
0.654060672968626
27.1403337363154
19.8524987790734
25.3430131725745
24.7588476976247
11.0380102850227
22.6864157244563
22.5776292383671
18.5998947524759
8.96754581481218
27.0396140404046
26.7731599422788
6.99505979493921
2.0173011761542
6.19416476726998
9.54740033472689
5.04118434428127
8.33680131472647
29.814266692847
6.06188899837434
5.40574388578534
21.4045480825007
16.7197995469275
14.7530544549227
11.5912240929902
28.124158969149
15.4159580821773
26.707804525526
36.4176694769412
17.9174776520213
21.9228147994727
11.5298899821937
16.263552615419
24.284149473533
9.66820870667533
23.6668756813662
7.32772899791598
19.9044277558256
10.648977290839
5.10297306799688
19.1400046925992
6.81473193690181
12.7433146815747
24.1298748645931
14.0433908440173
16.3365402532255
33.5318893194199
5.82511662505567
31.5298745874316
0.749978775487803
7.00812679715455
37.9311683122069
9.2047824524343
21.8783427685637
12.7218872954842
31.1293176840991
27.0774333737791
31.790252582643
7.0842360612005
12.9560768179911
33.8749228036151
6.49318057056551
13.3992203203532
32.5753360684274
15.3411533683538
1.89459375105798
9.56832519732416
6.25883680768311
16.5994271912764
15.8469391986728
19.7949048597366
32.2823952501692
19.1038567264976
7.58746508508921
21.6125685721636
27.3588327938509
26.852732876202
9.77412185362581
29.9986302594765
17.0860295649618
6.18456667952828
31.1562029179186
7.84128634259105
3.95599795975064
7.04022254794836
10.178224882111
10.8167788479477
33.2231905311346
7.9830961902857
14.2681061290205
20.5282191745937
21.3344403492892
12.8128018695861
9.56314094364643
2.95592523179948
26.1699997175926
27.6675353664425
32.2970681499455
17.4938756102846
13.5942345443177
33.5911053232849
22.5631293207251
23.3344220556319
9.6085749566555
11.5767959480661
5.89917168516105
25.3838235512376
17.5525893922895
1.31999775767326
27.947831666097
30.7536862790585
33.335135364905
33.7895037140697
16.2170712836087
17.9925358636904
14.3008299806427
7.87867402314973
29.2922480497509
19.8495619225494
25.0067185610533
12.7233344130218
15.1490764692426
23.9317197818309
9.4743094407022
21.6835075058043
21.9678208231926
16.5511469196226
5.94687222636982
16.3695378229022
16.7298941222648
8.65360983763431
3.65514946170151
26.5566415619105
21.6678344810651
13.8338261283934
25.7112523540854
12.086701579392
9.48716998557938
11.6557512258567
22.3124694467953
34.6760157495737
26.1243501678109
35.1334045651426
15.0857306000591
39.5613376516849
21.8475954141468
2.9029049910605
7.75503068185381
12.4405546909588
25.3974770661443
18.1945991980099
20.9883107338101
15.2284398674965
28.8843813817948
4.65308376394805
19.2618678789586
4.28170048774836
13.8389350177948
31.9225952960551
9.22430148348212
18.4632390737534
2.85139884799719
8.37346338722758
24.7087070015444
8.77930610446315
0.704362755641341
31.8595962133259
9.86218508332968
17.1950210351497
16.6352059620791
26.7279847059399
22.8909268043935
27.9894222313687
34.9529564380646
17.2431733459234
1.43368501040651
3.93708823248744
8.9265927873571
3.98397883400321
23.1842765118927
22.5520201958716
26.2546789366752
21.2523832451552
0.468573765829206
33.2823567092419
4.08194288611412
24.699773080647
7.64026045799255
18.6150492168963
11.5912914276123
11.6117528611516
16.9236197136343
18.2222022718762
11.419363040477
9.15760518983006
5.68312773203981
5.16998173809079
29.9714801151504
5.9582888148725
4.24824310466647
3.21516172801276
32.3713204823434
29.4615624472499
21.3843219241616
20.4097163219798
6.80112903937697
17.8112801164389
32.1256807539612
10.1290432188854
23.8278452772647
27.0415232982486
21.8804426956922
3.48432115279138
4.81706215068698
7.94435488060117
1.63510236889124
16.889741178602
12.6033367123455
25.0695057832174
8.75036178462434
20.7850871142
28.0256930273026
6.31106098351479
24.3928729310937
10.1831737905741
13.9582355972379
21.1029349325865
5.83032369613647
0.0866243150085211
36.563064577058
3.4294801753235
14.6614309354743
10.3316469054893
7.81000787392259
22.3679877148664
6.65583001342187
28.8084631189183
30.2557609509677
11.6896416991949
1.49499643594027
22.1635204274207
7.8179209773357
17.3142844811082
23.7364383414388
31.7274203523993
3.29431112076898
26.3428451493382
2.53922967240214
8.7391875375879
18.9315000548959
9.37311863526702
30.3510069381446
24.9563543125987
13.5188398882747
25.0644943151501
19.5800679270178
13.9739101671854
29.0482331239134
18.0166756734252
6.35734819807112
40.8766575623304
12.0782644453136
17.2234582249075
10.9929705939094
8.10621734708548
29.6493828296661
16.2246405612677
29.3986872769892
18.2852642610669
5.80109674494418
24.6157030574977
16.7657106183469
20.6870361231267
4.41975776899874
7.52530667503886
8.74819569289684
17.3347764152417
9.69309254102597
13.4777638704251
11.111748078838
31.7263041766188
1.00837694213794
7.02567873522639
21.0603386629373
29.0080239530653
23.7329300027341
5.77962957929411
1.28428425286054
22.4670053262883
11.8788104038686
1.75446475189133
31.0424861032516
26.2053770086814
24.9606100842357
15.4258224727995
11.4571325480938
35.9830700792372
17.4921017605811
15.1644338576218
4.88825878128409
14.0087256208062
11.0463771037757
14.5351807599451
18.687929036386
40.0748784844539
2.16392059288865
13.0381290800869
21.5538282990383
27.9443074949086
6.05889833532274
6.52537007044308
17.34868446365
35.3626816533506
10.469118040055
15.8318439964205
1.02011863815213
12.0438222307712
6.38642031699419
28.8742145057768
28.2586499117315
8.87447227723897
6.29805778153241
21.7527599073946
29.5729277189821
27.4498483434307
11.1697728279978
17.9237221406738
4.55195270727918
10.7537707779557
24.7959034051746
10.3729710448533
8.52520898915827
26.612587826504
9.24008334986866
15.619190883313
1.47682468913114
7.7263455837965
5.36375972442329
13.72908083722
8.21628980338573
29.1992384009063
0.856117330130672
14.549848043492
4.7735503205514
15.7206390518695
3.8023806642741
11.5696568166537
22.8840173222125
12.7700279932469
26.9526730757207
0.662246299907565
35.8539345208555
13.8170530088246
2.84687194524048
20.0087291654199
19.844236381374
13.0955736152828
3.74809097094887
23.2546024490148
17.5987862516195
35.2323741652071
16.4918074849993
8.92711980268359
24.0480932819941
22.6277673617005
29.3262221514142
6.9128334056586
36.5465444047004
5.98237576965148
18.3189229574054
6.5906691364944
19.0574939828366
0.205762125551701
18.2585789356381
10.0032204739234
6.45893168971884
3.37132345885038
5.05983810174065
4.67326883155941
17.4210136756301
15.7585366696225
32.9510919284075
14.2824821639806
6.42213105564796
7.17380762698651
9.97401567723523
7.67594613134861
24.3586108004643
22.5347643252462
13.7955620884895
13.1311223767031
6.32091286672942
24.4981113355607
38.2059074472636
2.68791625276208
23.1165430974215
19.4720981741916
16.5307900868356
7.16266124509275
1.44638572819531
0.00467213806508306
12.0962976012379
10.8795611187816
11.8055250269203
29.5785073427852
5.92629634775221
16.9770349748433
47.4493739195168
13.7700724881142
8.99952528998256
15.4963540680733
21.0677573923022
24.7238698881119
24.9701292254031
19.7988953182231
23.9894384983927
23.2623174829579
31.1222719028592
21.334372664041
20.0108073651791
15.2242199052125
8.75687939114869
13.6792023200542
2.14425842277706
16.3496452082497
21.4286189991981
32.3371760330739
17.3808085732162
9.73060977692724
16.4609502069652
30.9509517624974
8.95719541191589
8.37481911294162
15.6875577755272
27.9809050261974
2.95208031311631
2.65286532230675
26.412388170138
9.76504147984087
25.7181932218373
26.9696372095495
4.28742594085634
14.6859493106604
4.71429140307009
31.206096149981
10.3144861292094
2.44113359626915
27.9739144258201
0.821810156695407
0.447642424936247
28.854608302936
8.2801828160882
