"x"
14.3242811551318
13.3101749699563
17.2488843556494
10.1262465625516
3.70739148929715
6.59049541545079
11.7313943337649
26.2067358053711
15.922830090858
15.7079374184832
17.1770233195275
15.2736136085898
14.378240488697
5.66254418808967
23.703866532933
8.91022526296303
15.7052869908512
8.16235891543329
14.3205157481134
17.3297495428899
22.4030347308144
11.9013057556003
19.614489749074
15.2959478603566
12.4525585260972
19.0026589771039
18.1850492954254
8.98598686326295
16.5816754335538
16.2591181657326
9.17347781271057
13.1423762838219
12.9730514483526
7.53013391302717
2.6897909858304
12.2588731617371
18.7911017099395
13.6339534074068
19.7013756027445
16.0244312680076
26.6576406313106
11.0809793462977
10.9415387036279
19.3155233049765
14.5304892444983
5.91665216709692
11.8967441143468
13.4794875048101
16.3725899667535
16.7124604340643
1.08187613077462
13.3607179768234
10.9237905591726
9.67001705430448
4.40933637106679
24.2732953445358
16.7326766896092
27.9643047368154
15.9171241335571
12.0859344257042
17.3457849770784
12.9676392534748
19.8869935190206
8.78023013938218
12.4020046321675
6.8179906667902
14.0427012695
13.0528356181458
0.639883149415255
2.27428687723221
7.54548225086182
14.7176494356245
16.9276293599978
19.5451437029988
18.6120739898843
13.042184105143
20.6644846775657
15.6992430123322
28.9975138846785
11.2394794356078
13.6903843927764
17.4615642963266
13.714300096035
3.13334087841213
8.97786957211792
11.299716975679
6.5299685113132
12.3812392121181
16.2112548016012
26.6670424491167
11.3983903778717
14.1384218120947
17.6050256937742
8.49922402282431
17.2340214252472
11.4400299964473
23.0077997031961
23.9583114162087
10.9245370840654
12.6067749690264
24.4674534536898
22.260329942219
15.6229884146781
15.8600706839934
18.5746631817892
12.4207871044737
20.4387465878819
9.93891183035319
20.5057501560077
12.5819515204057
12.5169360895178
14.1999238233006
16.4306853665039
15.1235738769174
24.7962479945272
17.480906099081
12.4574204459163
7.60771401692182
14.9901252007112
9.0539594180882
6.71483310870826
18.1063522119075
6.4732322935015
11.2298251362517
8.90574939548969
4.24271684303648
22.404783219099
3.96288726478815
20.0752035438089
7.65872183255851
12.536825821735
7.75844233952205
12.4533491395032
21.7194939730689
17.0305511233745
21.5428337687626
11.663736616535
10.1166798034683
8.26722877569454
16.3986188663716
19.0565020078793
0.345745519734919
11.9052387773991
17.4933566013351
15.1391004677862
6.22010316974229
8.22457105387002
16.5597785882235
11.5131189348176
14.5117416360702
9.28857875987887
8.82059721255605
11.3650440704077
5.57790948078036
10.892088804394
18.9718129346147
15.7888558926061
17.7662387723103
10.1332380669191
8.56747266923593
6.81602437980473
20.2269687084481
17.7114041754976
11.7392965126783
9.27860355004668
20.0398639686059
22.2884938353673
12.0329840574414
20.1247547287494
14.6160887321457
20.6255524884909
16.0217195516452
13.9845815254375
16.4314771332975
14.091771421954
14.9309405861827
16.2030683812553
13.0740045403118
21.9696020008996
20.138367404537
22.5946294203664
18.8363361638039
9.92105037439615
0.957815738945741
18.0170147912577
15.205115149729
26.4949113130569
14.3529655678847
9.05699625145644
16.4250515615912
5.18882457527553
16.5108745917678
9.11856549791992
20.6024478189647
20.597522890077
8.18106854525045
16.2626428742268
16.2729310104623
3.1445185886696
19.0830378480247
9.51748202674837
14.9554503615946
14.574670093134
0.489771529336686
3.65549603435632
8.89070169196509
25.8695574942976
22.1158877945135
16.7222641874105
18.6302961781621
16.5587244555354
6.47952215065224
25.6509250728413
10.1267633959651
15.5152348801494
15.0872921803966
8.4847444633612
22.3414613865316
10.2148978247734
24.4773871731013
18.5743212001398
9.70556268002838
11.0996281252737
5.79766044393182
21.4826819525783
21.2275765370578
5.32254343852401
21.5097734937444
10.6667935671454
16.9661608524621
11.8113259867615
14.4128765101199
18.8323512673378
19.1208923934028
4.84177398029715
4.01290100999177
20.7756933989003
6.37542340893758
10.3551181451591
8.36060030851513
6.61222611088306
3.95496948772967
12.6201946158687
2.54056558213864
20.7549635553733
19.8592865691171
17.6486547337845
8.74580489471555
15.1245281565934
11.3871633308008
7.98889598007917
19.1592760650095
18.722266680561
23.4465713612735
23.1148703023791
6.59878456499428
18.0985208367929
18.9571211347356
15.3443275215195
6.02841780055314
17.6227302988991
19.84220193699
11.2137811025605
17.2718992807803
15.1664274744689
18.6415656935424
21.621965803206
17.0015557410356
13.8611356494948
12.4309496721253
6.53657153521227
23.9489529980347
6.88520253787607
22.5360580487177
15.4359353007749
8.92238526139408
23.1494742719646
7.80860197264701
19.0402678679675
21.285335929133
16.1339082755148
4.37571555376053
6.3676071818918
10.7658268185332
6.26268966589123
17.0484962873161
30.3867635084316
12.8750447649509
15.9750724947025
16.2050869235213
13.1076496280751
17.0686698606793
3.84118007495999
14.0076804207638
14.1196863958612
21.3928279001266
5.86321626324207
4.19090767391026
12.4919640598819
17.0270070889183
14.0017246827483
12.6344420714304
12.8285530252524
3.29618367832154
17.7948357990232
19.9397746176022
9.4019638766702
2.94692809693515
10.5030028847978
25.1256180694327
6.01472854614258
8.21179985892925
15.2174439281225
11.7555765091747
9.4262221308404
13.9462260211102
19.6197555167601
19.6290128631517
3.10754252132028
15.8709472743794
12.3362553305924
16.0539756761864
14.5777767524123
4.34537236578763
7.19944685697556
9.30520971869328
12.7383996233808
6.59815647694666
24.5961466571316
15.3152389451861
10.3578296490014
13.248479552567
1.20371680241078
26.6850853338838
11.278957920149
11.9160115437624
25.6057234015316
24.7441967017949
18.2345248764525
14.6984342485666
16.3392050007906
7.93710206635296
2.59378598929006
11.1885171383619
15.0893728862537
5.07720548193902
23.5559240914881
14.0930182533339
10.4794998420402
4.26554491277784
13.6437531560659
4.68085882677236
13.8957733176614
22.2571346210316
7.67795697320253
5.16581015454616
5.62391475156306
8.43617343079308
9.49631400872022
14.6269595017657
14.7513657808304
11.1404706773844
8.468595193699
10.5408570962027
13.7547927908599
14.0943776117638
11.8891233610361
6.30554969523295
4.53765102735968
9.14265040773898
7.77907755691558
17.5925263915463
24.8834628644892
20.6653377274051
13.3535067085177
23.3659093733877
16.4413761815427
9.37852100864237
24.6904351050034
13.4407656435224
24.5420172344893
13.5812781285495
16.0942394519225
17.9729821160436
14.8846083320677
7.45204263081322
7.69499996677041
21.054360922426
6.19623279045424
23.8485960988328
8.40001594375831
14.4822435686365
11.7702473351422
23.0774278054014
19.6722552645952
10.8621897673373
11.644378467463
10.6608923524618
20.3474134439602
15.7376659459278
7.13427048176527
2.90816268854081
16.6300677927211
8.7940155500775
17.6451937211347
20.4072817927226
11.7846702691168
3.24146242346615
6.93577788770199
8.43872204422951
12.2286177938804
16.3881100015715
17.5943468697369
9.79542462155223
1.02220305007496
8.96855411119759
26.67856591288
11.441043461673
11.3789592379538
4.49724344071001
15.2113471745284
7.68547332845628
15.0920140391996
17.5136685371399
21.7869961634278
14.7448077099398
14.8046758724377
22.2240326583708
14.8021091939881
20.5727859865874
17.374678584747
18.6146323103458
17.8173549706116
10.6729226419702
19.421143643558
17.4554212790613
18.397638015449
19.0610114485025
4.91548646241426
5.74476402252913
15.1658897763486
16.1291248165071
25.2912307856604
18.4552938211709
6.13809423663468
15.0990305002779
14.1667455039188
24.74950554315
12.0194883122716
14.8282055277377
16.359842964448
21.5311145875603
18.0297759273705
11.6792784422274
18.491040263325
7.22071505151689
20.0160067994148
4.50378120876849
8.96911551244557
2.90586937870359
10.1935895159841
6.76998335518543
19.6389194112271
12.5770591432229
10.5187628710253
25.5424569360912
15.4058011714369
14.711647387594
15.7693510176614
4.07719134198143
21.0664340889713
10.5105506489053
14.931506873182
14.7334194339289
16.6764992289245
16.4185918169096
2.6147983269766
2.22535916567723
18.020315351896
20.8508090581745
18.441368965432
17.0987289398909
8.98898781742901
17.6261566346511
0.0707332792382698
17.5528599647805
16.295776120387
15.0685781612992
7.27877612575465
13.5295626707375
12.8802042046337
28.3258665818721
17.4280893254449
21.4526797562067
13.236716715619
10.8362568309531
28.2302262727171
17.848001094535
7.15482031714033
20.9297138011749
10.6202540684086
17.4840698251501
7.48554428685417
12.2161359293386
11.6405127491791
12.059905170463
8.85640303163627
15.3844568851118
5.15279546265826
11.2509493716061
21.0123212339083
12.0209013184865
15.9104731224952
18.244629732072
20.6573623948417
10.9149315161631
16.7037528939545
6.48572361382267
13.7080697109923
7.85563988611102
11.610073922202
17.8189288827898
12.2847993625328
13.4246745612472
3.79475229419768
14.4898530794308
9.16739432141185
3.41877172835305
6.7357501713559
15.4164191374977
7.12652362279647
13.2705146744302
16.7240815469995
22.196506759244
17.516762544219
10.6283809058368
20.75344515518
13.6569226151923
7.24250893108547
19.8937182356389
5.70659499354707
17.7329985890538
13.0444621900097
8.4078199931653
17.2305435407907
11.937622143887
9.8625993123278
14.214810077101
22.7951020468026
12.2688981005922
19.0875573083758
10.785348736681
8.50940430214611
18.9425744239822
10.355773055926
21.2020638165995
15.235331049189
15.2568307006732
10.8902864623815
10.5978165215938
17.116936086677
16.4549590088427
4.02558191313358
18.1526934262365
7.46771523263305
17.0884585706517
11.0030986135826
8.84419462372574
20.5956903612041
10.6100232340395
6.73238497693092
33.5013997973874
17.5150939961895
20.2215165365487
16.2221558471936
10.4793263290504
17.0310067012906
4.08466391281049
23.1124378740788
17.3063893569633
15.8903219969943
18.0745912715793
7.91671178303659
4.14977008517278
17.3941228771582
4.14379185098503
19.0767265623435
12.4719567244554
14.7677890025079
8.17104415036738
9.2299920739606
0.92941938880604
20.5423166509718
13.5426780441776
15.1718788780272
24.4500890607014
5.60995091218501
26.4159381855279
18.9917716015814
21.8871866120026
12.8084318712354
17.9343005875126
15.1717900531366
7.29613936890043
16.6656668978833
6.0373340267688
4.33186970185488
18.5872183879837
11.3086629426107
2.52797709428513
13.8776476727799
17.9426703369245
1.81678256485611
17.6282375585288
12.2693091408855
24.0498890168965
16.1993911955506
7.9760940046981
18.6630356883363
3.69021462887715
21.902603459661
19.9793291891581
12.626516618171
7.42339019197971
26.4659803361879
18.1290458887815
13.7798985699192
12.5057541765273
17.8626009263098
21.7491440474987
10.5476841610955
7.86035594064742
17.3114102539342
17.707726219669
17.3342847032472
17.2656280454248
21.3363096816465
11.625097412616
19.5527430158108
19.2173935705796
14.7993815131485
14.0616042772308
24.0757676077371
14.7892513778061
3.177176322788
19.6230080677196
18.7645334621953
3.35011363495141
20.3210545936599
9.75855651777238
18.7098451657221
19.3413523360836
19.5670092012733
9.02349000586879
13.2497769569285
13.4299332741648
21.8534366227686
25.8982565253973
14.9949201848358
16.8872956186533
11.443440662697
11.9290812406689
9.35452242847532
17.0775431673974
11.3935180706903
9.94873992167413
9.46246492646412
13.922545471992
10.4234202299267
16.8726385020536
14.3073584418744
3.90823150519282
21.643422706984
16.0288726645762
16.6963641997427
9.30559427943081
11.0917535843328
9.89391491748393
20.7693301374093
20.1189821353182
22.5199071173184
13.2270180827092
13.92759643119
9.06446885783225
14.6619269857183
0.910379807464778
13.6545600369573
3.84917119105792
7.5819899328053
11.7941091206309
15.3013193747029
13.4687880054116
25.1271912595257
10.6107054976746
15.5805811984465
11.9512259561274
12.7230774842504
10.7985706767067
1.7961194382185
13.392356177792
16.9534070650116
15.7455291831866
15.6520499614999
14.4506754586473
15.7507906202227
8.79595087370203
7.9230900388211
5.2470138284769
9.10906032241726
13.5439628835762
6.04486974169914
14.1235122224316
12.6091629266739
9.42585626899558
24.848950933665
9.42252185195684
6.58741447784672
5.28462121454426
8.50000136223976
1.2992062759879
13.1678068544716
17.767719981479
14.2889299197122
20.2150142518803
22.0477323979139
10.0882933103529
9.80098568834364
25.7234763121232
24.6629072586074
15.2797491988167
17.7818155381829
10.6280381325632
7.3008718410858
7.92767827196978
11.2081925279276
15.1193888004271
17.5063459901139
17.7413726225495
14.6894824039367
1.76270058121571
9.92339535150677
9.74746249190368
17.1877136221156
14.1080925939605
8.49887908466198
21.4245115406811
26.9990150816739
20.8841471467167
15.0396718643606
0.694829248823225
26.3124532638434
18.4516857843846
18.501266092062
10.6042135506868
14.6682839054707
16.6489472845569
15.6599695095792
17.7753792112448
12.8194064600393
9.0372388099577
19.3135057110339
0.295353261753917
8.54958011768758
23.8035443471745
7.74671819422494
16.140724089928
2.37870989971347
16.6979344561696
12.046885893466
8.34817348173411
5.60990502126515
17.0282089849934
21.5127611998469
3.01023980136961
6.12890104998802
5.78932764474303
7.41817625239491
4.85956647372951
19.8650771752
5.17622521147132
19.2526667844504
1.95592525337363
10.3350235149264
1.34467664174736
9.58538968116045
3.02270667161793
25.3473621560261
12.749923795404
8.47757161036412
5.50120347179472
19.1609712550417
7.60517184655737
10.4641094296682
16.2456956459209
12.6660933238036
15.00538084656
14.6370248869061
18.1417128677495
17.8058557678014
14.7585279174582
20.5167377704888
16.2257266929373
22.4280377849936
13.0859813836577
12.7887697295238
11.1469685903223
13.9890893828124
12.246054620482
16.4638289228404
15.6771755078807
19.0987392794341
12.5101923697092
7.4338011443615
25.35919314234
11.5196547936648
17.2314326046035
5.38482926785946
19.3002101306952
16.4101316687578
10.0738808279857
5.48956259153783
16.776452306658
17.5577220506966
12.4109568540007
15.8034066436812
19.6972888428718
7.67697483191513
18.0986987659708
11.9371595123019
23.7465198833047
19.7174197994173
15.0998740733767
8.53096216667433
19.8907292680815
9.23941431101412
15.9443293930963
13.2140204776078
10.3531645843759
3.28555471700273
13.3701265091076
17.7331483457237
16.747000371106
10.3218019537993
0.889793713577092
12.3376654926687
19.9729803483799
20.5558928070309
10.5113825564483
6.60932459131874
1.08735745307058
13.8196082246298
17.0066252838205
6.46573994775046
13.9575661392882
10.7155356203562
7.48953223228455
9.64568765072439
2.49737423571677
18.2169378314041
9.92765840739215
15.3466336373283
3.46814520391402
19.6754070464522
14.9445671001027
24.6162008352685
17.1306553995237
14.4975871562339
16.631259676069
4.61044844845121
18.6549273377377
7.618950765256
20.9875604137778
10.5554833775386
2.29502702131867
15.4604705283418
20.0979312416166
3.27604010611998
11.1783433938399
5.09995554698387
14.6334275603294
7.03330384032934
19.6621076679504
22.6770123466849
12.1558124138118
6.55788442400722
6.17166962474585
11.4790700841695
16.325851297006
15.0443234151546
15.1496151927859
17.0235936064273
14.0204993309453
6.1017069267109
7.3381528723985
15.3465972980484
7.60199946817011
9.88231739029288
12.9116344887328
5.15545180533081
6.32770662195981
10.3631853342829
19.2559187067673
17.0595337403938
10.2567286463454
11.3652048865333
8.24942658655345
4.70390144968849
11.0893740551546
20.3619223625404
6.1569563113153
3.86731773614883
15.5599590623751
16.0959250541115
20.6529034534469
13.3449684595689
20.1632999582216
11.4033041521907
17.6244212249707
16.1873999517411
14.1300358430821
11.9920204626396
10.7724528294057
4.33360789902508
5.0253220833838
18.4991670395281
12.9999559838325
18.4503537369892
19.8316341434414
14.2012805212289
0.972610259139484
8.64249248988926
20.3640675637871
3.25083500084987
10.1305487395699
15.5309003777802
24.2525575682521
11.3240770240083
15.6649090815336
9.02907340787351
25.1213676529005
16.7308167787269
3.72241385225546
13.8656371505931
15.0635850615799
2.84609569517988
6.16271318830075
21.9160962849855
19.789528939873
20.2794733457267
13.8312653405592
17.0543605633451
16.567163541913
21.0557697108015
10.9452876495197
10.1672166579424
13.11294128628
4.89215024281293
5.17002462875098
11.8490780470893
14.3043185584247
9.62184153031558
17.5395836587995
15.0525850742929
19.9397218646482
21.5094623155892
9.07190679572523
20.6594045041129
12.7626040230747
16.8271565167313
21.2008369620889
19.0255036810413
11.9941254379228
11.7515650043085
12.6509278258319
20.4911757260561
11.2786732059486
15.7335836673155
18.4739585965872
15.7793175739921
10.4994888349124
18.6911501215093
11.9427986585663
12.3752993764356
14.3413760022931
22.322274860926
21.6213267995045
12.2501011239365
13.2521033054218
19.9895580997691
16.3376593962312
6.98154615238309
11.2783597622455
13.5153943207115
1.84211393352598
10.21649078466
12.9467793357038
13.3618721272796
18.259961102476
12.6048237866111
9.29425999172676
10.8531371224672
13.766789692454
17.2263330762239
7.53044446464628
14.6438459077497
16.4355335058644
1.73439362552017
24.3860714137554
18.5319664422423
15.0744129903615
2.69796537554104
9.11160304676741
21.7674712650478
15.4487700201571
22.0229340567094
7.59260863997042
17.5531774526462
16.3016715133287
14.7645180457871
19.4510501576588
15.838397317566
14.0158850996316
12.9628168186173
13.9706653542817
8.6306455777958
16.158021427691
17.0384143529926
2.98170417081565
8.12649480432221
1.05108208954334
3.35476745385677
11.2033508620394
8.62045683898032
5.0938757768545
11.466750853949
14.4554638769478
26.8974920269102
13.4852333925664
8.96548900932467
17.2141396440566
3.8421391043812
11.5543320469331
8.97022350691259
12.5712067587301
18.1920604081824
14.9100810061848
13.348105060868
22.2243762342259
7.95431563165039
17.278816178441
26.0850155493245
5.99249728029626
20.0121195288375
6.2607406487846
14.5212625386193
10.7157326303422
18.6333578857015
9.2970015713945
14.5161615684628
6.28720172680914
7.90647456888109
8.96446466878285
21.3880165480077
14.9232080872164
7.4561872985214
19.8535097995773
19.3156296154484
10.1809636689723
8.96274678038703
8.98218347735275
11.1262830672786
9.7981004825091
4.66824217707858
18.1067676874192
26.3505649752915
6.12378259920488
15.3830728493631
18.3272518751305
13.0381972761825
15.3890907531604
15.2260430637268
19.8422980727628
18.9083852236429
4.79030448477715
13.8997236976165
4.60956207671889
18.5562835074961
27.5038167834282
12.5045439760325
15.3093540109694
25.9656249778345
7.42756657829602
14.8008063901216
11.2402993254364
7.2455771965906
16.5541988965261
11.0939467443181
4.378699879676
16.8694292893633
3.53889469988644
28.6598744103685
17.5406537950039
12.2702824417502
10.5439088525694
11.0001609893516
26.9346290733665
9.59583262447268
6.22110961258734
19.5849641691893
20.9978054997947
9.8770755623502
18.7483503292661
10.6214424828067
10.7428051996976
10.3771700764945
15.3148194076493
12.0401775930077
16.503092343919
0.716232232475832
6.12231206614524
16.1339813610539
11.1172940349206
16.7967860819772
12.8213291662403
7.13837249518963
11.2024749396369
6.89366032123449
5.39758682716638
16.7475784265284
14.1478697070852
11.0815206542611
16.8423506198451
14.0597963240177
9.23559635411948
17.6412952132523
6.30179981235415
16.0677491221577
5.46070751734078
9.00684895459563
16.2180425320297
13.0082728806883
11.2227648729458
14.531460177379
13.0788136950096
10.8382707705456
12.7469812381435
18.7418293207884
8.39521461166441
14.7441998589784
9.77305577868916
15.7208036769059
8.97490433417261
13.4253359568255
13.9044180046767
16.2341707372665
11.4500519121066
9.5863935071975
15.6337872613221
13.1156369345263
18.8287201570347
13.318057754077
22.0273122889921
10.7220500474796
14.7944027325138
15.849208808504
9.46987133938819
6.95453295484185
8.80249708944101
22.1062614319614
25.2028189832345
4.38042781315744
8.87491216417402
14.1147394431755
19.6514578536153
20.1169486157596
11.5926243830472
15.8532055845391
8.92081530764699
9.05168724711984
14.3724936293438
9.4291576417163
13.7935382684377
11.5990449557983
5.55968752596527
15.7449115999043
11.858169734478
6.17693332023919
17.8667227039114
8.56745976489037
13.4350570384413
13.6556913377717
15.2012057488631
11.1325652105734
14.4272850360721
6.51240791194141
16.5461238473654
6.58864410932798
6.71408276390725
13.1144911982119
12.2284145821671
15.0591708021238
11.9286330834491
13.3426488377154
11.5567665547132
11.0124579397961
7.43834301714791
7.16424989514053
3.2222242327407
6.29997114130624
10.5872425736359
9.62658373149313
10.584950256322
20.4053636553814
20.9518608869985
20.2476588543504
9.70771147403866
12.1624730198796
19.5536127742054
11.1619290430099
11.2951765535399
10.0460247602314
20.3555475454777
11.8024270050228
14.2292158678174
6.40952503308654
20.2383823227137
13.6590893662035
12.3043363913894
23.7957438267561
0.290353205086099
2.40118931978941
8.47373947035521
19.8269871994853
21.0347873158753
9.8985435673967
15.2225867909254
14.7231820737943
6.91538412274941
11.078500596259
8.29650785308331
15.078177610634
10.9665762117033
21.018788125366
9.39286907669157
12.0607899269089
12.8487940644845
9.53261546541022
14.9489670293406
22.8640579152852
19.4362998272788
18.0528126193547
7.30278135910425
13.5477283798394
11.1047711223364
16.0528648175982
18.2390489382669
13.7723602354527
18.3763055596501
8.95699306856841
22.4123091902903
16.8458747478594
16.2831250345334
21.4283748762682
14.4697764422745
11.8650787044317
8.96719065494835
16.9446444786017
17.3109829891473
8.01086515272283
11.759893479757
4.69056770671159
20.9478928940371
5.89895604643971
9.11189555190504
4.55511691980064
20.487892953679
24.7153484262526
23.7620420055464
17.5101092085242
12.4867518432438
22.5630979715132
5.83183763083071
8.4666938520968
21.3159946491942
9.64208597729254
17.3490432323888
9.00966888293624
15.6970597570762
25.578540059723
16.8699665460736
12.7530644182116
9.25547720791125
15.2631565229967
9.70097139943391
21.4021278488426
6.60395848579632
16.8765187961981
24.3943439563736
17.9870178224519
24.4964350946248
10.8702696161345
13.8037022203207
29.4301469810307
10.1564930053428
19.169351272285
10.6905278658391
24.5842934818938
3.21031350176781
22.7422212920745
11.190990315637
10.0110995350406
11.4124589366838
19.0244167180744
4.2922024615109
17.1037654930188
27.3244469659403
11.9881677463794
18.0835718289018
18.3759230654687
11.3290258683264
12.5863580517994
3.70409377629159
20.5342581495643
7.74887506034946
7.822943944484
22.3430235637352
24.5883599389344
8.67429436184466
2.27856859564781
15.2550295228139
17.52912432421
21.929064316721
8.25055604800582
2.27894042618573
16.9410249720274
18.4805772732943
2.25294528063387
18.0388643261496
16.1069232533344
11.08797066845
5.88672140147537
8.78238189034164
7.72046681959182
13.3610072312877
21.1710141738877
15.0351047515869
6.14730578381568
11.3714145263657
2.66366188977369
7.78725634024322
9.33150153141469
11.7226247352559
7.05893374557648
24.2285048493971
10.462259198539
13.4059911360964
12.3408694663977
14.1099707921967
17.9832585155964
3.01857411395758
21.1648589000106
15.197025728412
9.64105648454279
5.03011744003743
22.5527521921322
20.2350222375592
7.22370813600719
6.21651619856632
24.3140272563323
6.77741371553125
19.7150805033743
8.60227246303111
10.0629085745021
4.08390799737383
6.7319045541808
14.6326188929379
12.5193328638582
8.85727091226727
12.9393596268277
9.29649563040584
15.8072986640036
16.5976861601419
14.8056373698637
16.2139105687246
25.5143749760464
27.501155436039
5.67141547281455
16.0937801003456
3.11961408298632
17.7177018257158
26.722624944523
14.282247830109
22.2885724157095
14.5375743275508
12.103633582592
13.209953578189
19.4234520662576
14.2018961487338
16.0894567612559
15.5899244360626
25.8184551727027
22.7916697273031
6.47441500332206
6.72320389174768
16.8761406165212
7.11908712983131
12.9488601003052
14.10599113442
12.8682842012495
18.6860504327342
10.8276946358087
5.31313770035105
3.07393257627059
13.997441297397
21.2174045154825
15.4701330466196
14.6591902943328
6.17675928136378
12.62213869486
12.5585539266467
12.6103510278895
14.8040213622153
4.3852799057619
10.4285327543641
8.77948219422251
8.99415044388131
7.50266637911259
4.89613026591668
17.2060881909271
23.0329775717109
20.3435884555802
15.9605274209753
11.0355154145509
12.5542926834896
14.748402684927
19.0792276524007
5.91509502846748
12.2805471030769
6.61166149955798
8.63095901440829
6.52587106451392
16.8315721210092
5.43078227110291
21.3064088951796
4.99747377098983
12.7975787967443
10.8236225321889
21.2694250047207
12.28754138574
24.7281573712826
10.198349120494
21.1639350512996
22.6126384455711
10.5685984105685
15.1563424151391
8.31046511884779
16.3465267280117
15.3172981692478
13.1223187083378
6.37730101589113
1.51861833874136
3.60023856628686
16.3616690784693
7.60530055181597
18.98034340702
12.2777045970077
1.41452930402011
17.2944229096174
11.8538298876956
13.7216948205605
13.9749525580555
19.7391926543787
11.6320029366761
4.1486922613423
5.94247302506119
18.9240788575262
9.87415888812393
10.9035499243893
14.8724763421342
18.7402012059465
18.6158061493188
23.1403160141781
23.0454420205206
20.0114888971977
17.1595704974607
17.5270366290976
20.0463600689545
14.9423844364414
18.3177744233521
7.99263203516603
13.6255379300565
22.6526894357357
23.5195084474981
18.8751542475075
19.2950901109725
20.0687389355153
13.5156105433726
1.78218108638511
17.2327248146757
4.03107691090554
22.6226701168343
13.880323828198
14.7913783410292
17.8379504708573
3.11527757918619
5.16067583145935
4.59056424451175
21.61945104599
16.6203864151612
6.92087358329445
11.2803782238186
23.3245255192742
8.28634483921508
12.4334465712309
10.6277743207031
15.6073969090357
25.0245361123234
22.9020384373143
1.52447721920907
12.4605711083859
7.44477403350174
19.5988222432899
19.7237418731675
13.6999956564978
1.10850571654737
15.0171301094815
17.8299285471439
12.4443218111992
18.6767849605531
20.2890506247059
25.2447705483064
10.1889643119648
21.5240121819079
13.0596648620812
7.7974651940167
15.2555927168578
14.3236975884065
7.94378367718309
10.7228225329891
15.3384803095832
1.03636484127492
15.6824658420975
19.5970026494973
13.8721775526279
11.8197717238218
15.2048311056764
13.1341631534249
4.23173292646615
9.38270089682192
10.9444984002039
16.5421579345605
3.06875186506659
13.7869291928891
11.5249281000391
19.3056276300922
6.22762197162956
3.96107281213176
24.425857886672
10.1882253075019
15.1325802663652
15.2141316793859
12.5500480178744
16.0317878704518
14.5874367168637
9.1250886907801
1.70404288928882
16.0205074353144
16.1699444521219
5.6594085632747
13.301573577337
11.8886566953734
16.9798698509112
11.8687089156391
22.1293257549405
9.35349899809808
13.9160417718813
18.9237937687864
18.699059006758
7.19614403325517
6.44487329904991
6.31900522885675
9.96551810418213
6.30460607353598
15.5326972295908
19.1521652275696
13.4079665406689
9.11578808115987
18.3734933380038
2.55006451438079
6.91496643703431
25.5972244776785
5.04969137454835
5.5760377086699
15.3309718007222
8.52007329026298
9.79641252197325
13.7362173682325
10.9569526895432
19.0021963091567
24.1121035302058
9.55955432727933
17.4038815850627
15.7194265790546
16.9788262574002
26.7988331150264
14.0289830742404
10.8350486494601
12.5802068926153
8.45710164014679
8.67270603455005
11.1325450801837
11.5751865087077
7.35452598892152
17.7866034637037
7.29620619677007
12.3193978868432
13.1162991281599
15.3450101613998
11.9186100084335
11.5796732250601
6.75692523363978
18.5576083604246
10.6342375437408
9.4394199231059
10.3935508057475
17.9084481205791
3.13125837128609
5.60913227964193
21.6334952739999
9.27080884460204
12.2413061093539
9.43436024244875
7.52381035126746
11.1832172377035
22.2611875990558
7.81565421547972
23.2326356698834
12.2188974637538
9.07925295177847
11.1602354329079
13.9010905055329
19.955478864722
13.1539325695485
8.03387626074255
15.0758987525478
13.683995231986
7.96779528954035
9.92258751703498
13.9841187213176
14.2899002090432
22.6377927232534
13.3517062757164
7.72446563933045
11.9798215694431
19.572582305409
19.4531195388378
18.5429343488067
16.2903011776507
9.89566997159272
9.51691357717802
1.41090764664114
10.9640514245257
19.9528175871819
4.94026468700831
6.80284495465457
16.3618302716891
18.1348921498284
18.7069374602288
19.691640813835
20.8859365200624
2.54418067634106
24.9580456642434
12.4150482937694
2.69675771705806
9.73868012921475
15.8812570851296
16.3493544561788
21.279426314868
18.6117966804851
25.942981755361
5.18351415595935
11.8614294333383
16.2354470230639
14.5277935313061
20.0879098614678
14.7165838662048
9.59683474960529
10.7020457518813
8.0986172426492
12.0805907994509
8.51990971714258
0.600289483554661
11.4320239052176
23.1114416616037
27.680503600277
14.6786582029265
23.7251554382965
9.22396974638104
7.50352169212766
12.1260849526152
16.7987908003852
2.26205780385665
7.18334873672575
12.8038992384389
9.57347992807627
15.4132124036551
21.2556646438316
11.3975835747629
23.9572521299124
12.8535321337716
16.2998874206096
19.1954605281353
10.6180053333582
24.0343939047307
11.6771795321256
22.7189481051863
8.98716702565857
15.4451702488586
6.91932428162545
20.6724068382755
12.5402037287131
15.5125722521916
13.7198691954836
11.0265079243044
18.6964540692507
7.7727701049298
26.0617584222928
2.52889182959012
19.5230287732556
21.0669204127043
9.42508971822783
15.1858500414647
8.46896950766087
5.44028240256011
9.23861111404335
15.5027905013412
12.9823461873457
17.6684805890545
15.8153179800138
2.29131421074271
10.9397059772164
15.9098591378919
19.8585411300883
13.9022195711732
9.84129123389721
11.6107857320458
2.8492872370407
14.629630302079
13.94817857268
11.6278606752794
4.0511008575023
12.6010711770505
8.07372819012551
15.8681720960885
16.8984541203827
15.3535892488435
19.9795087309765
7.08130111452192
10.9870670652567
11.4676619822791
5.75008078012615
4.03831029835815
15.312057803385
18.2617381215096
10.9594838579953
20.4241532832384
12.5693112844601
14.3666359595954
19.4696554681286
18.2631285162643
28.1605870462954
15.2628652670238
10.2870389700855
23.9085764391348
8.14546230249107
16.0797300754569
15.3662566794083
12.0753824012354
1.41203275416046
21.0380654003756
10.745271272026
17.8310718620196
18.7499091261998
17.3880261136219
23.3354805503041
18.1146399583668
12.0584945194423
17.4701361451298
18.3396073523909
18.6648928285596
18.1093343365623
21.0037784185261
0.958806648850441
15.2895617298782
10.3393190380582
13.2788149639964
11.7124171413698
16.7139017797516
16.6805585613474
8.11147827189416
19.2202149890363
16.0461692605168
16.7919408995658
15.5253148331357
13.404437821735
13.536074857014
5.02138787414879
0.0109809874161667
17.7759129786864
7.63413421809673
14.1553008463234
6.39935669645109
0.871033221483231
18.4121461585164
22.2386106150225
22.7909438312054
14.5697393920273
19.0540114417672
8.74275595415384
12.1238539943411
12.0045823743567
18.0492090012227
8.21796506643295
17.2663908086825
21.5659481706098
6.0589088127017
5.5620715720579
4.94723867159337
12.9261082969606
6.33844858966768
12.3639207234597
17.0901059871539
12.4398372176445
17.8849234012887
16.4669630117714
22.2522686235607
11.1702398629859
15.0375722208992
13.9247646089643
18.7293127877638
11.5248975738954
8.85620829533498
17.0004387618974
27.0045197336003
7.76467961259186
4.61178210098296
16.7379986261949
3.09616516298708
15.1376135880128
23.2860650867224
11.1561254167247
14.6283029112965
19.5420950418338
6.54154657041165
4.41527898738548
11.1802730010822
16.2237657932565
22.42476134561
15.2411747723818
15.0808022215246
21.2664470309392
8.29288517243785
23.5232283128425
13.9145464403555
20.409129280597
17.0704463886434
17.6840920234099
20.6773880403489
17.2679341165349
15.3063508764341
9.24250276293606
13.7345746937373
9.23954880649321
9.96722059636269
3.33063218276948
11.0512894964769
18.3841428020969
23.8100637352135
20.9979587001726
5.81307043321431
25.1978780608624
18.8238822569797
15.4112118296325
7.3782765715247
11.9918372714892
0.260822610603818
9.43846474401653
10.7203267724564
14.773258427158
20.1614666264504
1.96233103916807
17.1069367744521
10.063539352268
16.8249821756035
14.0711388158593
11.0975642921403
18.4955946635455
20.7457170123234
4.77504173759371
17.4613469280303
7.21586933359504
10.9614048153162
20.7006487814226
23.4016553371502
3.77350049093366
9.85675267924595
13.9989157672008
16.3772267532362
3.76147261403644
11.1311100656167
17.1612052246928
11.0606313450262
3.8753559168358
23.6482063541189
13.8787978794426
14.7635426858672
11.2270521331078
13.7044768923561
14.1683109803125
10.9963148133829
17.4307599198073
12.3339758836386
16.4869982050732
8.42451145941556
11.0636330442503
0.853410226835087
12.0424891846543
13.83935904596
13.6898827408317
1.63333821110427
21.1943698814139
18.8730619322776
12.0903020181753
12.3542024839124
15.0020783534274
12.0472000679001
1.86333276797086
20.7025345880538
13.5934460127898
20.3793458873406
16.7595685925335
17.5335242294762
11.1738456858371
3.90201180707663
16.4896316239751
16.7922631837428
14.8461025823824
14.3357806642324
15.3661673352917
12.5631870469078
15.6840903218836
0.666564865114024
20.6551252165809
19.6067111897518
16.8908478269407
20.7289346028119
9.20608721207827
13.0972042401285
17.1703640837222
15.2475432492793
14.8917754879221
12.9669977584854
6.44266672898084
12.6126843970269
11.3327376078814
15.8266567159444
15.6785892089829
9.16314802548713
6.65469749365002
12.868827926653
13.2873416402856
17.7371898756762
21.0542471613735
2.19945798162371
23.575574439019
10.4189399439415
17.7096597151831
12.5364286126569
26.410718774423
15.001749991152
17.0924928970635
13.9452717965469
14.8050108181584
9.23347440548241
16.4196855854243
9.10811282228678
3.49209292326123
6.27401922829449
15.8035089960322
18.5680143767968
18.0435414833163
9.26862430079495
12.9309949232265
12.2034073807299
14.9520531224469
2.85188357811421
29.0369285736233
10.2535292770265
18.954094289802
8.6144611596968
