"x"
23.2364610303193
33.4517634706572
30.4245920153335
19.7889097966254
22.5280635990202
22.3715183139461
16.9639388099313
14.0118325220527
22.8279446484521
27.0989792887121
15.0923134181211
19.7301959153265
6.83961920440197
6.6539616326704
17.6058582263067
20.4672300489619
15.6495101982728
18.8354811631143
16.3321976317093
21.2934052338824
13.3726403815672
15.9549089847133
16.6806198190898
22.7190255187452
16.2055399014772
10.739824664779
18.0801664568997
13.8228527968749
24.889368750155
20.6794379977509
21.2357302661985
17.5800592981699
5.01731943804771
21.061589079909
8.77870325548732
23.7361732404679
22.8646203157719
28.7095926702023
18.9325551502407
19.2240629345179
27.9243061318994
11.2842248752713
23.0832084314898
28.9916434790939
29.3966281926259
25.6068491842598
28.9454007288441
26.0456955758855
13.7806433087521
16.2293144501746
13.8388512423262
33.8320724666119
19.9844463495538
14.8815454915166
15.8092139288783
21.586178522557
15.2034460334107
19.3204680224881
9.70907274167985
10.3319009188332
27.0090410718694
23.0683973291889
13.6345219332725
22.3296798532829
5.01588387414813
14.6400248463197
20.2578793512657
22.2449280787259
25.207031192258
28.2479986781254
21.3913321495056
25.7935342844576
21.5912340441719
29.3071916708387
31.2306788749993
14.0833710120521
19.7135662892833
15.4485777884597
17.6504313480109
21.4939866680652
33.6581303970888
18.4969453446859
24.5467820670456
23.8668906269595
25.6615752819926
13.433315586027
16.6704033320926
30.4693881655112
16.250724500994
20.3684051288292
13.8498688885962
14.6074453601614
22.6709586102515
17.72014668677
25.7965346332639
19.7976761031896
27.6485527045104
25.4844946553931
21.3874950772151
21.9138593921729
17.7730805007741
22.6563024101779
30.6102699367329
27.2015810245648
36.1873726459592
25.5785691319034
25.9614950764411
28.0665352707729
11.5066944542963
17.9101204640445
23.8951774546877
24.2723256896076
20.1299536740407
30.8622512733564
16.503515932709
21.6946583008394
23.7610138719901
12.6534892478958
22.7613381808624
20.0579430209473
20.1982126338407
21.2191593134776
27.6317293988541
19.305537850596
11.1582462675869
13.459084371914
25.0595919089392
27.2357913898304
24.6273973956704
3.77364298328757
14.9087345716554
12.8707989817485
17.5609738253475
19.8681060690433
21.2678913027048
19.2326529882848
14.1305107157677
22.9271527146921
31.6240194486454
19.8242640355602
16.991538205184
14.9362264201045
29.9801791086793
39.3995648228979
19.4887570571154
21.0272315191105
21.3004833785817
25.1050441991538
21.7346215387806
10.5340381840355
14.4836545921862
21.7591247901468
21.2203369941562
23.7748637346097
10.3837899630889
26.6156903002411
12.7214733976871
21.4564287103713
17.7212436733929
27.5435383198783
20.4846817767248
26.5496676787734
23.5859089058042
10.0602152757347
19.6131826192628
26.369845494628
16.8063179356977
13.550767977722
17.9045767523348
14.4830211262034
23.1292071638288
26.6980109503493
20.8704135380685
32.7962626470253
23.2336030734782
23.8079463597387
19.7903826832771
20.16690190908
19.4243355421349
22.0936473240956
15.2498230991857
10.9335730550811
21.6197829227895
25.2566807437688
12.8469945441092
21.9801047584042
20.6278061261401
17.3272520769387
11.7573373951018
24.1508054081351
20.0748048489913
12.383459117753
27.1447570761666
13.9551264001057
14.4506319426
12.7089721302834
20.2052676351741
19.6093400707468
32.07117842976
7.38216075905113
19.0557445624709
16.7698730481789
26.9473954569548
27.8065184131265
19.0364259760827
16.5425902873978
16.4945959673584
27.0044951234013
19.5395577565019
9.90441800095141
10.1267150603235
16.9131474802271
22.5095573827972
12.5272521185929
19.0081346547231
16.3393157518673
18.7212899094447
18.1471183663234
18.704485793822
16.8544307816774
25.2943539426097
29.7918360447511
21.5417132247239
13.7767452048138
10.493404045701
32.3370839934796
7.4346738634631
26.858354662545
31.2353184679523
23.2075608335435
15.0361869949847
25.3216987475753
9.51234581880271
18.2331875199452
9.91576255764812
19.8770909767706
15.9716814057902
32.9575570300221
32.0521884597838
12.9040412139148
13.5461265221238
6.06026444584131
19.5803039707243
28.5552554531023
18.531158962287
21.7306135920808
17.9824150712129
16.2365096386216
9.57123045809567
27.604090445675
18.6614548321813
17.9667131043971
21.9091799575835
16.4902861462906
15.7713793683797
21.1963883050114
16.6368670994416
16.7425069725141
14.2489662161097
6.71571535178339
19.6286394959316
25.9758384665474
11.7325723404065
17.7132786484435
11.6710691014305
16.8924749130383
20.567337423563
24.3918836582452
26.7354448325932
19.2141893319786
10.4735553730279
26.5436974586919
4.05579432845116
19.8406510287896
11.7423086834961
27.3263692855835
23.2514133211225
9.17106566485018
16.9220285277391
17.9413905134425
19.3397449562326
22.1482397988439
8.72454242780805
16.9350212905556
20.4934261739254
24.6095370176211
25.309931463562
18.6943471897393
30.1621579099447
20.8918130478109
18.041169620119
21.3842574972659
32.3934038402513
26.7886476591229
26.2792316963896
19.6874287910759
18.2965132748781
16.3028332637623
3.56858861632645
21.1912795435637
11.2303870730102
20.8597464486957
17.0713353669271
25.2094692579366
22.8190080728382
13.6847257995105
18.8864133087918
18.404705892317
21.1974360281602
23.8501199288294
18.0417724186555
23.2154121156782
11.0180417308584
18.4369296068326
14.2642951249482
23.176561226137
7.8200610820204
12.2516942210495
10.0821361798904
18.275182787329
17.5274881534278
2.31019979199846
16.6717996820807
26.1892147362232
29.3230006628262
19.7085067164153
10.7799239078702
9.9399259313941
18.7741906382143
20.1761029893532
19.1993647432153
31.9367514923215
15.8669837124468
14.026318397373
18.8048710348085
14.947021981438
22.3889277549461
18.321440089494
25.3955877618864
20.7795615540817
15.098804468289
26.1938579283835
17.4057275815893
34.2608163831756
21.0894173244014
17.9478334030136
18.7762833898887
14.619264844805
21.3701051194221
29.9734096508473
14.3403481924906
28.5437044687569
16.2110675462205
17.5656362669542
30.1391195738688
19.0334054874256
21.3150436291471
18.5123606352136
11.9672056054696
19.0377532504499
17.9967293981463
15.3982028365135
21.1066323565319
29.0689674438909
22.8060634573922
25.8814194472507
31.2335022957996
28.4420868149027
12.347859563306
13.0535871023312
21.4972028268328
24.6015056269243
8.40527731925249
15.6026372648328
15.6327167991549
20.4506952082738
16.2370217265561
17.4923660932109
19.0676884958521
16.3336876040522
31.9247602019459
11.2239820164286
21.579647087492
29.987035272643
21.1603550473228
27.2093412466347
17.7519770286034
26.0684431297705
19.7125601116568
17.7278846967965
23.5808663535863
31.9529242725462
17.2244317566093
22.3461578600109
17.8554235724732
10.7221459038556
17.8254342870787
30.2301043411717
14.5813088631257
22.4850364262238
24.2542510852218
19.262297754176
9.53324437141418
24.2391396313906
27.6236506178975
15.9493124578148
18.5962575254962
7.26607155302026
13.7262728414395
20.0825335543995
26.0425960412249
24.1671604337171
18.5044534271583
25.1840884564444
15.7844530025724
16.8511777918397
15.3627085610087
9.61474890774292
13.1396392515104
16.9687929796055
24.9315230541855
17.5486356228235
13.9044722076505
21.1362336055065
24.0023632142598
23.4233665745705
14.8713797098026
27.7766122482717
13.8057705247775
19.2629491029861
15.8079389715567
8.13526883142919
12.200605054386
15.8490526024252
8.89224282000214
19.8573356261477
28.0780747765675
17.4263225169852
25.6063217297196
24.3547820253298
23.3247453594085
21.016525127925
22.665837709792
34.9546260179436
29.9496469087899
16.4379364112392
16.0064221126959
28.7502793828025
14.2294522607699
10.2595108599718
15.159119409509
15.1406025979668
23.7531939521432
13.4184385169432
23.7049866002053
18.1973602526133
11.5737163694575
18.6336403945461
12.0340762427077
18.2611914118752
22.772686323151
22.6367945317179
26.3619317774202
27.6777688181028
17.4220943823457
6.75657049287111
24.9806264182553
23.468996072188
11.8626580107957
17.8414299152792
21.9828607747331
19.788137132117
30.230632936582
19.3717739582815
14.1319715417922
17.8840643260628
15.1426071766764
28.242096840404
25.2081476151943
19.5655583404005
25.9741090703756
21.8461950111502
10.7618231311422
28.0180626615499
21.5280330041423
20.1852173613377
29.1957408189774
12.8828270127997
10.0403310899698
19.8566583270436
13.3698786926262
15.4786047292873
15.8980870852247
24.7450505383313
30.0406988710165
8.07430068962276
12.3456494649872
25.3196818986908
27.6146397227421
19.0877238754183
