"x"
9.97775214824355
0.854098843410611
21.5761628977849
6.33148545097643
6.37066883495264
4.72362930886447
10.1112521659155
10.9235643586841
1.13882087171078
9.44901082110557
4.01716688090119
5.95681106430964
6.74776459117163
12.3856351807308
10.1091936080145
14.1466496046633
13.5145080741495
35.620169294998
11.4283122587949
11.006798686893
9.67597888925033
2.78774481266737
11.1684711184353
8.56151726308434
5.80137587800408
18.617999797861
1.89088461920619
10.3017039296754
1.27549958415329
28.450574958697
1.53001636959162
20.7492299167483
2.68430700525641
2.38861244196344
9.74567220546305
6.39818087220192
16.8602183926851
17.2778550742581
16.7747615370899
10.859390348196
9.55377747304738
9.38913468174059
15.6184936155139
10.6655466108874
6.286497145135
8.00803479901221
6.3480933516055
1.97224507209441
1.64842125959694
10.4569328017533
2.86491876259136
38.8585114385933
20.6979198381305
18.7489773377118
2.91929352097213
11.3852643407881
4.6230782289058
11.6722650825977
11.5828740962671
7.69380485603344
28.7703946210454
12.9282962196302
4.41641472280025
1.62732372617094
23.8132760860026
15.1908978354186
3.53517178446054
9.42477325660829
2.77316387190733
1.78878298029304
12.3592881572184
13.6647042352706
3.98845332676679
9.14505235850811
20.5018146894872
14.0157002490014
18.5312111862004
3.18402643315494
2.17698430642486
4.45694955997169
1.14557924928366
11.201351089403
12.0278536807746
8.26888219042162
21.379050379619
4.69104329405837
0.597972655668855
11.5162363878126
3.32149846454598
21.4394524693489
8.01196380340424
4.3267457280308
14.9827498942614
14.8342561791936
0.734063796699047
11.0366666505387
10.033293068409
21.8733157751725
11.4780759968059
13.9886206698774
6.17444063536823
9.44682601839304
8.38677240535617
6.46779182427501
2.32113474048674
5.50363692454994
16.8452714104205
10.8951684087515
7.77238789723606
9.57682719454169
22.1338569652289
7.02182371051938
12.2444938868284
2.05749301239848
0.107413164375624
10.4707112070173
19.0644831169562
12.1349317021668
1.12674025308344
11.4983971127345
5.40661197155714
17.2977328308307
6.69680535793304
27.2102772258222
24.3825762532651
11.0291119199246
23.6754171271773
11.7468763564654
4.03943979795514
16.9227221980691
7.98570583574474
5.80657515674829
9.72656612284482
12.5273540176528
6.872429093346
4.72847861047468
2.69534347593358
6.53991396538913
14.4888628274202
4.67389849480322
9.7941402580139
3.36153972893953
6.89705945551395
7.57578082667433
4.04985202476382
3.80841674758154
2.96418487602851
28.4457663905962
9.62005546316504
18.0467575089915
1.68908688635934
8.27773467528593
7.32819787226617
0.233721034601331
17.0560059733314
6.84165665879846
4.11540060304105
11.9258034974337
11.5273885894567
14.4751684431541
5.16734062694013
10.5595540459334
10.9070127817356
5.46310806944588
8.2003124667536
13.333713170141
23.8332023378462
5.94352106563747
3.60822873190045
4.89596766419709
6.7892296705395
23.172420741159
23.0914422328418
8.22611173036861
24.0453343838453
4.68579190970594
9.00356653146446
13.7183297177296
1.27019570209086
5.179288610816
0.306334670189437
18.9686764962971
2.88232063345331
3.08947164226405
5.41181522421539
0.678769391693563
11.7800390133453
0.683092512190342
25.2097913842014
0.778228377424818
3.29775548329071
8.06174318872215
7.21504177392452
13.8611591421068
0.355072051278311
17.9975573376837
9.1152529232204
5.04749575966823
15.1299575343728
1.44618872224455
2.58624241687357
11.2322386241881
13.2613701779109
0.148364902119882
2.74881698459855
7.17739849351346
0.953555489985349
5.33568090759218
5.98667459562421
0.771358842030168
0.84314333976781
3.04744732566178
2.04105139710009
1.01282182149589
1.30650705959124
8.15436271950603
16.7418394711515
8.01632693037391
4.71036746470238
3.47072710402512
4.870754115796
8.79955017007887
0.0485935701096445
4.90831495816859
0.403311289846897
3.45083363354206
6.92357939579606
13.4776738009519
5.57838515378535
6.28906040517417
10.3473887778819
6.73029624545575
26.2457564938813
15.1849176182646
3.650095545567
1.83190124307618
8.11721502606866
22.1241087279189
10.2259449195117
1.00486939772964
0.28521902859211
4.3094397874563
3.45329060219228
9.60750648128254
9.02719422390416
13.23894825764
15.9526043571532
5.03500161801431
11.4444232916279
8.14265897497535
6.33318549953401
5.96940863818955
9.96171967126429
1.19570821260866
3.28469281084836
16.5297405641812
13.4676866440724
7.34830395718941
19.6169034196998
2.83958124928176
4.90983161143959
4.11627431971734
8.20303411091915
4.70930662673832
1.32104773074389
7.14087947271764
11.7225693153364
12.1137036440353
5.15195846694333
20.1002922898421
25.119288591668
7.76373082771897
2.63394205830991
18.2029184885323
4.16464651934803
10.4227317031473
15.9094157163054
11.1989014930072
18.3793929871172
13.0298189353198
2.03276880467716
4.45408737507469
0.876663019880652
14.8724877275527
5.75796416960657
5.50677119754255
15.1313550304621
17.5729655323352
11.3656163597604
11.7709682323039
4.10750885494053
2.61077298782766
19.6026240755895
6.57035089097917
8.44169715385884
12.3129044659436
3.21774776093662
5.43120778924721
4.26492793485522
16.006247792393
3.67136588320136
0.628538196906447
7.78511110693216
14.3453752821771
7.42169809527695
1.75476325125974
0.0659710555614642
3.56683024740311
19.1966002026764
19.6807258317486
7.62521685101092
22.2238272428513
16.2692500776989
22.5392646156251
11.7966527119279
14.3667900003493
33.5794018282136
3.60796586610377
24.4274230208248
14.6615027915686
3.4778235014528
3.24575011618435
1.84019449350527
15.0813732290616
5.62037210911512
16.7219144123704
5.26932310312986
0.245619082043775
2.7501739818354
4.55046286806464
17.2940239775926
0.662951345956814
5.73959378724912
1.12688718363643
22.5695087108761
4.84998282045126
2.99395872280002
3.26546829652532
9.86306839622557
0.797722745643395
1.98398954235017
7.40994759835303
27.735107159242
7.08047589287162
3.28147700056434
17.635853858909
16.6788145899773
29.2337851598859
20.1318446081132
25.191516915894
21.0792422294617
18.6220848462838
16.712485300377
5.35692692506289
17.0819845528245
22.5985920522362
9.42064298785514
1.8831389490515
12.9767520353198
10.9370965510607
0.0918853711875733
8.92689488563116
16.8296196032315
4.29840194992721
8.02591319403348
20.8416653717903
14.876695163548
5.47918181500924
0.067023653537035
15.1375052800035
10.9769236222675
2.28274166584015
13.4500010404736
7.74591392837465
5.46363345347345
9.17553509566291
2.21051244521277
33.129471540451
17.3541086067652
4.74295794399752
0.386423012241721
5.18932766355469
5.02660793713704
0.481622572988272
21.5154323261231
9.37652126885951
8.0058432649821
8.98709348402917
5.06818625565435
3.99054022403255
6.95510392119398
16.0973940044641
11.7121927440166
3.26616601087153
6.63592517375946
17.9294832516462
7.70817402753808
5.27016408741474
2.30308825757568
4.27024002281082
15.554310990127
10.4202795921936
3.75370811671019
3.23773587185689
8.49758968688548
13.0171378042489
12.4008615035564
7.08742593473539
0.593761075288057
18.6797966714948
0.206735779017833
3.37240966036916
0.879886665704104
25.9810944087803
11.3802167586982
0.983615685254335
4.02857657383327
2.92898004191692
12.9572150566348
2.28861074771355
7.67229679040611
3.60542787238955
21.2053118739277
1.86875061569012
4.21034196724005
0.361284939572215
9.13288076890655
8.83586679636668
12.6109032426029
0.524171674624085
0.560015462305546
17.9476084003349
15.1639678049833
11.6225061472505
2.74071209132671
23.4702781002956
22.7239545702906
9.65693570760411
0.596916494547421
5.8357223811842
6.04315581532728
2.70574977621436
2.80003283357254
5.18551994066966
16.8682918418199
21.4919011707713
20.0206905603409
10.5015266221017
3.96934764035988
14.868900179863
0.796745298430324
5.43208818163179
6.58242669887841
16.2695600193279
3.48982178391337
13.2940062325853
0.752582680433989
14.9727311916649
5.63580091111362
3.94094323706356
1.47148267045492
4.3374372400566
13.1293669808656
8.816050511685
2.75488030165434
12.7060036640614
0.26606353931129
2.06449152901769
8.42338097281754
4.19469363987446
6.52373100292288
4.02497474708482
0.596015341579914
4.14638891816139
18.8896211508487
9.74563504569232
0.320356958831599
7.27391259207649
27.1376565098763
4.38736374489963
10.710039222613
1.34027330204844
6.83704188545444
4.19920450005117
5.13795857866467
13.6212978046387
2.06355252303183
20.0257730586773
12.9240808359512
13.7203140649945
0.129460867400267
11.2280969507992
5.80082832790832
2.03930971081989
4.4248778659181
16.2484685116471
2.66606708845829
10.1847919169813
2.14301345246473
1.71536622462356
