"x"
4.92502062115818
9.44413922261447
1.09130125492811
6.40003506559879
4.76603250518409
5.26497643440962
4.74087995523368
7.9963964141846
9.4229384791106
7.80038201721744
5.40158902157618
3.78788455855101
3.25275058858097
2.24309202289009
4.88211349584162
5.58197387961198
12.0726921612293
3.09901440691778
3.55146466318736
8.19794991984963
6.29317287306209
8.75664202030748
11.2543719505042
7.86506518098623
3.31705228891224
6.42801940595637
9.12580970199924
5.45566832450973
14.0060032252222
2.15765617322177
4.97603961266577
3.71988581027836
7.76211735792458
0.351731292903423
2.85167039198348
3.88702398860049
3.45356469042599
4.36187255070229
4.20249640010297
1.08370343223214
3.81693246041026
0.412338902242482
3.42939247822316
10.4295438854024
4.86288940142763
3.07435407303274
9.2403561109677
3.54096598561518
2.66091283410788
4.75520263145932
3.6433984420769
15.5736248241737
8.19137280341238
0.712930876761675
1.23371421359479
4.21522583554214
3.35088444408029
3.72804010378615
1.95521636578944
2.45523903899845
9.8547528658141
2.6297112097315
9.32494774460793
6.99906465597451
1.14881685003638
0.272712095759774
3.57128125615418
0.132757378742099
0.0373863149434328
1.22787128202617
0.29663466848433
5.38992227520794
1.77938698325306
7.49781433611081
5.33912819810212
0.00480103772133589
4.86691289115697
1.60049561934739
11.4604958333075
3.91353135928512
6.0020791164774
2.62620211578906
6.9914631312713
8.74741529114544
2.65757236629725
1.70240567770651
10.2791687939316
7.08312310744077
2.72821830912262
3.17213065393236
8.1473107682541
10.1012199185789
4.65589724481106
2.93815178844621
0.679889577440917
0.409289686139647
8.75894344780282
5.41591636992375
10.6869808631018
7.57602315861732
0.246085063554347
5.33434283984706
0.815742230042815
2.24356222072196
4.63674202902148
8.77769174985588
4.84768845504205
4.9261937889318
1.97816381696612
8.47515232269008
1.98223707266152
4.81199921306972
0.367510714568198
4.15064960252494
10.0477667518425
10.1118376981838
2.81096377875656
6.57247745389957
4.48993570171297
8.11790520095725
1.63592590956714
4.73642032593489
5.2017892859489
3.07503698859364
2.4396366209683
5.95678671117669
2.74083775886185
4.57017046865076
1.53842116706073
0.536101358011365
2.41515533998609
4.73581755068153
3.21921180002391
7.383494800888
5.35527437459677
4.03765612281859
2.51147997701
5.31789993401617
4.31370940059423
0.983096639105764
9.56087082158774
0.543403849800682
5.7370369322598
6.08761885669082
1.13860763643982
14.1180424252525
0.631041205079401
8.38256161659956
7.58147973101586
3.4519062960163
10.5228977312074
6.54564062133431
10.77076473739
6.55944005120546
4.71240234729121
1.78905431031247
3.38894536253065
6.97485738641245
2.56711738184094
1.95437634829432
2.1579315861918
6.05099536478519
1.25733701096251
0.87098068948185
1.63849119562656
0.878905388526618
5.63948995186047
7.89689996745437
5.75675792060792
4.43030958995223
12.3426195932552
3.84119794466897
3.18953369278461
2.91188747520967
2.74583939045824
5.0672086654231
2.47998852765314
8.22964904364198
4.34401722159237
0.951745151542127
3.14023258472058
10.9916604589671
2.19110629986972
2.61547478620236
9.65418522246182
0.110981613397598
8.98714239816959
2.09605631928505
15.7000829000026
6.18582395641493
3.72345991533998
1.90912292155325
3.69589771245401
5.8256997494027
6.55432571957237
0.347724161110818
2.23955550901706
11.6217761846123
1.39068449474707
5.23539504501969
0.862783589400351
6.59683318808675
1.06437171016052
5.36634605377913
5.66545415204018
1.32666741902066
9.83635475859046
0.141523545607924
10.4110281371662
4.47520427405834
2.95309305656701
4.50368565313091
7.08924124483019
0.00544181165008245
11.7058822419494
4.40745832329965
1.02449394719292
0.198037619702518
4.73222301807255
6.84896346219744
0.599987083114684
5.61343160738416
6.37682566884905
1.35777504183352
3.02242181876457
0.0729857943952084
6.88845340628177
4.47072594709485
1.93483857920059
10.3591312887147
3.79676292619218
0.604700088291054
6.55563041970696
3.41936861411972
0.138273707817209
12.1512253664647
8.86417226865888
0.324917183841417
2.45840077445545
2.9882000060752
2.06558080390096
0.253372149643628
1.42000023617509
10.0768906297162
10.2766785518174
0.347005389630795
2.45379395782948
1.68975894568018
2.22103797739941
1.60657063666188
6.68471967992423
0.429129662272061
8.94406090713271
4.77578749414533
0.526821822859347
2.08348142012468
6.7579876165837
1.96152147836983
1.56458884011954
3.93610538795205
7.37834135070443
1.20790792181895
1.85449894051999
9.21260558534414
1.78040380124003
6.4834635656203
0.408985605463386
1.78323334548622
0.406516688979379
0.816043256781995
12.3832320561633
1.57996340258681
11.0235735331707
7.49278308358043
5.09188997093588
6.85076036024839
1.8387831253573
7.43708631489426
4.77056715171784
0.179715733975172
10.2993767610754
7.92088648304343
4.04003101866692
7.15579588431865
0.22031023791444
5.98509248811752
7.75267903227359
1.70440662186593
1.1610702611506
3.40683911927044
10.0002370309085
8.06260149544574
3.08775135728756
3.30630575691081
2.29334458708763
1.47116123698652
9.926070128016
7.66489817760885
5.92939080670476
2.86521264351904
6.45655180441331
2.89901897776872
0.550446379929781
3.18838043604046
4.4879337772727
1.20464913694846
1.4346708310768
3.91421225227715
0.3206642344594
0.159117695875466
6.10050447285175
2.90340760619027
5.12144139502198
2.64044755604118
4.90514300763607
7.16313088778406
1.88927727285773
2.66964056063443
6.62598074413836
8.14847801753954
11.2126153195277
16.1565243965015
4.2689181915625
6.67133648753198
4.11206497810781
3.62506008109008
1.17091974243522
10.9278974123299
2.11850095901036
5.8284649781119
4.83412995721137
3.28937568701804
6.28399043343961
2.14809556721154
4.01976993307471
2.26512112618927
7.52569116081701
12.6431650912164
3.67756967898458
1.21854661780161
0.0121661167343395
0.84247017495352
1.84710385173657
7.15511573403796
10.7660124994135
4.12230235524476
10.9201784012839
2.85856439732015
3.75723643228412
5.46131923329085
0.506663415580988
5.9433232373664
3.15791938919574
15.2513024995616
4.55481363460422
4.45707815233618
5.41741764172912
1.733335455701
3.10564772225916
10.4694482206264
1.45668394397944
8.64100928884
16.4687095442787
9.38734086230397
1.64376650481213
2.45987959206104
0.0673894843427436
5.9641484869644
5.05845339503139
9.28329706657678
0.868071196600795
6.37942695747876
6.49599737953395
2.32563565950841
3.2685390990946
3.42341274954379
6.05443350505084
5.70013329852372
12.9693092545494
4.28790904115885
8.6397023871541
1.758323279059
0.994793395511806
2.15549019630998
4.74792250897735
2.75952432607556
4.49618312995881
1.18264596029479
4.73893525508811
5.38510102778673
0.749759403628228
4.35145983533198
3.48159761633724
9.53385997563601
1.70405157185046
8.77966342959553
12.4339123722166
6.25496570435108
13.9933006605133
2.15206462758499
0.776484305970371
3.73430286939229
4.16602238003124
5.06100363563746
3.69912516325712
6.85331821874333
3.50188581599401
4.99405530281365
1.00157521665096
8.56160929339621
5.94811744522303
7.67168263306753
5.16194025985897
4.84939795137084
3.79029619507492
5.68432922009379
4.05633213317106
0.370632896299541
4.34240642935038
7.54049905183292
1.57016199082136
4.77061429992318
12.8460244042799
11.2082637147978
2.60028106183599
8.13768790103495
1.13478025887161
4.8738723853603
7.91632514446974
7.29949849192053
4.34626808855683
0.96654772502468
3.74214766874009
1.45012508583381
5.19337677396834
11.0489225480705
7.35323368571699
3.59544162005226
1.47783969349841
4.68114844991604
3.87396628736913
2.72115257102996
1.915111597409
14.7992188797892
1.89717677421868
0.11636451818049
1.83793244411769
2.34232678711535
9.40017358248847
1.97825881118108
0.433491310104728
7.28064427249657
2.96063616406173
0.587575413858158
5.27013910468668
4.7176917057469
4.46800409312762
6.3093452496208
1.29975159895818
4.49005763512105
7.04606971549944
2.28925675619394
2.4362289333933
5.2525975741446
3.79961263388395
7.49304461605875
0.32323719933629
0.973592001871893
1.17132852319628
3.96782262250781
2.27014172869869
1.73636457229123
9.1796058372253
0.538218347355723
0.535008264705539
9.43538436367063
1.86860563699156
7.88108675048676
5.3295933874324
2.13401035871357
4.49349115571096
2.2200762787963
2.77143829347319
3.19172462914139
3.09971891287467
1.94198379758745
7.74023236909132
8.29108434782587
0.589300668798387
5.45200121123344
6.4458278240636
2.32131481170654
1.05481166392565
3.25680714271973
11.7492409888655
6.72564750027748
0.0108192948787521
1.64596336236371
4.18362134342869
0.863345083780587
