"x"
1.72038064338267
18.3693517930806
5.03101632930338
0.116780260577798
1.25240075679591
8.05811579339206
5.34806230397859
6.9110152449369
6.95292848762118
6.20574015192688
20.6082593649626
15.0645327288657
11.9078737240977
5.95727230522383
10.3292698040605
26.8334295134991
13.4788263706639
25.0141854863614
6.36484356232489
17.8893763106316
1.88914182151691
5.73141896179654
1.29246358097986
1.92395094782114
5.25901151481233
2.35745990648866
4.42350497216969
1.02709913626313
0.764113385230303
4.87936478002146
0.544096340577
7.92464163479642
9.54069499857724
2.89197065867484
5.35358842462301
8.3666685403646
0.860763853415847
14.0992129913184
10.3502625597367
8.48815329372883
7.28147899267026
26.2954008765519
16.3975022733212
15.2957325335592
1.86446248553693
6.20199469849467
21.9313683919609
1.58892888575792
14.4523533178779
23.5723894795009
10.7855050824583
14.738507475704
4.2115836404264
17.1071463743951
29.1431596502662
14.6693970542401
13.489691959694
9.87783999089331
10.2751490895341
22.4222914781421
5.6258297059685
1.12735913135111
2.51633818261325
0.357542000710964
4.12683793090807
5.08408239111304
12.3052892244651
6.46951175294816
12.0409459341317
5.84818180873012
13.8782403431833
2.92130659405291
13.7469691311796
5.99837698838949
17.3432071180454
2.14430927298963
8.61043621945402
6.83359727263451
24.4280171114951
12.4347194563597
3.51113239303231
0.928332567711409
5.71719389408827
12.3199843470804
1.03057783266285
22.4927422590554
3.50349488187462
3.66576667875051
13.9411061582004
17.1445053230016
6.237434130162
9.7196196550689
14.9647753023835
20.517086610198
0.39726439474531
12.4517349060625
9.80067849159241
17.1597396036457
14.2270608711606
1.86131740688309
14.8375603370368
9.58261745981872
7.57961017079651
6.31085250520375
4.18924638070166
6.34357139926286
19.8553482366199
14.9846178606904
1.04283902990264
12.833594577387
1.5022190677897
12.1255391277373
1.02673172950745
7.77380810933158
1.19300130297616
26.4625658461971
19.7368498891592
13.6553458507004
14.1775720752776
18.6642318032682
13.0363720990829
8.31388044171035
6.62266266021218
15.7701219897717
7.59084946475923
2.1054648108665
3.35224982235408
18.4251157548618
8.54666044793157
10.7304010857935
0.981520923622255
1.19697144255042
20.1075864001383
4.73029386298649
4.15715929211303
4.11954293958843
1.90534465946257
10.1558693684638
19.695046916604
3.40565708465874
11.5241418592632
14.3702898640186
3.72976963408291
5.16959652607606
6.87612574547529
25.797228554894
14.064933732152
1.31016808268935
8.8458086522229
4.69643836840987
9.62191964499652
1.35323376597691
11.0329839400947
21.285389847269
21.8333699274808
0.101762544363737
2.45939271677701
4.67638554841843
0.776247167959809
7.23572839051485
14.0081406570971
9.04336986131966
6.3217188231647
7.82421196126719
25.8194602560252
17.1068097879533
4.16268203407526
3.50593449547887
6.61018821410835
7.49220750737368
6.25049131922424
13.2947314530611
6.51805442757905
9.96487699449062
4.16255625896156
2.41415635682642
0.761410919949412
9.85112512048943
13.7075655162334
1.80521469589849
15.5464785173535
9.61528676562011
1.00347776897252
0.073544355109334
6.56813643872738
1.81089695543051
6.51169106575774
1.16020748391747
11.8063732228169
17.7630928345025
21.648752841158
3.44377891160548
10.7440790414704
1.8239668019279
5.55566285322547
1.97355823691967
7.97782577574253
5.43464510701597
10.8119815151176
7.34006059356034
0.318428548052907
13.2327705156058
15.7326325774193
1.61209168879092
0.16982345841825
0.817681162890898
0.585447766651591
8.30993568524718
11.2586313392967
5.90707363932682
4.36084227922849
14.2652441466885
9.03939215786951
18.782107764855
16.481381142512
9.42193334922194
2.62209309302474
1.83546214235933
19.5290945112049
20.9998179416736
13.0480890062222
0.735876407159979
12.3648105730583
0.585128180682659
1.26745767433129
2.4866996333003
0.314444699201488
8.79601007327437
12.2359145432711
8.2031329113697
6.69077472573307
5.21156587637961
2.46228254400194
2.91343913413584
8.2680704354621
6.21072049252689
6.87849030445745
11.4337125793099
3.88023429550231
4.1660747025162
4.00902134699022
1.45549252278994
0.502063985913992
5.28058627644472
3.20801422931254
6.91061434336007
1.00900441053346
12.9818705376238
2.54729962907732
9.17635062705258
24.095609318465
3.36571445814288
7.15975591769401
9.07307986765011
24.3120155762881
7.51182144640868
11.0812626779079
15.208175231413
22.1147374249995
7.77340377680957
10.8396644704044
2.57346029393375
10.6809330172837
18.8602916430682
7.75170595470286
3.93529227003455
12.2813467402011
11.7088548373431
9.61299200430477
23.3748205937445
0.913879394843632
6.81598414666951
7.15067451819777
5.26607520878315
13.5562427370265
3.53114302270114
31.1716818116282
1.45176076330245
7.85588969030397
11.9788308940009
8.72578075864575
25.8154763374478
3.21463160759465
2.82940934412181
0.445594871416688
7.86588494665921
4.14520713274118
16.233772970736
8.2464661449194
11.0577605199069
2.01018016837883
11.509391432628
2.04138653352857
10.0105421650706
5.19757499969403
10.2385766804218
9.99668436124921
7.52105139676431
15.2708364650607
7.76976700872183
10.6979307718575
3.45472167311501
2.74633686058223
12.8995287141881
0.669251238390215
9.95415919460356
4.23344314903151
0.154573051258922
26.616669163051
8.03798189016675
0.34757346504149
0.258856776974094
20.3315241262317
1.38183864764869
3.03796563757291
8.52006203494966
4.11899760365486
1.2131944721599
5.89226721785963
6.73113511875272
0.482634294208657
0.213960558176041
19.1438589710742
11.2049027731021
20.7361040299724
4.64979261159897
1.17661370895803
0.332366861402988
2.34145070426166
11.6494922433048
2.53508246376637
1.48427715127655
0.71987365372479
28.822562424466
3.99848794724075
9.36067761822372
7.13867102749646
3.38456896133721
3.90588603913784
6.71776439994574
14.6173224784434
10.8212051913142
7.93537171554733
6.37027650581953
13.8681727461517
8.95369803412463
13.0697019863874
16.0994533373034
2.06981673836708
7.61015544327896
0.639454973861575
28.7111566499614
2.61246482841671
6.83950976642423
7.5172976590693
4.0181836578995
2.65860499157441
13.7579204048961
21.4321524778548
2.19534244388342
10.2126501966268
12.7890077575939
21.5349381789565
13.4276631753892
4.28701741620898
1.903882858422
3.73536278493702
19.5487560590817
17.4143057782203
13.6859880294651
4.50544676067187
9.29327309131622
27.1483846548789
1.83935152651188
15.3862739209378
2.85757794044912
1.58444484706749
17.8354423493147
14.9985252413899
13.7443763203919
7.83241878954458
4.93193552829325
15.5162619426847
5.264112213146
7.72448838688433
5.15754907391965
10.4868219699711
7.5179080478847
12.7578449625617
4.32724221609533
0.972517865709332
2.79438142197938
0.528900744393468
1.96527042426169
10.4565514453494
12.5253587961197
9.45269463189335
21.6121253091842
4.22068582847714
6.00726678567485
17.3414661837425
2.38469052128494
2.61000180616975
13.4439588990062
0.531565211713314
13.4136189240962
13.7682912109018
4.22649444080889
3.29622152640991
4.85685882158577
37.2442505322397
1.12321224424757
5.93222379269655
4.84238621799121
7.7466134870503
2.33413032256067
21.6026495210826
17.9588963743299
1.95247211952801
17.3048394913992
5.1704357005007
16.1001683414134
33.1844105385244
0.692776155011741
2.73607801645994
14.4960359204561
9.62277705761648
8.27651214785874
2.92086452245712
4.96256803162396
6.24204995009174
2.31550433686773
14.0266952519989
23.3435990754515
0.213495169397663
10.5113192461431
18.6089813243598
6.95212828789241
0.561787915275567
7.37758106552064
23.4623952768743
6.09860736876726
14.1974751837552
23.3356743119657
26.2444201483069
18.2480606716126
5.17655952091263
12.6352996565402
22.3661912476739
16.4409308694303
2.48843487352133
0.840630289167166
13.7579168246837
16.4242839906365
10.7984414636957
11.2815167754889
18.5951399616897
32.3854779788547
17.130654072389
9.10465913514674
8.72954364852659
3.10582080855966
2.34230138497403
13.9012372391804
15.2294675354359
0.367268500849605
1.62918536099162
4.57564338336291
2.57629002444446
3.68735343432024
7.7020968310535
5.37361977621913
11.9328767096614
3.02378628402948
1.48102156817913
11.4900452550501
20.7584915682673
1.38991276349179
1.36048067089614
8.11755699105561
8.10698669409389
1.86682697640505
4.65324322935999
13.5857969522476
11.772852595863
6.89473925158381
9.19810482300818
5.67424372850842
10.8697550836951
1.85982439360619
8.00408944622809
1.14973755553365
7.87212532013655
9.29476306773722
1.73002180769238
1.48675326292745
18.362452276051
3.48307122476399
17.1628747135401
10.3266562800854
13.2348484057414
20.5096680672924
2.32358840294182
7.71111013743172
5.56354424916208
4.48726518079638
18.4470719192177
7.29231080040336
11.4563052076846
9.33529887785928
10.2042995858938
5.8210610366386
7.70350624807179
28.251543501392
2.40822600981085
8.68479982018471
9.1339613776654
18.2959673926234
3.84790427051485
3.90270077623427
0.797144984106371
9.74345859140158
6.94124810397625
0.640922924503684
17.8185939788818
10.8519175089896
7.13018616661429
3.38165089488029
8.58750715851784
1.9900196475635
6.19662832468748
16.1083091467173
9.23259046763998
10.7444052584469
2.24360655993223
1.82530027814209
1.70936393551528
0.993658090010285
11.5122189745307
8.9747722260654
6.4000457059592
4.57285717129707
14.8494412656873
0.45174654917292
4.82063889503479
5.97652602009475
10.822298399538
12.1443170814496
10.9532238915563
6.98817437514663
33.8639789726585
16.4099401794374
8.44832252938382
12.9268151707947
1.20340595021844
1.12733184359968
7.44043346494436
7.58036058396101
3.97881711833179
3.81165581109454
6.26429929398
6.99240063939577
2.72772498428822
2.28380343281511
16.0909107779295
18.9103289507329
21.3560467102816
1.09182512387633
14.1814420144529
3.12035670829377
17.5774205476046
1.07353972271085
23.6628799699247
5.44706233777106
10.8212143648416
22.401907434687
16.502233222127
8.97085969336331
4.03638684466686
14.7712397283504
4.44556532784922
2.0684021525085
6.9686168759225
6.21983152814209
3.96753674526748
11.5148484851751
7.33205070719123
13.4346360212872
5.52511396817863
0.699125975370407
9.79075331659689
10.18435078152
14.4005585927516
20.0405750889331
13.4233450599649
7.39687089862487
17.6474172156304
1.68012459762394
18.7604565072756
24.0060023032129
1.68538608163584
6.9519576545759
12.9011702993284
4.25859567477404
5.04122208803892
12.2621158967794
9.92687858263378
6.28657508641481
17.8321835119277
13.1678810020232
17.1110341325402
1.73479821719016
5.48924552276731
4.37646979276674
14.8201854102258
4.44721183739603
6.65404414758086
0.0140068586915731
8.17564832703435
5.15843783664079
12.557913782075
7.39141749218106
1.86420753598213
0.706425169482827
9.21708298847079
1.69158780302372
7.2168926242739
2.05280557274818
7.60132004506886
10.6364812838976
3.15296947956085
8.05687867105007
1.70095670036972
0.739429446949591
2.39540967158973
5.96789265982807
7.63127077370882
11.0765876165129
24.5577955105493
6.81827659718692
1.6297250520438
1.45568718646758
27.0605688914657
12.6149999909103
11.3020749762654
35.6220548506826
13.4232691023499
12.096906421602
7.12414658595214
2.61914166760879
5.11215691039969
26.9673193339258
5.87073958804356
0.603657122701406
5.89845641516149
10.1540293544531
9.462986048311
32.5628081802279
0.542177306488156
6.9895061198622
16.2655250005355
1.83266536332667
9.41011183895171
21.466121225049
2.50212764367461
6.55087611200876
20.1826117052215
9.40223732031882
29.3364649112889
24.559771688655
1.48864946660881
4.26687349671069
11.6058961488307
7.87755805067718
19.0292108803988
8.65632793866098
16.49000053294
3.08734840089266
22.1538222291157
7.27395377775924
24.6669508680379
22.542514000088
12.2676772065461
4.37712077982724
22.0988134240669
18.8484161160886
6.04842747561634
9.4379673450673
15.5419785087333
7.2103148791939
16.3537993095815
2.69484389573336
5.54675152706049
4.75339456062025
10.0457870228865
13.0628135172107
2.52861701883376
2.33662042362181
20.2882897574455
0.41182616418802
14.4705948419869
15.2598625048995
9.24649680964649
5.10784587822855
18.908268539235
15.3916352428496
6.27979096025229
2.64407638460398
14.5793209344442
0.419176323339343
15.4540203977376
11.8525771424174
0.416798470541835
10.1508170823078
6.22327552439179
17.1373960963972
8.53946576826274
5.47209745272994
1.32986307144165
1.00966054014862
29.0060356725007
2.65524121932685
4.24308152869344
19.5887834751982
8.99689479504358
25.106699578464
5.50546733435359
14.3082215196093
19.0395454281293
16.2432825192809
18.2020218111575
1.02953892201185
12.1414456982166
14.8695638403296
8.26161936856806
13.5701089332222
10.3196749929339
13.0889594554901
5.48866099361672
3.33047593012452
8.76534720882773
8.8006277102977
3.42239013750315
11.9700992064858
14.8526439908892
2.67576244348445
19.9351911898702
18.227820424363
8.15585940144956
2.97172185964882
11.0362310893834
5.43723464943469
6.00143535993993
1.21322977356613
5.94823341816664
9.48134260252118
5.05820624530315
16.3743938657669
2.77759893797338
12.4245411261991
19.2670654505491
2.27610752917826
4.50080757760842
17.832778673619
18.2042721193284
16.3734807632864
2.48430453544343
2.53379371662841
5.47385602258146
21.7128617689013
0.4065265879035
10.473466431722
2.63713198375461
1.39246103078046
11.4530450664461
4.0261748449456
7.37450672313571
19.6377310436219
19.2997745662783
20.5811721738428
9.38671315088868
2.05106604844332
10.026271129027
3.1570939177043
31.0433528565442
9.07534095458686
20.1366319321096
23.7578107316569
26.4944403897971
1.30192286070535
0.889994902536273
3.84183508814944
5.42682991363108
13.8866689981629
8.06015161797404
8.64101011732187
0.563656445592642
19.3500357680023
0.734091236980707
1.65614066645503
11.0154241323471
2.03613061457872
1.7100764788417
10.8641968592734
6.61009487817018
0.801057601347566
1.58317973837256
1.66368270292878
5.55606651164905
2.9233091045171
11.6215779543062
2.96647711656988
0.274080689996481
5.46026234515011
28.9821091573685
7.69791891798377
5.07294386369429
14.5306069403887
12.6961307829952
9.556962352719
0.127960785420759
6.19525811634958
15.9097130755793
6.66204523295164
7.01533643291261
3.00752641633153
11.1132647580899
15.6131451252629
12.0593895891655
0.333124259486794
10.2426477707922
0.347697925850806
5.58042902111335
6.12870836630464
24.7358266729861
4.62614516727626
3.11239440925419
9.00146193543939
6.81100541683744
7.12876238419807
11.0681830905378
19.3215195089579
2.74762226088837
10.2156835159094
1.25491205057394
4.10461113788188
12.1891480404884
24.6012042034376
11.626018024981
28.0770888086408
5.95581936406694
4.52809339906416
1.5478790617644
5.55235459469259
4.64176773093641
11.2932425923645
1.45771054610286
5.73235657066107
4.82272515073419
13.6444330488288
1.63297870439258
3.50858036151753
18.2895492296666
1.69619093247617
10.7530762907118
25.0250525772572
6.40812781639397
21.1473490577191
5.63352536410093
13.1718004588038
5.33884204924107
1.3376137568832
8.56160651892424
20.3934875652555
14.1484114807099
15.2537875808775
5.54595137946308
33.4787679370493
9.42011689767241
12.9727842286229
19.7938450612128
4.23814052785201
8.06868276646402
4.4440031517297
14.0685515478253
6.17350083775818
8.15881003188845
19.6327788058483
13.7648981530219
5.5709142703563
9.79288979433477
9.56121977742607
19.8472793610134
10.9441741835326
1.43431443721056
3.89398657716811
21.4191796723753
2.42403456941247
15.3985010011975
7.44126769285024
19.2731918767095
5.93448376020597
4.90766586735845
18.5780363157392
7.63299423269928
17.5675409324918
9.4666291750194
14.1419223044068
9.8123509627505
11.6636711638421
0.733366655185819
13.8741911726239
20.8115132525563
2.47771576978266
2.46314130786674
9.5792829990387
2.08361921831965
15.1362496815303
9.16108928199236
5.05147809162736
5.63030023501075
0.830759005083111
4.52397731132805
13.4357322350415
11.1542857788028
4.24369056709111
3.33186718635261
0.36104691250066
8.94344309344888
16.2738911651161
0.586772341460285
26.232273131609
3.78752900574331
21.5417301015618
13.4426730684936
8.7764770258218
3.58003862202168
6.49358584284813
3.68078360334039
1.53944435659029
3.76581442542374
4.47921515442431
8.39456496538887
18.9044625498354
9.59065053611994
7.39422095939517
9.5649576280266
18.4189676772803
5.86730181239545
7.72555424041168
8.72212946711766
6.00006289009909
1.32946252604981
10.5613976055328
14.2354657038038
1.20283397845924
9.77345150895417
2.36184163950384
6.32475496481204
1.45931863225996
25.1919942953987
10.3282829280943
2.20836973749101
16.3339845137695
10.1582780979061
7.51905947510317
5.51492725498974
14.5546903952702
5.23546719923615
8.82772793993354
1.48750310763717
0.837232498452067
19.9351540988186
18.2300515007228
9.82163999648566
4.89533166401088
4.11227277236137
0.351912631709034
3.77707129598291
8.21329872123897
2.37810830585659
6.85311296815038
8.85983181234895
5.82804614134403
19.8226810828816
3.00684133544564
21.3412895798683
7.26802768185735
9.17939462342318
9.31765812358195
21.590739030573
6.10388996285193
13.2746121818448
1.64851989261068
3.86521467676424
0.112674199044704
2.03832687066333
13.7924503069371
18.2893157470971
0.608567940071225
12.8317268565297
6.62411744706333
5.31287577102854
8.65728333592415
10.83874264732
0.488835370052918
13.1219158880413
8.76413826639582
1.76826058886945
1.79581621024311
18.8330355565995
4.26859203726053
17.4613714563096
15.6605246011168
2.01728874817491
4.62651150301099
0.42432398544055
17.227887082845
12.4634149558725
2.25831841983275
7.98823819495738
16.4982515852898
6.89046024344862
12.094638356939
2.60247870210921
15.8312478568405
8.70316606014967
1.86659945175052
0.516681792214513
1.22176818549633
18.0098310100539
13.5817176196724
6.95939515717328
23.7147633011151
22.4026444663088
25.9985609911382
16.9945904053748
1.8972382415086
13.0629520508708
13.2993463146307
0.0333553677880843
26.6582571901381
20.1241787988693
3.06108118966222
2.08050115504765
9.71558629855122
30.3276229649782
5.0733610522002
2.32229521363747
34.9432469811291
13.3193308441175
10.6511606068329
1.09329964126076
21.4659403543919
12.4065958429128
6.0300322715193
3.56604959815741
9.40060368399245
27.3344958666712
6.97223611621001
13.5006188414991
5.01725045032799
11.7501446045935
17.6744481548667
14.540602453053
15.1764192624899
4.7365704997111
5.77256255783141
11.800313834101
9.9663769826293
0.80301487993663
19.9214580468833
3.62936785012997
3.99284558370709
1.0647856407969
5.6601514629382
0.100138084962964
3.87673499062657
4.07167976320496
2.55029649047949
0.434536485458114
5.06425097335064
13.8725792179356
5.96072310581803
0.0854511745274067
3.82796624522499
19.5720904972404
26.1590516851781
1.96144282817841
8.42229204818387
3.71178723871708
10.400697728619
1.39104733867547
3.01445880904794
35.8009748160839
16.1841717548668
3.63026350962108
4.80450934974102
13.0831388290972
8.36774599738419
0.24846326559782
6.79126637987792
2.40637996486852
13.2285992149264
4.63245540153504
2.634640596807
13.5456698480994
11.2540651578456
13.0014193497536
18.1292469605595
4.2468399220476
6.46570231765509
2.9247473092532
12.6402695053233
21.5307307968455
3.63020844475057
10.993787545495
14.8201039426214
4.00421787053347
2.62926843943404
13.0597785261735
10.7128859220268
7.72154908627272
12.7768329502286
19.5953887581781
1.69512177817523
5.73886674828827
8.24843370355666
14.5024200901389
20.4285919850575
6.68548792600632
9.56511930562556
2.54775369539857
8.89752697620961
1.52529381457006
23.5453997738659
6.12224202550201
5.61458786476407
3.29009597189724
8.95897520794455
0.671014096587896
4.030225195399
0.702047720551491
30.1255455240607
7.34671769513706
8.00068607572603
8.88544959016144
11.3956808112562
6.37395558800032
16.6816601064056
7.81290857323021
5.76051608659327
2.64928741380572
4.48251669295132
1.9145960919559
2.99426735381808
0.67688493690603
9.60348760709167
7.04394561878277
5.7576892947273
3.13429669477046
10.2708031123814
7.64331337995827
10.9325005207211
19.0490014385432
1.96167025715113
1.28879176116476
0.710948649793863
0.420861257202927
8.68364811182472
5.67895611748099
12.0731007419229
1.68334656727156
13.2527707784215
4.90321344695985
3.3901568967849
1.4887745026499
0.172872096300125
2.49990955926478
5.76741644277659
7.86214084364474
13.0905605386943
0.332582741975784
0.493034356924077
0.665563018992543
1.99984740358546
7.22586344927549
3.8539707660675
22.1672275103629
6.95729203969885
1.20976264588535
3.5478220321238
1.87554183137026
2.42907861247659
33.3468923810869
5.8415989422523
9.25126736783803
26.7773081548512
0.299855042248964
5.97353270972398
6.57525924034417
2.74257812831412
14.6036756690592
3.90934413298965
4.55171344801784
7.16869002208114
4.52681863680482
9.3402904458344
5.1418607929966
33.0632427241653
10.2412858046591
0.418793016147695
2.02125674466605
11.5054727387936
11.6382592855217
1.86272962018847
8.54588798247278
2.68037698292033
1.61981589252181
14.0398322604597
2.99102628911987
1.83158828876913
2.69815982319415
2.48332621409219
0.444588826104352
20.9772556554526
4.3464467395097
20.6414648331702
0.19080408532735
12.6641816028676
17.9474755151813
10.0457990622749
17.6412317375332
3.00644258968532
18.4544031508267
10.0719206500798
11.548381485045
6.27461736734118
1.90311193409625
16.8697342335989
3.39606157504022
4.19910559430718
7.51356319524348
9.1325803329073
3.51955377993479
4.24436639257116
7.19097275286913
14.1947307623923
17.6898204660657
11.8697652593255
12.6881962934311
16.4451769087464
12.4252133537084
0.524994027135488
8.10087965801358
12.9366990178823
10.282534624945
9.90008865483105
3.41347122620068
3.42111731879413
3.52299101650715
5.07293660193682
20.3332566996731
21.0979258691693
10.1702190086804
2.34957956708968
6.54161982238293
2.85314060747623
4.00725078223528
15.9117550589144
16.1885810550302
9.00618345476687
8.42029671184719
2.77006305155987
1.93704846866393
10.0689615122974
8.6917273234576
8.7103046476841
1.90191896949243
4.61047156713903
11.8889019358903
2.21123746596277
4.09290657682791
19.5674367195713
4.44280974422802
19.1687591839582
2.24393755197525
3.54301980696619
14.8252068680806
7.59183964404155
5.02369109672037
4.80558327399194
5.18739774635794
15.8377494197339
2.02500005252659
1.28429919719527
2.06594881601632
11.7296974174678
15.7041401626942
12.0635818690062
13.1563264006877
28.8764283526689
2.05014063976705
6.15932868381089
1.30402138456702
8.02781116217375
1.05982465424048
0.396953569725156
6.8728139587421
9.85604510642588
20.2413277542914
2.74753649719059
5.78188030049205
2.91465967350971
3.52159175090492
3.40235841877796
6.05946841202885
4.12172233665543
4.93069317952503
11.0645572172547
18.4277266729623
12.3241164255887
13.1446670921776
5.44494283385575
1.88001638467284
8.60184440389276
6.1724382918328
2.93394224718213
7.47453941432418
7.69055788461114
8.08347845450044
14.4372643168247
8.37205089628696
6.38685240410268
1.74717651680112
1.52985490299447
3.52646997198462
18.8835185952485
1.77843891845437
6.69683120213449
0.667353207245469
0.697279628668348
0.361311761662364
20.5845053739358
5.51752960309386
1.17774149402976
17.5677331630141
1.42096100680925
5.46532925218344
5.08371424250548
6.2172860738837
5.28347855433822
7.47342058457434
24.4201498571783
19.1969965118915
17.1163579428963
3.89393310475294
10.1108060791377
12.4604320153594
22.0605888403952
6.05344786308706
17.8211987109779
20.8884053863585
15.791735611856
8.74775503108398
4.73931138403714
5.27999228797853
7.47744482941926
17.036852426827
11.3133073784411
10.3145399596542
22.5467872805893
7.15244100475475
6.91306530497968
8.49590906758987
5.28206641112647
15.8424445893615
0.509806862100959
9.96935558505356
14.0277705155313
9.08085634000599
1.13619341628317
6.9576314650476
28.6570082577223
4.74117258563638
6.27494785003364
9.21734357252717
8.87787096386939
9.75688807666302
6.69509652070701
1.35631187932765
16.2077937275171
5.87844476103783
13.4614644750905
8.39356661604692
19.0686931910389
4.72098304215426
1.84494968075665
1.34642175398767
10.9889925927568
12.4085816902717
1.94889176636934
0.890566684547534
2.06437381322551
4.5200361404568
6.28998684696853
0.861414568498731
10.7085157185793
5.90780819766223
12.2631560545415
11.8649230804294
1.92739898338914
5.40596274096581
6.07060240581632
11.3277575344543
15.4867166187614
7.7683980576694
1.74566255882382
1.52993267402053
5.66065852131059
5.27547636297591
1.81160727515817
9.69568162280981
0.255438731983304
1.81179701366424
34.5350003023602
1.26517211101747
3.04223317652941
13.464089110189
21.2226826231927
30.5216071564726
18.7010660767555
0.240864465013146
7.10234735161066
6.42030552285405
5.45362532138824
15.945353506385
7.49212796799839
1.63304680924415
8.57830177992582
7.99565212801099
14.0070844441652
1.86641337350011
23.3020988017091
5.35333875156194
1.95162605392526
2.64532775709756
20.9826909110065
4.21031136065722
9.00849027542857
17.3335992180408
13.6122749652714
13.4520767722279
3.35030316943907
7.65956696122885
19.8228047695011
8.39415672235191
8.92889308743179
13.8581082603412
16.429573981953
5.78176737767405
7.51121634609949
1.60921816714108
7.51843334621066
0.355752371251583
7.98783348873258
1.53507911600173
18.9166114199907
9.70899327658117
16.4305423852056
20.8584625458078
24.2108880528572
3.76782938838005
5.32953101210296
7.85600421950221
17.3453658643157
12.9236838780344
13.6261510922155
6.35168815806712
20.0699013874511
10.1743613329606
7.05968542024493
20.8346171304584
15.3021154925227
15.9390015527606
8.82616490125656
0.0455179743790076
16.3007113882382
19.0926942043006
8.54514487290526
27.0960677880794
1.58346847848569
8.09396523982286
14.7408740989919
3.54916499474551
5.84224434569478
7.86129142176475
6.60292580723763
6.48778082415135
11.0252963844687
6.69273924406768
3.74168334528804
4.05878091411909
24.8860916588455
14.2408881733533
15.6116945403402
5.24736274965107
11.2290149084746
11.7640021257102
10.031662741676
11.8012515765929
5.15753606062391
3.74001764109143
5.59101440326256
16.6843799408525
3.5127860493958
4.75900932215154
7.78254838660359
7.27167776785791
5.71229707224485
0.965058710426092
1.23645183630288
7.72578469477594
0.089423639020729
1.97088391110123
6.47379304282367
7.35548738903252
17.7512863856957
7.84430449020108
3.00148264323867
7.96957365237176
16.8045151978731
7.8416379754604
17.4259151829593
9.21340007334948
14.8545419797301
7.37509117461741
24.9086987702591
3.54840280488133
14.2507373937005
25.4508265739925
11.4151224959642
23.0170517694205
2.12145913392305
7.9571564079639
0.109092192724347
10.5268963612616
17.9073289502412
3.88147467747331
24.1863318253309
17.6265655029947
15.9605137270376
0.114457635208964
3.75127936713398
0.206823911860115
20.1617443468422
12.329711811617
4.14728092547151
5.70181733928621
0.273041473701596
2.61206962431676
7.63094273853042
7.81884730014861
0.568803073838353
7.48034664429724
3.37973996065557
4.04524174518883
29.7980081755668
10.6379795819521
9.36349928379059
3.32978307269514
2.26084874011576
6.98216701857746
5.84464193803029
0.303406581175236
5.63161103054881
5.34089270290747
18.660891847685
1.84690304732528
12.9322681110352
13.8664008118212
8.62474264577031
14.280627341941
4.21500615775585
1.38632240705192
7.64049110002816
18.9220994023861
4.31705529778071
0.805589975789189
5.97290708112777
13.6335207633921
11.3680230916111
27.7730436064303
15.9343792591244
13.5622342582792
2.68966102983105
14.624796807766
1.42014555611253
0.557155767455697
19.2167382908511
14.379519972284
2.37506795674562
0.789193952487134
3.82933262735605
23.5274843405932
5.10276071727276
4.64733079220538
4.87148729195877
26.5598098747432
1.69686223380268
4.50132973492146
12.5052932649851
11.3933214452118
6.60189972259104
10.1198901422322
0.850758608430624
14.5965686067939
1.36392624117434
6.01414600387216
15.3391282406063
7.05802012234926
0.224059680476785
10.9443197958171
5.54847866286862
15.5428115182164
12.0060849469155
4.39321552403271
0.837905076089395
4.10579974512995
0.509699620306492
11.2684636376798
26.7415094874598
12.5919475154132
0.552101952909036
10.8884359407982
11.8331402208679
1.68541977182031
3.1805110629648
2.81037589478659
10.4747531469911
8.9541268041949
10.715329869467
17.6983673989976
14.4571689925661
17.4673678141344
18.7853245995939
8.64238711073995
4.49996725656092
9.56514077707725
7.91588197462261
6.3502190168947
3.2329685986042
12.4964151997119
10.8231281651644
1.46870734933763
9.19655943289399
3.73870773626143
8.46487116910887
15.8857750706375
4.53295616615928
12.3874150216579
4.84924931079149
5.49103820798554
0.618100352585316
18.9442831557244
22.530224500224
34.8384818150107
5.54061686151581
5.20125979493583
12.3081664554775
22.2464106511325
11.2431823275983
1.54421972110868
2.83989016897976
4.74738832563162
16.6509735101664
7.31748864214748
10.9686311142136
13.6810823997531
4.24452301759118
9.36010064747763
15.6778390211943
29.2579045770829
27.1508083322495
2.59677545336362
27.0044258330017
18.6942984861441
9.31763611733913
8.37449473328888
14.1988237282154
3.28825931064785
2.24055331200361
4.61124993926722
0.830350257456303
2.42884033359587
14.398751500994
11.1933729145676
14.6801536902785
5.67831019870937
2.21674498170614
2.53185064648048
14.3818613105664
15.0603688787669
1.23112944907918
4.64615821838379
7.04636092022498
2.89326768141382
8.96476856432855
3.77685595303774
0.706927618011832
4.44113025441766
25.968464502506
14.1174534233386
4.21994862457326
15.4502382036299
5.66225349903107
1.22135537676513
2.99180946312845
4.55910880118608
1.57297318801284
16.8191614095122
0.790715962648392
2.40269359201193
7.29413124409451
0.826508132643752
8.01443518139422
0.570438086770374
16.4512094085468
4.30145356804132
7.33349788933992
11.0114309005439
20.2894702088088
2.22162246065934
35.8926655724645
0.328508019447327
8.25488635292916
3.3860903698951
5.68762060264252
3.90391708233016
4.04968140646815
12.8319658804685
0.916187552184043
16.1724035162479
9.44351106882095
0.492526959641283
5.02280005286612
0.847578224415134
5.72398843199552
24.8587659392235
0.440093163525508
6.29441086433318
13.1206795107573
4.84339836984873
0.775808747857809
6.33221833664457
12.1009390841603
17.1848540584534
6.49186358787119
17.9523679127285
0.499767996370792
8.08041574763938
11.5520538762212
15.4791030123388
17.7686632610857
17.3389474984901
4.86825904130135
8.16555228084326
4.62984856730174
0.916667515411973
4.4236661400646
16.4705828763545
1.61481639370322
5.87800685316324
3.52441733703017
6.76964679732919
8.03168751299381
9.9643898472566
25.9325401938949
4.43067297552036
5.82684488035738
4.59164162166417
18.8779329881072
19.5958175928028
13.9429191513096
26.6688540577888
12.9769901717723
1.80472467987758
0.0468980055302382
3.84399427016169
5.85555895231664
13.5499036600956
0.0403135371861127
5.97732714377344
10.3076205123216
7.95745084040752
18.2243752362446
1.02308494970202
11.6275951266289
0.293582730692159
1.83237628079951
9.07737003755714
7.47101887765567
13.185287034139
1.8192570656538
24.4207120034844
3.49033139646053
8.49774368107319
6.52689002454281
2.48503140173852
1.58263193443418
8.51269816048443
20.5919498112053
6.21665082871914
3.69094888632547
10.500919027254
16.203374741599
3.39994225651026
29.6864635776728
5.45439380221069
23.6146116629243
20.3730691224337
20.7533941604197
2.15895506553352
11.2266061593001
10.9533229842782
3.18784560076892
10.0338676732689
3.27692930586636
17.6476184744388
11.0782104808883
9.14493135754137
2.06133349645353
5.37042622454464
13.8135378471601
2.57922881282866
3.25717045925558
1.34688172975786
3.91207686625421
3.43323699198663
11.498227994889
5.28466202903944
11.9380597148062
17.2936586436792
6.72587262554454
16.1602113860805
14.8452808149159
7.12536172941327
2.86064324900508
19.724590331316
15.1512470153898
10.3870913717865
7.64069203287363
17.8336231037974
19.6631187107414
5.0326372962445
7.96505632866728
9.36411337887676
6.67792544700205
12.2184073086828
7.53332623280585
2.97656860202551
0.272865314036608
6.60858383808777
5.23090111091733
17.9858223069459
4.60631242021918
8.52774186059833
4.82329560502775
0.342754041776061
3.78366629868072
4.11984102889303
0.0961273442953825
6.37872493825853
4.90034754588008
4.72889528609812
8.9633283506314
10.7518020551652
13.519980199635
4.94312778591889
8.6770635507949
5.37377707660198
1.94980616963799
7.44287292473018
4.87826988101006
8.42142160981894
10.2995358230226
6.0640340205282
5.63262272341946
4.45564583033574
16.2243742961437
4.80336393229663
0.362310467298977
15.9580919862978
1.54854981228709
5.74239091947675
4.39893480746246
5.90787571854889
4.32247137650847
15.9835397265851
20.2491795644164
12.7191490028054
3.49173489958048
14.2277950801932
10.740478662774
19.8599275132357
6.99255723213861
6.74681947566569
5.46440030448139
6.00798529185893
18.8221991062164
13.8262589619497
14.880671678111
13.7723674066365
0.77811973169446
6.32943133118782
5.87247537413615
7.31261339969933
11.3933185891262
2.1285116863012
6.5728016781811
0.645086634904146
15.4045504517853
16.5668991860002
4.43608437399679
5.83119532904699
14.2222812864929
0.643010503634278
8.22781254413576
5.08737000636756
7.30007821694016
12.872561533004
7.61022195219994
8.07447379300289
5.52747754743269
6.6144606564194
1.17898769676685
2.05221464857459
22.2238537863039
7.22477745928813
13.6608919257139
1.20540033094585
0.919468980282545
9.59500260651112
15.5416394583881
3.30949027198819
0.938903354108334
11.5196558969051
11.0906272702783
5.62550453989742
15.1175404718742
13.3328340511374
7.08207106217742
3.77372910687713
16.6184274281335
2.95913064069665
3.51762557402253
0.871699752447293
8.19557257927954
12.0337205801137
16.9990077158258
0.183991249650717
14.1192379873246
2.99976694969116
5.25784553393169
12.1953461319208
12.6999892294407
10.3504716513142
13.7271779258674
17.0969591476023
4.04339507222176
7.24136787466705
11.9402543175966
14.7335623390973
6.49709631688893
8.17464147694409
4.20408069445352
3.66000368790784
5.22499648214084
19.6851225809067
10.6938994955271
4.35418174602091
5.75321264340797
10.8489214090852
9.09663639031351
9.06850034371018
17.9191753510405
8.1622030120343
9.66479100510498
4.5357366677641
11.1220411024988
6.15070015192032
18.2722056931063
9.96187417767942
2.97538396035561
0.0251620076596737
5.1034880336374
12.3788470797986
9.94831877760589
12.4466818291694
9.20335673727095
