"x"
1.71579634770751
0.631614215672016
4.458321724087
12.6199546188906
15.2091294061393
0.0107523520056914
7.52832503058016
18.0579924955964
6.91521721892059
14.393271971494
4.02585049155535
5.24773845118674
0.890771951279082
8.56650537861125
32.3188711889088
6.88982871361077
0.956075676126693
9.8144470590128
23.3593027107418
2.96072061173618
23.8697257824242
13.0570084322244
3.29482718447483
23.8075236421209
33.4914844361139
15.1052307803184
11.2381228510867
6.36785411953613
16.5377361234277
1.18235325468035
5.23011732143536
6.18226760998368
1.9896392771259
8.60901766963332
6.65915906429291
12.0108053553849
1.84916428978334
8.00390862859786
0.315851578488946
5.62964524142444
16.292238002643
13.7487099971622
16.8936619535089
3.76874329522252
8.42772605682548
12.774579692632
10.6153128668666
14.2124086933344
24.1042608539736
9.85650212762969
9.46618312051879
3.77695611486308
9.70591302029788
15.2696696575731
0.554593138003396
1.28598248445322
17.5826752668454
18.1318855844438
10.9677120376278
5.18214776606288
11.2964146304876
7.84042901751348
7.53071010112762
13.7100546620786
2.14026488913036
19.8357200715691
3.97445085631367
4.79906206019223
8.61998577602208
3.02373524755239
0.807932112365961
1.39090460725129
9.58555289544165
25.1081115100533
10.1239294745028
5.94662183613946
12.6437083323085
8.5218019511679
13.5759409517807
4.05703382566571
4.63584964163601
20.3506999660195
12.1458735193869
9.31012409700056
1.78890903480351
10.0433494501895
0.493754041225252
9.00541660375893
3.90941196573484
2.12662395537982
9.818712528795
0.295544489327802
20.2828960668826
9.7007273696363
6.88445903360844
16.7871062643826
30.0736042670906
19.0308044447862
10.6461128219962
9.64235430583358
6.98629412800074
4.74700319465635
5.74372930104416
2.58105580461266
1.15016780558896
6.85542109422386
14.0326458960772
5.11925974860787
23.2887845020741
9.70889964479841
1.9687170162797
2.64842263422906
9.07360585406423
12.0485722552985
5.56315724342878
1.58047228461992
8.02514287643135
4.89892613952887
15.926801034719
11.6047803778201
11.1699493136257
3.05691781370775
10.1204291010016
4.00845497929803
4.51859674236325
5.22469002644736
0.49757813103497
0.852776303003403
3.60176167450845
16.7555773332761
7.4375587058614
9.48424334637821
16.1598962801025
8.22714101523161
21.2139927878068
21.2187381926924
13.5280137881637
13.467478659004
13.8096871320158
7.10041167399208
2.29911138303578
2.09477383392017
8.1561714369092
16.6277050971985
17.6269016694278
1.46724539808929
11.2366162007009
0.713847763836384
19.6683588437736
2.01108928745435
0.667055929079652
0.310037395405192
7.54402531310916
16.7173857335001
23.5498527996242
21.6071193106472
7.03213876113296
4.58383412146565
7.69316726364195
24.9399042034473
7.85684594884515
18.2645521126688
17.4963307566941
11.8451019181467
13.2930781226605
6.05299196341626
11.8829378858209
3.32081760279834
17.5557794049382
11.2795496359468
17.8713259474737
1.16588291939602
13.0969609831551
0.0269403265120392
1.22675010934472
4.0885540474075
4.12048869766295
0.56689193815887
5.24136462787063
0.522984191775322
11.0896047670394
16.0687686409801
16.6316636838019
4.49962499551475
0.314836157485843
4.36743693426251
21.4107659645379
0.4274379927665
11.0600434149002
14.7909488043759
11.4266389523116
11.0489890910685
16.4901568947468
3.12951100058854
14.7500077262521
15.842297160998
4.42584371213895
1.23644001364267
6.37879152782261
6.28077443689108
9.76614197716117
10.7408547447677
10.2098601870239
1.75392115488648
1.29142277874053
3.15561639145017
3.97058390080929
7.82483038492501
0.19857296067652
1.72322571815793
5.27904116779794
10.8188341704114
2.83711074476541
11.5788337308913
2.64262585042809
4.09328835085034
0.0188884325325489
32.8996053431183
4.01375776506094
8.51150369271636
8.17922442220151
5.79730324015731
0.900434656068683
4.90958451652255
10.4633286204558
6.73180630108414
5.1007450548965
2.87242135964334
19.9509521649804
5.06347222180853
12.3312392547918
20.6489663105458
2.81572281382978
4.9678476061672
9.04658725485206
12.1974646113813
8.34543133348942
6.81983139365911
7.40936934016645
6.95587721789253
7.22844079020467
6.40923185151311
2.49713960481996
10.7358982286008
8.37524114176631
0.777606666088104
0.549627235159278
3.8322935346514
1.62129129859657
0.0228589866310358
10.92493144254
8.08402779512107
10.7167379930615
5.01795415766537
19.2091400269419
7.18213194049895
3.28067168790734
4.7111782245338
5.55294101539683
4.91795403792996
5.25431642308831
4.93221776559949
7.24318637512624
13.2727920077741
17.0119548682123
9.07337912358344
11.8074549827725
23.7376425611497
33.2364324945956
18.799491254834
3.22740850970149
17.6079539116472
2.84981178119779
9.15320136840026
2.95349550433457
17.2496121842414
2.70571364089847
5.94147345982492
4.56501474979138
21.2259716819972
16.5575014892966
5.75672314187324
3.77350029394216
1.69205139391124
12.714874651283
7.9193838434236
19.33717318354
12.7962184138596
8.8207964031083
3.55830197222531
4.31985957548022
21.650986777121
22.5810990117524
14.5547627471387
3.67463720031083
4.67522898688912
17.600480793044
7.78209352865815
4.58659895249917
1.95102101817042
7.15696721768526
9.5943976852739
11.5941579566097
4.5356588313425
6.61610760726035
13.4149903431535
19.3770907819271
0.165659080167956
20.9633137089543
15.9965269108661
9.77632724680007
4.7010882432302
9.07390029169619
11.1245389191396
19.1633860114962
20.0473551638424
11.3251624628901
8.47415863536298
9.60661810822785
0.773635692894459
7.98968118615448
3.59349650837264
5.53233120590448
6.99463512407091
19.5679571479559
16.9729490298778
0.0797267185513028
4.71290985754414
7.1564067083014
2.98524045920711
21.2121641079877
17.8456600854471
7.10934075260652
7.68461595289409
0.656962534412742
15.8575701061636
1.44973248234467
6.77281678654253
7.9543509054929
10.1626988500357
7.03079686500132
11.5935045760125
13.2828391157091
21.2566730100662
16.5828340735962
25.8648425028216
11.2962502520531
11.6577643052099
6.41549681313336
26.3619795153706
19.2606379278004
8.05749134796737
11.6827988901337
7.40713662371363
8.53850883431733
21.1851984262466
13.8054533395916
14.3555679358542
21.5330705051302
6.60142884589732
6.73381531351253
1.27016167901751
6.271827699017
26.3707770500332
13.8222907730601
17.024363251403
7.18965958803892
0.900365738198161
11.7148111882884
13.8620596489581
5.742526659742
13.2909500354404
8.70145843364298
14.8667776957154
25.0302346423268
3.27025191997302
4.16884311514197
8.66170237241434
5.69115758453466
0.284710685856263
2.60410072727793
5.62183433394136
9.275126690045
18.2528704870492
8.57700128108263
6.21569380164146
11.8396307807416
6.25818916596472
7.89179957101522
4.94111146270904
4.2757446700627
18.4249658603221
14.2680486302387
11.6867399823299
23.2703798916191
20.4867787851931
18.4469870792318
16.9826342724264
23.0185997672379
13.2383219897747
1.47281717509031
0.0649959457897177
6.67098620906472
2.30117877945304
10.6668163556606
1.35271957434755
8.19502898274483
9.48709398508072
0.623167412753913
7.00370388218543
6.77784401923418
19.617338693622
11.4240638911724
0.547904567793012
20.6809219904244
17.3167553264648
6.31165569648147
14.344939449802
8.85449023917317
4.57132929606488
1.83476590743004
13.5529242070943
0.0316179355592746
10.3303801391115
11.7579137643937
12.5208571375847
1.33357876911759
12.0779355522245
11.4541222616983
5.70864589368689
26.8453878350556
3.42002236284316
1.57637671383617
0.561462203040719
6.26490666451553
14.4583742599934
8.53425119526327
4.72182091325521
4.92018018849194
0.851221149787307
4.76726782508194
22.2214563502813
4.45841168984771
5.70142711512744
17.2085606027395
7.04658520407975
2.54390769055146
9.74805685691535
1.37670263648033
5.37868381068817
8.37261102757457
8.24364958499343
6.74709835788193
5.45211481670099
1.67529152243706
3.02334744483232
8.54215500876307
3.91876995563507
9.4476942833149
2.03517484478652
1.59558597952127
3.73559757167012
11.0406596213579
6.28786627203226
6.12889811276456
0.102287031623445
1.46986421191469
11.6668923080899
4.36122841201723
14.3244365423932
16.6670729406178
5.44452766187995
14.8411854605148
7.65705360604925
16.1010172958238
2.41364203393459
6.39947266317904
6.58597383429573
23.4121076162749
0.632793549365759
3.81571487523615
10.9217835590243
3.71556952595711
1.68228526599705
17.1305381153685
0.330639419638631
0.865773484110832
4.93165156804025
8.65205293167793
2.77403146028519
5.063558692376
23.3639235142618
22.0265317708254
13.6131198905496
12.0392659127521
12.8928821068257
8.48297220654786
13.8265525067708
2.10676580719459
5.61662936417498
2.26202740682159
6.55114678665996
12.123841419816
17.3588968347758
14.1040010377765
8.03056607876019
13.205382367596
2.36792081627599
0.874113940326761
5.77631979249418
8.07250952348113
8.87549729086459
29.3474054895341
5.76132386922836
17.6285629924695
21.6227534912989
13.9139012433589
4.42034881561995
5.16422907298134
3.47136806428223
11.0740824602544
20.680000011762
4.12015723995864
4.12717059567239
6.39006908291188
24.7792329805888
9.79680840275222
32.8328663948923
5.94493225216866
12.0691169518977
1.16593139246106
8.88428403995931
4.50304541736841
2.27379542775452
6.66522583924234
8.81956397965091
4.60579716144495
6.64620142374428
7.54112594730848
23.5985250390631
10.4417329654098
1.8506686668843
22.1103985328227
8.64562331698835
7.32230662465419
5.96468070901738
2.69650593400002
9.75348463112667
6.29732260495529
6.96235978975892
14.7519957019464
11.0835949440573
4.24033816812523
5.07935173809528
2.26549667118834
6.33664270862937
23.2328064274043
5.5051063140859
1.63171757012606
2.65955016948283
6.36632421344153
3.40769561007619
26.4173066218382
10.6073115486652
0.0803504604846239
24.2174288257957
3.07435853015683
8.65295622497797
3.47406887449324
20.6462104190601
6.83409401052838
3.76217951998115
15.3720696535501
11.0170301658929
7.74109940975904
0.498216599225998
11.7840928025544
1.74351446330547
29.5591686852276
7.34914156617078
25.2891425509006
2.76299901306629
18.3071379625643
17.0337116345763
10.1260158614015
3.06800362126869
10.4852212800423
18.5911559034139
2.34030470242871
13.1950479466468
10.8568979427218
5.208391567151
1.94238685615731
5.0886293954651
5.08631234576137
5.04578787719847
25.0980351120234
7.96640606353844
5.87485670112073
4.56515024416149
8.94391078596463
7.38555138813606
10.770694627266
6.83712521567941
15.8203304931326
0.438272394239902
6.2014193739742
8.37161671370268
6.96672922931612
3.86398783884943
5.14112273231149
2.17990083619952
16.6174806188792
5.14198819102937
14.6985659841448
3.3181461726826
10.6474233288951
3.29590006731451
26.1792907956988
15.710711958099
7.46184680610895
19.0082471173533
6.34558484889567
13.5937711689621
14.4922599527837
16.0467357602137
12.8827395383269
10.1809454259713
14.0704666758455
10.1686846930534
17.1266741119325
7.74910857768354
15.057218959555
4.52928052149825
1.98829933069646
1.58462960165062
2.11951088779094
14.6087561902036
11.7205943446606
2.1143589171555
0.162079331011199
19.2635050048024
2.91962497867644
3.55222726000046
8.76729636260068
11.0011528915293
9.84660014510155
1.4129385817796
2.60545475501414
4.93441620708754
6.65606870317418
10.7364331421803
2.69611929543316
3.8015688303858
4.02960421471683
12.9112253896892
2.95634386129677
1.07934195548296
6.5827333368361
3.01167317863468
9.41104204393923
6.37194975279272
9.56261026223804
13.7948544695973
16.875242581591
8.07837406173348
3.85049362666905
13.5461093857884
4.55780257470906
4.06960693879005
5.14313178136945
1.48479912170649
9.10210739821196
3.12293511815369
7.43571622297168
20.1809500344098
0.488771218806505
18.3541417121887
28.1905882060528
1.51647828707782
14.9536593479356
2.0176480106009
0.502850813791156
8.06620079092681
11.1788177862763
0.750533813889516
19.6083868388087
8.93022702039511
13.3022258523852
15.2226428501308
12.22278107889
0.376278368891425
2.10119466895018
16.1011521014696
5.73665029369295
10.1374002328852
4.10002642262476
1.35364709141615
14.0431731473655
1.16298785433173
6.46614859299847
16.4275195393926
9.11319791339338
17.9971838835627
5.35425763448466
9.95971621014178
14.3362176972609
5.99475021138025
1.23057176394864
1.29540671116033
4.22324351966381
32.7335955403336
4.89249420114866
3.98839709991777
15.1437861379236
11.657571233809
5.15908747911453
6.54012034647167
5.07187387514947
1.51553103251313
6.2502009794116
9.73792672157288
7.06708501675635
22.0991668269199
13.3138961158693
6.24005576902795
6.3504044432193
23.700976797279
3.87866966167597
6.61829472519457
7.04218517057598
14.4054667558521
6.199932973842
1.29970628768206
10.9253151213886
2.87661817856133
6.50241128169
4.22276798635721
4.14780401624739
14.9623516947031
3.92558611929417
11.3861792720854
0.460208576980614
2.58684382937372
0.85439327679332
2.60009617814414
5.70065942592919
10.4196516796947
5.09308236651123
8.63425495525273
6.88509093952332
18.8974814489484
5.05580306053162
8.62638503313065
3.74854309484363
8.81519126085388
23.2240413315594
1.74510958221264
9.36326216906309
4.57548801787198
5.34340790472925
20.6018975939207
1.60242668353021
3.6524259580236
7.75230292116249
1.47818508557975
27.8810224961489
15.2431360445917
2.35707014799118
16.8543960899115
0.0835980113439909
20.0654798816952
2.27961082068717
9.53326217100552
10.2129539009184
1.0282616596669
8.65621385164559
13.8747493580507
0.50980313681066
5.07074139798254
0.116282748058438
13.4811389177009
10.6991402811016
22.7431473787874
1.16744278930128
12.0993111282587
5.83405689479148
16.7012293873665
18.650623974533
1.30451330915093
6.63822633214295
22.2961157935197
3.94343119114637
19.2571462132037
27.8935300516447
1.48640726692975
0.86677884683013
25.1386221963912
20.1925882138312
6.27218696017834
18.8789110658113
13.8630075380206
0.515064876526594
12.33294242993
7.58326233828249
15.8841342005551
0.47657904215157
5.80145088024437
11.3805941175098
5.11477021620775
12.7497789273471
16.135842865333
14.6496839355677
25.4692651394872
10.6454322141635
5.31048052944243
18.0908064823598
13.6560348793864
5.61940721236169
11.1784896347672
15.2539223092216
6.65763234719634
5.91741553507745
6.50055695539567
15.9084571525455
14.2536222934723
3.97361365079706
14.5396562758833
4.3365668374595
6.68628290295601
6.85592243852499
8.95911287012083
11.6290200967342
14.4324972354322
4.67149620106489
8.79499512216949
4.01101280063223
1.16686395203045
6.23825252987444
0.633798260241747
2.40934257432763
5.06000616587698
18.5307747028746
5.1038971798229
24.8262697830796
4.64338276041525
6.11897711642087
3.44569240696728
23.0461520142853
18.837388465181
9.52727934345603
6.51256074211827
2.76457159779966
13.4814304129211
5.4407947736387
7.05487079895326
2.20709555057194
0.536313134159537
17.6347155072952
2.25427504628897
13.2747094652679
5.0472965287695
6.44246842712164
1.63682638642749
25.8346002548933
0.0817969607917469
9.27895181812346
11.2622453365475
13.6514640355468
7.55508011206985
7.12868190104765
9.01073785498738
1.08797717839479
8.32678638770041
12.697384878993
7.33512039296329
6.79881587493911
21.718992292881
4.51059569725231
6.33825622498989
15.5078532639891
11.1889724154025
1.02279554121196
10.2599184077957
0.511955611519671
3.2872480340302
21.4873697143048
0.799237936735153
9.91907240822911
4.29262394108968
3.89226763449881
0.795929167258515
8.98632296931032
6.61058055291027
12.0685278723275
3.28966416418552
9.63942063972354
13.805498695001
3.26178476009357
2.86847553215921
6.04257769882679
19.952349876985
9.01784034531269
3.42345459051146
4.20680066020567
17.2606650062568
1.58895325913277
4.14336118847132
17.507271899143
8.30644935912166
4.93621663190424
2.81391278840601
4.98468428850174
1.93618069665707
1.87282608821988
10.7415271268603
16.0600557780938
3.97898199151425
19.0266539808363
0.326811668762896
11.623716543477
11.0761812422425
11.40206172131
21.2486751843244
7.5156781822443
6.09620036557317
5.7379721198231
30.0850226031972
1.22139477171004
8.26816451735795
3.54031976312399
5.02027128823102
13.7155778240412
8.46716625419104
20.6988114397973
11.0800035428383
12.2138173401027
5.85481167078324
10.1851368438436
16.4131573720362
0.163913562505346
9.05845204295681
0.411889795213938
21.1452916264534
7.18187761615573
11.4654385484755
8.84775172237084
24.003388111583
18.738463986665
11.3160798326135
1.02362860404391
4.06279056333005
4.92807039991021
6.09931810759008
1.47476529202346
6.89184321090579
21.305829904609
5.92416456796714
6.54878463138332
6.35462007192725
7.1801302023232
3.82269565016031
11.8262271396816
11.9336327219296
7.76907773688436
2.65186451562255
2.82295544186101
5.46805495396256
6.77122183868353
17.3438106197864
7.26456403921986
14.5513827446848
10.2251670323312
9.74637706679712
5.85839245468378
4.56048510968685
2.43759476579726
8.92594787292182
19.8238569889954
4.7775966202186
5.76982763595879
19.1343186888844
6.99781496077776
31.8885463289917
1.91096044145525
23.8329968880862
2.8986569494009
10.3261864744127
9.9757071790357
15.5313372612
1.45807460042554
9.50939945754792
10.9637022595907
1.760472683236
8.2585434382112
6.66063586249948
12.8371491244
9.65008675120771
8.61004335774744
2.53021295074046
13.1487946026027
14.6433056332171
5.7458831089058
1.54428328387439
2.72252960130572
4.58001606988276
16.1701643373817
4.39695082604885
4.18531084433198
1.67878368746361
9.20169651508331
0.156329554709433
12.8654137719423
4.35822103172541
6.69599825487844
10.9521520789713
0.980727048590779
5.73956948253195
13.3698450867087
4.25940337590873
12.8158662468195
4.88409467810166
0.563574037631673
4.62129103131594
7.23043684334496
0.540728297449368
2.92911894676467
6.29377556033432
7.29410191997886
11.3361410330981
15.4708340827655
20.6579084973782
12.5064189080149
16.3861771670672
6.59311059862375
5.31778451986611
5.69537696428597
2.75223394379375
13.2605507969856
13.721218239516
17.5293725915253
3.73109644278884
7.22020793038094
7.86937419325113
8.38064253330231
4.41124971393117
6.41580823027758
11.792646208778
16.2548351567239
11.9551189795321
2.22256346605718
2.7306159791548
6.04066910062247
1.60446969075316
0.110912043601274
21.0578646911215
4.25713299773633
9.62760977465624
17.9642730442478
8.04538773372769
12.0800761971623
4.84677255153656
12.615453870967
1.22644485202229
17.3995335586369
14.0505933896624
7.58415586315095
14.5552192348987
20.6656892780933
10.250729594707
16.4109754376113
6.25174980778463
6.92658172920346
3.92527147151038
20.7379274647496
21.652077681279
16.1883938591927
13.3135275199727
11.0391680151224
1.25697556302218
2.78420797549188
16.8916649185121
1.71283972449601
12.6348386984318
16.7072769206615
1.27589157257588
0.475081522017717
3.28428605571389
8.62244451418519
12.7611147216736
3.20993019412655
17.7532056812197
0.324114103374249
1.527978759581
2.25674393586814
0.336779346363792
0.269483038172837
16.1066728066189
8.83809095234396
16.3641184102744
18.8706613734378
3.85024669900066
0.383774147013513
1.04048731450669
6.0434687748727
11.2518889829516
5.96828140606451
9.88971400074661
2.23267474211752
8.26491191983223
9.41880117122349
12.7748663071543
0.929021556413605
3.6609897235053
6.78629563718449
9.02260593138635
8.84436066262424
4.20801337844417
9.6194404643029
30.3003292996436
8.02777768112719
24.3204635462702
0.760633265599608
6.56028210210869
7.0478476717288
14.1533855268888
7.00526582077146
4.01342823170125
11.7278312332928
18.6167977750301
14.5330706069705
24.3418657686561
0.747807796165959
8.9388221270194
11.202238598457
8.74821068719029
8.07090437254401
3.56470076367259
6.41145691125145
9.2416267226334
1.081114821136
2.88610165007412
5.75313627559811
12.4806178733706
1.27741260244575
3.49496068229057
3.9060122748314
5.66542432643473
22.7117547765374
5.13395167329668
0.619210617709182
6.18292568251491
3.38203138671815
17.1575163352909
3.01210600882769
8.66834725949515
8.07916382327676
7.47955101542175
2.46175271126985
0.508973200010117
11.2581974016308
13.0869479384273
3.22171808220446
1.83722423389554
7.5581818819046
1.22813335619867
17.2212001329865
14.5221928600222
12.7049307206091
6.1378822196275
17.0250080060214
7.58229807364351
8.85855229648471
16.6477581486106
24.0390480216673
3.74632747843862
1.59157840535045
1.45916096963964
1.15565242485013
18.0631004785202
3.01514924503863
2.19981815985541
14.5889228675514
7.9360593110323
25.5724805758017
2.89651188068092
13.0450063385069
1.24486801214516
0.773210730403662
15.6297291163355
2.49608852900565
1.10047091729939
33.5143143120618
10.0168086122721
9.48508991859853
1.15327667444944
4.57856046585844
8.67194472812116
0.556315529065934
1.85671388171613
6.05222670373574
25.8256997396775
3.00473029248177
12.2628287877887
4.16008765548327
7.22107126427544
12.6986893467046
6.0926890000701
6.85758101753891
4.79544149711728
4.95220871253059
15.6493812475795
2.63091276813472
4.33795198039803
5.17478017136455
23.3883852139115
4.26545639936312
7.69481095485389
19.9595360714229
4.45820200257003
2.92488788254559
3.93045441210083
4.19457005336881
14.0066468621098
3.21814827620983
6.51826900430024
6.56659303333794
23.9169278647751
0.545957571932919
3.42729673720896
3.00515050909912
1.71030664741827
10.1805670889961
3.31128477118909
4.66157256567725
2.0377884618938
5.75072153900657
11.192227108404
16.2192637956518
7.13359879697504
18.1999777443707
29.2507074773312
14.0034626213884
2.92999232187867
9.98013117350638
9.56906238999487
11.8572828359902
9.27969534961495
3.44264288432896
9.72132263140716
22.0673096366227
10.9491324983537
0.431945081800222
10.8586722053587
2.63127277167121
20.4126421515914
0.969131618251706
9.9527673330158
9.3693601898849
20.3017717299603
10.2509547441819
11.3953318621424
3.39282094500959
4.77762990631163
1.85770074877005
30.5186327081174
11.4037091300732
4.27553691798823
8.47827563993633
0.578276261226805
7.32911096100833
16.4554861834238
15.7907006796449
8.22703553556141
7.01192481559085
7.00278030708432
18.7803654931486
7.03387216886026
3.7380576133728
4.23065074719489
1.39631071400058
1.30194072612495
16.2498058751225
8.82204620782758
9.93447387591004
13.5123744816374
8.90502813272178
14.2064861487597
4.5829207636416
2.35538994319028
3.49038592448008
12.3758509755135
4.09509419503647
5.05852997303009
8.23430243619417
15.7433465764389
7.86721967160702
6.60261460579932
2.53348778933287
10.0789180319905
12.6939508132637
5.79068465158343
8.02826276049018
25.9617246882363
16.1096876021475
16.2379463203251
6.21097903205474
5.00567117705941
13.0274549307481
0.0272880163040405
8.29384620128946
13.4189660471176
0.412884913384914
2.39155320450664
17.7016796994339
1.92804850936037
14.674345171079
10.4552504606545
7.72339654314975
14.2135130241513
0.540389120578766
3.68828256524788
6.18517133407295
11.0177504364401
6.68955943547189
1.31848875258356
3.79220950417221
16.1170217208564
5.7042023587551
16.023549856618
21.2487591686938
1.12128299660981
9.88144938664067
7.37164273130904
15.5109787825495
15.4322433078295
18.5232543134021
2.82727791927755
4.41634804010391
10.5493657860787
4.53636618331075
17.0735174790025
13.8676199420698
1.36839612387121
10.5132736731321
2.65830495903992
16.5721508208662
22.604901673515
22.9975133668631
15.9780798945576
7.69151509739459
2.50071748159826
16.5516343899071
13.6617436236847
4.89715481626018
9.08931931480765
12.5429536437068
14.5520928245878
6.45307339727879
0.923232999079061
5.46112852608359
15.4771069430599
6.6915194503963
18.7026709931908
0.265393890548074
9.19090841026346
1.15729556418955
6.24354383908212
2.14242366767785
0.898803240108476
4.46707731036489
16.8325470294803
2.95188481706298
19.228850302961
4.82326028868556
15.5579858459532
16.1034613847733
18.4456793692501
7.35239111976756
17.4734325148165
13.088961681012
6.43812143243849
10.4018611833453
7.11447764188051
20.2281799633056
0.24730172375811
10.3445777669549
11.968927225098
10.9618325393362
11.2618177197874
8.35793963633478
5.29034994542599
3.81139069795609
8.04402590729296
14.5666350663361
4.1666558358438
8.7410078576171
11.4168674231387
15.9439278717231
2.22809049300849
15.1470439042896
9.83163477077987
1.08236661180854
10.0216139107943
5.42433736845851
5.80381974577904
1.02440272457898
11.2123258877546
28.9087398443371
0.931124296039343
17.9721185006201
11.2013141799978
0.0721618067473173
13.0941984243691
24.5749411173165
2.05576671562853
8.63838675717197
12.7296487800777
3.54925475758543
24.152960745117
15.6374996461249
11.441152729094
16.7714387178421
17.4666888313583
2.48558963648975
6.43238220363855
11.274044787325
3.12568334689333
6.96463752537966
23.0838397624984
18.9159709017829
13.1106516721799
6.08097576276906
2.40214694171016
3.5196119453758
13.2243418134749
15.6643425114453
17.8550520911813
4.4510867446661
5.14532282727484
20.9385360125452
20.6781800836325
1.33034703321755
6.77713179029524
5.08193732239306
2.68134004436433
33.6223674522405
18.5073859523982
13.7804654534164
11.345515307039
20.8730871589216
12.3839291743934
11.1352460924536
3.203909515446
12.2545788522816
12.2935235965997
2.64981505461037
20.6908908672631
26.7734686844051
12.2466376652026
4.60381750511253
19.9212724808604
8.98460149765015
3.64992893300951
17.1098485123366
7.58635061793029
19.3738027941436
15.1378614425555
3.6368593107909
6.79647014476359
17.5634821415556
0.456288456916809
12.989303516224
3.15037947148085
5.34626343287528
7.58715816773474
2.79176984300049
14.4619628640187
9.61134331300855
7.67739999501044
8.08793229612734
12.0987880975008
11.5412914041918
3.03604793734848
5.34363600506137
21.5792324393988
5.2395930302459
22.7872353712448
4.72492026165128
30.7092700749764
1.55031778849661
21.3623208132475
3.13979098573327
17.8589047398418
11.040394100075
2.72539898613856
6.58071641810238
9.37371421605349
1.68651872018867
10.1557300565577
22.5936089692249
4.96596982702613
1.62501633167267
13.6227936360032
13.7572307893436
11.8484342142965
1.89310582354665
3.58367554669725
8.39672852307558
12.0223051095663
14.1272918308302
0.681260350847657
5.09738093344634
3.76690458506346
15.2298852021559
6.7221287637949
10.7701689470559
9.12202694453299
0.567469167122411
5.5888507515192
10.0547181188247
17.658341024071
9.15954606156066
15.9014877863228
3.71470351964303
7.56822005844862
5.25060827988953
3.44014656729996
5.33707147202227
12.2463780920953
7.1220776832147
2.54966737702489
8.4082569777781
1.48626146838069
2.85446294104604
7.11840409785509
5.2651789970696
18.0100980680436
17.4722749739885
2.85851275548339
11.5354988122097
7.10509178452083
5.37970159202814
0.501040928065777
14.5853125798006
1.7046156640014
6.97795440612187
7.98551999032497
6.69135642508616
12.5155788986178
2.50900238752365
5.35944881848991
4.71898924841664
5.87477111257613
12.1856881771237
23.1545270886272
1.42896565082586
2.86528494720798
5.04601397551596
13.7509754858911
0.0967629253864288
21.4473868720233
14.1849759966135
9.06522730365396
4.29267288943442
17.8549076914207
4.19901997140831
14.0496268494822
0.64410389313521
6.38395231217146
2.23967491037828
5.41553157381713
36.7307164240628
8.12684240535197
7.5666977697687
4.18458564841415
14.2051009926945
6.13356712274253
11.704826823385
5.74280533446546
18.373340787366
8.87729471935986
9.62111251428723
25.3995406907052
5.9115468369878
8.32480359822512
20.2563430504021
5.38902287371457
16.8003946991678
2.07448028959334
0.744716916233301
3.34044224582613
5.43381294506712
11.1713545652971
5.29402168467641
10.8224231749773
2.37092175520957
5.05413757637143
0.942102513353769
11.522934919568
5.84856052882969
3.4164144191891
2.85813966766
26.8994918093085
0.292381729070308
0.462530553340912
4.5821742513024
8.38900299386382
19.2030566878527
6.73270428453227
9.34850660342719
9.53504364006221
16.7046144244298
5.96826283054693
4.36687134206295
13.1474751100791
13.3652752323326
7.82813816331327
4.77985001932172
13.5113071882372
6.88943034826972
3.63567621532334
9.98275031811229
10.6355322524905
6.41998383233122
7.97824896872044
0.267633491156382
19.2764260806143
4.80570765212178
2.16696429997683
6.40877480663242
11.1755660735071
4.46187876375749
12.3047952540219
14.0719243456093
2.07007815939524
4.32309923217006
5.15760849229991
10.6620455626398
4.67027814095297
26.5609500663607
12.1287082321942
1.52120506390929
1.70278474091829
18.7672092324176
11.7728475481272
0.276655238121748
3.76626793295145
10.7767361216247
3.95453805103898
3.98523166065427
4.82780556194484
3.4095217473805
5.2253619243823
3.93889294212088
9.55706066451967
10.3796740110753
6.86859662229363
10.5105938389897
22.7956614457071
17.3204040154815
3.63082429336098
10.7718353996685
7.5655455389671
15.126548145424
4.3696706691773
14.0347987879068
27.1960800513625
9.6016584532423
1.95199628360569
4.72880508750677
5.85434706881642
5.2506978623569
10.2220313560949
6.42224256880581
0.903776766349646
4.10286602564156
3.21910693310201
4.11091253126785
13.9645543880761
2.48201591894031
11.5357685687485
1.14473928697407
10.8834017011799
3.81687493063509
13.9423724729568
24.5999526232481
10.15358204245
16.3844971451908
13.1544834002852
2.13859549719876
13.9025932358246
11.0724821221083
24.5654085032536
5.04956921348816
4.59309844701888
0.309753837063909
21.18732444942
8.12779953703284
6.17657291292161
5.65207018516958
5.05246889858323
9.58492614021969
1.76216885447502
5.96527820453048
5.4085529409349
11.0552432946861
2.95599536445864
18.5411107276632
4.09771408538943
5.25475591421127
0.00720713287591934
2.72644772194326
3.28790084458888
15.9258481580764
4.84992397258698
4.87241265363991
14.655767660588
11.6130769518026
1.10136193232235
3.64937600651314
16.1730457562953
7.05724097689666
0.915149319916964
7.47371148318052
11.1702316440642
2.05892965341052
15.2232017761212
2.03650329063886
4.82687689363956
10.8267259318382
11.4644029643387
8.1942608114332
10.9689245460646
4.44943513721228
15.8661566674709
18.5499025974423
6.19183625094593
3.17292082352719
20.068516066988
14.0151021070778
20.2510124739865
17.6114459031741
21.5398124884814
2.60898111771379
24.5811608619988
22.141068691898
1.20019570906075
12.9489610902965
28.315375931561
3.77816925756633
9.38931512646377
17.98115959391
23.1932165414476
5.22497640922666
11.7873979732394
1.06450419991857
10.1637053303421
18.4338048687753
4.2063114188371
3.01914792507887
13.5919479481341
2.61708381585777
19.2525401236995
25.9115215390921
6.68752109631896
9.49770519509912
20.3963746782392
21.2036220973259
2.18024802095481
2.80787674710155
5.44483379480162
19.7475087363273
10.2848034525406
25.6238097324967
16.9829731341451
5.69165786728263
3.92647410312986
4.88190553151071
1.26449375764636
0.476558050361292
21.7986755691339
1.27076251873884
4.27516680210829
22.8259191206002
1.86040254246938
15.406367694959
6.26133382320404
21.0559046108993
16.0317874513566
7.05621223858895
16.560295689851
2.64821518212557
1.79459424689412
0.20600229622185
22.3278578836471
5.10999932610789
0.329755153506994
8.17663874477148
11.2470724154264
3.16358935087919
2.42780316621065
11.1226651480989
5.05961468443274
3.72410639499501
8.98592974990606
2.701595146209
20.5303408205509
10.7577884673987
2.8376929461956
13.6039465200156
12.0064008515328
0.866593746468425
10.0767781492323
19.5850453805178
2.40960532671825
4.4829742051661
17.2268793918192
3.00451857037842
3.62220071826318
2.93558035045862
9.4873837250709
8.59462696924905
4.31464561261237
1.162966247648
15.7963056582958
3.16829311500153
9.41571788862348
24.2959051788726
28.2853836934572
15.5114771861065
38.4461931418628
14.6970449015498
0.26336633487929
6.07162620931983
7.47539671137929
7.8516342829207
1.89868252043108
0.297349272295833
6.05281568132341
3.84037895128131
4.62906579487026
1.33932420538883
16.7196846567094
2.37363958731294
9.98772857710719
5.85879143327475
3.74507470987737
9.18741682544351
19.1673965841053
13.694619294256
14.5982272608436
0.22521335631609
2.46776784770191
0.675653712823987
16.948576271534
1.80327161215246
15.9145444631577
16.2843551952392
6.29987134598196
13.4577730670571
15.317947557196
22.9240410495549
7.24355690181255
5.40290531728798
3.35098930161076
16.4638825110299
1.71464432933549
18.9155200030655
6.05183821558716
10.0920486263931
1.8098524264888
7.1708403993398
3.22210849262774
18.7798204831779
14.4175042105763
13.4862198301228
3.31000038422644
0.455674109980464
2.04901767008516
17.9697306826711
2.91522526654956
8.48394419100877
4.86304984322428
15.3745903561263
9.1600255575031
2.29477211833
30.157190002501
3.56422052718699
10.7409153128975
14.8246287368238
9.39370109699667
0.221106689423323
8.81800982169807
7.84154650755227
0.688591506332159
8.16466367615816
25.3132905811071
8.50435760353597
19.4802573416382
16.1118724849075
8.47468383554878
9.20581246307038
0.0590700190514326
0.451376661658287
1.78793129842882
4.5407825615257
17.1775310923575
5.81973274238408
10.4436243053145
25.1589678320833
13.2602201742347
17.1881919726729
21.6924551918376
5.09327482432127
3.93773256133111
21.1971028653101
4.54906706275779
3.2670536544174
8.9798781555146
2.84879259888632
24.7186151333153
3.41688492335379
8.9345773216337
15.2922625187784
3.86882232954383
2.84384828992188
27.1060337658996
14.4967073574662
3.84105565878653
12.6489582005888
2.92657492682338
9.0017366788027
11.4825545810163
19.5921529084444
18.5261512175202
9.60130477324128
4.91584766138556
13.4978529065847
0.640075039284255
4.48686615563929
7.03001023645002
12.7331010065973
1.15056118373044
13.3893446065485
30.3452415857464
2.59518907834114
2.65256922331182
21.8793355859816
7.29885101318359
20.3158833552152
9.17775509878993
7.03751406772872
14.5015050411372
1.34945073513523
10.064602957041
7.87760422826799
10.7867976184934
13.7387095458501
15.3621443081647
26.0623172391206
2.72790621966124
3.43845710158348
9.51592521741986
3.6129895132035
14.8876807186753
14.9004055661792
8.72730123980355
12.0806424343348
5.34729575738311
2.62400615029037
15.7909073866904
4.37934878282249
13.2582088001072
33.4696845151484
6.95867380967199
13.7672539334744
11.5888377185911
4.26600119099021
7.17777903191745
2.87147499620914
2.61042318306863
24.1458537940539
6.83442098088562
11.8265200871974
4.23864778131247
1.38651798479259
2.54727796080457
11.1429187003523
12.88919680474
5.58836399483512
10.5853071436286
4.64781643822789
18.1383728331455
1.55449423770024
16.0699733067304
9.72939997977361
9.78459747722158
6.75145578570664
1.37062138646351
