"x"
10.5095069855452
28.4460451686755
29.0010927710682
21.9340969021338
15.162569269439
8.88044808525592
8.91560465097427
30.4353503743187
15.873335278593
24.6954557905446
23.2118009822443
16.5574726415798
16.2115511874982
24.7922140406445
30.0572531763464
31.1376543948427
16.773497866157
23.8148947738398
31.8070085020736
21.3490384398028
23.7059589708224
20.8589519141242
23.6663064686581
24.0801177918911
29.4173211790621
30.9097854420543
15.4245576821268
24.6097760704917
24.0301464684308
21.3941094232723
28.068464063108
30.6787876412272
16.1448602797464
23.9521085983142
31.5059368968565
20.2671400014024
25.6484757876024
28.8402745034546
9.66147144790739
20.3400155995041
19.6130631049314
20.6416624598205
29.6505416044965
16.3742674514651
33.6235237075016
29.2984119616449
34.1487563680857
22.3893181886524
21.3636258151382
32.0283096749336
14.5399894099683
14.9064049124718
20.2891585882753
34.2593981185928
18.0835416817001
17.4638352356851
16.7756024432486
24.5786900166422
20.9183871280402
27.5522294454277
27.5774590671062
29.9783997470513
21.1946439929307
20.7256143447012
8.32963390480194
20.7881565438583
25.5968472454697
6.42420317803419
21.2277490645647
38.572637298726
18.4985709376633
32.1319612907246
29.1466037975624
18.6300560350025
32.6388290850446
26.1396014131606
30.1638265606016
19.2053801147267
13.6027289380685
32.879106933251
26.1361551971982
23.1712928973138
18.1052160682157
28.4412337234244
18.620309792459
21.3552922941744
14.8319466970861
22.6644607260823
9.90112675353885
38.4575440373871
29.9999329727143
10.9855583868921
20.343176019378
32.5114634120837
16.8948859201347
21.1699430132285
18.594094645232
36.8571195730849
21.845112927258
29.2024666676298
20.0701115420088
29.3733499245718
29.6263932948932
26.0421562939882
32.2989139705896
22.5585963577032
19.1468144068494
30.5209500249475
12.7444094279781
23.0226770043373
12.8210892202333
25.582369719632
28.2166011631489
24.2715411353856
30.7219155365601
28.9744805544615
20.8615492852352
32.400479586795
28.4845516318455
14.0586932422593
21.4058023644611
31.6265051951632
19.401983753778
19.85349485185
21.0185308475047
32.3034481378272
31.5334010403603
21.2088639847934
25.1826017862186
27.1515219239518
32.9391791019589
19.5987096524139
14.2355255782604
28.1907134223729
25.5350426305085
23.577566514723
21.3660275563598
20.7542007720528
33.2606881391257
17.1709570335224
34.0544721111655
23.2988385483623
15.6513228081167
22.3390545230359
26.3218208681792
23.3453419059515
21.5417610481381
30.5897336918861
28.4415769497012
15.7842526445165
33.952552638948
28.4957848023623
18.9839253667742
26.4073753030971
28.0795040074736
26.8011509208009
29.008809194247
22.8471428854391
27.7707209112123
34.140032180585
13.563358807005
25.9431081358343
21.0586251923814
22.0567909392641
32.0713428081945
12.2990113683045
19.1084123116627
28.0796498060226
27.3423734353855
18.1623313343152
32.3141080327332
36.7449806050813
32.9251110553741
27.3981458274648
18.0844444315881
23.7513471627608
31.1151059577242
44.4676735417402
31.3229746418074
17.2852677293122
20.7705509383231
15.4069105628878
22.2955320496112
25.5192024633288
24.6023260289803
30.7673640549183
34.8847975467748
28.3546405145898
37.4857332275319
13.4616228519008
9.0762976789847
31.7679903237149
20.7557619549334
24.5406300993636
22.0599046209827
29.7961394535378
25.1484904251733
17.8126533981413
23.1663659680635
20.1405404899449
17.921075549023
29.9317877739668
23.2157396618277
21.3870132358465
30.2449765382335
15.5435860253092
34.4534944975749
24.5678351959214
27.0926952362061
18.6424869578332
26.6793806026046
18.1119896704331
24.4245798559859
19.0518164774403
20.9966558269597
28.5747924121097
25.2126556289519
25.7021677465862
21.7993341619149
22.7223007474095
15.9023255808279
25.5160152213648
19.368117977865
22.5012828828767
29.1312482440844
30.864611803554
27.5352108292282
23.3801586553454
10.8697240521361
20.2421895792277
20.5898535903543
27.831347566098
24.6531294891611
29.3439047643915
26.0298406673654
13.8463451726254
7.54590160213411
32.5509528862312
21.5463099302724
29.3932862114161
34.2443122295663
18.6445414787158
28.4474964020774
30.8300338452682
21.8567352509126
19.8250682326034
28.9007181068882
32.1047523291782
25.0321400817484
28.7920834018191
26.4556742273271
16.5153148118407
15.6420928826215
13.8031972228732
33.5857241532877
28.0418723123148
24.9788227723911
24.1043834481388
20.7534544106616
25.7553917355835
21.750149208184
22.5321819032513
22.5798470899463
20.9523099241778
23.2564573641866
20.2630838379264
26.2303510680795
18.0371762719005
32.6208831043914
27.0067028468475
39.9523291539946
21.6713423408709
29.1611299384385
26.7568649258465
24.2476472398266
19.7779125766829
19.2604246549308
20.473315846175
20.0419764500111
32.3644792661071
28.1211371067911
25.8008494978028
11.3648262627892
22.441979451105
17.8617545170709
22.9984344448894
14.099384173347
20.9094852209091
23.5588317969814
31.1523956013843
36.514901507408
31.6718569491059
26.9216545391828
30.3974014008418
25.6963823689148
30.2690591430292
22.4881177535281
7.17254225164652
27.6681386167184
25.9398226160556
26.4640209032223
21.4395202696323
27.6547339744866
27.2781593725085
27.1609291201457
23.926672921516
19.5152912635813
29.9613942857832
11.0900043742731
29.1472149547189
28.7700225054968
13.9787816908211
32.3835844639689
22.3477553576231
26.7624176446149
27.5011246558279
22.4863641464859
29.2300153290853
27.066908380948
31.2384041724727
25.4663962638006
30.9523958945647
17.7181145641953
20.0528761604801
28.3058868721128
7.26738336961716
25.5901660537347
18.3289207425579
16.8475488899276
24.5750389527529
25.996404162814
22.8400047612791
27.5283794587186
19.7408859850839
19.9498037341982
21.1402802960947
20.2653795015067
20.4892789433438
21.627071734284
19.738933746703
20.5869596684352
17.1447425149381
17.6195334410295
21.1634858278558
24.4772919686511
29.0595141937956
36.0536412314928
17.957154312171
17.3008610261604
16.10208817292
28.4052995448704
29.8853351501748
14.8682554019615
23.9906644215807
29.6310742152855
25.2210041740909
21.9430465949699
12.4315228080377
13.7029979357915
21.5914306463674
29.5357901835814
26.036071148701
26.1121566174552
17.2203278018279
40.3408107326782
27.6862038532272
23.7916386220604
16.8861550278962
21.5388678014278
23.5301260137931
34.5229740487412
16.6885382961482
29.5262811006978
27.3670705733821
21.9657201319933
36.2964553737497
28.5062525654212
24.1454114030133
23.4095617663115
27.6789391646162
18.2240289666486
21.4747046120465
9.86526183173767
27.6557422475889
30.515913639297
24.2736202431843
23.8933035172522
29.8295220236254
22.4831450963393
30.8776556048542
26.626787846908
35.1613029816604
18.9875348471105
19.8860839319259
33.5996720241383
21.2839797371998
24.0521731087938
21.3245249365134
13.7526812031865
21.9508060021326
19.6026470165957
24.0847146837041
19.2823985655768
33.2450182177126
33.0288687488064
18.2049046969041
18.9159411341529
16.9667195528746
24.0854881238192
20.6756762461737
22.1944481134415
24.690807540901
24.256919492629
35.892320077006
28.5766871548858
28.1744752079248
26.1129171820357
31.0070808744058
26.4662324290396
24.4315648218617
23.8265218132384
24.0073949331418
29.8363245847346
7.83683671616018
27.18025802169
32.1123495465145
16.608822537976
29.9560969229788
22.1601801881974
20.4466508468613
20.8322769729421
19.1170015139505
25.7625406607985
17.7650526864454
22.9137030197307
19.9206683784723
27.6436155196279
20.8009971568026
28.1151287381332
23.9803462056443
13.8200903311372
23.7218510359526
13.7358669191599
16.1034058717603
30.7433306006715
15.0242636911571
25.6238904083148
13.9740655431524
24.9153941171244
5.91774275526404
24.765657633543
31.9420216837898
30.856365757063
24.7404474997893
31.6933984868228
25.5665645003319
24.8510246165097
23.54340453883
33.6992095923051
26.3656700495631
26.6858112983134
16.2989257339012
23.3927734639127
12.2713006590819
20.6264136591926
19.4045987457016
25.2929528709501
15.2578440494835
17.807873734273
28.7900380790234
26.1249132454395
23.8428680226207
28.6520801950246
16.8649905594066
12.5720360316336
28.7263039965183
17.4699244787917
23.9255871856585
29.1025683050975
26.1347529711202
39.9624326216953
25.8307629963383
38.4643928592509
26.5673195011914
13.2592250445416
27.8783506480977
23.2836013427004
22.0891329925507
24.1124216932803
19.0718175843358
25.0301003223285
38.3900925961739
25.7467788876966
18.6776061076671
21.2462712777779
25.1383910654113
26.6810436733067
17.2788213938475
28.4214990912005
29.9285650486127
26.0191552582328
32.6864258851856
29.1042308090255
26.9013873301446
18.090743618086
33.1154710613191
37.0759128077078
25.4709717584774
14.1156084369868
27.8471586992964
14.7564548509644
28.5426042973995
13.973345910199
23.4788598958403
30.7058859150857
18.3279995679553
19.0565122757107
32.9049544408917
24.7227609157562
28.4287355141714
17.6168344216421
25.7036523660645
11.4355944097042
27.2522093262523
10.7739188941196
18.0335384560749
25.6329937605187
26.6098636435345
7.92627974878997
20.4808705952018
26.2980957282707
26.9971607020125
18.0794121472528
20.0108714589361
20.194074488245
24.2371863685548
17.7000665666285
36.1928078730644
27.6852620998397
30.386783182621
10.6390648704914
33.780651120469
27.6737048523501
25.4397876327857
18.0945556610823
29.694508574903
21.8335613142699
29.8641037195921
31.4806487876922
17.6223125774413
19.0719098864656
17.2988657839596
24.5260625844821
33.0089999595657
15.0543346535414
19.4967908784747
19.4302018266171
20.6687340280041
30.5578696774319
17.3830753350368
18.6044971225783
25.6315299076959
28.1762215308845
17.7636905340478
22.5259345742069
27.1344376029447
21.8243464361876
26.6598981608044
15.379245323129
24.9425338348374
18.1329574203119
33.5237018531188
25.6868273951113
16.2900886964053
27.274478902109
37.4779476326031
33.0112819327042
10.906212557799
29.4917132530638
15.73947283905
21.4524166192859
17.7104855357026
28.2534901052713
29.4807269936427
25.7850360192872
30.4674185346812
18.4381646104157
30.0073415506631
28.9399688830599
24.7987273847684
22.0521222387188
29.7385481884703
22.9610565351322
12.1028295828499
26.5084648970515
20.3404186991975
18.6533780070022
37.7307808005667
26.6121800988913
25.0645890599117
20.1948891136754
24.5169637491927
33.7457675719634
24.9531263485551
31.1972970142961
32.7055361354724
36.0652569594245
19.5156884100836
21.4395759860054
29.1937004793015
21.8845293624327
32.221362600103
30.3591692986059
17.8495266009122
24.654379603453
25.1536992145702
19.2227489547804
26.8611957551911
18.9637243049219
25.7668819045648
21.1935567902401
29.08606948331
29.8752835253254
36.0717626915094
23.9693953189999
20.5066302558407
23.2815339204416
25.2134160138667
33.5110674612224
22.206687531434
28.8777170935646
24.3313785187823
22.3147168988362
17.078824294731
13.0887332838029
23.855308489874
26.8330534221604
32.3151288321242
16.9250913430005
17.0318918302655
13.4610199602321
24.8969141294558
21.189120109193
30.6660376023501
13.7061561449665
17.9979698965326
27.8681968338788
25.2466327277943
16.4135688450187
24.656857852824
25.85077539552
16.3708283100277
22.0252824714407
27.4215842830017
33.4801475517452
33.142708754167
26.2471206719056
23.1737119145691
26.8561121774837
22.9685968719423
37.6695822743478
16.6928445454687
36.2631447126573
33.4273168351501
38.352124965313
17.6439912524074
32.6334907207638
21.3046848773956
22.7175984531641
27.9109151568264
21.3605341260408
35.0690542194547
37.9887909607446
25.307569722645
29.1297578020021
19.1480496199802
24.8963062185794
26.6861254198373
7.62526239268482
23.4044419368729
27.0834079943597
23.8465035101399
29.1444254806265
21.3306074729189
28.5514474613592
18.5605167876929
29.3088869890198
23.4611523104832
24.2710664402694
17.0516578713432
37.6812889685339
18.6112279538065
23.6062892246991
18.7852952629328
35.2334962965884
25.163745880127
24.9063136963968
23.661493292006
30.0969338743016
21.5794914336431
19.6558287367225
24.2099229086651
25.586408097297
16.4928233018145
22.4060677457601
34.3190939864144
32.8174758935347
27.5867000396995
13.3600860703155
25.5529118701816
23.1194446794689
16.4882741170004
28.1987253809348
31.8114353576675
16.1580985877663
35.4013375885372
13.2488598348573
18.9717711647972
26.1816975811952
24.6398653369397
15.4653306584805
9.73730127225718
19.4896184373647
27.501039355114
27.1544591315506
18.452886331158
16.7079642880708
26.5951822279021
33.7429381674156
28.0748855089769
17.0833952724934
27.2123234907189
17.0591786346141
39.4316001308566
33.6321855196729
16.8182906229049
14.3152002710849
23.9272004924715
20.5731858732179
26.073172991164
20.9162632469088
19.3520686589181
22.6309577235952
21.0447637061907
21.1185357690348
22.4720701001197
28.934826888144
6.39247801768017
20.3004159033298
19.6246869163588
26.3630457920954
18.8159803627059
12.3287593344336
30.6519656442106
30.0837868126109
19.2356032621126
20.9238124835091
20.4445738345385
19.5009099319577
25.2171094529331
21.5927148703486
30.4754718206823
14.3778999568895
19.3394737783819
22.3560322308913
22.9230172233656
36.4243845255052
17.6553085679188
20.0076974695548
31.9201701320708
17.468576626834
31.0197234386578
25.4609760850916
34.7603161332613
31.3490908360109
25.9362241718918
21.9939193322699
23.7652637297288
9.87762515433133
16.7370206909254
14.8981241509318
25.804354948923
29.8916806234047
8.47287117328073
23.8511157454923
21.2090057786554
21.6269779484719
33.9289138559252
22.3886855877936
21.2157791946083
27.7386810863391
32.8406253131106
26.638714200817
35.2359598015851
18.797863367945
13.3090560790151
21.8984155277243
20.6504998495802
37.1282916495061
29.0799166308716
28.2769520767033
14.8939276579767
16.2347162781077
29.3038565432653
30.9061018982902
19.0751013411369
22.1641959622502
29.7703572316095
26.231835805811
27.4212273769081
36.4746030418684
23.3190407045186
18.3390243211761
27.7554409112781
19.5811471669003
26.8639484187588
15.8371186815202
33.3370760083199
5.924777148513
23.6844515427947
13.8972500390313
29.6131640905514
17.5641663605347
19.5613379124552
26.9784931093454
19.8303299024701
25.1438598614186
23.6533627379686
22.3964582663029
24.8738195514306
30.9520230162889
16.385486186482
36.0814893715396
30.6436351267621
34.8856653531498
25.2343296306208
24.4728636695072
20.7222999539226
33.4316028049216
16.9456507079303
19.6539549157023
38.8979731014643
41.6172712727516
34.3934071715921
16.4741064421833
20.2544332822355
17.6313126925379
17.5906570828258
20.6007226319144
20.2225111424923
22.1429985249415
30.8168648509309
28.1283060321584
19.2926602205262
15.5576230725273
30.1195100182667
28.0565909575671
13.6177924724259
26.8847802354444
20.1246578246355
18.3142169611529
13.597277761437
21.1790431058034
19.3858173400613
15.8138180877406
24.0704862400889
29.0590095100924
18.6524867545813
26.4051222475246
27.1731775254011
27.2958245128393
28.8216974120587
29.3843024177477
24.4512660196051
28.0361659126356
28.087624325417
16.5010212808472
24.7909754281864
27.1752596367151
18.0344113904889
31.1073118355125
25.4756876500323
25.4490680759773
23.6931234132499
23.3412803616375
27.265072594545
24.3354226695374
25.681863212958
20.0901193544269
35.710959495932
13.2727317977697
28.7144945235923
18.0681935278699
21.8947116518393
27.3235027807628
19.7274685138837
25.7721096510068
37.8184646812683
23.2436272119377
19.4345451425761
22.3522683605552
6.689408631064
30.8329952415079
28.4961701603606
21.3435666334093
22.2734911600128
20.1191217965512
18.7418133718893
31.2306061619893
16.2414179649204
36.4836899542666
31.2277172924951
17.2021043153276
25.0742013799027
22.6986685057816
26.9556431565434
18.6388477217406
16.1936154589057
26.1095441645011
33.9261102722958
24.5052942228484
14.8207454243675
28.1561772571877
20.5815975554287
15.9015388926491
23.2486705528572
27.8659329982474
24.6321952901781
27.9905666131526
29.4779221294448
26.1385892285034
30.0565912388265
25.899069427116
22.6809996645898
22.794377665821
31.0006476938725
23.1878591701388
20.8338506985456
35.7068896272636
30.2016086276649
15.595912782224
21.4104233586744
16.9381853658706
24.6694415342063
26.6494422685355
29.4444991042838
21.5617554697516
24.6111607212032
24.2856195662171
23.767683794722
27.8222121763974
29.4745662249625
22.5857756100595
22.5343136349693
16.3326876237988
31.852937117219
26.9059216370806
21.4010204421356
30.0683226203546
23.713849647902
23.7979713594541
21.6125131817535
31.6511170007288
20.1928901718929
26.0819527087733
26.1550422944672
22.8250272106379
31.3173135044053
28.2080695166491
28.2768937526271
27.455114107579
26.3622811529785
20.0953175546601
15.6853064894676
26.4993446413428
33.3424502750859
30.4317727684975
19.6451557101682
27.079070918262
32.7318551484495
11.2726135877892
22.8326902840818
14.479569557801
12.4531909732478
20.2693382510915
28.9362554438412
11.455590557307
22.395084775053
24.2222019471228
19.266807474196
28.0285850632936
18.751200218685
30.2963202120736
21.5928316116333
18.0601445988533
28.6385701736435
27.8602560516447
14.0930076362565
30.8606716338545
31.1083796434104
29.8432332463562
23.7191394902766
28.1247166683897
18.6263550305739
31.4427848206833
27.380312862806
21.5312997810543
24.0183426067233
27.1531757020782
9.54966766294092
17.5401042215526
27.4484112393111
28.7982189329341
21.7017065177562
17.5460753263906
23.5785317141563
26.3704605544378
25.7636671885848
27.3635105229914
31.9406090769917
31.9390785880387
15.8495111158118
27.8919443140966
30.5787210711864
11.6996651981026
19.4443959277123
26.1019651545212
25.8599272929132
25.3260880475864
22.3352601751685
15.7505557406694
12.6458500977606
24.0555516909808
33.0194870941341
21.8062842264771
27.251173579134
24.0067969309166
29.0299700805917
29.3173286132514
18.1404070701908
21.3594435015693
33.0457761650905
23.7176977330819
13.7609572947723
27.4209964554757
23.710591540046
30.3231225349009
17.8232562118012
21.5598930604756
23.2703854329884
26.4292138163
32.5586766935885
16.0284626297653
24.3792356923223
29.9758036620915
31.6531630465761
25.0061289174482
26.2110514100641
25.3169194795191
24.1976123070344
23.9963211817667
23.924149828963
33.377798134461
34.4741017092019
24.9514159979299
18.6487818602473
20.7232207758352
26.0950474068522
24.7122455853969
18.3846561876403
19.171762582846
29.173825471662
31.7230985732749
26.1116307461634
24.1295871681271
31.1431298963726
19.9063944164664
27.6085095480084
15.4671886004508
32.9983592964709
27.7333563193679
17.5981099251658
25.7393106352538
29.4276822125539
34.8289303926236
21.9718804815784
30.8355145854875
25.392988556996
22.4186664214358
20.8149017766118
25.8806918282062
19.1281834889842
19.0631774486974
25.1074178144336
25.9923443431035
19.8229011381045
26.3692647218704
32.6352382311597
29.4024185044691
18.8771858112887
26.9516901345924
30.8481830870733
23.9555602427572
28.112631735077
21.659203665331
25.1568656880409
34.4107568962499
26.3428907375783
23.5909778030455
31.5771524561569
24.8959376709536
25.572743182945
29.1009556313425
20.0382670792918
31.3042537076399
25.5354669177905
31.7795564886183
31.4449951983988
30.5742651224136
22.1127017168328
23.9524720003828
16.0505202435285
31.9472917588428
27.4875794537365
7.81724457629025
26.3600328704342
22.8780451230705
22.4000565009192
19.6646989090368
19.3807961081469
35.3851583299643
28.2027183566242
27.3812113562599
16.9753333088011
27.789512874366
19.4925012299791
27.0078719593585
19.6268855128437
31.0869097743162
23.8523927982897
29.9034871626645
19.4561478323599
24.3269119877368
22.8748826921031
22.6626160083468
26.9585191899703
23.0738142272457
23.4946500044316
23.0702115921304
23.142451304011
17.8121891105548
19.9769926601757
17.0211512740082
28.1162383733317
22.1065287012607
25.8988584857434
16.3187451817466
11.4981497172266
22.7797238337892
28.161006886512
21.606686594896
33.9871720410883
29.3458838947117
20.3457623021677
16.05095108971
21.4550926815718
15.7033550087363
30.5036356672645
22.6002277107909
35.1390862350768
24.6406387119501
22.206064988859
21.0396476555616
23.4627777477726
18.0798433255404
20.9642982343212
25.0049223657697
17.5509195774794
29.4519325485453
36.6749848883828
17.4366283746754
23.645857651718
25.2389686880633
9.63916230218282
28.6034804070368
21.2805718809009
25.8832332093264
39.1536555697626
19.2659612982643
30.1000519422814
20.6642172369146
29.8549725674093
19.9738389579579
18.6120330543497
22.0829801866785
20.770301646553
25.9669734863564
19.7885347995907
29.2847980046645
21.1255411384627
19.0864270552993
18.088902765885
25.9489763295278
24.8842945322394
17.5441698166369
20.4025658778846
33.3793256198987
25.4432583926246
28.791972133331
9.32868658564985
29.4155580690131
37.3776933622962
31.4391566673294
30.6194405769929
20.4860203666613
34.712272135303
22.7516008552326
9.14035214547993
24.3666125461459
28.6694805603474
29.3780740816146
27.6377638801932
29.6650652773678
43.1588804328299
18.1198549922556
29.1876837844029
31.6649198997766
27.145415567793
28.9141400251538
14.1972951823846
26.7268536845222
27.9933744511231
26.2266570935026
21.2023390689865
34.3203744618222
30.2664913935587
18.7624875688925
26.7795589286834
27.5494807141081
17.5716672714981
20.9557292750105
16.5179043121658
21.4126410027304
23.1624071951956
32.4161103228107
34.2220777645707
34.8887857448637
23.6131271813065
19.1983854535486
26.9201070303097
32.0031533250585
22.7697229711339
30.765982484445
26.3826637528837
24.4019167264923
26.7863745102659
29.6496673021466
29.3346619241058
29.0596144936193
24.0009763045236
27.2396542016639
20.3960887854919
26.7376006240286
18.4989780420437
19.3005519686267
22.3207553138193
28.5744051681831
15.0905769864849
19.7747779311612
12.1824789329988
20.7430481910706
19.9751172214746
10.1772983325645
20.1851874484604
21.408486366272
31.1260113492608
25.1410251570564
18.8316890969872
28.5404507769272
26.2459901627153
25.9362387703732
19.7274206439033
18.5581282246858
23.6279759090394
19.523528823629
22.7202148875222
34.3154985690489
13.2482618326321
28.6208216333762
19.6648386307061
12.5995308695962
17.3204478342086
28.4706699196249
21.4395203627646
37.2605191057032
20.340942684561
23.327711247839
19.1665906874541
27.056500618346
30.0742609426379
15.288548101671
27.0241224672645
28.0622078954971
17.6898286212236
25.6129646208137
19.9815521016717
19.2597465126874
29.1977011365816
22.870431933552
23.6688095144928
14.1745370297796
31.8784406641498
19.2626948701218
32.3544969782233
22.2584212664515
32.1175612043589
24.6801161813902
17.5536388764158
27.2349709644914
30.3605747874826
32.7529662055895
14.8274789564312
13.796180463396
20.9264921955764
18.0702833924443
19.2019147131253
30.2474162774161
37.4536026713854
27.9119800351922
26.2055064784363
32.1540976408869
28.0318050412461
21.8565459130332
23.2971968743244
24.4457991560921
20.2288513408791
21.7276419978589
12.6810369547457
40.7466206658596
20.4280524316333
10.4132232489064
28.6188745871186
31.0745764989406
33.3604296203703
29.739213292487
21.4383894701321
19.0129548248717
19.8159652666959
17.9155706112765
21.147898393068
23.6084504285827
25.2589071506812
22.1774037694559
31.6841986496001
12.5581572297961
13.4137716377154
17.753133433871
26.9017522688955
18.1201999814728
20.5771792680025
24.2865239037201
21.9289872630211
28.9621838368475
25.6422948557884
33.4984406363219
23.3747918857262
16.564058070071
22.9239112697542
22.3387772217393
21.8607036396861
12.9113799659535
18.7448047334328
26.2973816599697
32.0496373111382
31.1517034424469
17.948250239715
22.6445863382482
19.1545916858236
35.3301754101199
30.551749910228
16.396965685654
26.2901873793453
28.5724034300074
23.5855295555666
21.1425215471536
16.5312089724466
27.4089750368148
17.6998132839799
21.9750290503725
26.9707761937752
21.5585093013942
19.5657723063948
24.5023077353835
27.9568104007185
28.0772814294323
22.5387967967618
33.7100345408544
35.2401887045658
13.3095710538328
27.8486122842878
20.9333609556779
28.5261363023892
21.882899426945
24.2072302149609
24.6265625581145
25.6457689218223
31.5904478076845
13.6040226236151
25.3569888649508
22.1836494993057
25.6857813801616
27.4448126554489
25.0596613390371
19.988678379489
11.2877204315737
33.9011289877817
25.9939130861312
21.5856618946418
18.2157604489475
25.7680289912969
24.2537809967422
34.5115717267618
20.0752103002742
31.8751781014726
22.3800700157881
24.5664057787508
29.2319804895669
14.3021573778242
20.0439257081598
22.1953499130905
31.2165270326659
25.766487675719
25.061645777896
23.3194024767727
30.053059803322
12.622512714006
18.9041743054986
22.8957036975771
30.8827942470089
26.9623385276645
16.1635393509641
21.1727461777627
12.3195649590343
27.196965040639
20.06766339764
18.5241186758503
23.8239837344736
20.6068111816421
15.5451804865152
34.3069788999856
21.4390633692522
34.6401613904163
27.5265671312809
22.6194362621754
26.168651599437
22.3582919454202
23.266882719
14.4822696922347
27.9840376460925
20.0656083645299
28.3381909364834
29.8030605074018
28.1102983048186
27.5230779545382
20.2974410037755
25.508726364933
14.4811273433106
20.2695773642977
21.2987742619589
22.9200759436935
23.5682892365953
16.8433336541057
27.4635143810883
21.06848442927
18.6913639772683
23.8087690202519
27.5658458005637
13.2610913831741
32.0492645958439
25.2426456406876
17.6723962882534
29.6355459839106
21.1741857230663
29.6821968629956
25.7952837506309
12.6779831247404
25.1775510376319
25.4475434310734
19.9670229805633
35.0702451986677
16.9809706276283
23.0483233486909
29.5811005169526
14.3329315586016
29.5149693265557
22.3554890369996
18.5056981397793
32.6026905560866
27.0657672546804
21.1914038984105
27.0142626948655
34.8540370331562
18.5436703242424
29.0708055719733
17.6324954256415
23.9281933987513
11.4391688955948
26.791256852448
27.5296649662778
14.7766674635932
17.9751917851208
21.0143592208624
21.077621076256
28.9972944185138
26.2557412032038
13.7574897613376
20.2469322267943
17.3685824731365
23.5226149205118
23.1583703076467
30.518466536887
32.6650922652334
27.5393082527444
23.8681209040806
25.3252211026847
20.793047780171
26.3213524129242
23.759519122541
24.7600907160667
28.616956830956
25.6449174368754
17.3805935308337
20.5445125000551
30.4217476397753
25.0531672732905
21.452139900066
19.2085226764902
31.9496387382969
24.4494222803041
29.7177596017718
20.2854502489647
20.6937887427236
25.5801617217734
29.0997806936502
22.6558306952938
21.5972670353949
36.4551232387277
19.1903614270849
29.0582671761513
19.5912202732429
16.0837300896468
25.4667395725846
22.9136032983661
25.100327283144
33.5214644437656
29.2130588553846
23.1889034063264
20.7799134543166
25.5012829555199
25.2853747457266
20.0184450976877
21.7676898464561
27.3802170071463
33.8510334957391
21.9624270685017
7.77562654114571
22.929507455185
31.6249577794224
30.3877998841926
32.3538508964702
27.7170698856935
20.7212024368346
26.2054661056027
17.4955568509176
17.3459864899489
25.0245801638812
16.2447862327099
18.694847705774
20.6816144287586
15.627610636875
24.7240390861407
20.2575338927813
24.3742956314236
29.4684076448902
33.8944920571521
19.8866234127265
12.3024901375175
29.3242866871879
33.3481805864722
24.0491040050983
24.1453242953867
25.5064678145573
14.1407866496593
29.793467768468
39.3381431677795
17.3010110389441
20.4326174659431
18.8031641766429
32.8118090284988
27.1173957269639
29.0709756547585
27.5243116077036
16.0629858961329
25.0422650016844
26.6605935525149
28.7710499018431
11.2316617742181
33.2463800208643
18.834892439106
29.5102626318112
24.7631569160149
24.7924417955801
33.0102127511054
22.5940274540335
26.3437273679301
21.9177045626566
25.4885866772383
8.0410618102178
24.2858534445986
22.2892135381699
26.2103459332138
23.0043939780444
9.84151228331029
33.726629591547
25.3005451900524
22.0585695933551
29.0918358349358
23.2804222701256
31.7920358618721
30.4796738084406
20.5730518326163
25.1671383623034
19.8315883055329
16.1780193680897
24.8175272718072
37.5657208242869
15.3159837238491
14.8637963196521
25.413588504307
40.2820460837356
22.4885461153463
27.2471935721114
21.6497979592532
27.0139338448644
25.1499769976363
29.3503094697371
32.6061730273068
24.3076071841642
25.4879322368652
33.0540773225948
24.0478799863139
22.3071410786361
22.4199915071949
19.4463765015826
21.9525984488428
18.0977240437642
18.1928266804856
23.6488411454826
35.5271824191601
26.5954239992425
19.1647491650656
26.4411007286981
27.353731659241
21.0706878018026
23.1340737547725
18.7859950587153
28.590877680108
15.4815076865192
27.8802135959268
28.4904016181827
28.9367534220219
25.8434678893536
30.3436802467331
15.3787710005417
22.21734598279
28.4434514120221
31.365030631423
11.8105056460719
28.7758206250146
33.3357169060037
14.320654891401
31.4509551273659
28.1265359371901
10.7565104524234
29.0702923201025
31.7055422114208
12.0172548806295
28.0696237226948
23.1731884181499
25.4319138359278
28.7781192688271
13.6763200953833
25.1676375977695
38.6217090280211
26.1024297913536
24.4971953565255
30.1241780351348
11.4584554893646
17.0469762544671
28.6127450643107
22.4149989662692
13.3046103597073
17.2137461941601
12.7270541620386
30.1983918994665
28.1132760690525
26.6607550438493
9.58144435230678
25.8357453021157
14.5809700712562
32.4941239319742
16.3586379494518
19.7002751519904
21.7054111883044
24.3793928762898
27.1134902955964
26.5596928773448
18.4464809950441
28.5075360443443
32.0397814270109
29.2028179392219
36.8089018368578
31.0950002400205
21.9961233902723
32.7869579428807
25.1453398726881
15.8665217924863
15.4256347325771
34.4639226794243
22.3297774558887
31.4214142272249
35.2036533856249
17.496031569317
28.488707006909
26.0285442927852
32.0146188139915
31.1723568476737
14.3077519915289
23.391187004745
26.5630995006644
31.9036046043038
24.4877911638469
23.9603225840256
8.91267531079041
26.8042072188109
27.906733751297
20.0249474971537
31.3028053653757
28.9870272856206
26.7579404404387
32.3761377949268
27.9013940365985
30.5526057491079
20.8770469476749
17.0849063666537
23.0281771393493
34.8331116584545
27.2002149606124
23.3591803349555
29.6109171817079
21.3954391423613
27.9323741560802
20.7258535961981
22.1951254814979
22.812854219228
32.3673639213666
31.6869596717879
35.1354816501454
20.0125879608095
21.988566708751
24.0446568699554
25.2728279912844
15.6355142593384
33.8165351422504
15.9722550518642
39.2881799933916
20.1311873272061
27.7391099836677
20.2457729261369
38.0417989080256
24.1399286547676
35.3928025325245
39.0029555165625
24.2798185441643
32.2015327168629
20.3249672427773
14.1648106644519
29.568244885761
22.0209792722017
26.6664627583978
17.1984650893137
26.6408086754382
20.6211813212571
28.2907470827922
22.6320222020149
34.1519784415141
21.5903438126323
27.6896884897724
24.0770459873602
13.6445162585005
30.9034932637587
19.6263057786169
31.2514368910342
21.4752783533186
28.9730154210702
16.6351759573445
25.3532670903951
28.1373973237351
17.8917001467198
22.4380726460367
25.8647816255689
29.3289516819641
25.6620449479669
18.8609522767365
19.0331111429259
24.8303399654105
23.9293874698135
26.9116529496387
27.8829348506406
16.3831862388179
27.0222859922796
7.18207503668964
33.3261447492987
35.5953936079034
24.2506835144013
12.9031936638057
20.0420567533001
20.1538607943803
33.5450948216021
31.9136690115556
25.4830317338929
30.2549014333636
18.1956810411066
19.7291736258194
25.2553552156314
24.8891407623887
29.271553340368
32.7308813808486
35.9880231765515
17.7231121342629
18.8448403496295
24.9692650744691
29.0941304294392
17.4745894502848
15.8338189736888
31.5669441980933
22.08993579261
19.2402889253572
22.6512704421038
10.0953086512163
21.4591469848529
34.0784303843975
25.2368527697399
23.1422871201764
38.5693812256163
22.4358161445707
39.4767263417548
17.5784904509783
23.3465262223035
23.2440383872017
10.7585402438417
19.8824433725605
19.9092044960707
31.5023947739974
40.7717343398786
32.9809365328401
32.2300413390622
24.2595392046496
20.0901315314695
7.83449546433985
23.4646531882679
25.6784202065319
23.1253306614235
10.3347738040611
22.6198731455952
28.4550662850961
27.7148970402777
17.3746294780967
24.1580865066816
24.3817331269383
31.5986194880679
13.8351628324017
23.4002578537911
37.6976766956686
32.1618902496994
27.4220712017268
36.3080717136568
18.6189361382276
24.9290224863216
26.7549124080688
24.7644810937345
28.2705998513848
25.76361191459
25.3749183844775
30.8338720118627
32.2298136772588
20.4335192661678
23.1223289621994
22.1327243605629
24.2667781887576
32.3682524962351
30.4574200883508
14.2034718999639
21.4107123669237
25.8534508990124
21.3406887757577
13.0115190329549
20.5017054686323
27.0290271611884
23.4943055082113
23.494590097107
21.7260774192875
26.9975971970204
27.3925311397761
29.3190873693675
22.6601672824472
20.1070927549154
25.5742340581492
22.968923993377
24.5471384376287
21.459775371477
14.4035447156057
29.395725694485
14.1009556362405
29.4081090949476
21.4554181555286
26.1983534088358
26.3227504678071
31.016136938706
6.8434178148566
17.9623808013275
19.23370170407
31.1451405843879
33.0648836912587
17.4393278546631
26.2764738639817
19.3222770467117
25.6081394933627
20.3899623127654
36.0819759292013
33.6637575179338
17.2801053151488
16.2504283478484
27.1292830584571
29.3612262699753
28.4019217360765
11.4302114633106
22.802118700929
13.102545356378
14.6412454079837
21.598727023229
24.6659064665437
29.6457169577479
24.10387780983
28.0741802183911
28.0736022163182
24.7113611549139
32.6977148884907
22.318926313892
27.6979116490111
20.2194368466735
26.6723758308217
21.2404342135414
23.9772628294304
25.9632872669072
28.977714991197
30.6010988540947
31.1817019945011
36.0800612231201
27.4283639821125
28.3846182748675
21.7497890349478
15.2297889348119
29.1000701487064
18.2308223852463
25.5622108466923
17.3386017093435
27.3409593850374
39.1671369762576
17.4817124614492
18.3204390574247
33.8125890819356
15.8744747983292
21.7256044968963
19.1957798781254
27.6159500470385
23.643500241451
23.2505857013166
33.8029970182106
24.7637025080621
17.0035189250484
11.0699597047642
22.9713332105706
29.1259689955041
27.4528358597308
32.4988029198721
10.8513809507713
21.6893892269582
24.2605466861278
31.8826454156677
