"x"
2.19315190333873
4.33981516398489
4.1028062812984
3.27077740803361
3.86161213991781
4.76855523884296
2.54742403118646
2.00740236323327
3.95587166721131
3.89455596450716
3.30479545920357
1.89106179734196
4.44825863265
9.37648667022586
0.609324965626001
2.63216229042867
6.00003355648369
2.82091897769031
1.44672682508826
1.14755204413086
4.33002058416605
0.814440939575434
2.31796627076696
9.734362031477
8.1687094643712
5.23397224023938
2.32139634256687
4.50969603843987
6.63925802800804
0.824617873877287
3.92139080219666
4.47339429520071
1.48011442781806
1.59125033733085
3.01986777386053
3.02102201391664
0.910258387380467
2.86069770809263
7.06892291171052
11.8208198808134
1.16954355034977
5.3909714025926
6.61652586422861
10.7386359246448
1.93839990533888
7.04840052335151
7.66537627205253
9.94983960408717
5.45191578567028
1.30282981720976
5.40690692141652
7.63726867735386
0.525726783694902
0.49198898486793
1.38094681315124
0.691429615581486
5.68542909503366
2.32613207772374
2.04639092890057
3.62725709195827
4.12323133520615
2.91855116374791
2.8247992031928
3.75124355778098
0.30861240811646
1.4176903600748
7.16849105079808
1.56445121392608
6.18540274727427
3.83954093103622
0.615181545987256
3.18270032516379
1.14684146828949
0.200080119427926
6.7955563776195
9.24977178852525
2.6819916209206
0.570146865906251
2.51272905152291
12.6605118326534
5.23537117987871
0.54099285043776
1.27145116046134
4.78087244555354
5.37402385380119
5.20501770079136
3.48193587269634
0.825757998973131
0.644415547139943
4.42936851177365
1.24376717577206
7.80256363993966
5.99049550602567
1.82714315596968
2.25404979494393
8.40766137502936
1.1252018623054
1.07272677946021
1.6997385416301
0.445351237431169
3.61664202064276
0.188038730993867
5.5288671204143
1.85559466481209
9.74651661235839
6.38613370247185
3.36973008234054
7.07617802545428
2.32562799394504
9.23847272060812
1.22339704539627
3.32898808579582
4.38142823749516
0.620769032623761
3.95167773171895
11.9353322545066
5.94595137517899
5.30549699768699
5.64225375809349
2.42613145310966
2.44067384817457
4.96571885107508
1.38537696423857
7.44722506497055
8.64239155780524
0.993262329141815
0.795868271961808
2.86117694340646
8.09025499038398
5.78920557163656
8.9273062068969
11.7909024469554
8.71450504829134
3.05205399636179
6.03094229009002
8.96422329824418
4.26841002769666
4.03850686638946
6.01958530023694
3.09644682173638
1.96152623187172
10.8475990371941
1.66512411087751
6.0232711955905
9.34735050743318
1.43705423165124
3.32599056418985
0.50195377659215
6.95900662775292
3.36210671812296
5.39415399543941
0.286380737088621
8.39537419465899
7.63265714049339
10.385027131997
3.03768899757415
3.05117969401181
6.34881721343845
1.73268763654296
1.75360117573291
6.80226513650268
3.39005779496177
4.35811091156221
3.66167884785682
4.9684243647195
6.03307420387864
9.19297825710844
7.05322960920842
2.10057515650988
5.80724929459393
5.18421258311719
4.30620486349175
1.9726398633793
8.37718794795618
9.30775839751601
0.438253267386124
4.73231496289372
3.91442598775029
1.25095199327916
3.55335182975978
8.57444140128791
9.97462715022266
2.31317085000966
2.98883155919611
8.22480912320316
4.53236824537959
2.78739514722613
1.03456559766259
1.50718479102241
8.19412043783814
4.97797692660242
1.44559518523539
2.63871958530997
3.33953558260402
6.86834014781468
1.26379209104925
4.63363823917338
2.84778871400786
0.0734613044187427
8.06867924825131
7.31832411276562
10.3888915427856
4.87963017076254
2.38346732221544
2.45519670747578
3.82279014739687
6.58800122328103
0.84174235817045
2.51840506229766
1.91416060552001
2.63166145887226
7.52144323367041
6.40638774772345
2.73027568083721
2.70270616747439
2.58369827643037
9.15839674416929
2.92594630736858
0.119915520572062
2.27143634110689
4.40311986021698
4.74282515567555
4.24360853243435
2.37439023330808
9.26894815638661
0.816427718919479
0.972849925276511
3.92017301637679
12.3192121041939
6.03812504559755
2.59788753464818
1.44453826360404
4.12217453122139
5.43279983103275
1.7449205275625
8.15602586682362
5.66496165857502
0.520795112887986
1.20144747197628
4.35699189547449
6.20448805064148
2.6006268337369
3.59822371974587
5.16963873524219
0.159905920736492
0.546545315188117
5.97419316539831
1.83504610322416
4.73485926631838
0.324930014020801
6.21861312596602
0.333511037752032
1.75504785530179
10.621448350139
6.51492816396058
7.47019129339606
6.31252663381164
5.92035111039877
3.22023502085358
4.96578547172248
8.12431052680186
5.80287143310897
0.956074449593821
6.38716225512326
6.13230529706925
2.93676191940904
8.44990883488208
17.7556068403646
5.37561593727305
5.23051715501301e-05
2.29671885623334
3.2330782385543
11.8502961704507
4.38119028694928
12.1234348348015
9.23771648667753
11.0989690059796
0.505309885232167
6.64452514063457
8.20766401011497
2.55156020666371
8.59550856985152
1.39628148172051
2.00436561177512
9.67559041724033
2.24347352050245
1.84478338065167
7.37331799768755
0.338591233979503
3.94408730790019
7.76872360147536
1.22785864902812
5.6794875767082
9.48264694306999
13.9109850930412
1.39768192126629
4.12080105715203
0.514284498058259
1.2825281592086
12.2626634314656
5.54419967811555
2.02153586158736
0.917012677965724
2.50762411270975
1.3116603374525
0.219334405846894
9.18293325952084
3.21029915940017
3.00167181994766
3.50910551931908
6.95789370220155
4.38762914855033
8.21979779284447
4.17221852112561
6.77745816120927
1.46080991253257
6.5797608345747
1.84948882088065
2.39893228281289
2.06235234987461
4.29399849381298
4.47921135928482
5.58421932239002
1.58308758400381
2.68492615299571
2.38627864040285
2.22639642516068
4.10329790320247
6.98562855832279
6.06217586901039
4.64305896311998
2.42955897501228
1.41985090449452
3.40022624004632
4.35363356628349
3.68469175882638
9.827577508986
0.502906995825469
6.02413774532776
0.736525864340365
11.3487885333598
0.0349154695868492
5.62547382432967
7.13824525047347
6.98635632574955
0.999306351877749
2.88709620945156
7.80498441308737
9.54031778965145
5.81685435026884
15.1608932445468
11.8070151889697
4.50544375926256
3.25832408852875
6.29369134948721
10.0117320893332
2.12818385504471
10.8351432951167
2.98055779071177
2.12361917578394
7.65173635445535
8.32734573632479
6.82649013612766
3.0421174029285
3.35950055159628
5.53698688745499
2.01794849501593
1.07314145247175
3.62516223029814
1.58946721348912
3.69635752867907
2.94111459515989
9.23661708629616
3.71597839985043
2.306216978468
2.27760409186932
5.63814898024391
7.31269118841738
2.21047060591711
8.31260741688311
0.081713362893373
2.67471424303949
2.48227721378421
10.5091785080731
5.6896167807281
6.92306482233107
2.24077941384166
5.82412616649335
0.0559127839832465
6.94300847534709
4.75302694831043
1.1113010526875
0.625808840055785
0.793372532110708
5.13426505494863
6.40153029829387
0.680891769650357
14.4520492991433
0.384701858274639
6.42567840404809
3.40642118826509
0.964205426496237
1.84827374760062
15.5593024382728
9.3519473024889
2.26780297234654
0.449013384059072
8.7910507296315
3.00748258383053
1.9769641976655
7.33779629226774
2.31151605543309
0.644155827119181
1.9171819122731
5.81367656122893
4.12288284860551
3.67137992288917
5.98685462027788
7.88908798713237
1.59740461967885
0.479476107284427
0.550631177611649
4.57660357933491
1.77876582174191
1.31058343686163
6.10158053863217
3.86725494157298
8.59188557951812
0.997708877548575
3.14555467223763
1.33566088254158
2.67565265265383
6.96286240126938
1.28714029113782
7.46636332199224
5.32117239199579
0.481978583279906
5.10314849670976
0.529820853589744
4.41415121313184
3.74271653791379
4.37940903939307
14.8555678315461
4.96211248131342
4.75042845715631
1.21089678069538
3.82775051984936
10.7790863141418
7.00047959355196
2.56577938610899
13.9365600544572
0.0209861065468373
8.91233384609222
5.41911149612432
3.94424519266343
5.07376964669675
0.598949287086725
3.27666399534792
2.70281322300434
1.46555432871946
3.32908306736499
3.01252861972898
3.25510183435515
3.27482819481101
0.574208726175129
0.547512662297872
0.116147776134312
0.20636897534132
13.1796031784122
0.533391162753105
2.92469635605812
9.53863319072872
3.78081302817171
5.2933850420621
4.04176646843553
3.8170168409124
3.11405688989908
12.0288761303187
4.3619210133329
0.305878383822502
1.81144971119841
2.92115750575461
7.99430451395581
2.87378695837344
8.70586056564966
1.26852204557508
4.11768295237423
3.51554690860212
3.50562302130819
1.52109189854474
7.81541022006422
4.22068934421986
3.7870861466836
4.56881277338356
6.36716473543847
5.6521328025558
2.21475593280047
6.39489032328129
6.84707039035857
5.68599224307706
7.06787728704512
5.8906514197588
0.797387515194714
4.6493005938828
5.22489028214658
4.70007627291793
5.09037344451599
5.94584247940021
15.7753634732217
9.69785409979522
2.48453125823289
1.16803629151571
4.52959588728845
6.42058370373712
2.77708195047365
1.80530997458845
1.89789675641805
9.54148266866899
3.52533091921661
15.4525483492762
4.92162911687046
3.86706260032952
3.83233914617449
5.82709789741784
1.49521939456463
4.25247009525577
0.125666824169457
3.65788086783141
1.8725434265176
12.632384034805
2.90124021770479
6.21783681942036
11.004509171471
8.44093773048371
1.07058442663401
5.08320041399441
2.38318955525756
7.28194923140109
1.80304441601038
3.42778244521469
9.45766244549304
5.83497449469626
0.579599500633776
3.97918939660903
15.1088927173987
3.19040128125518
2.8387499274686
5.71491890586913
11.3713632337749
0.554933032856224
1.59921161830425
0.930890860036016
7.47272134562834
7.11791047360748
2.11539780663658
3.69006382181897
3.24795506894588
1.30538854282349
6.93980463430768
11.9490573975942
3.94267924909642
1.0133109046247
1.52868344448507
0.0435473637265193
1.53917202594625
5.25098419748247
0.706330214730057
1.30665157259915
6.24076480185944
3.18301592487842
11.1299040960148
4.00455382186919
7.15147552972149
0.10489029922827
4.11089422203702
3.65053029498503
6.57094134251695
2.45530181811518
1.61934313672335
16.2083048616195
3.11606300529093
3.79008225985642
3.84924319337907
1.98906562291086
5.3998094284907
8.66726010572165
6.13226904533803
5.74921510649173
2.27432511762221
9.22130815660209
4.09111597109586
2.39912832621485
2.31966678597018
4.62557012208065
0.177414994686842
13.8694487994133
7.63467317447066
1.65343280230624
1.79574873764068
6.68113394640386
10.7433327240869
5.69908590108788
5.662138806656
5.03750137270018
4.40738976656755
9.09543650364186
0.440292652641685
4.34279233906036
0.289340565022332
10.3612742153928
0.436309818178415
2.24484498612583
8.61455377099792
2.91428291004707
5.3490974493067
8.12339205541319
3.64196282569682
0.621892544803712
11.6667163791135
9.84948843341132
6.45493089280733
5.23923881239408
7.47894977685064
10.7316528214142
5.7522886203442
3.15220123773184
3.8301462137417
4.54874214451687
7.96600195323433
6.84416326694191
4.37756394967437
1.92713727612951
1.29036378898035
2.59134294465184
0.959225436749604
1.66803034953773
7.67071897362569
1.98111318718354
5.51630714138077
5.74295544065535
0.811102637693902
0.0775055804904349
0.0682607100079587
6.90592162337512
1.08976559713483
4.87085285169219
2.49705537751656
3.91851665642093
3.98470371894587
6.14257643155981
7.55068667421335
4.25204550508041
4.55515729876304
10.8955863369467
0.0588945811614394
9.42247739687378
6.94533913795184
11.3334108842537
0.213412242010236
10.3120868792757
5.28518695283143
1.40069619842263
3.86097898266917
1.20023114141077
10.0030487028363
6.87748552300036
0.999057761515878
2.83518923577427
9.74395626690239
3.21468550246209
1.54103192035109
1.09267232618185
6.86269702855498
4.8742583282803
11.9583102566789
2.68891390992616
9.88901171367615
0.312867983125373
2.30894161942005
12.6990297418537
9.81579993385822
1.08635767828673
5.99229661747813
5.70091179106385
6.68730593752116
7.04904296435416
2.07428191788495
13.945891500408
2.81009215395898
2.96615317929536
1.61074328535347
9.34855565428734
3.52754998020828
1.77436475642025
7.0901203667745
4.40655353013426
0.959256584229114
4.14393347518526
0.846825020261658
6.84180255175727
7.27870518051117
0.812965980730951
6.30449231899654
5.31575190992018
3.73322814702988
5.34880347681291
4.02479146141559
3.51460590027273
3.39124526362866
2.57981230970472
5.35840622053794
5.24979154579341
8.0537571106106
0.296251499094069
9.69565058023114
4.7287951043714
6.74665390110177
9.91223243257106
0.454810202346646
8.24937645811588
0.656964909285307
5.78028044057644
2.25718836300075
10.584545137356
7.52899346339657
1.6864378174349
8.2319793829348
9.5167568186298
1.92770587746054
0.658494140952826
1.01426584115842
1.11244320869446
3.28905835656707
2.1533952462958
3.33351987460932
3.96034063305706
0.922815622853627
3.77206814009696
5.06975401658565
8.49742901045829
3.80252432078123
4.99561266067334
1.38745724689215
1.31611423566937
0.243217684328556
1.87817259913316
7.63049713591034
4.23757773824036
1.48243787698448
9.41677525362164
0.488828406251152
1.52282827369588
8.58466570673785
5.10543008769532
0.781736639328301
9.40442162100226
4.75593492806891
5.81581225866852
8.53338313754648
4.21849098056555
0.563241937197745
1.84534857980907
7.60671505704522
2.38274286083569
1.38343644794077
3.4392770420834
5.17701937351376
6.48613693192601
3.26274193357676
1.38448055367917
0.452743517234921
5.54822098929435
5.78290240473827
1.13587303298616
7.85431039985269
11.2273028120399
2.06430293619633
6.56710979100317
10.6460357317701
2.83251261827599
11.5679824259132
9.43791773170233
0.8483971003443
2.96318693015132
6.04539754622952
3.88892027549446
10.5870568023216
5.14260508057887
3.15282004885375
3.25766836245889
1.6822596170682
0.76950297589077
2.42168323602527
2.01569702476263
9.24014099873602
3.05306718219072
0.510637206025422
3.33600866312301
4.26175590934214
6.18305099196732
2.71808621963183
3.53334958199412
11.8179597426206
4.73867582724711
3.64637970924377
7.35235091853882
4.97106958646327
5.15627600252628
4.82217154931277
8.11178321227534
2.62018160609825
1.18968286180618
1.28049890045077
5.56046955753118
2.29688736144453
3.10756150123558
14.3336142924781
3.84478995108515
1.40516846440732
2.59966915473342
10.5073461416678
3.77424657344818
2.389813400805
1.11167279537767
3.9569094311446
2.55174313206226
2.04053295310587
0.072308792732656
3.11875850893557
10.0384294288233
3.5266422200948
0.772717290875359
2.23662962671369
6.37044496834278
0.117208449553658
0.781302060931921
5.29086699243635
7.90236914541512
0.801637349650264
17.630595038645
11.1857961506569
13.6028637114371
0.093126785941422
6.7826935280107
5.22296295966953
1.73787873519088
2.44831470415524
5.55219945523634
0.133769190870225
4.29189431015402
7.45997015657551
3.96026335656643
6.91973452187588
3.65654595661908
2.52683290050155
3.73418137001432
8.19103297899468
2.26092634342092
3.01430348644775
6.77364880832661
1.55523305430036
0.193819887580482
1.31796732279639
3.24198831804097
5.60330848675221
6.72389885979763
0.164818114359777
9.50302963660223
1.192327728495
5.98517165053636
2.93221227880617
2.16030349903366
1.36812902325205
7.13232352863997
3.13280470164838
1.06049536261708
9.94800153635808
13.1584053335591
2.95434959698468
4.78549382963879
8.80850994090521
4.319450375624
11.3641134463251
2.25550639443099
11.405531107448
9.08709419996719
1.29015794955194
2.56304661743343
12.2714714845642
3.1290548598179
1.57057999037487
0.502720125950873
5.25433466427884
0.45676582831793
3.20769196841866
3.68532938882709
0.578450364992023
6.46454480443693
1.29909848634248
2.2650515043102
17.1991826010567
3.63752129487693
17.9353975923732
1.91393226850778
1.58447567373514
12.0883174718499
5.79216168262064
0.213592791731111
1.43009690145992
4.61008353158832
0.96089370704917
0.931720552034676
3.90296394471079
2.9005688149482
1.8013940891251
5.36804774529575
7.87210020235184
0.172425503842533
9.87629243725008
7.25563526723864
3.50384700170969
5.01284464262426
0.174391199834645
0.312879704870284
4.36467383988202
2.38368633090092
0.65148004796356
19.578322651796
1.99320181272924
1.14766471021487
1.16752036847174
1.48585985880345
5.24710100144148
3.11133053991937
0.570954801514745
0.55389995326769
9.70155354589224
2.50540126580745
2.75370040908456
6.59183290113182
2.59654734245734
2.01741709964918
5.78773533925414
2.98566865635742
2.81004349235445
2.36684519331902
1.16900532510817
6.69351185206324
0.58342192787677
0.0234373002141375
0.444669817620373
6.22665949631482
8.81089111790061
2.8183019021526
4.49246414937079
6.49305323604494
2.4050091126518
2.19200073155696
2.05498248503497
8.27934318222106
3.44431442208588
1.16884571444891
1.26625834964216
1.94980059750378
4.36742781664302
0.137404620515224
2.61142733506858
10.4913359042257
0.654738062243258
2.57678249146333
0.351652828976512
7.6610994861131
1.21748191304505
2.32937790032988
1.71722443774343
3.20057432241917
11.103321546592
7.13112696539611
9.50813479721546
0.52379598694498
2.87800831720233
3.34471716755288
5.22780278935173
6.35026735691304
9.1129140695557
3.50393245554596
4.25081609282643
7.2051514566568
2.90025511814557
2.19181068351618
4.22414368949831
3.57488153194603
2.55054434695115
3.39299335610121
0.610293796354166
4.08655192615721
16.3665282074362
2.25165529614478
4.62229473050684
3.50294836464865
7.39875135477632
5.34820832594471
4.9513379810378
4.43847116548568
6.838956521824
3.44416256994009
6.72464538365602
2.91221563238651
3.50017958772977
2.57292718160897
3.76504906285146
5.68811052944511
7.48317996039987
1.52518865652382
8.58223603572696
5.51515996921808
1.11523627850613
2.50175401514711
14.5000875461847
5.20769442846064
7.16380367790364
5.05440107081085
0.379689503461123
3.98061631713063
2.35164128754619
9.6324811456725
7.65196663358672
3.61470827276002
5.59566584415734
11.623059771955
4.15226381737739
3.04300920106471
0.820303280369333
6.62891620304435
2.67903804779053
0.0617486191913486
5.70749998921273
4.99101041350514
14.0071240253747
8.1024412520329
6.33763440418988
6.30035698413849
9.79651818051934
4.62359490338713
1.71237871982157
2.45824957200181
11.3235852215439
1.72849127219275
3.25369695201516
3.46484068227828
9.36985680464319
7.00049917773144
7.35857516992837
5.28642639657566
2.20041293650866
1.5902181292262
3.42903698542269
2.40093648287433
9.81804383918643
2.54469744395465
0.702641508542001
3.52362235085677
3.09458314441144
13.3222555924435
5.93707891816911
6.49645903613418
12.2489100322127
6.73572909211886
2.30435067787766
7.7069528607475
1.548207223862
3.56898794416338
0.728623256606259
1.33156592492014
0.740437826425487
9.42217019880514
13.8802028261125
4.48391713060758
10.4987355097195
5.11386200896259
3.66898493375629
0.664640273652118
8.46621117088944
5.15211871825159
0.366611173376441
6.25721032265574
5.93934620264918
1.9645068095997
9.18847075663507
10.8235053019598
8.36799645330757
6.2353070936978
6.16653301512859
10.8718749792594
7.85453403368592
5.69537447299808
0.738814380019903
11.0272361378507
0.139218079857528
3.5052534153104
10.0244703253842
3.60475168563426
1.35102847125381
1.21124355865702
10.8589526033029
7.82360385111088
9.21999409329146
3.39397801996061
11.1472121905535
7.29909704802016
1.80456954985857
5.4595408276967
1.087073130998
4.94608661087854
3.35074389820484
2.12273872457445
1.5699113253504
1.60790955867746
1.28901773132384
8.97324527613819
3.86011566491326
5.11663388460875
7.32335390057415
0.859741541104035
5.01588946208358
6.48860187493895
0.172611568782156
7.89134213700891
4.29704957641661
4.74982306635249
4.0535490171146
1.65465718067631
5.27075529098511
3.08438856727111
3.55041053080763
4.48268780575954
0.749259372241795
6.43697606542184
5.86088278796524
2.60747054126114
2.00565115083009
9.57952928261322
10.2061508921906
1.08841916080564
8.54675944204521
6.02669994828926
7.17337732375015
5.44456448207399
5.05166845396161
6.42404318787158
4.75318920512645
6.56419343474421
2.85777376480134
4.39912644214928
6.59546509263814
3.97057537920773
0.799819398687061
0.131716812029481
4.16749452706426
12.2354405233636
3.9902709890157
1.09308797400445
3.7458838429302
13.017229076047
3.16019656602293
7.28079050313681
4.97115871403366
0.690000993199646
5.84592935629189
4.93379395952602
2.86911064758897
2.766103297472
5.86450276896358
5.71617381647229
7.83556599635631
0.110751125170713
5.7342473950149
10.1604336325969
5.27490819583089
0.29365411028266
11.5845779655501
1.68864399502245
4.71974717310781
3.32709243521094
0.653256289660931
9.70726259460201
5.31749116580971
3.79122029676775
8.54918428139435
10.4908320354298
4.74504571274716
5.0664663983505
6.3926728669516
5.17867550798761
4.84593932051212
4.78932752739638
0.694726148614968
1.01534687656839
7.63986987244471
4.17694472787912
3.37392266374081
1.85648012262225
3.01089428830892
1.81948108072075
2.73302733471165
4.52657065850371
2.48299127378662
0.957888085395098
3.77600664931151
0.483872680875214
5.06819630192688
3.63388420082629
8.59689565841109
0.966661606987977
2.95059042141838
2.20276814893681
4.33483074473369
12.4718416947871
6.95448447950184
2.99158021807671
2.38045351579785
0.73016553293042
5.23176384158432
10.8190855289572
1.74412570918629
2.16351146809757
4.60581566433887
1.41362268484459
0.83504006475585
3.45131344489724
3.51276549044997
3.33018368905918
9.07214547041804
0.474074459634721
9.04396767728031
6.4905900740996
11.5069105522707
7.11584116797894
2.49248134594264
8.75847446732223
1.70159510893339
0.365177939767562
0.842702970840037
17.3502288293093
5.59636440593749
2.8364620404318
1.20518325973699
1.03763487513508
3.7587268743664
4.27246927051337
0.15904674462403
1.98445301198582
3.05621137112001
1.15589969791472
3.18783132825047
8.25225798174693
2.05334448255599
8.06274102162921
4.38841581947423
1.22011878279523
8.18015348631889
9.83179965987802
2.87019854279363
5.63553520641672
3.7714523030445
11.4248597063124
3.80829495770894
2.72871376384851
6.38284536544234
0.328268622979522
2.41524191501611
10.3348621726508
3.85139828425865
0.590642215684056
2.18369520772986
5.22179375402629
5.00906792003661
1.81598923846601
1.62170510012422
4.50652258004993
2.18828008510172
5.3575252648443
9.97825070157879
11.239910345223
0.606153295734687
6.96409828960896
3.19315737324198
3.13902900899355
2.96544846310401
2.95626681763679
1.7488009063527
5.62893655151129
6.61681713536382
3.77209517173469
0.0407443847507238
1.1899073818761
5.72105282917619
4.01828419417143
4.50730559544711
4.9193931510672
4.12821939680725
3.43545223586261
4.06435511062639
0.778625393286347
3.16146133497437
9.70893525518477
5.85797484257479
4.58846273832023
7.06519323504877
6.03304398783676
0.117585714906454
3.44863161444664
2.3863755768462
2.07536432426423
2.36189390003024
3.63718636778327
4.28065331917038
2.2262874757871
1.38460284447191
5.47885989047684
7.41378788370639
3.43723162077367
1.90929665695876
7.46376102270284
5.99950166254795
1.02880521023763
1.57439967151731
5.84887045852192
5.48928047340998
0.776423094794154
16.4184135979657
0.230149319395423
3.53035973384976
2.64376378618181
13.5188866406679
0.40830303914845
4.57219706000245
4.80785819236189
6.06863659340888
11.4350605756044
2.36883650375781
0.902686594054103
11.432877369225
10.7465842273086
9.42666786722839
2.81462576240301
1.61171002726609
3.00839977220126
9.27958319448083
2.69186752848327
1.59548436108182
0.633934241075211
9.01956239249557
4.43707972963022
6.42105808947235
10.5680868262425
8.15769594628364
2.68453345634043
1.19523862376809
9.11295904274437
0.957197602838278
2.12566864211112
12.5507428940264
0.86422877933868
1.58373693586803
3.91680649481714
2.49770730733871
4.42174703348428
2.55824849009514
1.01354996556458
5.56744826026261
5.75991883292448
11.1887568142265
11.8507427105473
8.31608909647912
10.5450681278657
7.77281536720693
4.95185133151504
1.07637671753764
1.34992477395162
5.00521385110915
6.81227986518429
6.69257087015383
1.16203092038631
4.10710076566592
7.825191856131
2.6666444260627
2.91354589289978
3.05542812498047
4.5763399572026
4.25450680957461
0.317683730437305
6.77885157056153
3.31086398073542
9.49051564093679
1.43064619041979
3.76838029385434
0.0891984169221274
0.142931095210648
4.11487682722509
4.11387900591936
10.9675123064328
15.8140735002235
5.8809388221398
12.5124805606902
3.60219046386325
13.8940210298601
4.90716665517539
8.35783308978248
7.24766470957547
5.00525061073337
5.20431895274669
4.76371881086379
5.44387410545302
0.340608210802267
2.56972273346037
4.23405275214463
11.0815543681383
7.55537725053728
0.455201300792396
3.62163200043142
5.59080643331712
6.38708567887902
4.04118993319571
4.51611077878624
1.00110953208059
2.65906474087387
0.0845595727690801
2.48524704948068
0.918321122253294
5.23506875394625
3.89668738935143
7.60372007544828
9.96297123288153
10.0528716109693
5.1059189485386
3.54907508008182
2.35997613053769
2.43209768086672
4.63200110828403
0.514273226074067
8.88610083805389
5.118443723768
1.2461477146905
4.10886915171116
1.98811587488324
2.79572211117061
10.08692997065
4.2936195153743
4.55080560048004
0.530039370104026
2.40684802433716
8.46947322534505
9.30844438262284
8.86967818423496
1.8381389535207
4.16500505170696
9.33434627950191
5.05100819282234
3.53926385655292
0.702850202062094
2.31178875726471
1.83529369533062
13.0531602539122
6.10282858424509
7.07939469432177
4.45617886725813
2.78561434242874
11.9379695272073
10.3214760430351
1.97252690029891
9.30765084922314
1.1962679069937
3.59743154052819
0.982703809676359
9.94090007152408
11.2710096994563
1.25843656715006
1.67980827008429
7.95431511228898
0.65452297517944
5.26805811095983
9.98187745438015
9.07773957900057
14.7407677723095
1.00573441013694
1.4440939296037
2.2745215565448
0.844906682503539
5.97565369680524
3.89195787720382
12.330587930046
1.12412793096155
2.76449089658426
0.814150925725698
10.9502598177642
1.55097753740847
4.74443810526282
1.32069925311953
13.7030677171424
3.06868248153478
0.813625962791083
9.11008503753692
0.412548051406787
0.951785733923316
0.813348032534122
1.67019281070679
6.61866292844763
0.507962633855641
4.18437402695417
0.227449671365321
1.93815011305387
4.97186971976454
5.52537421301259
5.71917004417628
6.93526407703757
11.6164454258978
10.5528705986217
1.70332998968661
8.0292556413567
5.69932047549963
2.95024674851447
2.46733530791346
2.17160626780242
3.08578218296962
4.83033407945186
0.8905413094908
1.57629803820787
4.56485485192388
4.78062897454947
1.65082996245474
4.1755143968874
1.73744365493175
0.743139410323149
1.7680166522041
8.78624330983222
4.1003736667335
11.0305684152991
5.6732348729441
5.70420608855784
0.633802963420749
1.61230457015336
5.08800078929896
3.16305595915765
7.6481629534186
6.20803506266757
3.16011346876621
1.67825468815863
1.50389928064618
1.97525054682046
2.5570080622159
4.46333824104351
5.66023692954332
1.49712923448533
1.77626571200705
9.67743485234678
4.23012577300851
5.42775735861549
1.57644009815004
1.88134908526181
3.31660599437519
1.34381651878357
5.51859305974358
0.591704746573066
4.30496130138636
2.35278273466974
0.939780427142978
3.97867325227708
3.29664987511933
3.90477016821975
2.569694025442
2.67322661097969
1.77440960465359
2.56367377614764
5.66412501502782
0.380573933944106
1.13282125781498
1.86327619012445
1.00682771299034
8.19948699790984
0.449940399266779
2.84698973409832
0.560698471659992
3.75309796072543
2.78174240419927
3.4829686395824
3.58161311596632
0.667965452683595
0.588791569616413
3.8097559241578
5.02203081502306
6.27928634639829
2.50514475628734
3.10244972351938
1.21571165509522
1.11804690278997
2.51090570818633
8.09811921790242
3.26703302562237
7.80693513806909
3.72500813100487
0.304393889382482
4.0187904473053
4.81122697237879
15.430959360674
9.71562846098095
4.28935540044128
0.530337482146258
8.50458920467645
1.14171199966222
5.52120496149428
9.16059021222222
8.12654466449731
10.7753702672198
5.51757498178631
6.60335742868483
2.17892050277442
0.69103885996095
3.17383804358542
1.23505496885628
2.73408819921315
2.11695453617722
18.0313616991043
0.733982608653605
7.91953894334682
4.79616047766005
11.5905024111271
5.62637737942167
13.0108945421293
1.05474551673979
8.87950941812315
5.49420577008277
6.59387979890122
6.01024172501704
1.80147145874798
6.40605971473458
1.84568457771093
0.206608255393803
3.06881263386458
9.23067764379084
4.30374268908054
5.94255263581245
5.07061338668333
6.03043823502958
1.10789075066085
4.83177591785839
3.45749279949814
0.271596200994502
8.05905126035213
5.52455256693065
6.05990134645253
10.1114265620708
2.69751760228056
6.81186709553003
8.22648103780248
4.33305487968028
1.14122242666781
3.1336831394583
2.87566089886932
3.32786237069828
7.93804184067994
0.308758812025189
7.13412855427486
5.80001717898995
6.06930297046667
2.87940802518278
2.13993772762537
1.7683427548036
6.97454945403795
0.333822332322598
6.92226334940642
10.6072192194213
2.73876797873527
3.38567586102961
5.88400720153004
1.46406085696071
9.24522117404603
0.0886876368895173
0.847825780510902
2.68684492649577
4.33818805569869
1.20436341934367
11.9538070401177
2.87576355040073
1.55715357977897
3.5145054997428
10.9993252123029
6.19533963035792
4.22868623863906
4.16215859975239
4.67984429042422
2.30525184542311
1.43970903009176
0.7066760212183
3.98273603059351
6.31055440753698
1.05593698099256
7.21519962547741
4.4228937709704
0.552191788372607
1.98027438018471
7.09828326944262
2.40122890606344
9.9912423152824
0.745465102242051
1.28129292477978
2.27042036146229
2.9610460735085
3.39544584089787
9.10347490152033
6.86728309374303
3.31626394763589
2.94676041230559
8.72121145948768
5.62071953660023
2.86966780103979
8.71910948496961
11.6368412040174
5.5425172438845
4.08606942265014
6.06388763990253
5.72806359268725
0.277633147374195
1.49370559956878
4.14226565044373
10.3082346729934
0.880725053139031
11.2486093770713
1.97005252354647
5.62368074897677
1.6914975479568
7.52939896192402
6.56332885817825
0.519877555780113
4.88313303794712
2.95705425087363
0.168061768636107
6.61698891781271
3.27524112071842
3.45640525893689
0.0299730662158168
1.13942371681333
5.04574122053357
3.51725986693054
7.49083240516484
1.73894171151816
0.190851621545431
2.77046633879587
1.94080795330219
3.93742304737475
6.51533917989582
2.52237978857011
9.00153163820505
12.7371699273452
6.18137532168857
5.59345732908696
3.12501431355818
5.10862760711461
4.31750884058728
5.23012356706985
2.28880466893315
2.42141106065922
2.43073562160134
2.90120685923839
7.25373191416173
13.0343094235286
1.31800641046239
1.53294841293246
0.349587117314627
3.49241753574461
12.460334924981
0.746178363384238
0.0728020677343011
12.0069888420403
3.45609032083303
0.731780007481575
0.0335273567461867
0.134179234457607
8.71444083750248
0.482642839592284
2.25473898462951
10.5147026246414
3.24227873981271
10.2865004213527
1.63363610180403
6.09851571541064
1.55666349455714
5.40213587228209
1.67729975655675
8.83557703346014
1.22010147415701
0.995339462560368
3.9129096824365
7.06028599806774
4.3781413231045
8.32862078677863
2.70135655333804
5.0307388675724
2.7802005643025
6.36238101869822
1.89572615660646
1.07528426188401
1.42331945244223
5.93478011433035
4.78654962498695
9.71367394085974
7.88248851895332
3.98702218662947
2.9903429094702
13.6821058113128
7.58358045410755
16.4240908343345
6.45211986505874
9.16336630471051
4.31483231992054
7.9004196359696
5.01154105402208
3.60236294504836
4.91692402865738
1.08614943455905
2.33239801600575
4.0947228702788
2.04288770087029
11.4784829717098
2.28376134764403
11.7745634168386
0.0985210108560647
3.18388934247196
1.93082596884089
0.468106859617064
0.251325452700257
4.72656061162696
3.81178637035191
3.69180359414339
2.82126122070805
1.35198337219908
2.13580401328317
1.26395933330059
1.75221583340317
1.71036531683058
6.4736806990876
9.38516801794781
7.91417106520385
5.41443456895649
2.61043466161937
4.87817200908072
1.79830053821206
3.92551346967372
3.66727153304964
3.88879338330763
10.0938346236944
1.75483354832977
1.34377514477819
7.74710662662983
3.32362950892583
13.1311859304722
3.02199803551874
1.23295069206506
2.44699068612791
0.612423557716078
2.12536719627678
9.10315802320838
3.7158208200708
5.38812629821034
10.1417812053114
1.92103034475246
5.26218588929623
1.70654526446015
5.03056423995477
1.89886056136059
11.5480332402512
2.87837209179997
0.522704695460802
0.620510363296515
7.61712004896253
7.66044140327722
6.75451476126909
8.87812441214919
10.1404190761968
8.9750534389168
0.22356347180903
0.695709134018839
0.907289701742065
0.0469125341624022
0.814130273647606
8.93350709229708
0.539995669998677
1.71648466493934
6.14034043792647
5.9061058968216
4.24346665386111
1.75536933820695
5.82720286771743
0.514532276429236
2.46428407338506
6.34674727916718
7.17472701799124
3.8662175529808
6.50410888969184
3.24048325707416
2.83116135830804
2.20665064998054
10.6106227263808
1.26887182705104
9.67668294906616
3.1161256833002
1.97672856617608
6.09543400350958
5.79200820066035
8.77159889787436
7.23946218058196
1.39256247795984
0.140386517159641
7.05288785975426
6.53007405344397
7.26694741751999
5.95638599804587
10.6360132567061
0.644964773963966
10.9569316286827
3.14799819200519
0.541645707562566
1.86265951627028
5.75864925049245
0.397972692735493
3.10902665369213
2.92440331541002
14.7675230167806
6.08380447034346
1.96783177088946
8.24911292552313
3.57513127382845
4.00096100869807
0.740813394077122
0.622393220363596
4.70528677105904
1.80918095622651
2.18889149837196
4.4036892119922
1.17681247312452
9.35605362964316
4.66184963299757
6.49777085369998
2.23252347204834
6.46198356989771
1.52094741351902
15.5149019788951
4.33809115153252
9.22334769517426
4.31007156148553
1.0092712007463
0.36673590280161
1.84210117440671
9.46016788948327
1.00838930811733
14.9453198770061
5.08125196162656
7.58611799683422
3.95935581135842
5.15870635863394
12.2542269527912
0.457900972105563
4.15237511042506
12.4974290282978
2.93004820123315
1.14325215108693
6.10179919749498
4.66671422375341
5.10021343361586
7.42950082870429
7.91147722520519
1.56554194204921
4.76867889519781
2.18078014440835
0.734557956457138
6.50925512891263
0.330922217108309
1.59121663309634
10.4866340057924
7.79063454829156
6.18171277455986
7.32956124381963
0.793454580704401
3.63342936848793
6.21366668492556
1.2171397684142
6.25332632212836
4.38830973245011
13.3729437831789
6.91123486030847
6.48198977578431
8.26745333611093
12.0703706983477
7.69549338147044
1.10751819130101
7.2460904950276
1.02472994476557
0.617790720316174
0.425560209535992
2.65544752477458
