"x"
3.4834945446385
1.80760696757217
3.0902040656656
6.55079218558967
14.3031843705103
3.02432144526392
5.90107686996797
9.96072986163199
1.401571277529
4.94625861597524
0.654619419395788
0.78730913810432
1.37318350873206
2.43956015910953
2.4388957535848
0.462493347004056
1.96669168629946
12.2776315314695
10.0935529576636
2.96445330604911
9.11711603403091
6.61453508855234
4.03754011640755
0.605102140924884
12.7113489899784
3.03478774148971
7.34929281752557
7.3360800743103
17.6521892193705
1.92444105831316
0.122402212582529
5.88296445731633
2.97387798782438
1.5225139020238
1.78453541623271
2.27314855437726
9.40741887316108
8.50479004513556
4.33231144621482
13.2366940472189
6.17272243084127
7.02565948013216
7.29265270713321
0.844794059350295
0.292140711098909
3.85072170756757
7.3123108362779
3.98913501275682
9.80902391164254
3.45502148848027
3.35750214289874
4.96215829625726
0.90344250202179
6.5947367111221
6.43334619787253
9.67642883770168
8.13922537632577
2.51039037200852
8.37949720272074
1.80072857122659
0.597737722859516
1.77107856731379
8.28169302549213
6.14588063042375
9.96405052532373
3.48630102816969
4.61620387325962
7.08867490757257
6.70343972742558
2.39913932172237
6.39317286469069
5.1030095666647
4.44936473936018
1.50742640253156
2.37322061639967
1.67916480834567
2.54194334167206
10.7804070226848
4.41317919176072
5.1692629172042
0.497810258056263
1.76191113785744
2.7622173645896
5.39099802263081
3.84421789453984
0.0222954200580716
2.49632266350091
4.1350263208459
0.851080729626119
4.00761327111469
1.64141009308637
2.57123492192477
0.394674651279257
7.19492963980883
12.3129160143435
1.18404053623943
4.95775658699691
0.646423726745789
6.73795405309647
9.02667453046888
4.0333074240903
5.55746229365468
8.74623526809346
8.19614280480891
0.448497757315636
3.22986794590902
1.07429311610758
1.48537326012996
0.649514375254512
5.44874435290694
0.913296517373445
0.313374167308211
9.91323608905077
3.56786802876741
4.901679834935
8.12978607136756
2.9399961233139
10.5681042186916
5.27269472360048
8.31882678903639
10.3936316081777
5.33094741404057
8.77880717187103
4.82412647614762
1.34354457259178
9.14102129172534
10.6255935737863
3.82763326575815
0.728793373487873
11.4443525671959
5.66100408887795
4.49164123274386
0.606784346897277
3.35055811075193
0.133826493286804
0.484251184388995
1.12823726066147
9.2943456715033
4.90837960129252
2.98411590047181
1.2092259246856
6.8267432618491
0.165084457586768
0.803108606487513
2.8557006502524
0.865847058594227
5.22868766019515
1.36968772858381
0.0916826624226071
1.45969602039712
1.70306304935366
13.0000272765756
3.5329328617081
0.114298076368868
2.01936108162747
6.08341253828257
1.50299947708845
4.51558951754123
9.93628366850317
8.01311153918505
5.08889905517243
4.44444334134459
16.4728480870665
15.7730482319104
1.41966892705237
2.47699298740028
1.7236009161773
5.91897417325526
0.212098172664461
5.72312918923369
0.110924332592392
5.29188211969068
12.3683979234911
1.90209417809932
7.4891638337749
4.68682239905071
0.324589665979147
3.05030718078511
1.01769670374926
8.81458642683143
1.53813703393476
1.36808590900774
2.12989377323538
6.67481138370931
1.0917427110965
1.19058806727352
5.80980120665716
3.90430241823196
3.13340113498271
0.428342454108571
16.0734743345529
3.14198496935341
6.03501822333783
6.89524834239319
0.571219509249198
7.10743484963232
5.13941971822549
1.13908291792768
6.46378909880194
1.88325176858722
4.51273233629763
3.82208765950054
1.58059243112803
1.43879437819123
1.30489646054454
9.30332147981972
17.080096155405
0.936739038421583
7.88498613983393
2.20020451771006
5.96715062856674
1.13178497471625
6.10807298216969
4.21836951281875
0.910987169481814
3.30859110690653
6.83462015278395
1.27129531465471
3.82411469799768
8.64807669770104
12.986279069446
7.56223301259051
5.04735567670338
9.74718893412501
6.94352728261331
2.64274296010948
7.52486742567271
2.22760962755689
5.16577981399617
0.547845521941781
1.38813387602568
10.9511177095533
9.99077127780765
0.946821947582066
6.84515130926935
2.88005081333444
6.99923788197339
2.98513245976002
9.16911624372005
4.61402731805479
0.0531062018126249
3.74186166064067
7.08592461887747
1.11806457862258
1.27796867371725
9.72803298468
8.7726020719856
1.7972992034629
6.76057108212262
5.02508045174181
3.74925825744867
2.62321715391676
2.61979733819106
0.615524873137474
4.5554707525298
4.01478295680135
12.9461921751499
6.00640480406582
1.94928082637489
0.635868706740439
6.66235198899804
2.8418677637468
0.531104207038879
5.34008253759911
8.91339745622663
9.42583635915071
1.08794366270382
2.93628131039441
7.82220045542658
0.14769586878474
10.4071281617507
6.74695540219545
5.00809838995337
2.68352507319913
8.09650579467416
2.59575755211938
5.79744818890717
7.74992974475026
9.10282355608029
3.78616503439844
0.87315150741779
6.39999178238213
7.51016763970256
7.39327342929583
3.36017202238153
3.86710911989212
4.803800676018
3.23261409066617
2.8361923460004
1.02857266121898
4.38580650370568
0.529390247538686
2.11863722519857
3.05579406751823
7.85150018054992
1.34879808246936
9.54960931558162
3.27747180889188
4.75666804704815
8.98691653274
1.34809415321797
0.0578275881707668
5.05481904046661
12.6145426797714
0.727875204756856
1.94815511114511
4.98211451340467
10.2936032461002
7.57955554614195
0.448256521485746
2.91886035493286
3.89788572797205
11.3971974467859
3.49239071365446
1.99941894970834
4.81550390164244
3.37303066626191
1.72220284622784
9.73435095511377
2.4624623250906
5.44375888398672
1.33283478207886
4.04663456138223
0.959673492435425
2.28495610742795
1.01406218018383
6.80725569836795
11.2667767811988
0.495193401758305
1.12261904869229
0.269091701563046
0.892205629497766
4.10452065989375
6.59013882522617
0.594237278736081
5.48377595841885
7.59318852797151
7.80386859551072
13.7580519309267
1.39761134050786
6.28528001299202
6.72917429871907
1.84040087379956
4.26883106119931
10.7671231087904
1.5464877942577
0.403966686792235
5.0057498741666
0.432801272285487
1.58685683272779
8.92569958232343
2.27140819188207
11.4417968550697
9.49665333610028
8.21110077667981
0.785371349821742
0.0978878699243069
1.37744092536984
7.21787340007722
0.181222334504128
7.94005682903911
1.64999787279061
5.03306749742478
3.35636967364712
0.889176456257701
2.83776647183275
19.5712097767641
4.15685254592492
1.2930803000927
0.0638317562926144
0.782057467803559
4.78377102408558
0.555084735606169
2.42705927681148
7.42532454882985
3.76073264352711
2.10696924477816
9.32168382233847
6.30093745421618
2.52575195385384
4.85368128865957
0.548240496587208
0.89297303929925
4.93412418290973
3.47353729885072
0.63441799532304
12.3975992901251
8.12932895496488
2.71990273095369
11.3171532943622
8.15035330597311
3.4951193490997
7.60184836108238
5.37122003539089
3.75592829006001
1.84011146852685
10.8634334523231
14.6924451226369
1.24206695106346
4.2244869091694
0.298632148654778
1.59476295802076
4.13718055638019
1.02953754719369
3.47092002630234
3.50470100749893
1.60080182831734
4.71203032050486
7.18452715309929
8.76869393978268
0.872145355067371
4.68940379886552
4.54716782551259
7.93537052813917
5.11494085658342
8.60177532304078
2.70091626838351
5.74993477465431
0.431442967822816
4.10102860488194
0.468473369255662
7.36353124175456
1.87383237538794
1.3567166402936
4.73055191097801
1.64932062491294
1.52015369385481
5.4224142828616
8.32551840285902
2.22767430823296
1.64535457438661
3.40978196056933
3.57740766515794
1.01359991822392
12.2800031211227
2.37716532364018
7.49403733303265
5.65062846805772
0.5194560375558
0.800162916653438
2.55369844380766
0.118922186084092
3.84082274977118
1.83477298420193
8.70334883220494
5.58977203036417
2.1925845881924
1.91141336690634
1.78613315802068
0.404842547141016
0.667796935886145
1.46479131653905
0.397196806328632
8.72103498019258
4.38155650701182
1.01479255633395
3.72905852146529
3.13199362717569
8.6210454814136
3.3724895352326
9.71840484688295
4.08020298928022
0.292363605433267
5.38722237106413
11.0845292219892
3.72796717565507
4.05930725391954
7.27950038854033
5.4428486386314
5.30182658999855
2.09704434799843
2.31204498559237
12.8292450076631
1.66648940648884
2.11106962524354
9.71453608784895
6.31610366361591
5.24035471522865
0.798732647672296
2.94511255342513
2.02158656903846
7.909589171512
6.32556488271803
0.78463924687524
5.64911516857266
2.11904724128544
1.20429587550461
5.90150482021272
8.96665384436539
0.860597693325798
8.29484647112367
2.23696035105392
6.82388931351929
3.60395842223584
7.84701909869909
1.22382117716988
9.40839017275721
3.87747450731695
0.71404113640103
10.3330315556377
3.03998072631657
11.6964185610414
1.19440592825413
4.27214106000001
14.6120420798367
4.82100795488805
10.9007225079021
12.8255204227266
5.01297786465785
5.8671313803643
3.97393004786223
4.93583705665738
6.86728639993817
1.5181599650532
5.10397940594109
8.29919483678775
0.12851016724653
0.715195294469595
8.6247093975544
6.01812910754234
4.29255272955945
3.40641706716269
1.71886058524251
7.41284196265042
5.21421830635518
11.9587414071913
0.682813859630749
2.85398007836193
9.61201688646373
0.0287121627479792
1.28376647039481
0.477712129031497
11.4749163854867
2.22508584250988
4.65103290043771
1.2799238639466
4.32246238924563
1.26259601272961
0.437415843998543
1.40752533916384
9.0664739068494
5.06170128937811
6.23311064768027
1.85610410960406
0.28027313834152
3.87155108619481
10.6808417709544
4.80076628737152
6.11220279242843
9.22006017554352
0.619331980124116
7.01735745245228
0.275487988255918
1.91328197252005
0.608312284083849
2.93802740026055
9.82911998871714
7.23658562637866
2.67464579827472
1.46389195707469
4.34082946740091
2.21645469841318
2.10315635496217
1.91320904996246
8.95992591977119
1.80854173377156
0.116679555668425
11.0226593385085
1.4564992722682
2.62763789308958
11.8908655702876
4.07274672761559
4.15719489101321
6.0846078209579
8.45967065542936
10.8125398780689
1.17673582863063
3.51283166969883
6.17171802952791
4.23444453626871
7.02275071922238
4.27289698272943
0.0979533419013023
6.27288969895957
3.67260084218441
9.05109094455838
4.83150666113943
6.62004274781793
9.38120168499614
4.28166546700714
2.1639397009797
7.76271685026586
11.999412253499
3.57707482762635
1.81642645708837
8.80563779631469
2.93985870666802
8.44941416289657
2.23360070958734
12.2005876499132
4.54545749817044
4.40381273676328
0.934528606012464
1.98000676464289
5.13764356728643
2.19099409878254
4.38992598807275
0.00955060800868152
0.863507569940711
6.12507901217329
13.6399699216482
4.4488549697046
1.2200494272029
5.18040850292891
11.5977307984497
1.0329392971471
6.86441066209227
6.852078444158
12.6183599000797
10.8968939662355
4.63882796466351
4.5071804406784
0.317700812593102
4.23426802735776
2.29414785280824
7.19624207519197
0.981279229745269
8.52993219159544
3.10696814175092
8.28301699366421
4.39254737124532
3.08251974638551
6.0030143881387
1.88074882607907
7.91183498222381
7.40221512828798
3.63438501954079
6.25168794049825
6.09532201196998
7.3647164972499
1.82798367459327
1.15504311397672
2.22091723699123
5.11938128584669
3.94293880090117
14.7291155299172
0.0112102832645178
0.960355541543741
9.28713085817112
1.51106036054156
4.42684840394693
3.79374141339213
1.19370192760204
6.54475980411067
14.4031542353332
1.15316263400018
8.62379551399499
11.9678419099131
7.50813945196569
1.96289173414572
6.23391296248883
14.2835592152551
1.49277695454657
11.0335489735007
1.18737100065927
2.82316239507526
6.90675438381732
1.45005830434665
9.84096764586866
1.06659701559693
6.17563309824712
8.26120282776421
3.13795383553952
7.37773315049708
0.447047571651638
12.1053551090881
5.96849678362295
2.778424276039
7.71017748829137
10.0979617300716
5.0626625083807
0.877480958653902
2.64106562826782
1.68153699487448
0.440866702302913
4.39379133749753
3.01616828443215
3.55291669256985
12.994106952101
4.27822205238044
5.42045712372422
7.98326712216612
5.08396098541441
9.27636749157747
6.95634122657498
0.281442794948816
3.73140725929131
0.542354203949083
0.775296916253865
3.04548324313854
3.57634602114558
5.16512825068516
3.71170397847891
1.96123706060858
0.200140808597199
11.7056646179602
5.01929472666234
0.406051357276738
1.24613598454744
1.659785322683
6.7123853135854
8.00951046330442
0.0905394554138184
3.06360081303865
2.13034881467233
2.52309212855889
0.224983433057196
0.175890792161226
1.7476167762652
5.46798666473478
1.14876328827263
6.3126254100543
4.60842773318291
1.76747113000602
1.22998782940078
3.57230200897902
3.7421668494548
0.0985522987321019
5.81439420914412
6.52678242304507
6.60899174902993
4.58387629160242
4.56372701131531
6.0496240388602
8.28151346167833
0.697038364810869
0.947982181100527
5.35624597687274
1.3662877259776
5.74119155611644
3.45642520114779
3.15514433563513
0.394306933496545
3.95841193385422
2.38678793397002
1.12581689170187
1.37849368620664
0.468804803676903
8.7230593431741
0.497542624361813
5.08849655872736
6.98615234203594
3.7205332191661
1.70072496455373
6.58722706139088
0.28734693267061
0.599657348357141
7.41121545433998
2.71632300600482
11.3169699907303
0.225533312186599
1.60489678382874
5.43280922157456
1.97249099146575
6.80069492664188
4.09562566302688
0.866407505236566
5.72546970444789
0.171021086488413
4.43143459594874
3.07283280417323
3.28954963946733
9.51739549636841
13.3028513519093
0.889098015613854
4.65318259667578
6.17307775418654
7.88262749556452
6.74514039988433
10.5140721658245
3.68646590504795
3.05711662500312
12.6792041584849
0.553030042897594
0.603689323179424
4.49301351327449
1.06464065170057
0.517323161445937
4.60411936510354
3.52534148999334
4.64070967864245
7.7711783349514
5.24786405730993
6.58342116924117
6.92952015617685
3.65700530819595
4.833885258995
8.86935056187212
2.87291536958994
8.08690315435486
6.85818429424949
6.21093183290213
1.5341768739745
10.8532993821427
7.40782968740991
6.23689301683975
6.48335451260209
6.62866230224011
7.09936456996847
6.93420167081058
1.85064761899412
1.92085025422196
9.29029666055291
4.77384104918852
7.98865833785385
9.42252030938571
4.71180998032986
5.66249920520931
2.0838605472818
6.85181633731099
4.66459474992007
8.07776403198611
0.148004132000346
7.36685548909009
2.42619796190411
5.04722595214844
5.82038026247892
1.24661520123919
2.41510644768812
4.64147273403119
1.36872555396973
1.48466914956855
7.27945274422729
4.1804454221507
7.36465603113174
7.08006508648396
1.87031563935748
2.75442009339058
0.368848250624459
14.9886257247999
0.365307040421624
1.53806414455175
3.58046696091226
5.47867547720671
6.50221277028322
2.67507683020085
1.74442133866251
6.16243358235806
1.20945342350751
2.43667819947341
0.750632863491774
7.40347091235501
6.38120619114488
3.61595950574455
1.13739441148937
1.563402521424
7.67884103115648
10.4115283116698
7.76111801291279
8.84843862112558
13.9712518911951
3.33440476097167
1.6589343547821
3.28628285788
3.7276523983592
4.71145403571427
8.78854610916061
2.2813344374299
4.661720758304
0.553650628184297
1.98288094252348
4.99162641353905
9.6837084274739
9.94161521084607
9.43194080807842
6.95924543047536
9.59212006214656
2.37266003439215
4.69478621243356
5.87324851658195
8.88367360457778
7.67010874114931
0.787637801840901
2.6747435335783
6.76585747860372
8.52184910005981
0.635092039690508
3.00300717518267
6.86962264124885
1.73098874326808
4.28954216185957
0.665156473405659
6.19260269696467
10.1273741107434
6.29335003904998
4.77381546515971
7.81580412294716
4.45945265237242
1.50551420483511
0.614620349369943
2.36387935001403
5.32444980322686
0.274467258714139
0.700527243316174
2.42817318653013
1.22793677728623
9.70159231219441
4.208406037651
6.15304924704085
3.29575198702514
0.68962883669883
2.65084286215604
2.40017676260322
3.50784983020276
0.153523392745852
4.02661618697781
4.84108427755558
2.76604895479977
13.9712173026055
2.04303641803563
1.76025355937403
5.01410462893546
4.59682158755151
7.32797819655389
8.09456338174641
0.220024657487669
2.8762220618661
9.84815745158223
2.34505178003841
5.55091933347285
2.40438867261241
4.13581866305321
7.05139937344939
2.58684623986483
4.53681006962079
5.7529223151505
0.428655184805393
3.24474430489478
7.2008281480521
0.590767920948565
4.65067732147872
0.853010290302336
12.3768532941303
9.27430046091652
4.34595793970976
7.71005770767327
4.52504081185907
2.58115029428154
0.515579176135361
4.75884056830384
0.21776994690299
7.543751061894
7.28972389188244
5.74850962415012
6.97690651937663
7.22602740861475
0.350228790193796
2.96814422903982
1.80196746625874
8.0232018372044
3.92867750487986
2.44286013767123
4.69276520903249
4.42947177216613
3.03499328040519
0.632368055429344
7.95321925358371
3.67077081464231
6.6446966258809
3.75794770380993
4.71895625814795
0.705801416188478
2.99275887664407
2.66725730616599
0.0533667276814595
0.98329511956004
1.36923864483833
5.60462907887995
3.39160929434001
12.0849692961201
2.97409187252943
12.9304013447836
3.69395590918542
2.93042657431215
2.18091807909045
5.67657209467143
2.24268671590835
3.05531676858664
6.80901375599205
10.6713697314262
1.52961988933384
0.75892411373209
2.75863171555102
4.77949010454747
6.38233831077469
0.69395296741277
5.08925106203737
0.0796188804901186
0.464954137562811
5.49148406882306
12.0241955437016
11.2941300263628
3.01952008157969
6.08392991560679
7.81737023498863
9.94207455026421
1.07683392707258
1.6045700525865
1.13663389347494
0.576666904851566
1.64295944850892
5.81291089516006
5.04829355049878
3.1326801283285
2.63690785504878
2.90533406972866
5.65427104011178
0.207234453392506
5.53589868359268
7.53248505550316
3.13471503466565
3.90703335870057
4.01065738045542
5.22887760333509
0.712141068652272
0.127349584724385
5.14445093992741
3.62129622289382
3.82712869904935
9.49417508672923
1.82324803899974
0.794839207082987
7.86481844261289
2.01129405759275
1.80775163389669
1.13648585561087
6.98536785322493
3.27460506265987
5.66018072220263
0.752490246668458
1.88480813521892
4.22261143103242
0.482966442538084
7.39596191672736
4.01970255188644
4.68268305234045
2.26611155085266
4.88294821684613
5.74836710425813
4.14203768596053
7.07630384762318
1.69510415979731
5.64084716606885
1.15939783663755
7.14326739421828
4.40254114494693
2.09044257516193
0.348941888400354
7.10935590674292
9.09567432191028
6.63237837143242
2.45897765271366
0.699448881161017
3.99846113286912
4.61761446204036
5.41462192586336
5.96179077970023
6.34619566317382
4.94291259395423
6.29200385883451
2.21926223021001
3.1386625338823
2.50902247315384
2.83152712509036
3.32725468821462
1.31355060213259
4.27391710691154
1.09810547437519
3.66814828012139
1.30313247226519
1.74558574799448
4.07546395602515
0.224570446528356
3.41940925109039
14.8690021596849
8.30777818644893
14.7591753862798
4.12824291624353
6.17914539761841
6.91097837407142
9.93879421148449
5.76037726572395
4.21306060161442
4.92050064294382
4.07936663832515
7.37872674943516
5.61149509157985
0.145990503935094
7.83775305362811
2.5984683772549
1.97765743081697
2.67849310105275
4.33601327240467
5.55300549603999
1.93077796138823
8.09625724274801
6.2771231094441
5.85787036940971
1.36997969821095
9.71790701978427
8.99506332352757
12.6115817576647
2.1021650985307
6.22252749744803
1.05206640437245
3.00304323900491
7.18748294748366
6.04232372574383
4.20048295054585
1.29915953148156
6.0653357533738
4.03295065634118
6.13423378672451
5.17410919065991
8.43608035147283
1.51832208503038
4.13084521424025
3.62428486389928
13.3384520886466
11.8253646185622
1.02396124460035
9.39304495695978
0.48673115607964
2.53859120312529
8.30747215077281
2.55633499473333
4.19373968284045
1.50604248046875
1.21426539674297
7.55214698263677
6.28488684465222
3.96786346100271
4.37076156526601
8.93164712470025
12.2895876411349
0.903121056035161
1.75859499722719
9.56147015094757
11.4539415575564
3.8094142335089
3.77390037756413
12.6956075895578
0.00354948123042479
9.31793424679473
1.9516354193911
3.00582812816437
8.75610110815614
1.21504101739854
4.40384100656956
5.55259415414184
1.97486844845116
4.035878051396
14.1907922690734
3.77829286735505
15.1186172709042
6.58334516920149
5.38421066464047
2.87956779357046
2.94602471403778
1.26583655364811
7.44398559909314
3.40681531646262
2.61590135335503
7.93302823083249
0.895440042950213
1.95629962025559
7.4117629090324
4.28134258222862
10.3630751604214
0.470636228616357
11.3067748723552
2.33830211218446
5.18038766458631
3.50302034057677
3.59697374520305
3.63287927656418
0.427793944254518
7.76783972775329
3.12884470309345
1.95648327935487
6.29247718024999
7.10491338047303
4.26832651049124
3.67641660850495
2.01013083569705
1.74246090464294
2.23113640677184
3.32442477811128
12.1572749456391
6.75671435945899
3.5605824099931
1.52911968530002
5.31254422789625
5.19476966001093
3.71415084554482
2.64455773867667
0.319926044903696
6.23503504320979
7.9341183649376
8.18815168458968
1.42535297894465
1.92022672854364
2.85568400293578
8.56017246842384
4.19998955912888
0.514606754252975
7.54750962369144
1.47956791333854
12.6990365562961
0.713287730515173
6.34489674121141
5.79820964794964
7.17279220301589
5.46137960627675
13.7427808845404
0.370657281709665
11.8378739338368
1.22804085258394
1.3645643601194
1.39497834425271
5.7996835450662
4.05832412745585
3.53194026105202
4.21558143324345
9.60177341476083
0.873698946088552
0.666762934997678
2.01206425197879
3.18332450935616
3.68019596207887
1.8030144895894
8.44776003495333
8.12110321130604
0.911348406225443
1.16385028007125
4.04383542548127
10.6697066553398
0.297234789468348
8.19440530613065
1.75166479311883
3.02432698663324
8.28767381178967
3.35156787007731
0.434308293858875
4.46918117813766
7.38232373259962
5.4916785331443
4.9198986729607
4.28796987980604
1.69592187796599
8.47158104629329
2.59599294513464
10.7306318124756
0.290833497606284
0.0820674597057709
3.32164795630904
1.95725735683475
7.13286176323891
8.17280802875757
1.17104724049568
6.9084188202396
8.50886814589518
4.74695833399892
3.20245327893645
6.265839189291
2.83547764045437
1.18078805971891
6.00931399967521
0.209572701714933
1.69255402870476
1.55420066060192
2.3322313402941
4.70346866110921
11.4315543090925
0.336533272638917
5.9672987787053
5.88809947948903
4.90642448368683
2.95893135480583
2.52049767262443
4.38700786326081
2.22312188707292
2.79519960009788
6.18294177111238
0.738641859529226
0.197074306197464
5.04355069737873
1.0683358321253
0.329117709770799
0.60500164592234
4.52397484332323
1.25667899847031
2.30677340786647
2.82153952263054
4.38847893750136
3.16007393412292
7.49288208431464
0.485847145318985
3.82967614501854
0.463912659324706
7.22354269573512
2.93838698416948
0.611824099905789
3.23779641577885
0.161584303957961
2.69879000261426
0.0252278055995703
6.19372265865473
6.26971124392289
1.72474159174817
5.31153959257333
7.36992435995489
6.83043734170496
1.60332194063812
0.917509850114584
0.432537705637515
0.0926118740432001
0.553674029140405
3.50885419305048
6.99171435553581
8.30772107001394
1.34609891936026
3.2257339451462
4.87009645439684
2.13821367360651
8.04403701331466
1.70921356455055
1.91273712660055
2.44644754186734
5.15217552892864
5.74564363643186
4.99891783110797
2.37902413420753
5.24952400869219
3.57665072492078
8.26733119320124
7.41960941401242
14.8986047133803
5.7368844980374
8.06817675475031
3.40976030565798
6.17959301453084
6.46228496603624
1.51131916791201
3.24893754441291
9.11720073232578
7.2761490708217
4.08884193748236
3.42391057831447
1.64677004980584
0.157615914940834
2.49872431159019
0.558822368593001
5.92169785704515
2.91038611903787
9.01825083842931
1.69287595303384
5.60500902229145
0.632166871761173
0.837940468018186
3.42917125849498
2.63293022289872
1.63302823372658
0.170662131960299
0.605366285890341
4.49246512725949
2.96121024331954
1.45084066286372
13.2535759825259
5.23169573862106
6.14513976033777
4.11435668356717
3.49460998550057
0.0717680130323217
4.19398160838013
16.6912341723219
3.29929357165065
4.82945082306734
4.97642323919004
0.542649983964999
6.7626628421553
5.4816029034555
0.639298385758899
0.00391869183275064
5.91611304941466
1.8475815653801
6.84840317875384
1.77568658675914
4.60676058687723
2.36479197126626
6.50854925625026
4.53370851496747
3.11094950884581
2.54792200867087
3.32980536822256
9.68145832885057
0.868787648706903
0.864384976686057
7.59671190869713
3.62546669784933
11.6705258609727
3.46877701359035
0.125212967395782
5.97783496743523
18.8043949816716
2.22992900928693
0.384502352490429
3.36609869264066
8.5107485530898
4.6101762388466
1.26474879216403
4.49859495274723
7.65080504240268
0.807404052466154
6.87283065635711
2.15617304202169
4.15491822641343
3.54170980863273
10.8903378481045
1.77590794366533
1.10510598846817
1.73626325558871
1.46995718633409
5.79931503649255
5.82263576798141
3.74273955821991
1.64995884160968
3.92445772886276
6.69087773835572
3.89394422527403
0.510356272570789
6.26908493750589
5.46197710930645
7.46615284588188
2.68274936825037
0.955833727493882
3.2583682689175
6.77625071257353
5.71577429293667
4.57331233192235
5.11730096768588
11.4609115058556
12.0486891129985
7.93810796458274
5.35931912411291
0.565502776711317
2.48659648932517
6.75651175559486
3.78877358962859
2.23065959520594
3.31423277966678
2.71531306108565
6.45613798405975
6.66596477384938
2.32715415768325
1.41753202769905
9.65821312274784
8.25221732056837
7.10461472626776
2.52619367514292
7.1608335711062
2.47288648970425
2.87733809091151
4.32892220560461
0.965754787661591
5.43818499427289
11.7482624948025
0.173140139895581
7.32164531946182
5.73642384531889
15.2577713364735
4.8290919008164
2.87811208982021
10.6872212381173
13.0984336603433
4.12317840382457
2.75587597861886
0.559820141643286
10.0907996064052
6.81933478543189
6.60018806811422
6.49635354056954
0.609999904553329
0.401366595178843
1.76929458975792
15.015592471689
3.05982357822359
8.12420204747468
1.02052327711135
6.175990761688
10.095002851449
4.62712107691914
11.3694877130911
4.41648194100708
4.27182998060038
1.29442985635251
5.85635999100951
0.848455517552793
0.0493302644851214
8.08365086559206
0.0556594726680194
4.26645602365371
5.48993622468521
3.2213632715866
0.605746627463998
5.81393390426817
4.68190431129187
1.76459362980264
0.976940323642032
3.31183436792344
7.85572240129113
2.64689568430185
7.99421830160579
5.21279417444021
3.75254168175161
9.12040160037577
5.85050796866814
2.46489129494876
5.48287245242077
13.2203502347693
0.199251757858866
3.72678472194821
2.14971213135868
3.03632474970073
1.13121581504792
15.7843050314113
3.04643345106527
8.28567317221314
5.18014992121607
0.75697400715873
6.5088594565168
5.63252128195018
3.89982145279646
4.25921669229865
0.886474922299385
7.08160793874413
6.53821660671383
1.25914614181966
16.6075876215473
3.12016653921356
1.61567205928341
5.32053443603218
3.37430685758591
3.85240819305182
5.61657061334699
1.77996843121946
0.518247880972922
0.439232937060297
1.82548386510462
5.45159250032157
5.07976766675711
10.1946972077712
3.82449869066477
9.92399172391742
0.334231741726398
0.511898133929891
1.51751891145737
5.19958198672932
2.23553373944014
3.59619653318077
11.1162366578355
1.19834064971656
5.11789282318205
4.37194486148655
4.22345998231322
0.380093604326248
2.3854122729972
3.81752303598808
9.56558841280639
7.62712406561179
0.30094055614334
6.09788132355983
6.40805606643879
1.77479879483086
2.26702943909913
8.15237942151725
0.115759437903762
1.23564909360339
4.1954618802399
0.0194658351907145
1.04347337037325
3.29222445751278
0.47696330650532
0.737136020325124
5.95243151765317
0.286825623922874
3.00809659529477
0.793581179876948
1.16570538375527
3.48540827482906
4.48279436677694
8.66002319380641
9.79392491281033
6.69319436038681
3.31173807906973
4.75500632971475
5.49544986920125
7.25367751438171
2.98949422045415
3.81515588403039
1.20900094043463
2.06753355556659
3.34715584758669
5.84825046826154
5.39339077902889
2.75782002136111
5.41726159863174
1.72689286991954
5.42732818508046
2.31314446341432
8.11780444346368
8.59134099446237
3.25393811799586
7.90659685153514
1.34319213684648
0.525960292959685
1.56090192031115
6.45465762354434
2.28785327490291
8.19199610586304
10.2694251807407
1.58392933662981
5.74653665726343
10.4931422131904
3.35517916828394
4.82295465189964
10.5182085884735
6.37115824501961
2.8655709233135
8.77310759465477
0.72110187461047
4.35038227587938
8.84084268473089
7.76253901422024
5.36482222378254
0.204462860289604
1.59242176450789
10.4131879052147
4.71619351301342
10.1641629822552
13.3667243644595
2.87718576165441
4.23098974861205
3.23672734666616
0.655976077541709
1.67827531695366
5.92395281419158
5.42651917785406
4.74632198456675
5.74463475495577
7.4218157045701
8.51694078986253
4.74392422474921
2.61248731985688
0.874009565450251
5.20574781112373
8.74202459688284
8.45875097987979
3.68525803201733
1.15354552380155
1.69429425270639
6.7866225808185
0.188349955715239
8.13488799612969
5.60201976913959
4.3081455398351
1.2585923075676
1.33778163050075
4.43139367655273
0.198759511113167
11.446123774554
0.404944573529065
4.1413154327009
4.58016733173281
5.81780555658042
2.15349741971175
4.6229760395363
2.36620621290058
0.729442178271711
5.86239219264362
0.711876644792535
1.69616884086281
0.154446857050061
9.34500550569085
2.9278606409207
8.10036887414753
8.82231539580971
0.285431533120573
0.0418803188949823
1.58479076968384
5.23415333591402
7.37484111750488
0.980632171447844
11.9432210619627
2.60098529979587
6.50283565980857
0.964237316350906
3.48788215778768
7.8048518741902
1.45379767223195
2.07607098855078
4.54499185080585
2.77320219299028
1.53667239229981
15.0343728950247
6.49949670769274
8.74771112576127
11.010697157072
4.6993403451255
8.09534110338565
5.2878164453432
7.2499838233683
1.57731228973716
10.4468347066909
3.37679765932147
6.48239371366799
4.24402004573494
9.614536492154
5.58156182523817
7.38543772604316
1.59567225462078
2.6575650786981
1.6448970614868
0.493983528576791
2.48474766078988
7.79267616306386
1.94247603800797
9.36218746937811
7.47409637551755
5.92442008201033
1.53457852316299
7.17796130476506
6.61193836514593
9.26066977517089
1.99531433982332
5.08443976090709
2.71015764486116
3.92193624284118
2.18930586938221
4.14028879240995
1.08782751485705
10.490525746718
3.39738314956903
4.56376885995269
6.99337632395327
8.31767234485596
3.99540584765817
7.53592253491607
6.0245324857533
1.09945570584387
0.980552640474256
2.64252633987957
5.01686995849013
3.92599489996453
5.36445975738858
9.44721712730825
0.768954433271701
7.01568212825805
2.41613644175231
1.66354704251603
2.45274521876127
0.440437323413789
2.87361885420978
3.48915704526007
0.364700006321073
6.38248804025352
2.68539483380008
11.6233865963295
4.80755229710324
5.44575804378837
4.03323388053375
10.6996139511466
0.384524255059659
2.03432056587189
0.145182807831066
2.41172928625691
4.31200354360044
0.945474034347636
7.6278521177721
0.0856405597632748
3.14390214625746
0.876726560244734
0.852027977816761
8.85281779337674
12.4373282305896
3.7602866999805
3.32909144926816
10.3847318561748
2.80879144025637
3.18092609694882
5.2214392926544
1.26145623285052
8.69610416640524
1.04971948391851
4.70676734112203
0.178805914834212
2.31883206870407
5.44165494436948
0.538283623772597
6.63777715526521
4.73681590519845
2.39409532632614
1.60823705102355
2.90524589363486
1.33231371468066
9.35318789207304
0.478731538169086
6.55064755119383
8.21508574299514
0.308092695259622
4.22221655026078
0.551796774379909
8.48323807585984
17.5277483416721
8.3969259927515
6.86518273749991
0.338188213030248
5.77454348094761
1.02056066971272
3.81293843965977
0.56236333671698
15.225541597376
4.09020015942242
5.58473726268858
3.79372381139547
0.57565055321902
1.45933679305017
6.6931847948581
1.18973530415575
3.43938225414604
5.35010900348425
3.13711788518535
12.4462770397261
5.63468120062748
4.65101802255958
11.2687350135524
1.7723013721713
4.35666504781693
2.76879072189331
1.0793037712574
4.45926357060671
3.68694039061666
3.37827994953841
1.56341756228358
1.78588785431777
3.67223038338125
0.146109396930716
0.299554162464043
6.4040042925626
4.426619018092
1.74830004107207
6.0794992139563
4.02358078863472
8.97777006030083
1.09500789549202
0.828237116320477
4.02379943002962
3.3704589586705
7.51522656064481
10.8279877529572
0.472869317303431
0.494218590550482
3.3933638362214
3.78719082965036
11.7305840365589
6.09479651320726
0.476371287368238
10.2839081803756
4.99505465850234
1.45334843842903
0.0897491350769997
0.00625248067080975
4.36574761185584
0.0476203162757963
9.26335000771342
3.0564708635211
6.33668764494359
6.88704450149089
3.54958962526734
8.12959480967086
2.07179420799175
5.67844114266336
3.92220189547397
2.19341902993619
0.438905972987413
10.3054678067565
1.76555735379884
5.04865120204932
2.44529635200482
9.74517867155762
8.10162595465278
3.39686570223421
0.533624872668267
9.2168771661818
1.59670051652938
1.31363139953464
9.65457866647332
4.92436932935415
8.05033178509949
4.87117441371083
6.3074370380491
1.29576798964546
3.63673488609493
8.32228306680918
6.93047046661377
2.89803363848478
7.04196488116479
6.50819146084101
2.91467716451734
10.2371532702819
1.58931673504412
3.28823064919561
2.16619286220521
2.63024491723627
6.08210479840636
4.5377921512636
7.6595447992129
1.53083821923944
7.26244166126307
2.34307629553162
0.167234661057591
2.07926430961648
13.9775566756725
1.3556107878685
5.81341222433285
3.57693395718265
2.5586185278371
3.670101482894
9.69367871883789
3.11139754485339
2.49966513283473
0.99592214636747
4.38365035224706
7.29691269787616
12.7767032478005
1.05940167792418
5.40505556855351
3.74295334331691
0.358471653419509
0.763205068503991
1.43019261304289
6.76413818728179
0.021345098502934
3.10052266309334
2.5547060649842
0.906079728156328
0.371125284693245
3.00427787005901
0.937421550042927
6.68260634411126
3.52388632171097
9.30023631080985
2.64045338635593
2.80661434440876
1.6269251704216
15.4534680303186
1.65836313361015
13.8664509402588
0.945967447541831
1.03623668414619
7.39446138031781
2.55161109380424
5.57592182885855
9.9137947772324
1.13740869248824
7.31203954201192
0.856435368768871
0.118500273674726
7.46675696642047
4.14918848265123
13.837134580509
1.71785904094577
5.37461200397882
2.81249196268618
0.955688860267401
5.31252329237759
7.40219110157341
3.38851804845035
2.84484077710658
3.6735214991495
0.922917989932659
1.07768329326063
4.17211127933115
1.51013359427452
5.89327008929104
2.11295725312084
0.999720743857324
5.48012088730858
7.09090391173959
0.522034742226006
