"x"
17.655401048734
6.07503401115537
3.2161230392897
0.713412183255195
1.34359339512831
9.68817952089012
3.57898350975018
0.55919763923603
17.4394724424928
1.25331250646167
2.03366354107857
12.9623788245798
18.9204197376966
20.9891106933355
4.38253599841087
6.35371203534305
22.4032264722951
1.93498814478517
2.21322476863861
17.0507450026562
7.2860449552536
1.78871577917053
3.9310959533472
17.5462509505451
11.5204158704728
7.68003024633845
0.413591838950065
9.35821864575584
17.2490247059613
10.1744306320679
19.2947597091071
1.77054726518691
4.65793376788497
3.40068670288934
12.5752893107978
6.28520809113979
5.22135687060654
6.04501218896748
8.76468977044623
3.67789356969297
9.20067499391735
2.73797647096217
7.1343794465065
3.56981946939782
4.22998578287661
21.613957652887
2.9767083004117
6.86773472473368
0.467016035690904
1.96389285125593
7.18990167489661
17.3963960549455
30.0973273584926
14.2525742296129
9.06499088741839
13.4684674907476
12.9090038420094
10.9373182989657
15.5045079779127
4.30638389694457
1.00230900966464
10.3388855797274
19.6506073698401
10.4011532384902
18.345132144168
12.6958820873168
2.33358041348305
6.41540675424039
0.261309939549426
13.1511905696243
13.00988872062
7.42091281499049
9.57862194627523
1.78707926534116
32.9482739104879
3.56640643440187
1.39100008488272
13.5868365876377
0.147274256179321
0.173756117614719
2.75964045937222
15.1395171415061
14.092549335057
9.74067917606356
6.99963847442718
6.51844856329262
6.9596947170794
10.8753417663525
9.91185573366278
5.24759688414633
7.96990381251727
11.6317305248231
23.5946028493345
12.2798582538962
5.53895555501801
18.5930684837774
3.88553850352764
4.06431527808309
13.3573136460752
12.3700255810279
19.3505723495036
5.64890597015619
6.29561520181596
14.3602701844033
15.8357487991452
20.2318910509348
6.69678413967751
14.3652064466392
6.55504540387355
4.58341505068822
26.0346458759159
2.6898172675249
11.3016243795421
9.07330675981939
13.1756718270481
8.4843304939568
8.62720836885273
8.52985987439752
13.3139302907738
4.85649751095954
11.6303071887555
4.86111002974212
3.11228753998876
1.92688125353109
33.8258180113768
3.35268256251759
5.59794157743454
6.31481073796749
6.18807796878448
7.58613560450504
0.572961306966717
16.8057064060122
6.61696102532563
17.8522102712794
5.41536587453523
9.26261704135233
7.73231382481754
1.53341560861453
4.6834588827977
8.36093182018248
0.663490552401326
4.61798626929522
6.17563026025891
16.2950435636986
9.9213934969157
1.47022791206837
0.0174672644303242
1.61676779389381
5.93838030472398
14.7100892697473
1.13373707440552
3.44178178347647
6.22140378691256
7.11412741802633
2.20038020052016
3.10295945964754
5.60207436792552
16.1957401782274
16.0326111367697
1.71067799638383
14.8577217012644
6.79590460233613
8.99057021056684
3.73126491904259
12.4257164513236
0.335557386279106
11.7541557643563
8.62145838327706
6.91789840348065
1.89049043692648
19.3541721906513
7.79555873014033
25.7337479386479
5.56205378344743
2.37325205437381
18.028595065698
0.656265532597899
8.72554094530642
2.98161706887186
1.32619152426637
1.2505583753136
10.4726281482726
6.72913559030995
3.35563950733147
0.54903486221555
10.4408860672265
16.1994464229792
5.73643272154362
9.80154359713197
7.48799135908484
3.63572908534555
2.62929531745613
8.979486906901
0.756577473922824
10.9058978633551
15.1292482607099
1.62459365092218
1.10531136816985
2.00469795376763
8.52924711070955
3.79669490203357
12.6482727130053
1.44952326165847
6.33605550974607
6.85456731336463
13.5670637711883
9.92020412965533
4.43942135033787
2.27470998652279
12.5063720159233
8.24676533229649
18.7360945157707
6.11325548961759
12.5699057998056
4.0800544898957
13.2275096606463
18.5924413613975
6.72830883413553
16.2642190657987
13.8777053449303
1.42211178317666
2.05479623763224
15.1157411746681
2.74719833396375
8.62869694828987
12.0004911417467
0.560029583572163
15.5247125308961
11.8227377696411
15.6286552082747
17.8404447869829
2.56390050053596
7.4852857273072
11.5705794189125
5.17822778783739
0.0344887841492891
11.8167765438557
3.31969746240951
6.87458189204335
6.75049557958104
14.4079481638626
1.57893486320972
9.6730152953372
11.6381613081392
0.201172129079378
23.8475463818759
16.0997406113893
12.0270202867687
8.86116695793437
17.8206824231893
15.4746999691304
3.65507411770523
6.19315278081912
12.3414148297145
13.8359590899199
9.59141141664124
5.42413606872699
2.01482330539693
2.17663594521582
5.16545013524592
6.57474156469107
1.29360980354249
18.0993351619691
14.4362328833724
18.9907868392766
15.8548984210938
2.22315289932743
5.66912376069778
10.9654139727354
7.37940429587675
13.8330409768969
3.34669109433889
7.35424884904935
20.368404387036
15.4650112309263
6.97652321978486
0.749371673993396
18.597417026966
11.9762115362214
3.25277931988239
17.893682543119
9.75728636659464
6.63529196256085
23.6240262165666
3.22848125360906
2.97264880818988
14.5977969281375
13.3127083536237
7.82804502173918
0.483897268017719
1.44294099882245
1.0824341326952
4.36365801137619
8.46931142732501
2.21903985366225
4.73004515116953
8.29256945289671
10.2012383316439
6.26629539765418
5.67928510138371
23.0183059349656
8.71197176165879
3.35175507772618
11.7634420546805
2.11950177326798
5.17063631931821
2.54873070829838
15.4216886498034
21.3707827442237
11.5369313862175
15.6061848578481
1.24488673172891
5.01468022772968
19.7539143264294
1.5241265296936
0.650217989459634
13.2894821465015
9.37213177297241
14.9989299822779
3.89466383494437
4.5604295180357
20.5654590856284
10.6498357899454
3.72944348491728
1.69932616029841
6.66103230418224
20.4512001946568
12.9127440974116
11.4205391146243
13.9690281951677
9.5804741140455
8.87737856246531
4.52045453619941
11.1540758050978
30.0376672825761
13.2350151980733
16.8187436647713
18.0002012290061
0.396861930577424
4.55282383611286
12.4806668023979
0.671627791076824
11.5541961509734
2.85667981952429
24.9267976345641
11.0330197028816
0.521518662571907
3.94198737158653
0.184792978689075
10.481075808737
4.69823619350791
4.87968732588959
8.73745286505805
3.56768816709518
8.42408194697013
0.754681183025241
11.5905930388175
1.15075632929802
21.2017889600247
4.94897305034101
13.5278709014057
4.51993227527484
2.53908387385309
8.82281269878149
10.9463235363364
1.97312159121728
17.6896919030696
10.6136205140501
5.68575658835471
0.0414389456504376
0.186727289110422
3.31537933088839
11.7960878182203
22.1589724998921
3.41381309553981
10.6645345437436
13.7003899086267
6.32915678434074
3.59428700880857
4.51358836144209
16.9944299384952
4.0292676538229
12.0903114673199
2.39158091135323
17.1274265740067
4.97013651765883
4.29297847364402
5.5208146572113
7.19036879017949
6.97508878959118
2.45573995634913
10.7063197530806
0.726485624909401
1.5702976134583
11.5374745801091
3.38943270035088
2.48767106154356
8.1873516777577
9.57564008422196
22.344837570563
12.6136487815529
3.8725215010345
3.28418956170843
4.24462826922536
4.32476000860333
18.3930017674488
14.0174276195467
1.8968774471432
4.24607974602306
7.63353263027966
10.2202069945633
1.61407244254749
0.767121347617474
1.76368346437812
10.7949526049197
3.37950382381678
3.65461613982916
17.7260647527874
17.6486845128238
4.24233452789873
6.70503256842494
5.19589278846979
11.7629655627984
7.07397617872696
14.2111713532358
7.04387370522386
0.442926631984079
28.7321485341236
3.51406466215849
8.98376400582492
9.76479253731668
4.5829434165218
20.7083552084961
1.64900258171154
10.1294266879323
2.96896090731025
12.1564275585115
4.86744423396885
10.7891344031551
23.0268109589815
10.5694300960749
9.71686374867589
4.42486695623098
8.92855758004774
23.6713101156056
13.2195605896413
1.96849093772471
28.8916496559978
17.5587490480345
7.44606051529448
13.7714462569131
4.70755037691309
9.39106661826372
16.2534990347922
2.04414762556553
4.15178649127483
8.13334372353239
6.41348617761081
5.97242428921163
3.29351546242833
10.3328141849488
14.5972692257006
7.81372245848367
13.9996895100921
4.87861852161586
5.11201259912415
5.36828073005634
19.5382017921348
19.3947595544159
0.354917254298925
16.2374977883744
13.7263455780665
1.88948250716067
13.3496606458053
21.3026884011924
5.48109302757969
15.0759760002675
3.67599800229073
9.54274823889136
13.2231114897877
12.1067187975473
11.5225956541201
9.29052089340985
8.09205515726749
3.56452129781246
11.9435149244964
29.0308382410611
16.3274532649666
2.42614042945206
5.08812233709271
1.14488253019666
0.102892704308033
3.81774120032787
13.4511028416455
18.5767199787121
25.5800474928304
9.49971486696157
1.86563533516565
15.1991505800661
6.61110092561976
1.25610049637244
2.17034906147192
8.25081550646593
25.2593079116195
15.6100924592465
0.34506573789195
4.28391805918074
3.95856276154518
8.57018968090415
0.234235124662519
9.93925672009976
3.54247101407265
27.9513677116483
18.0667349859143
0.257550552487373
15.7294691477844
14.7838176693767
3.51751599239968
0.248769318755103
10.028013367317
2.71785841323435
5.58014181442559
1.96304307319224
8.19506924599409
12.6648261620303
14.2480323091149
10.0881690916224
14.9796804413199
10.5905352979621
5.01639078920544
22.1512767860803
9.54644154107006
14.0507392119616
2.54369080066681
7.92552465572953
0.839713340591557
16.4623495547417
9.64214359410107
11.3135479856282
12.5755362212658
0.0747573883436417
14.0407736545199
2.32384530827403
12.2456705197692
1.93188683101283
4.22645634971559
12.9940009077568
0.0556753449716972
4.15468406863511
3.14272344112396
4.79789576493204
13.7664639190015
9.8035830279614
17.7208492946589
5.52651933394372
7.13134484915985
7.77138820839111
1.14026118027563
7.79505460523069
1.9946810323745
2.03280776323443
13.269447023049
3.66093330085278
11.7687561213181
22.8431736584753
5.55409884628931
9.96617157943547
8.51763570681214
7.2834326658721
4.69408147037029
9.77248606223946
21.0360989905894
7.34845562838018
0.706278905272484
24.3135412223637
3.73070449630219
5.89230176992714
7.70838205396859
16.1937621422112
12.7090028952807
6.86160018667579
6.77636641784456
4.46776473362381
6.22716569933527
10.3800774596972
13.7644860701912
9.73507892340422
12.5036058074942
15.4357573729232
12.1450238548785
9.89017761312425
8.86913813051445
6.44725196589186
7.91652892677836
9.58058272910286
5.45306815551427
5.34738635525745
6.77316202782094
9.67269739738312
6.44271550700068
21.7750610318035
5.85422019144436
3.72733767144382
9.36783429228391
3.45210475226269
6.83134095743299
17.5951750085902
6.13684306013521
15.6561458017677
18.7017325311899
12.5369975343347
19.1598055560226
17.3034509178251
10.2447576384309
5.24492235854268
0.0250078272074461
5.53576539143398
1.78077854216099
5.75936557725072
15.9964466933161
25.6880429859641
19.4979306310415
7.0525327231735
13.7052761802546
5.06771857544257
14.1225438575287
14.7440638858825
16.8216641526669
10.8077214114045
11.4459871314466
17.3586363690004
5.34061342477798
1.3721817638725
8.45484589226544
7.45692595040324
8.50716321729124
12.9521044976224
23.7896551884713
11.2853660085044
6.65117530503444
6.27551702920271
12.8904665083413
5.06687909438472
7.84322344672182
1.97112974710763
12.7873285372608
7.22644808702171
14.1006530728191
9.49173554439333
12.3471446103027
2.6026098523289
1.82420806959271
6.16782600991428
9.35000815401843
7.55460819029943
12.9104686773074
6.66982769034803
11.2296406645328
0.99722882732749
3.91364186070859
1.08263161339001
1.26167726702988
4.89475068272254
23.2130826782351
18.8875053543597
0.331111252307892
18.8045984134078
3.41671467758715
17.825417034328
10.0591290742159
15.690010227263
1.72488410025835
5.80388307571411
2.62252241180708
8.41643768362701
3.47553579070375
4.3906067032367
1.78965488448739
2.8353844769299
2.46259714687497
10.4147705552451
13.1600541729958
6.56589984860223
4.44365234003383
11.8791092652828
5.73267685249448
3.787232039541
11.7870579473674
8.60078221149652
19.0904582266524
4.7044430204365
17.1677277423441
18.1031972169876
1.21810380369425
5.92916910536587
17.0722032897174
1.09026500527261
12.6115126069635
16.019288636744
10.2404393721372
4.45860964246094
0.404480798169971
4.54536777506179
1.07430571459251
9.27560768674051
8.32807370461524
8.47964743152261
10.159742465185
17.8248628973961
14.1411385964602
6.14955611526966
12.7135894294182
11.4580031085366
16.545664285408
6.54817083850503
13.4136369231751
21.8550780544355
1.64656471851993
10.9879616647959
10.8312733117492
3.53620434179902
5.32053614663432
15.0015295483172
2.14253689602823
26.4615600928664
3.25834075920284
7.84034593605
1.0326141025871
0.224380245170965
4.39974377044583
14.9517394205263
1.26847253345124
12.1975295245647
6.73479131090675
0.308257647792302
6.43243520672052
6.91834694201019
20.4573165457106
8.47881828419685
6.71105938963592
4.66936673037708
6.29165577702224
7.61173986829817
20.369689213112
10.616049123928
1.59856551326811
3.06522673470813
9.93903712369502
12.8141688648611
2.75146281346679
13.8688901439309
6.43953365274648
2.15869043022394
7.98314777202904
15.909931762144
11.7616899777204
17.1083144210154
0.850822549108608
5.01947468146682
11.0332354409682
1.47035978734493
2.61839428948645
17.5720075611025
3.06672784955742
15.778549893523
20.4384529031813
9.27999974228442
18.1279425043613
32.3513022158295
1.31396320648491
4.02919529005885
0.439894152805209
7.80420475706085
11.9464464485645
24.1870005615056
18.106612470001
5.25692492417979
0.251194462180138
18.3517679572105
2.27883653715253
2.5205192156136
6.81150518357754
2.70839004153756
7.06331883557141
21.6487800024056
7.05902398450481
17.1040891121032
5.37900049239397
9.24284430220723
7.33658851866184
7.98557922244072
6.95645551200304
5.34369288943708
7.95415872707963
12.4178137709213
12.1993358712643
13.723639305681
16.7779373005033
13.9065411407501
5.34616867080331
7.22866100259125
0.557719344353589
38.7681253720075
7.06033752051766
5.68974779796855
5.45305532533488
25.1066347118467
5.88301462121308
6.28407304175198
0.160569356075764
0.590013083386687
0.135526247322559
6.97416146285832
14.1147370887693
3.99712936842204
6.32815659046173
7.3407285351236
0.971713808857443
8.88006021268666
3.7993992294916
15.0307162271966
2.14044265449047
10.6951529625803
2.04910137690604
1.55648961663246
11.5233332361181
5.13660572904556
2.36384290111016
16.8250648770481
2.86078732460737
11.1913578478259
5.14855575747788
5.52368279997436
19.8497469071299
3.84918735362589
13.2677066565287
23.0991590302438
2.80619221739471
17.0138784747207
10.684184031561
15.4030622448772
7.62191000394523
6.52104955998607
17.251929606866
2.6634109672159
5.43464321098985
15.843128412962
2.52535408362746
18.8658781349659
1.82926026172936
27.6168883778155
2.0588139558558
1.76600362174213
10.3820121847093
18.2071715127677
13.4027015883476
14.6226143930107
16.264419304207
10.0252989213914
3.63937911806359
3.31594739109278
4.04100682280771
17.5832391007789
10.2137550189086
12.0313583873212
16.6369762271643
0.522096687927842
4.01235199533403
5.22898408575468
2.43424609775857
10.1577001911218
1.59576591104269
21.2265820242465
17.7253083791584
14.9525035172701
0.7812166120857
1.10383625258972
5.07616586871722
0.522700910961348
15.112382452935
20.1535455067479
11.4110669121146
0.393564203288251
7.54075937536568
11.4926976081419
8.56366758501044
3.81536167114973
8.2209384534508
10.6688934317686
3.0396293848753
1.33678554557264
7.10191656835377
9.78788142092526
6.42858976498246
9.64864804409444
8.57746770981689
13.1261385379027
0.156467407941818
0.8615868598098
21.3385642040521
25.1901384908706
9.7962633240968
13.7423079926521
0.758558179263619
14.310949264162
22.6071618963033
1.20119140483439
10.0405150093138
0.46394290155641
9.0343717006074
9.15686160070744
10.552299907431
15.8704962685824
0.889364343422679
4.94945269316744
12.5768435187638
2.29989480171921
11.0596081241965
19.4731879486483
4.86021041870117
14.4213225226849
23.32623133626
19.2239197537861
6.19701724499464
12.7783068455756
18.1219304911792
18.5739437215566
8.78592752851546
2.44979585556818
12.0711605064571
6.66779492228015
11.059982702136
6.31370106711984
9.26265106150094
6.96076946333051
28.910600997689
26.6000436229427
0.448502482696892
14.4500387212399
13.3846508804709
15.1871904159534
3.64395408567575
2.02080416493118
1.4908644836396
8.02440675344934
14.8822391405702
12.2575163016783
11.2423688173945
13.0597587674856
17.3460608242964
8.25516300064613
4.23124268450497
7.09372567944229
0.181825235300056
11.6974648825933
3.94458901137114
9.36469864100218
5.32288812024772
10.0784992678463
11.0282798931167
24.5207880120264
15.6158070079982
7.11865988560021
0.559484341294835
12.7492840401828
4.84261564419262
3.55765126271602
2.49997838287478
3.21700396424775
4.16807616129518
4.79112388566136
16.754187800641
0.865120952948928
2.68997638486326
18.5239398807231
1.58965816048512
9.72709606688248
6.95036708351991
12.100681476295
1.14149530418217
7.80179146677256
5.15370177361905
6.54815940625187
5.70685580123754
15.322553682305
1.35678046330049
10.8487063087523
0.733138620853424
4.06582402065396
4.51881167611046
5.51328698170822
1.13968914374709
27.0044284872711
6.11841371282935
5.10891707223435
8.44453368335962
5.52413380902223
9.82468367008445
1.18959653191268
10.092512906204
4.58430567493912
10.6383552163242
11.4012768492103
2.37635066732764
5.97701822407544
14.4116844050586
17.6159958075553
2.15526013635099
3.33730534237816
16.9525714717905
7.90680621684144
15.1932461960681
26.968509145081
3.73400114476681
10.7610546921594
11.5606378763914
8.64999364130199
7.78183294460177
7.95497835993946
13.6472324375063
0.400609149886966
12.3383451718837
6.33279569471683
8.58822665177286
14.2824838403612
24.9743441329273
27.9244697145258
1.90905067138374
6.31947519267907
16.0014085937291
5.5946561730223
14.8930779360307
0.782114517720692
11.5850808709825
5.15707074664533
2.36367462402785
5.14185280439434
0.742687247366066
1.15806865505874
19.7654902469367
6.35376143436256
0.837172690717561
21.9187588826305
4.86175932084137
6.22469005174935
16.4435639449986
10.7441988307983
4.61123739958247
7.59247200242997
9.46081892741933
0.383858382701874
4.77051893249154
9.48954322375357
3.39386239647865
17.2229778309984
10.3038028986067
10.022763768211
10.844655148685
9.92888873443007
3.72293186066145
10.3411573916674
10.2123285178095
5.22885917306483
4.48875431902707
20.4302277881652
9.47821025978173
1.4302000270527
8.0753777154523
4.04873806983232
8.27867844391508
7.0140605643698
2.8158504050225
14.7720820270479
24.3289418052882
8.81048273295164
10.8471517916769
3.63539298996329
2.54240301437676
14.8502692113798
4.5598813708121
5.41106957196384
26.3413311447948
12.6522795699575
11.7463499307632
20.7170698326081
1.24076618812978
6.76193972840366
1.0522562686001
8.76077162101865
16.219842380257
4.4567028991878
3.60903004184365
11.9482141965912
4.85885408706963
23.9195181522518
3.41134304180741
2.59693206224506
28.5892907995731
22.8257039286356
6.5150280483067
1.59459193737808
10.3822556324303
2.39889491349459
4.94998870417476
0.379589055468705
15.0727509055287
1.97444818913937
8.58515654690564
7.63234090991318
10.754105834728
0.199386071277633
7.11997300386429
13.3469193448366
3.33917923271656
10.4631092163191
12.7164653585082
30.1702126703475
7.99561581477388
7.45657412335277
3.57384998351336
1.45092775476692
27.7185095238864
4.14384498729399
8.44099116511643
16.0781947895885
12.002393277362
12.1986472426327
28.6358841823659
11.5133118654269
7.07076760008931
5.30598796904087
15.4058784246445
4.87140756732209
20.4064128920436
16.0070316000632
5.38202258758247
13.4422298413461
7.03622941979273
17.7098943226504
3.15320408167122
9.2490459792316
10.2186183831316
25.9095182525824
3.99823289295776
2.57005525722491
2.37085488624871
6.04350143112242
8.96797035820782
10.5631538201123
9.29680429399014
6.74297904723167
13.6428846046329
2.11714282631874
8.20098927082003
6.34058429142349
7.08894497955864
2.52752276068763
28.276928976431
10.4779762215912
14.649948803708
21.8589913100004
5.75969154015183
8.27919237732699
21.4699132367969
2.64210843108065
2.81419279053807
6.77770199254155
1.28352380247997
6.76696270328588
25.7441889028996
7.28795474732346
18.1909124366939
8.48814598599466
4.70732734538615
2.94530903542636
6.93534315326335
1.04125969130559
15.4519974105223
13.3014699909836
17.1367696020752
10.9293626155704
0.0521708662006576
2.07374457278255
12.6877391355803
0.424836773012545
4.55119358375669
6.56494763679802
3.75209478661418
3.15181724727154
2.36117586993458
3.11676450073719
1.0752783874371
18.4227133965691
10.8706562978117
2.24127704277635
13.2206641603261
8.60643805935979
9.19133994003269
4.92942598648369
16.4409773424268
1.91622266673574
11.5138241555542
1.12996436655521
2.75509160399936
12.2789262328297
14.5921277612875
1.88306554539237
2.76200189255178
3.787164305877
3.2288946517287
0.86815741254313
4.86341319046915
11.5494070010176
2.76451702229679
7.60521213524044
6.98926188051701
8.61691730096936
21.7309166211635
7.53779038786888
8.45211740595087
2.77907461859286
11.8549257040754
9.53603805974126
2.6143463794142
14.5551597233862
9.08356579020619
4.60374993272126
0.137805067359307
17.3850904397831
15.0521027805875
1.61876995116472
1.11358359001562
11.5310211602977
1.96573650464416
0.685041584074497
1.82388315561375
15.1167468889675
5.16862301155925
7.56211287692343
26.9291312899441
18.9300409767913
6.7539244890213
15.7587412279099
12.7142455428839
11.3500174276658
13.0337757989764
21.5906886297552
11.3699099980295
2.74898540228605
9.62913404218853
8.45451471286476
8.27156866859865
22.4473796319216
6.53461846522987
11.645254718925
4.25991506909521
4.21791966073215
23.8848939812236
18.3683718254027
24.1249079350382
7.18770930543542
5.13678940234312
1.35003714822233
12.8522501809802
10.3760339842833
0.232691317796707
11.8758350877634
11.0402537044138
5.74715891852975
0.209038844332099
13.9825715683401
0.488784000919612
14.5945385564119
1.79907535016259
9.7609487362206
1.47681929884194
0.269442517310381
0.621220516040921
2.15011018780011
0.840284954756498
19.8906718346183
14.0918463468552
8.77632138513517
4.25250590778887
13.5652301566453
9.84011217866423
5.51582011394203
3.3464805688709
24.6302467770875
0.932322256267071
12.700824014198
14.89373059012
29.8761162906885
3.55664980597794
10.1012872964293
4.4405457098037
5.14979911968112
22.5777240290309
11.9663295061198
4.06545502818715
6.39141801085352
5.95404402228923
1.52260330174543
5.38678814277781
16.3749550934881
0.344124115695324
6.18667127564549
26.338311471045
12.0176346506923
5.84407561875387
1.20947384275496
6.75536249764264
18.6876431107521
4.81341136619449
0.592368397688304
3.52424276061356
13.3239589165896
0.802587391808629
5.78839835328991
5.7347194003689
19.8006869438386
6.12318851053715
23.7713819835335
9.90113296369332
12.757704201776
5.15233664253263
28.9850792381912
16.9029140135232
0.860079886652183
3.01026219781287
4.25909990889312
3.43843081509474
11.7271210756555
3.36346682161093
6.62825023755431
6.20144189976906
12.4769024923211
8.13808804377913
13.0689510609955
9.43496348336339
8.52392254581045
6.61795811585753
2.49405116774142
14.5700545050204
11.9488867931068
11.4856501439231
0.391265616131959
13.8665678834989
20.3089540824294
14.0998589868157
21.0277961101383
20.9997798384616
13.8979676645249
6.03901017457247
14.8492302745581
13.1460980202972
2.17455858364701
3.3073010854423
10.9544763341546
4.82347207143903
10.8694573864341
23.6067414375246
0.478125037625432
6.78125363774598
11.6304129126613
3.17452726885676
3.49752148613334
10.5489258654416
14.7055072709918
5.51980538293719
6.29075702290781
6.53756009414792
14.970785472542
8.49419413134456
10.9059432289327
14.276003954723
11.2790797837079
14.0167817032302
8.36194558187829
0.404604198411107
6.4495085272938
2.14227153919637
5.38959531113505
18.6382595064531
5.9210985908364
13.5917921784594
4.30843051228864
0.811904322172999
9.36871397457051
11.4749086089432
15.0700884405524
0.833365435851658
13.2942606694996
6.90129371359944
11.1306964853441
3.70936347171664
0.180200466570966
3.25247850269079
3.97786651737988
0.797181683260985
8.55636947234382
2.15672521848863
4.76669296892772
17.1279215657038
8.68646474555135
24.9028507154435
10.5729830799918
14.5026292651892
23.064848780632
9.16707636788487
4.43693171255291
2.65998798808043
2.33934895896547
2.79181525111198
14.5889079511129
6.5551845356822
7.35620181076229
19.6794068440795
2.96636348890362
8.72903410345316
13.0275367293507
6.0991324018687
8.04780451580882
18.5794276650995
0.972002544378641
17.5143565628127
15.5181138263676
6.76116980612278
14.6609922405332
3.72328725643456
21.7715186532587
18.8423788640648
5.285182950461
11.6440275218338
3.34321300251
7.46315992437303
24.8391051776707
19.9662252105187
14.9839809512194
6.57108179293573
11.053759354424
0.501557985731403
4.80525125749409
5.11836503880796
8.31147257608273
2.2166627459228
4.48984298855066
2.29325622482726
16.0257263574749
5.63670851421741
16.2673585116863
0.874050031508699
14.7892732638866
17.8448326921935
13.6067741322422
3.15582009876247
14.4555968033646
6.63873217999935
15.939227072522
1.67217282053142
19.9393484275788
19.625073258328
11.6125366650522
22.0525183249265
8.93716625869274
2.282119403182
18.1030293926597
5.69228634982579
2.97974301502109
3.67322890770777
4.55606407485902
1.08883007478262
11.1306050440908
4.22416417859495
4.5366900973022
24.8898317571729
12.4379876383509
0.749797513708472
6.49061114527285
10.9363858393675
5.48088075593114
5.39855710230768
0.119711512650567
7.96182979829609
0.669535971540989
27.4264602921903
8.2735420204699
20.1519573107362
11.080066813156
7.10183077252486
4.21504292882762
6.92637621351578
18.0143078323454
13.9210868016355
7.1819017175585
17.3654425451538
0.870793312377783
5.56025910191238
8.96818135387931
5.8243039572747
2.11877948604524
29.1097750421613
24.4621872570465
9.16901072487235
17.0973046584925
1.17753682147832
2.66044931486249
12.1864732354879
7.03070983290672
19.8661349154074
22.0003857277334
29.9646132159978
11.5360612259472
23.2848018873483
9.23969787545502
5.93194449320436
2.73166442268141
2.51140984676533
17.1398890204728
1.2364599853754
7.17760137385223
2.2820184885761
8.54996885173023
23.3064243312678
10.902097960934
23.6990464120631
10.5548078962927
0.592271517962217
14.4347580582869
8.56667822226882
0.596288735657277
3.8289825084023
10.2524037472904
0.770246889442205
16.7856226675212
0.0674810260534286
12.6315658989556
2.62762396596372
0.957521790659837
0.846348889172077
17.2952985988219
13.1070503134506
17.6340508555873
3.23936383602688
7.40995535763915
3.8691034540534
12.7219776070362
4.40038982778788
26.8714798501596
11.7181298788637
17.8856825147393
0.620543817058206
3.89111328954187
27.2836547810584
5.68411655961342
2.36048665829003
4.32422618993906
0.373172803798378
3.55449266621485
10.5086354375178
14.6622287305531
11.7660777608521
11.3783059176058
6.29520862713481
1.2335208710283
20.8463132051382
9.50595051166651
4.1971786066572
2.54047233611345
6.15398551929475
0.529880402609706
6.25697933137417
17.8652352653444
6.77260174416006
7.9947498627007
11.8296245578676
2.42383376971443
2.40781363654845
11.2515600863844
4.53384849242866
14.6141399163753
1.89800662012571
11.5482279478787
9.63882189244032
0.443604588508606
12.1908978788393
4.37074140645564
2.81625124546041
21.0513312369585
16.2145202513784
16.6695382446051
4.84428503550589
4.93745631538332
10.3536710784491
4.9606322982159
7.90380700505926
2.62985562590787
1.08514190651476
9.06994976103306
0.492462003603578
6.91924341954291
13.8852702019769
5.83731718361378
9.57475095055997
12.7067298183919
2.00812551601673
10.7383490540087
5.0987096503377
1.92481943563484
4.43379763256587
15.6616361811757
3.78695698954447
23.3539887238294
3.51571006799313
11.2896567432621
15.5330106329475
2.01188125647604
10.8631026931107
4.89633013494313
16.8630155269057
10.2091833435689
3.23784028853691
28.9964191626399
20.6200860435411
5.73067404329777
17.2197600704248
10.0597515236586
1.21967145241797
11.6370572026142
21.6749114450067
0.835620425641537
3.49108162336051
6.15430135150926
2.02016437189632
25.2495688296909
14.4301901593773
3.4408873022197
13.153493093615
0.906487926840782
5.65413129515946
10.100446594879
15.8231182489544
16.7698585893959
2.46636478150139
13.5166879743338
4.13774744050727
28.370811062441
4.49073920026422
8.219064927832
14.7977216543402
6.13058654823286
19.3199820665304
5.38956425152719
0.205701077356935
18.665903666988
18.5240720864385
17.2702841926366
16.1910588853061
22.6890565827489
2.04488742165267
7.89118930697441
1.14330057986081
8.26513585873455
9.14991335654252
2.29929796436831
11.0213877633214
5.07804611697793
2.77885985828723
22.126182122156
7.36152793431788
7.36928877264902
4.35243205629604
11.0125412976606
4.85818721354008
3.84304294867222
21.4939062017947
19.0220425619685
3.30192241817713
10.3238243144006
0.399926770478487
1.06099243275821
5.22469582020132
0.557159432097569
21.4202508161324
3.02739366889
14.6415978204459
13.6873109731823
15.7009181566536
6.36337539181113
1.87985059293346
13.0979069950484
6.18863157085164
4.95976158417761
15.440059453249
3.91161078587174
20.2594896778464
10.4395197130587
8.54885187000036
11.4460897631943
8.86862953193486
12.1282971929759
1.84586488408076
4.61083622650182
16.7236784938723
10.3306109085679
6.02160058915615
3.60870274014658
3.26739815063775
27.9992869609013
9.60309189898196
7.96636352221409
16.4894095156342
6.48251903040811
9.60507626778278
8.35542897693813
7.37937786086564
12.2788512922728
11.7009260226041
0.0122445260758935
10.88253865778
7.96128525398672
4.02056237577113
2.89437656396155
10.0048615103516
8.75813719610263
1.70003169105578
0.259992191364479
8.57606707140803
13.7326921802014
26.1886439751834
6.12511446865644
1.3990868259088
1.9743819344361
22.4241155199707
6.12334846518934
12.5635677017272
0.107906440391801
10.7396211475134
1.36238089308651
2.5076862424612
10.0773449055851
2.8296216391027
11.6237711887442
2.63223322108388
1.2246868430907
7.39492652125111
21.5825542341918
0.763064574005093
5.27573055587709
0.966124304897135
1.80886802263558
6.28535808064044
0.310585123025445
0.407249666750431
17.2476711331506
14.3332252744585
6.36530453339219
6.65118349716067
23.7758058893798
4.58177402615547
16.3492356915177
3.04305650750502
15.7393690917213
1.49660329020419
3.56345931068063
14.5146126913059
2.06399947862073
15.3955956920981
15.1185741648078
3.45374307740774
9.29352746110761
8.97743059322238
14.619065169245
0.751251541078091
6.96036797016859
26.4396764338017
3.57098765671253
4.74127362386978
13.950003040327
0.260492414236069
4.70945179335915
8.81906455483178
0.72586212130995
22.5668615661561
21.4146526064724
17.2913071542235
25.4855155944824
3.28016169369221
9.66415966344776
0.104532119352496
2.57664157736108
17.4326537642628
3.31790867718598
10.8317157027898
11.9631465403471
9.75706300850324
4.49626203064659
10.7198883434397
7.95242288149893
8.81854598410428
16.3238345179707
0.252676778128921
5.52408597432077
9.25919969483097
13.6636907123417
16.2451738506901
7.60214439224195
3.24175346097173
9.5549855367785
0.667770346626639
10.4906009016342
11.7966942023486
16.4582828074804
10.185966964519
22.3435143940151
9.5441870445428
9.33739133179188
2.4087839294225
11.0219343446111
15.9865795634687
9.96833578102998
20.2458106512452
3.85231701657176
22.0606871500404
16.9807092332959
15.0854967196067
7.08776294078053
3.79642862826586
4.96623421275224
15.9787004336902
2.4672131065068
11.033088946715
23.8234074786305
9.47962608188391
13.942013146982
18.8280022703111
8.71086562983692
16.7581863701344
8.70587462559342
4.11154651083052
16.3353831041604
5.82608301192522
13.4351666085422
12.7426663761931
3.58748433472924
5.6875399419676
5.1751353777945
26.8064995910798
14.2650064546615
21.3081260871153
15.7439025584608
0.0309263162668399
6.67422216433056
21.0212511941791
8.8927845004946
11.2334128003567
2.28406586243392
7.37859685905278
3.61756823271476
10.8949024230242
24.8210350517184
20.6876026757684
1.51989174419889
16.3796648383141
22.9490515786778
15.4857013395862
3.41597395017743
1.66078698043598
11.1068582864053
6.6751838196069
5.34256998660979
1.11576556228101
11.8615550012778
10.3146803565323
8.47634722392475
9.51718352735043
0.153071931817453
15.9774419625479
3.41886069233273
11.3329077605158
14.9222750346113
7.64574757777154
2.30986583046615
17.3810943495482
13.9554554146845
30.7207491714507
8.17256839945912
13.2572645321488
14.2273011586334
7.96242523938417
18.1526858359575
20.2092220075428
4.56426688751133
10.7548239640892
1.12574132275223
5.66926306901028
6.76587065328795
5.66341485828161
5.82482742859356
14.3766369204968
2.38183196634054
13.7602433096617
8.69848723523319
5.06253186613321
1.25669591352738
0.948179000988603
11.0833663493395
9.96285509318113
0.71716234087944
5.00426851212978
6.97291850422873
11.1642626876774
0.616487534716725
12.3398626223207
10.134150066022
8.58610961586237
18.4668846428394
14.0123804099858
0.478512281551957
1.33582656271756
0.657329645508619
0.775746423604178
14.896558271721
6.81329984217882
15.8376752818003
7.87251815149723
12.2615129267642
12.3598054517061
2.69994265399873
19.7512564909841
17.8544848926289
14.7138077300042
3.52534335106611
14.6679382087946
9.73977339453995
11.5842067170888
9.685188671574
1.54560771654874
2.90643619373441
5.59694276920591
10.7696736697108
15.0905770833165
13.6599925812334
1.23791157873291
9.09485127776861
9.35079273767769
12.4241469895439
2.98842187039554
14.4871852053034
19.3439514841884
10.3657167125367
1.13300364464521
3.68267256527774
5.30135220420246
2.22105833623122
13.0443118014116
8.6746233152305
1.59586012395185
12.5170774151541
2.1944404579699
21.1330396332151
0.0352930743247271
1.6837009223014
7.06994612701237
19.1030537243932
11.6367793641984
10.5917333139447
5.31152994371951
0.821018042400429
2.68543042746125
6.15544714964926
19.4336740300059
12.5448431819677
2.56580635905266
17.8510959016109
22.3225944209844
13.5631026700139
1.95761434733868
7.23390439525247
6.9835639219343
4.18550595153283
31.6142295487225
15.5786105268114
20.6690927501768
1.88957528791699
11.453243996948
4.474729713507
23.1550427876881
7.83659042790532
9.08415387790145
2.77656558013458
14.216723071127
5.0415026023984
10.3971592150629
4.23461045327657
0.593791756808956
16.7916579172015
12.8827955458202
3.03128314757643
1.84196652844548
