"x"
11.0460959044167
10.0336840376258
24.0955989575014
17.5629856064916
12.6091925595227
9.99911690646811
17.495438316837
12.2280987678096
12.8600292639878
24.3502680677921
15.0225827703252
12.6970682991669
22.312699095346
20.0869444651708
6.29102496895939
13.7532490843845
3.11855338220028
16.2420480279252
16.8379856506363
3.34207064006478
10.7061604736373
18.2922062966291
16.6256753494963
19.5677892770618
5.05515306722373
14.1694237012416
21.6880651423708
9.86009060776386
9.83624686487019
5.83073220798701
14.1470605792938
12.5311380019411
16.0532756941393
6.77159938486781
8.09411545813623
16.5782733121887
19.1533681703731
20.1968250796199
14.9539802456275
11.2261119714536
10.0205881753936
15.5892149079591
4.88569348790806
15.0433134218197
17.9397487780079
14.9216627702117
16.6900722714437
2.98624865245074
5.68124619833715
12.7362323236576
9.66155741257414
11.8041248759255
11.8947277544066
27.1553072612733
11.8844148470089
12.9676325246692
20.0135984923691
19.9677980039269
27.4080478120595
4.99609927646816
10.1452754577622
20.8342064870521
14.1742209438235
18.5404507443309
6.29130284617439
14.3043898511678
7.87113919770812
5.54317573185839
16.8437683228992
16.1268271971494
21.4624788379297
13.6783909912367
4.58110518265723
9.44916756716502
15.4290820000451
14.1979879233986
9.4799689868806
14.3626202859402
15.157406241633
11.1054609762505
9.78892662989377
17.2248965964292
15.0878507876769
11.1349072775941
12.3978594205985
11.7170196492225
11.8700116952814
11.4365197558803
4.6672937363275
29.0691433241591
12.7895563840866
15.5388206942007
16.5535923033973
13.2720469771055
23.8390429411083
20.7908919461341
11.9205625494942
8.76956402014843
13.8744458234421
12.3533507809043
16.3177086081532
8.99267140775919
6.96324901129372
10.5036282213405
2.91260542461237
11.2014113665893
17.1378854196519
1.87125091906637
22.5633952068165
12.8108239928855
21.7072213301435
8.89256133232266
17.4080376513302
16.1635746015236
25.408120197244
6.39308190438896
6.66407067328691
5.61491752775057
3.45442332327366
6.04478460736573
15.5399755321377
13.0106034455821
18.9972954779638
9.91867468692362
18.2648540008813
13.0613123066723
20.6611165544018
11.3666236167774
13.2214404409751
22.0048687420785
1.57199592795223
10.2628595771374
10.2943400619552
2.60191425490928
17.8787445649505
12.1614058502018
10.9975106315687
7.52033665776253
2.8634000728171
10.3773633683919
11.4038489709592
8.98906853981316
23.156086425297
1.11085260286927
15.8330647274852
23.4053097837727
17.4820871092379
19.0005963901058
20.3198730712757
10.0489180546752
16.037717089057
0.855232031614611
16.5805802226125
14.9521595565602
11.355158238466
11.4555222360015
12.1288907677181
15.7380704435581
15.2184693841264
1.60367733437933
18.3002806035802
15.4999307024821
16.8555269250646
11.1113622926354
11.2205084646121
14.6440466400236
14.7657298715785
23.4986725496128
4.85985896147298
25.0509423203766
5.2141441434982
2.08615328480808
11.7845530854538
7.19504698645324
8.90558790415525
3.80622102780058
13.5932239703834
19.7101808153093
11.6157410861012
14.3152276519686
14.629257330671
15.9301665145904
19.6520015131682
19.7776231449097
16.4916409179568
5.21026889675086
5.40906904843401
6.89645535563998
13.6210256023332
22.6977079873905
21.5866734273732
8.58628854621202
8.39285559486598
19.3065343424678
6.84105998370796
18.8828781945631
13.2075037341565
9.25307502038777
13.6254311073571
14.0214479345712
26.1659845244139
9.60394003839358
21.9665844459087
10.4599185986444
18.1861834879568
10.3502424107066
18.8593794981418
12.3433385981083
21.1291134357452
19.8827519314364
18.7098982251683
17.2417909605429
20.867239846848
9.44655446308933
7.96981935855001
9.82196584809572
7.96243767254055
17.3006397904828
21.1062349844724
5.82365328446031
10.4749107034877
11.8055574828759
14.28043254532
17.9366581972799
15.7528032548726
1.10023680628336
14.0660867560655
2.96072121982194
27.1456316579133
9.90203029941767
17.7579885115847
9.52245218213648
10.5289280414581
8.30524379853159
18.5903841629624
12.7182371094495
20.3001380432397
23.0042991461232
5.92647774440917
10.4744962506702
17.3756916232866
8.06351665842337
9.26500873203676
21.6566140763462
10.352592729032
9.64066495653242
16.050046402961
17.4352524802089
16.98420474708
20.6931475645955
11.6158692166209
20.7706376444548
13.4552454531337
7.09845235228359
13.629904971458
7.66749957110733
14.9972195257029
28.7053351290524
27.8113872744143
22.1949862861555
32.4381838086993
20.8357192343101
17.046862897008
5.59575441293418
12.800379976719
7.39730806089938
25.0327706569806
21.2111078211062
22.5389244691506
8.36100103333592
20.0777591904625
17.63662006706
7.96829746104777
17.9761467539317
9.34363842990428
17.8821679903194
19.8314953273559
24.542677635327
8.84731884580106
22.7030772250146
3.87961773667485
18.1550665507292
17.8931504699315
17.704088287428
22.8743950137869
14.6252295756815
13.1492033110342
7.61970114515616
5.32288742251694
12.0874595595524
8.33136522857427
20.1330342562869
16.9326945906505
16.5490680141374
13.7601621681824
13.8276508776471
14.9974917760119
20.0415514409542
12.9493619780988
20.9363949032526
7.30180011596531
6.02643619530603
6.69173947535455
10.503433872994
16.703708586283
11.7427571103695
22.5611074539094
6.58758463507481
15.5787060027124
8.5597608005628
14.1702607972547
2.27172786835581
12.8571804845706
8.16006739623845
32.2661371668801
14.7413558601238
12.0914950268343
16.7626082312319
16.7874961392954
16.3252217756065
6.80515571845309
9.2508761677891
7.36946865337783
15.4686958296224
10.2132610743865
16.190409868058
8.39530249090176
15.6291668238722
4.65209139510989
15.2914430714049
4.37071666770746
7.93896302800412
19.7373453003984
18.3413417360507
8.35421462543309
17.6995400572196
13.8623531674966
13.9016483213555
14.8961074650288
7.69926907611632
17.9345122771338
3.11365928500891
5.52940063644201
14.8035057574238
19.8338438523933
7.18522593379021
1.46376502234489
11.5423562703654
16.0860305408103
21.6022971086204
10.7878330114315
22.4285796733402
14.5740452222526
16.5578328305855
9.0560122160241
13.6857354780659
12.1981024043635
10.5125029105693
11.9633177993819
17.7360678240387
14.1119012841955
13.3816252867025
5.97785303834826
21.0768992081285
17.186921229586
15.8270822139457
13.1733815418556
9.54644496245123
7.6404765015468
14.0106580918655
24.606274580583
16.0452777515394
16.0233849892393
12.4917254083647
11.761383805424
4.71289469533844
17.0334734255448
9.14901329670101
21.1778498658498
1.77484054536427
15.7615465577692
30.7141213677824
11.2757429785712
21.9323711004108
17.3462468296203
9.5651352980258
16.3498771117247
11.7451915517449
22.9455005843192
19.4015169050545
8.61546788364649
18.7670031795278
14.7359325084835
6.94493965942318
15.2475780807436
11.0654991818592
12.0695884106681
4.43500538822263
13.1114312306516
2.60520421434194
24.4798496365547
6.77247220825347
9.67340619620505
20.4429879627608
6.9024070398882
6.74156168359736
22.0003699187913
24.657231740868
12.1534894220531
11.1690283520147
16.6963388444856
7.17124870015886
6.12578442996053
8.41126527558668
15.5592639232054
3.57315958469473
8.817788468418
15.031304769218
17.6794886123389
11.5656426569893
20.998926341038
12.287709210068
17.853313109925
19.0497843308808
11.7180143017322
8.42330686282367
20.8578124833857
18.1021008640528
8.27374889049679
11.2780701834708
25.7759300859296
17.3747801221907
12.406345002679
0.683247088454664
20.2264808885796
17.7977234823629
14.247120969597
11.0709152650088
15.9481521316268
12.1108411578462
4.37930033076555
19.5729709730673
2.75080529972911
12.9184381311276
11.0969743680887
18.6178435571492
10.5095879855401
15.209824219346
13.0846990272403
12.3779011163212
21.0120330331847
14.6606057882309
15.8570852130651
13.6253172531724
13.7370008564509
16.1484607029706
9.16580341266972
15.3967913354135
8.89033791609108
6.80738505907357
34.7474738182913
13.1771313725039
7.89282999467105
14.7077686851844
15.0363949127495
9.5863678259775
12.3384905047715
10.2006783548335
16.3013655175851
4.42212340392893
23.5939576756209
19.3071160465479
13.2650659312556
17.1563417444722
2.19281418913777
1.21871118300812
7.78499675199068
28.790258965455
16.714354720898
5.34278836566955
12.221231779729
21.0385684855282
16.7116532800719
4.02065420057625
9.30147683247924
13.4763441747644
15.4773321701214
7.99718720511516
16.6247119001438
11.2743214238435
19.0966222900897
18.2279562684193
10.6042666593567
14.4947689957917
9.58020693395564
14.2798897111788
10.4227720294148
17.5330680641487
14.1905169617168
8.63644159398973
9.61609269554351
13.86738284491
10.7245312706562
20.2248355834942
22.6066160015762
18.0776140258547
13.1272414699197
21.8849485740066
6.40180285554379
11.9120221810422
17.354082962545
15.3238191656649
2.38374525215477
13.4060591459274
15.8615176122182
7.68872980998923
18.478330852417
17.1900203924343
14.7996343672276
9.6721806563437
15.2501589029059
12.3115749796852
18.8323399757838
10.8847945825725
22.1886047627777
20.414500421516
12.5312424497679
7.12342166807503
21.1907579784866
14.1636670799926
10.5801822550298
11.241897207436
9.25107690826319
13.4443146486644
0.328260962851346
20.9494184875039
11.5349513024604
14.475967688486
10.9341009752825
9.40268025256034
15.5314364237711
15.3969273436815
15.5330764864657
12.0730768245319
4.27000436711351
11.9266631547362
20.788737013936
7.7643804019317
13.2712499244019
8.70422457810491
28.0373296467587
18.7089591447996
11.5129530319382
16.7434824397787
6.16776780225337
2.17260231729597
8.95413645507197
4.68175529967993
13.8891210546717
19.5869872579351
22.6132194511592
13.0255789728835
18.0057308869436
28.3308442548008
7.42158268112689
16.6232731193304
7.63190055731684
23.8197296776586
15.7685052429151
15.4563454678282
8.64822406723946
20.230312811281
19.0463044957373
11.5916739683598
9.84927942252679
11.8311339989305
19.3563187564732
24.162490433082
14.5211222581565
17.0360104879364
5.84779917082056
5.49785664946771
3.89337327796966
11.4885398230921
22.8517270414159
5.1109345816306
14.2374219188337
8.2240933785215
13.0004544960561
24.1203095531091
18.1517642689869
15.4530739109883
13.2826517981869
11.7319755256176
4.6338435462514
23.3223611023277
3.94466239959002
20.1405392956892
12.9667096072808
4.93267740307854
17.2497399955415
20.3255726723
18.8554813749426
24.1234066044313
8.99472373502878
3.32301609724257
5.47430306264031
19.5357986349819
6.60483676474541
20.5856696935371
21.249936672528
26.8647539796321
9.59605651441962
3.02382857934498
9.93968930561095
11.7871755268425
12.1049359997408
19.3212176440284
18.0860191350803
5.51674331072718
16.24641478993
13.9920083573088
13.4507694554272
4.06340676670685
13.5112558491528
4.93285113500441
17.5524307880551
13.6905395425856
2.73024727691807
14.0411192085594
11.7175745345716
10.0350127385364
2.71854863059383
13.4297800716013
5.96009634874559
0.429117735853741
22.6162441540509
20.55170731619
10.5959154898301
7.51622677780688
5.63364548142999
6.01420525792327
12.4277445953339
21.5056717162952
11.0904143890366
5.79333677887917
19.23470152542
7.81905481014423
11.3642768468708
2.67323890858559
5.59226925936064
5.49251687405556
17.8884945809841
26.3287372188643
22.0527009340003
15.2629270683974
8.39371527667257
17.7995866530631
21.0692794760689
13.5914657264948
20.3032240271568
17.6872370531783
22.7518540807068
3.87393089476973
9.6063815973224
11.087436391972
12.5204367097467
7.81503587495536
12.6059575937688
12.3541519701244
7.8866177439875
12.6444060821086
6.51549405883998
9.00251641869545
11.6777713883768
23.2516375603154
14.9413750506938
21.0918797180057
18.9358762232587
16.0042864037678
14.4213793100789
24.3147016037256
16.0935384712909
14.0429917257279
16.7490957445225
2.32366127893329
15.6426859274036
3.61057082233413
25.0117355026305
16.301728785038
15.4666878932929
19.2161877712547
11.3614551257342
6.34111042600125
1.02778470609337
4.54579445067793
12.4486406734711
9.86447194456817
12.3414475703612
13.8416112400591
18.520788429305
1.58667062497311
9.56092304550111
13.8067770749331
26.2422940665436
20.7297628745437
18.0815409170464
20.5587873468176
19.6821576682851
11.5368154831231
7.82987161161076
30.2661595400423
14.3302245298401
1.51377280708402
18.341660787914
14.3616985762492
16.5466350968927
15.065579675138
1.51032891590148
17.0336867682636
22.7822906604569
21.2947166524827
12.4135887715966
21.5574132511392
20.7372734788805
14.2109996894899
17.2603359403982
14.9684989109352
9.31287981779979
16.8976798420772
14.715812751092
6.65231704575227
18.7499180436134
7.52889318391681
24.7356886742637
15.9360273942383
18.2156297611073
16.3552657002583
14.7415662508579
13.6111070867628
9.66712727677077
20.062103914097
12.5332286178822
13.2004307582974
17.4782920421281
7.63840889558196
21.8537796055898
19.042749769465
16.2663366878405
16.4314180845395
12.6117162872106
14.2190175829455
6.80116340517998
12.6054713735357
13.0204416238559
10.2815192192793
13.3623263487446
11.9073828449473
16.5117516880855
19.0194841008633
16.3996363990009
3.84236660320312
19.111330999948
10.8035178573122
12.1391245396808
9.64484287620887
1.05343055911362
7.53475033260883
12.4223956619887
15.0302167283371
25.395646947436
21.7826932901517
7.72528578527272
4.14789407514036
2.4934340230737
8.80457230377942
19.0405571805706
11.973641764261
11.293626925908
22.2604423295707
11.0014289850369
12.5112742884085
0.82061005883462
6.98148258961737
15.6826350139454
13.1367444060743
23.4404075890779
4.06118228565902
10.3430788858148
1.5119508607313
23.6023341771215
18.6412955949144
9.80950742381151
23.7650722498074
17.2135754721239
14.1084279973393
19.3367209237514
14.7215112764239
2.85642214585096
16.0753296688199
20.5015672049997
6.0855241662614
16.5903607616201
6.22522344418615
8.55390981305391
16.0383102949709
8.21363074973518
11.6133650299162
16.6629118379205
16.9054090476714
6.69623259454966
15.358098805882
6.6237809919046
14.2584183719009
23.6362035619095
21.0078378207982
16.2748666247353
1.09422144014388
14.9287272710353
16.0131397191435
18.9666912890971
20.8340711644053
9.91899066139013
14.019543514587
22.408093031959
10.7468476489341
19.7840227046981
13.2097875699401
18.851221119985
17.9715168196708
20.7643328696129
21.5136117767543
23.0296172667295
10.5077200336382
21.4186703553423
18.2748154038563
9.47790394126627
12.4325984157622
18.4589247684926
10.3559416020289
13.4427652694285
9.94217682164162
21.9373980537057
16.9413239959
10.4253160068765
22.3694924963638
13.8277692021802
15.8824226586148
10.7082647038624
19.4928612615575
12.8898518297786
5.43224022258073
18.679854972288
12.3390610082325
4.57134831231087
22.9807682801038
10.6416201684624
18.1229599305827
12.711175467479
11.6909650330246
14.0968356281519
14.3291294341907
4.55981877166778
21.5076023014262
11.7844043532386
14.8118704790249
2.13318244451681
10.2072601905093
18.3044271543622
6.13639968464061
15.7322267070413
16.3344460451783
16.6180782051754
17.7429783390835
15.90517574316
18.356241681613
3.82922291755676
13.8879603939131
7.05917328596115
9.39814283046871
11.6323229158297
8.73925387859344
9.95529065176055
9.77060734294355
15.9956085443783
7.12371300905943
11.9681953685358
15.1678279000185
8.59893267042935
21.1336314433951
17.5532860948309
17.3331624828279
22.7409664308652
8.51651697885245
14.3294577420304
19.3718119243155
12.8058989873164
4.23443899489939
7.67086751321191
9.26908839823965
10.7785561820492
5.57527453285781
12.0947413612157
23.4583579469472
5.26903120335191
10.4827776784077
28.7952602375299
18.3534074341878
19.6710046613589
11.2856395775452
11.7376533053572
15.2458009267112
15.6658868305385
8.27837479300797
17.4270360264927
15.2813448337838
7.14246810631986
23.2167762005702
11.2392029020426
16.2365413270891
10.1047325180843
13.7002237605141
9.37323152914726
12.3572284821421
2.432815823704
12.9210692539395
25.8321324849872
20.1740321239212
11.6946787244125
9.29825105704367
15.6200688797981
19.9716690229252
12.3482740937611
14.6808242890984
18.2525634631223
4.56841322223124
8.17023827694356
21.5217107906938
17.7323338342831
12.3240628916513
14.5219032652676
20.3225492613645
15.1265668449923
15.9297124715522
21.0376440081745
25.1031006453559
12.6692800782621
10.7798994053155
16.8646448806943
1.00895459070483
22.0403146464378
12.1400070609525
14.6707067964599
6.49741175584495
27.0584160229191
15.8119957665262
9.94186534080654
17.6310795824975
15.3923986246809
10.1953393782815
11.8929628930828
13.0038743373007
13.0710771775342
15.2151570189744
11.5816422970966
24.2339825048565
18.5867706328757
17.3994207987562
16.2035410758108
17.3001305665821
22.4909700921224
16.968346433714
9.77543361950666
10.9958227723837
4.33039243798703
17.0211162883788
13.2299965480343
9.0327252254742
23.7863665633471
7.87814718693477
9.33796390784964
11.3399250310381
8.35467584892291
14.262176289412
18.7943365729154
17.4595361112528
5.27425764118178
18.5394899221137
8.24374663643539
4.88917706534266
10.47766180709
17.1818613307551
7.72395788226277
19.8394583338093
7.64490745275126
11.7453404226073
8.5632316978218
0.49515797290951
21.5831995010376
15.7234599115327
3.74874705448747
15.2483114274219
8.92964128870517
13.5521557923194
3.71164207745619
11.9502159999683
14.6305758971721
5.34181320775854
12.2302627423778
19.0417020348832
16.7770624626428
28.1956961145625
20.9049114491791
17.4588867024436
2.29818862862885
14.81862288804
7.55036873591279
5.23982461094913
5.44031385171349
3.53051695034713
3.55681287101301
6.05128198292975
22.6934924256057
9.17020393825804
22.5185721646994
13.611087622121
9.50191931333393
20.6926348619163
5.93596161127718
12.5446678139269
13.2751196622849
13.2467415882275
20.1817995868623
18.7701855087653
19.3985003046691
1.69406498316675
15.5116610694677
20.4289408633485
2.86129270680249
0.219020317308605
7.33543888200074
16.4399690926075
17.3929655151265
17.5372009398416
24.6957569615915
16.6386747267097
10.24090340361
18.1244034785777
25.3741197520867
27.4527446366847
7.8238464060556
0.943551980890334
11.0764582874253
16.326874634251
8.55188434019522
10.6810427969322
24.7887085280134
10.0411915915417
17.1084700385109
19.5871114265174
24.4288571945682
9.67897933563467
17.6560060819611
13.0900140300774
20.6730889389291
12.1206234209239
15.3703823685646
0.418421255648082
17.1160575002432
26.0815880569534
15.9462328534573
8.2841221941635
13.7089226866906
19.2355983890593
10.4327790273052
1.01294498890638
15.0665963564164
4.10051239592877
3.58027934562415
11.541855859461
14.0078508993611
11.9792232988402
16.1595658666716
14.2762677883991
3.43234452884644
19.4585727062076
22.0340004656464
8.46061056509949
10.1245291583135
21.8111495487392
12.1443971060216
19.8660625015521
13.1763882743691
22.8071852354333
22.7363595739007
17.0340605809007
15.024964869313
18.9530166098848
20.2495672740042
26.7815715692686
22.2356901038438
0.963807860390544
13.7788774445653
20.9331889171153
13.7959406590076
19.6334945270792
10.1049354067072
21.1137658450752
25.3049511928111
9.18157361447811
7.99417807720602
15.455187135376
23.94451466389
19.4817440118641
15.9497883636504
9.28468936379666
21.1630395217682
14.2232175142679
20.1381750164007
17.430308720538
12.8663987619802
4.42095715676155
19.173917081207
18.8936833525077
6.14511012099683
5.77307944994696
4.73399311033601
11.188633952327
11.1008241539821
12.8480273066089
10.6895625360531
7.23398469457775
9.51639606906833
8.56689936481416
10.6759523785945
11.041816114448
17.4123241333291
15.3485639719293
18.9002664759755
12.5465899705887
1.05272696819156
0.549212330952287
12.0493712136522
14.3664301875349
9.00934028904885
16.6471641976386
13.9796359697357
1.22375395994078
15.5211642384529
16.4077337831259
8.83448446154287
17.2568334870202
16.6982767637819
8.91407097224146
12.6432671444491
18.6239989008754
9.18029309250414
21.4989123633131
13.3183127501979
11.6192579036579
22.3040226148441
17.3468011897057
14.1307188201593
3.59675451859079
5.14273694093189
14.1433444187015
21.6598151670698
1.60471415147185
9.32128735365693
4.76308339565587
7.94766234150676
11.6869654040784
20.8376740571111
14.8801326751709
19.3789921235293
29.55698503647
18.5550478752702
10.4877998586744
10.5375144863501
15.362137150007
8.46678849775344
1.95739826286771
13.7752515962347
10.4242200953313
14.3842089751761
12.2484646585389
16.4834955947196
3.31516501028091
15.0153267659364
20.6178397638723
15.4117830796167
21.0309798829257
5.86964478716254
3.49643945228308
17.1919899061322
12.8336134832352
2.55786711350083
15.3499457519501
15.3582134284079
7.47817978262901
14.5776347955689
15.8568521495908
15.8563216682523
19.3721247870293
13.4019146338159
7.17526741791517
13.0373246734962
4.79909230489284
8.05217727326046
16.6337772933622
5.63227744634672
10.6895838165656
7.16329007409513
5.48171917907894
7.65774429737273
15.3696968685836
12.4352575052867
8.93560426775366
17.3869009595364
9.26366271451116
14.9521279248135
31.0870458139107
13.8846212765202
20.9543496370316
14.583489834331
13.3365121902898
19.1783207959604
21.3699271669611
17.1938723834729
3.24145525228232
21.2894011754543
9.32399851735681
10.1172831087395
12.0857492734021
14.4453675486147
15.28336009942
2.18023085035384
13.4498337283731
6.94014588480211
3.93911246210337
22.3818338476121
17.164721279875
3.15862691495568
9.86565046478063
14.5881358534098
8.34588929826976
11.8211122229695
12.5092867994681
17.9785394109786
7.71372972922076
0.209503829700138
13.2525936700404
13.0943527678028
18.6038948595524
17.6596390316263
18.0492549901828
6.55560136217491
7.03373384500177
11.3342807042862
19.6092533878982
21.1182998726144
2.6496478356421
19.1959333606064
17.9748363810825
23.3494128100574
12.0171703345989
14.4908556481823
6.26090050209314
17.8560367086902
11.4338874351233
15.3598631964996
30.7401302270591
17.416163705985
16.4565903134644
4.92132546209228
23.6095373285934
4.2022495996207
14.4862796878442
14.4101508070989
14.253645692952
16.2020924966782
2.07791631110013
10.059180133976
17.8418443072587
8.9885892579332
4.44695672485977
16.7757497401908
19.8335484304133
15.8680476481095
22.8450141381472
25.6998823722824
2.490278868936
18.6131656402722
20.6935221251406
12.1958939264834
9.31919766589999
17.5359159708023
10.8632913324982
13.3325893897563
23.5397978918627
10.4394025867805
19.8369683464989
3.24125928926379
3.14877829918889
4.25338393542916
21.9594104913995
4.40636373954303
10.4970794403926
6.18169045994369
15.7021709019318
2.57145322227354
11.1883365316316
10.0052527384833
15.2253279229626
5.31398074235767
7.03959785024653
23.010585270822
13.3232924155891
17.917469330132
15.4350861208513
12.1996878347351
14.1350739559621
10.5306037870933
9.17332973331213
12.7991601413622
0.29193451628089
18.8992850016803
21.0652780719101
4.61466661654413
11.1302446341142
16.4840578101575
16.7268524877727
13.337255056597
22.9771052904043
13.2390151498839
1.77800711244345
10.0530271418393
1.02012403651062
9.42453334573656
13.0069868871942
11.2353507196531
15.5702109215781
7.83349418451719
13.7769181514159
21.9439687905833
19.6039626102789
22.6906466064975
14.26867316477
11.2701975973323
5.27640217915177
10.7037334470078
18.718895339407
14.0208483207971
7.58308028691326
5.77542646788061
12.2371315723285
0.0253972109811775
8.37661095429212
12.5208309385926
16.6049763094634
13.2317679926415
10.9032009961084
12.7521244576201
11.9002424947862
21.8894288409501
18.8349546398968
5.92984715476632
3.41970057685535
14.0024963067845
17.8912524133921
21.1313475621864
7.61794939799764
17.9850445128977
8.0437567550689
22.8647479321808
20.8969045896083
12.9862347921066
3.86377803515643
6.74071481917053
14.0396785059126
18.1522627853463
3.28016793794598
8.89729438349605
6.65389937348664
10.0219944491982
14.7145839175209
2.09489834314526
12.458757427521
23.3955305768177
12.6825209939852
15.8246170030907
12.3623492196202
15.7304620987678
24.1908754687756
19.7216759668663
22.099352045916
15.7303877640516
3.23756586794541
15.9545700764284
15.1818152749911
10.4474495630711
16.7457328415359
8.56120879761875
15.2057350846007
23.2416219543666
21.8412142014131
20.4154180698365
18.8203838653862
13.9820698142937
16.6568123269826
12.4529686989263
21.650787582621
12.6292862988509
4.99303523095178
12.4409568030387
20.6140857559695
11.0023538814858
23.5183051321656
21.8350417912006
10.9056101646274
2.13716099438142
17.439386621164
8.64181371422393
9.60768804042476
8.26654392294586
18.6924106208608
11.1951797565319
8.4680987522006
6.97374555857196
10.5385949150405
13.4506098931838
17.5206081363064
26.2478510849178
5.79923770856112
14.7518387529999
21.8561820220202
4.67989917378873
6.35103357490152
21.3470082039548
10.1546693799795
17.6357848906429
25.2093077637255
18.2605798356235
18.9062159388731
17.9575689204709
13.0416230531409
23.9963460946456
18.5856753955061
15.930671710521
17.0281481929123
23.8887073006481
13.2730701556688
15.6884742667899
13.4922976139933
17.5624855593893
15.9509134944528
24.2843093816191
19.5251729572192
21.9009184744209
4.1737457929712
3.7267679348588
14.9075383786112
17.1159548452124
6.61171653773636
7.66849021008085
6.81264894083142
12.0786626811708
19.506924552843
13.3697730256245
14.8960171733052
4.13723874371499
14.7231412740563
26.3448087265715
22.0732724294066
1.64656897541136
18.0907513387526
22.6568163372576
13.9263037126511
10.1434314856306
12.926598940976
15.6063039554283
11.7419052636251
3.68480707984418
18.8833029411152
11.8474608985707
11.5925456145952
20.1491864165291
15.7328612132039
15.6036128522828
18.954432872124
21.6842213412747
21.457580011338
11.6234885528684
2.03835009597242
11.1347353784367
6.48157321847975
17.0301300939173
22.4735703031386
19.7836137609556
11.8423434440047
13.2334934081882
19.6009964449331
13.1630110532553
16.1134670240769
7.40511670966741
11.2456667935476
13.0996244726703
16.7986028314736
19.473986833082
11.6284734802321
21.309710089765
9.63097023777664
11.6224356694147
24.1522159194574
21.9146886817109
12.7300405176356
15.3449955396354
12.6255640701486
9.61788261774927
15.7399252522737
3.77950539081366
17.7538253366947
11.3352798391134
14.1001217765734
12.1576522131196
4.05942256026629
13.5426988359541
18.5924310702831
22.098754439503
13.4917122362538
10.4348092339933
11.526042339392
12.6154290977865
10.8944101026282
17.2033068420463
15.9916051088073
13.3957173101939
7.79149434529245
15.5067963009255
0.988119468092918
5.45110779348761
18.2482987409458
9.93324944283813
10.4273166740313
12.0066429721192
12.8686869964122
13.8266287045553
4.63743777945638
25.4166046157479
10.7497596880421
15.9878752788289
13.1628984585404
21.2779045337811
9.05113483313471
18.2670078081811
7.95199417043477
17.2849859749894
11.2494046799839
28.2035614131019
16.0675106802955
7.52460195217282
16.2265591556206
18.3828694280237
10.1802145130932
22.6869810605422
2.29678335599601
12.6111142863849
19.1539134830236
18.9178593922406
9.31730982847512
11.7826094618067
4.81270372401923
17.3427676238818
7.23231230086833
23.5985488863662
8.61582066863775
0.393301281442429
9.8422283674716
16.8856787960976
18.9375277375802
5.77884152385463
20.7578290253878
15.9881960600615
10.916780276261
15.9434174885973
17.8515523206443
8.53417264297605
7.46463425457478
11.0674432711676
13.4963323129341
6.35238362010568
17.9691565817088
9.80593780986965
23.5592574346811
17.6814712118357
23.9363073988215
23.6441038548946
22.4185520550236
21.4009825605899
9.16560380719602
19.1803222987801
11.9751110905781
19.9236631393433
14.8655649477762
14.7259674966335
8.09504569042474
14.4679995719343
13.9200318371877
15.7303928238685
25.4937365185469
14.9912729393691
13.7371995253488
20.8589836023748
15.5657144263387
14.7540724137798
22.8591903014314
19.1272422438487
10.6409475905821
19.6685215923935
15.8664712449536
21.3696147082373
17.8551530544801
3.1598560778011
20.0717706698924
5.24546927772462
13.7353122234344
17.5471590599045
12.7156779635698
16.4185306988657
20.8104615332559
18.7316648907793
20.6639915467969
3.75179124309888
7.94855600688607
3.14507067669183
15.8813740126789
0.389058018348453
15.6719154678285
16.2524420069531
23.6129499371205
12.8678679000586
23.773564142175
0.208037416450679
7.34413724749909
18.5225778321075
9.42742555325081
9.93280406109989
18.4626260306686
7.5409532757476
7.42813523393124
18.5515733901411
9.32208430022001
5.25260677095503
16.1146675702184
29.9668854102492
17.3229838261827
6.39503281302867
19.1659689415246
12.9958411347373
8.48219358162088
9.72526411060244
8.03308554459363
3.34546147127374
15.0154913309962
14.5296362019591
2.09783117690505
10.3261265670881
19.119451683946
10.0017464952543
14.3628150222415
24.8475659638643
13.8013858597617
18.3533326764553
25.4849909571931
15.8801047829911
7.36647314540216
18.5436753788963
21.3527564309519
17.4104144563898
22.4625481991097
15.6697131602251
10.3301760666357
14.539749501273
6.34118523448706
14.6339552477002
25.3602169919759
1.85257724660811
18.5162978712469
10.9069223087977
4.67892134864601
17.0346433995292
11.873996281065
9.04615263760419
21.2248513882225
12.169268560702
16.7775438167155
21.5279748663306
22.7539440384135
11.2746761878952
11.9945890503004
3.59222049458252
12.9486774327233
14.3605289747939
9.23819921686936
12.4552839789701
2.50515632797033
12.2634562198073
11.5853212540969
7.08708865433421
15.6647692079508
10.3727743262425
22.2804724005982
27.7296849992126
6.32798671754358
12.6641276059672
12.8030542749912
3.47213296891376
16.721068217659
20.5431637819856
19.6522403974086
15.6677309378568
11.3518955480566
9.76762678914917
14.045509427047
18.1248857872561
11.7853551404551
13.2925579091534
2.52501801587641
9.47173224572587
28.7228333298117
19.1876389551908
18.6815574765205
27.7091504074633
8.50376423913985
18.770862500923
12.8888804698363
5.10291395234018
14.561977237463
7.77262499733721
10.1996181785516
8.35974004585296
5.76989551585884
21.445533935912
24.9280087873593
8.76413242422609
18.6587664764374
8.10847956212348
22.1490381518379
21.4407010236755
10.4015630437061
3.01239974796772
9.50249077713741
19.1804509365792
14.4602312578211
3.4297322621569
9.17843580245972
13.6704075129814
23.8081625895575
8.80778546344268
20.5794322322452
17.4387488514185
16.5010722354054
19.6526186075062
3.27469254843891
23.6556600080803
24.848448461853
17.9850633954629
8.40827741194516
8.1539775012061
9.26347576767927
17.4292102688923
8.70387840550393
18.2852315949276
10.332354905451
3.93979884684086
18.6475032474846
23.6385865136981
16.8616409879178
20.8405339857563
20.2238381943984
11.7121075144433
16.3990865694359
13.967355992645
8.98654344666334
3.74046610668302
13.4491065517068
17.8851081058383
22.499330015853
18.9541843254119
18.6692675808445
0.969788362050244
12.5176399095846
20.6326157320291
10.8352256705984
11.8401934858412
18.0619680089876
8.75615137629211
19.3287658272311
22.1156434885317
14.2451405990869
16.7993854159309
13.7493679532781
13.7034645071253
15.4402397572994
11.8616313673556
14.7112276405096
10.5894179316238
23.1342684517247
18.0075804674813
19.929765490815
16.5066135348752
10.0474991013897
17.069554515183
15.1220599227354
16.4550235707294
7.05103289690415
9.18935986409692
6.79783205839783
11.0874085575279
12.07509591551
12.673001550138
18.6422077938914
23.8268572604284
3.51180278230458
13.1284674163908
14.3430220196024
14.9987147822439
7.83950206823647
17.9536337032914
18.1622374993726
11.3138785564951
17.2359706135467
16.3578766165301
24.3401326239109
16.7510775150731
18.142729322426
6.10894947312772
15.5486144358292
15.7961869117167
13.8285413151607
5.07605278398842
14.6866293158382
21.428581350483
11.7522626416758
24.3313732324168
14.8224411532283
14.6293476456776
2.23865445116746
11.8394011631608
11.0581367614815
11.4319496540531
22.8048750897869
10.6858073733747
14.4740784075111
15.9977177290374
20.7275224616751
6.92674771416932
19.1048411885825
16.8468400835991
20.2960868366063
11.8956686928868
7.91207568254322
8.3888579858467
10.7799393121547
17.8997462392123
17.3664948700114
15.9192766295746
13.8887507840991
12.0185483247042
8.35380980279297
9.89145999774337
0.0906673260033131
13.3155074436218
12.0644887676463
24.424657644704
10.8123309962931
13.9062594232717
11.9671605951107
19.8220645776019
17.9512799018994
11.3212678348646
17.658635484986
10.4198617237412
18.586137634702
13.1819693604484
17.6022033207119
1.23729205052388
20.1821909984574
14.9560417514294
6.10245547723025
15.2737509459257
16.6702881429035
5.15991845168173
16.2577943177894
8.3706512581557
4.98610029305466
18.8612755620852
11.79819914978
15.3437296627089
3.20446568075567
15.9371732501313
19.8529249988496
16.9195586939998
25.8988099638373
16.3974606884994
19.9964103521779
22.2652924172518
9.14596452589216
7.65922944992781
15.822601527907
19.5259832078591
16.9810915807108
18.0759717477486
31.8689196137711
9.06840967945755
11.8728863075376
12.0337061199367
13.652357072517
11.9195333914831
15.9917606739327
15.1840137317777
6.83297719806433
13.5380371240899
14.225314425529
16.0652869085152
15.0797498159741
13.4474114514887
14.0314575240914
15.3375015594065
15.3066916831173
17.4504644239841
10.1768811699003
13.5263624601066
7.89947912733571
14.9612775770947
11.1768133239821
8.74874508008361
23.037297157083
5.09912157431245
8.52807713672519
28.5351233324036
11.9544905377552
14.971988229081
14.3192552262917
11.6798596574228
4.71684203948826
26.9467218884429
5.1247289404273
22.6861430332065
9.04238619841635
11.4692194934326
23.7081457627937
4.54266134183854
13.7719236779958
15.2688977672218
14.1804465791211
17.2912104986608
12.6935495929821
11.4402728853747
12.7061171922833
12.4575681624344
16.8291088020143
11.0200901798145
18.7378282193094
4.83612830284983
11.5882172849911
13.802557811141
15.1058878283948
10.9985052142292
22.8859325870872
21.7426804127172
12.6259358306483
14.6665545909529
14.8343925986984
13.9145851600915
10.3576060151681
14.317088900134
3.80060588940978
10.0775931496173
8.03895164999577
17.4943425692618
21.6811801306903
10.1526147276174
28.2114330912009
25.1427112845704
7.27011626586318
7.20904720947146
18.4859664645046
9.68951231334358
10.0551861803979
11.6963481530547
13.2439517881721
17.1340918168426
20.6714105792344
6.65517670714309
9.48666855957504
10.3551792446524
14.8931986365485
4.76700974524978
12.7159126102924
