"x"
37.2822751291096
52.3581947114294
30.4683602658943
37.1077368035913
26.4768514198033
42.238418199122
55.5744145531207
42.3693977296352
58.2058035302907
38.9084190461923
42.6382144447416
51.6376334242523
54.1821669787169
41.7924432531117
23.3804480172694
50.6571416277438
49.7295365203172
37.9287232644856
62.8836496267468
46.26902543472
58.0361835192889
58.3417629823089
46.4962354395539
44.2946068476886
68.2051062583923
46.7636139597744
46.9120881951101
28.3681467641145
45.8476792555302
57.4672958813608
66.8469129595906
62.687097362588
59.4249943736941
49.4133187457919
51.8855265341699
69.9083483735931
30.0701378198673
70.7695977720332
26.4202394988388
42.9368110106898
20.8796108607203
62.7751235850155
59.0023961383849
48.1791629921645
41.3292012643069
41.9315504375845
37.08992845532
61.3294121809304
59.3948150984943
46.1134967575602
65.3967260848731
47.6804241538048
36.6933120880276
50.1215246040374
24.0038766991347
50.1997919026052
43.814744707197
53.1752289272845
71.4379334780288
24.1474769327853
49.3174186442047
49.1616908926517
52.2599527045245
54.5384214259684
48.1008709408343
38.1783133372664
56.4215178601444
74.7787060175287
56.184345530346
42.3358218782956
44.5577964186668
67.0166451483965
53.7479437422007
50.2517354208976
42.324434267357
47.4313243757933
31.3054064288735
22.9901182231859
33.3604884333909
38.8212578836828
45.3171885106713
47.8441869374365
37.5977763906121
36.0984124243259
57.7945173718035
49.2263119667768
46.2389349471778
42.0658719725907
33.3754427731037
43.428607378155
49.4237249827339
58.3067515399307
50.9466783609241
52.1955598145723
64.3747377675027
41.4263953454792
48.315897397697
68.0271490477026
48.0268619023263
46.2065477389842
39.5869851578027
70.4730345825565
60.0314296782017
73.9999976138704
55.755712557584
47.4280607886612
61.2773117143661
70.0167745299026
50.0277834478766
47.3326649516821
65.1746816933155
56.6768944263458
33.1504102235133
22.9776885360479
43.2391096372157
56.3736493233591
57.0375786628574
38.4461770765483
55.5685320869088
49.3790684267879
30.0553325098008
32.8000782523304
48.1578526505553
27.9417087789625
64.0441368799657
54.6970822382718
52.5789703708142
72.3560921154483
51.0661393869668
32.8128115274012
51.646759128198
52.8968599159271
41.8406780809164
54.2327971663326
72.5848643998516
33.4704514469619
44.9815267231315
53.8175691850483
54.1125484742224
65.4126977906122
21.2673780345207
44.2046217154711
50.9310679510236
38.4710335172713
48.231351277262
48.0162407737225
59.9751640111208
37.0668201241642
42.1596921129405
33.4532003849745
39.2934584058821
63.2229657378048
48.0824018192585
60.1047603413463
33.9396426919848
17.4563515000045
15.6625367235392
41.2610661238432
43.8083421438932
55.0323062110692
58.7127743754536
50.9356684051454
53.0187690630555
72.9596068565502
32.2831032332033
44.158685952425
45.6381166353822
62.6308847684413
38.4110927581787
56.1726319603622
61.5824580192566
48.4362876042724
68.9519072882831
50.4821582231671
56.6397715825588
53.320061462
56.5266625955701
59.7370620764029
20.87459721455
58.411204488948
42.688745399937
64.4202150522191
64.4430078566074
50.8193783462048
57.7960547991097
64.2367861233652
38.7572006322443
59.0693589299917
57.3886469006538
43.7317836564034
55.2537890450082
51.9086130894721
24.6835742145777
58.1993402913213
62.0372125413269
54.2463866993785
54.3269970919937
58.2968532344823
50.1879724208266
41.2325936955157
72.0351848709297
34.2333713080734
55.885492824018
47.9185237549245
60.3259111754596
41.4667865727097
57.0991994813085
17.7888084668666
28.8656542543322
35.5955609247396
51.5605038497597
66.3948211818933
43.9406628720462
51.6294860746711
43.156954087317
65.8011599909514
49.6085617691278
37.3514685314149
46.7276957619548
55.9429067187011
41.7408868960185
19.1932224202901
65.8901973161846
38.6038536205888
35.6296067659802
61.3214780110866
49.6529313281225
41.8205122929066
49.4173604552459
48.8118799854151
64.1036351211369
54.6024173963815
37.4630947875436
68.1094276718795
20.1915299054235
44.248982751742
68.3229534886777
34.9701524712145
34.8560902755708
60.6409967411309
61.8548931088299
45.2111611834736
41.8301653582603
51.8454898148775
57.5381357222795
39.3389349084806
61.7401511902302
50.8189397864044
33.1622106954455
59.8632977344096
57.8718762332576
30.340589210391
64.0416962094605
37.5840763095766
54.3636671733111
67.4481199122965
22.1699916291982
44.630768120173
12.502926774323
54.0213284082711
67.1567041426897
43.6911792028695
39.1646440140903
34.701065858826
40.2705926448107
59.7017646301538
49.7179651167244
74.2523945826006
57.0948435459286
50.9760776069015
42.9442452266812
23.9921307191253
46.4041240047663
54.2437064927071
45.6050120294094
54.5370799954981
46.2953984271735
22.1176740782555
65.2231339830905
55.1450082157875
62.2117296326905
56.3552438281476
47.3629388104359
41.6773068049049
47.6937703115777
48.7276126164943
51.7786948010325
33.2791824359447
53.0610048677772
59.2467388603836
61.8605917319655
43.9662565942854
49.1116542834789
55.3707349842501
59.8681477364153
89.0362419538294
52.8572108596563
31.7507263738662
46.2841834872961
29.9943831473287
58.1844428088516
51.1836525052786
47.0954346470535
53.0156810767949
57.7799329068512
36.7938892450184
51.0947440750897
33.8169888127595
63.4252876974642
43.1929699610919
51.902576489374
32.2584324050695
79.4721003491622
36.961630359292
36.5428175777197
55.7850350625813
46.1607635095971
36.492775939405
59.0961622074246
37.1245389804244
58.4521306212991
36.2069020979106
69.3637226598636
48.5467890277505
53.2645797967626
56.6001822706312
32.0590426679701
57.8566305804998
47.9223133530468
77.7271624008587
59.9643486086279
27.8461025753858
29.1269392057294
46.13147832659
69.5024642173478
65.050507709384
30.3151526022702
68.8544852193445
40.9843497909606
66.6741132270545
39.0845916917821
48.0676103976741
47.2896527935194
33.8922474533319
66.0554665606469
66.5324273984879
53.1280302908272
62.5378229189664
41.1567820701748
41.2964701395652
69.0702051855624
39.8739894386381
46.659565605074
32.8098696656525
29.2177653871477
42.9788149893284
19.2985044792295
39.7195767611265
52.3249767720699
46.114016091451
57.7953457832336
59.5184945967048
26.5147173311561
56.0832878109068
44.9866880662739
53.7649587728083
43.7166312502578
49.9782281927764
59.0649442281574
23.2165454871657
48.4637356828898
47.6015469525009
60.6636243375768
38.2622123230249
45.6171403173357
55.8747946284711
58.746368996799
31.3836846500635
62.9351845011115
45.1254182495177
54.44560283795
48.2442190756999
60.2723371237516
45.6012741196901
56.8204532843083
44.2220606841147
61.774446349591
42.8951808251441
66.5222261566669
51.6975079663098
38.8141639064997
28.3996212296188
46.2675028480589
62.5302977859974
54.9988673068583
52.0640781614929
38.3619686122984
45.2898300012843
60.8273168560117
58.6414340883493
35.9502067881221
48.8996274542962
62.8723440226167
48.954040883109
28.7075453175832
58.3395631518215
48.2202576939017
55.8852671645582
51.2699329294264
43.5781208798289
57.4304354842752
69.5957249919784
40.7008242685187
36.8160103065595
68.3995740488172
48.5584697220474
59.9470504559577
45.3582672867924
60.2868242654949
33.8659128639847
63.7011428363621
56.2311618588865
47.6435913704336
47.6831509266049
55.1804235455339
47.2176276613027
70.0819270643306
56.3215790316463
49.4922610931098
44.8491500224725
44.947721902281
72.7602208498269
41.6288982145488
35.1436403854233
52.4087069556117
59.3637458048761
58.5723991505802
48.1465928722173
36.8831571191549
22.6354674052561
66.9201272539794
59.6015717368573
61.1538393888623
45.2749784570187
70.7938071298313
33.7914044968784
46.2011380183778
75.0920492740726
33.9891206473112
42.2260962426662
61.7683197837323
58.6872731801122
45.3793122433126
57.7378419693559
39.2837156541646
59.3581072986126
41.3006334099919
26.9802840892226
65.2612640056759
35.7749349018179
32.039084052667
52.3505858611315
46.8135985576738
56.0818486381322
20.3568317461759
37.7733467939242
42.1790444292128
36.3493773620576
74.8283959789171
40.5741602672539
66.5504063945264
41.8695100117475
50.3309749998152
47.8216355666518
50.9826687589216
43.2472195010632
53.7594578694552
36.7177089676261
57.9542473889887
70.314250044049
48.7086377106607
50.5296666175127
73.9237595259944
42.0128762256354
75.9990530977857
34.5715623348951
69.9667210306264
56.4022312872112
37.5343475490808
54.2091703508049
39.7171649616212
31.6080021277625
64.8661083541811
51.9988157320768
42.5119188148528
59.5212588142192
49.628297612071
63.2277346681803
38.1757132243365
49.5244344230741
42.3537353053689
51.7025437671691
39.8446077667499
48.9051063079387
56.1769461259246
59.6304128877819
28.4748566802591
49.611032474786
53.1469237525016
53.2429464359084
52.1815650630742
41.9072463177145
58.7564345449209
41.5669204667211
41.0914789419621
33.3939781412482
57.6057489030063
53.7126904506227
38.1319295149297
59.4384706113487
54.7129041980952
70.1221043201995
50.6329342722893
47.0107258763164
34.4930640887469
43.6503349803388
40.2703736443073
25.1604313601555
29.0404801722616
53.1150694470853
61.6433554328978
54.4620185624808
28.2105607501593
41.7718130163848
59.7814158070832
44.6562636643648
53.643996687606
31.2246050589142
49.0509877447039
54.0419921744615
45.7923291411932
75.3753664861334
45.079065626633
35.5505352741999
24.9834462068975
71.5327992580353
49.5901317801327
25.8650764357299
35.3500699831037
64.7992046074695
17.5379222258925
56.9717061240226
50.6750135682523
72.2614048006845
32.1621618699282
59.7305883187801
51.7933256458491
47.6782076060772
63.4270377922803
35.0755990482867
58.1076671369374
51.0547554586083
41.9588443357497
29.6320357825607
49.0025111474097
56.6972183529288
40.6437081284821
55.6686714291573
31.9501452147961
47.2922150511295
28.4227774944156
27.1931319497526
50.0218967529827
52.9198412783444
53.8187634503113
61.2918680068105
70.2919200952065
48.1455976143479
49.5497778058052
32.3826317931869
30.0824927166104
58.152882847935
24.7495647519827
33.674681885168
32.9993983265013
58.830722887069
26.552290469408
61.8930815719068
40.6553815483868
62.836342304945
51.0293528437614
63.5412542149425
34.1613698285073
54.883293248713
41.2544466555119
45.0076728593558
65.2204647194594
43.8566538970917
54.7895373776555
75.4890300291491
66.6518017183989
38.3431300896654
62.7591024152935
62.2296352870762
48.8786411006004
34.9453395232558
38.5555081535131
50.8741094265133
45.2471047777002
48.7208134029061
59.0924118645489
31.7222178209702
45.1643565203995
61.476991744712
45.0952728278935
61.8507817387581
52.6730000972748
43.1951092090458
44.8468707501888
45.130303921178
30.7923449861891
57.0928282104433
52.4092654231936
62.6161485910416
31.9849785875212
56.9570637308061
11.1062484090734
69.4691908497376
22.9868418956676
60.573806706816
38.9429335016757
41.4625389946825
44.9756543969395
35.5201225262135
53.7764337379485
31.1956742147984
39.4167080521584
74.0308926398766
50.4185025580227
65.160177461803
48.6036186093063
52.565175993368
32.4997726362199
70.6803750204754
45.0368331279606
68.7344314530492
54.775946540758
69.0613423474133
51.4654285274446
38.0110789090395
52.3794384207577
49.4986017700285
36.7789631232428
64.3884305376559
63.1574142258614
69.7870288933528
85.3582644918309
56.6504463553429
27.4767556227744
44.4958482403308
41.4752838667482
43.3030509855598
39.5893018692732
29.7862790059298
66.1295915953815
32.6838463180412
62.7571701537818
66.6538374498487
57.08760288544
57.740356400609
56.9733805954456
35.2813839912415
48.3568618074059
63.1099031772465
70.1357376799768
46.7256342060864
56.2778372317553
45.179402269423
51.5221653040498
56.624351022765
52.7266739867628
78.2939664159769
63.2391149178147
55.0026922486722
36.4766529333463
33.5858561564237
48.2332992367446
30.4285926278681
63.2636346100041
59.9916716571897
65.154199115932
43.6431344598532
54.4355757534504
58.9510907884687
64.0182889066637
65.0195948313922
55.8823916129768
38.6482893489301
53.2289770818429
64.6423855330795
39.3207865767181
56.6860626065738
52.3122022859752
80.1976887467218
59.7472546622157
22.0322951674461
40.3308012172739
49.666010029614
60.6190256011695
58.2627035211772
43.6166248749942
58.4862635005265
70.8890203344536
66.6074701119214
55.1157587207854
63.460845593363
59.8015098366886
42.7095999922048
67.8357874043286
55.8608827646822
58.4859482944012
31.6391289699823
53.0587153509259
36.4252233877778
35.1152607239783
53.6448792088777
72.0704529392433
48.2698890380561
24.3108281400055
47.866028174758
57.9961007926613
46.2403051555157
43.362663046287
49.7234460432082
79.9602890943128
49.9414780642837
55.5565417744219
63.6409924831241
53.9361981675029
64.704022416845
32.2910409420729
55.4690388031304
42.7526355255395
55.0966005772352
39.1529337037355
56.9930370431393
30.5583466898401
45.6570871639997
56.3211114145815
75.3724907540508
9.4723442569375
39.2173493281007
49.6119785122573
52.3649727459997
37.3810835182667
29.0529387495536
39.472318533808
53.0414469540119
45.6122581381351
40.4236094094813
59.9449995832791
79.887400070582
48.9951499473295
47.0322266221046
67.8697094786912
62.0860956143588
36.5119836807404
53.8988607469946
72.7853379675021
64.4207910634577
39.5065479362064
50.245265988633
33.2664666231722
43.4489437844604
54.666991205886
58.1636825110763
53.4552524797618
51.1332484893501
21.9656532205549
48.9409840769969
37.4437517020851
47.0331849996001
54.229125706479
44.9540199711919
55.0289710983634
57.4655191972852
53.8558049044284
48.5666708089411
50.5021148826927
76.8647809470904
45.1606788672507
23.9367439877242
50.6217669695616
52.1400198806077
43.5311920475215
44.5368863642216
38.6797828134149
45.7945539616048
28.2027740031481
59.3906226102263
66.6156972292811
59.2677569345164
20.4470035506905
61.6491336717424
32.9515797551721
29.7022966253543
76.3200356583011
47.573891794309
44.1730717662722
59.0775582939386
66.390814865008
36.3023292699223
43.7391426414251
50.6788034060365
54.9373939167708
47.2502963151783
56.133719207719
56.9841316717396
47.5785498507321
68.4794191736728
44.9319619685411
41.1595592792238
28.622959446981
51.2125155422837
45.6161014735699
57.4184621218592
36.6399631369859
63.5921113193035
35.6025852728635
52.7916793711483
41.5024330373853
63.339972961694
47.7558464958658
51.7492025624961
41.1884465254843
51.5263033565134
52.0733890589327
57.2414322756231
34.5914858859032
44.9823793955147
62.7725677099079
44.7247859556228
49.1527912206948
47.1239362843335
62.7860627602786
54.6146266162395
46.4695505797863
55.4023533128202
62.5081602018327
62.2263685334474
25.4372806288302
35.351433372125
56.9376780185848
54.0730174165219
62.2945060953498
48.2359646385808
69.4180275271547
34.5959329046309
33.9289661962539
56.1221262905747
46.3703901972622
45.5496751703322
38.3113972377032
54.0180327836424
26.1964314364276
65.7924809027463
50.4256945010105
42.8546649869531
66.8971537146717
52.6769254356623
43.1236589793116
67.4903055652976
63.5509146843106
36.7510662414134
42.5771255511791
43.1085200048983
53.4136481583118
57.4023398105055
48.0978349689394
50.4095355980098
48.8637628033757
34.5218662172556
45.3348508570343
52.0198803860694
60.3859946131706
55.1830765361358
50.8220388554037
57.2297086473554
59.2243499588221
44.9971120408212
61.7252335883677
71.9393574635385
15.3665923513472
46.0917788557708
49.653783487156
18.987225328383
45.4199275467545
53.3367646858096
55.0345600582659
42.1283123549074
47.8368978947401
55.8328159619123
51.4613901730627
39.4125403565172
72.3128638188255
48.866157932207
34.1722516808659
66.7656288482249
64.5192428026348
36.2718193791807
52.7575878426433
35.4892530012876
51.9812920596451
56.2315801158547
51.4522748999298
48.6353345868023
54.4943108208434
22.0990761603189
22.2235027235465
30.9192544715528
52.1903137676418
52.2956266067922
64.4771205727011
44.065924314782
28.7954640976017
61.7083229124546
53.9650685153902
42.6862637046725
58.4426363494612
41.9926467762713
44.8183280744699
50.36896283688
67.0692718122154
35.3617980581476
47.1674922853708
67.5281981471926
57.8421853017062
68.9428674522787
62.4592375475913
52.5762950535864
57.4689246714115
47.3501982633024
41.2715989165008
35.0753764621913
56.408925820142
46.3171567767859
39.6977445110679
43.2776594068855
61.2074385397136
59.202635474503
48.3865472488105
59.622627357021
43.0182534550657
48.8043700810522
48.5555672552437
43.8254523556679
55.6691989930006
47.4192783702165
60.6446349527687
51.7199819441885
70.6324561381833
36.179882613942
66.6520323138684
55.8308670297265
52.3480532225221
40.2945698704571
42.208907334134
52.4370253551751
31.3169361557811
55.5810107383877
45.3992741182446
36.9223840069026
55.8884734287858
53.8049512538392
37.4267247039825
35.3012129505055
65.9895814489573
34.046111513573
35.87527112104
55.5970368906856
53.3536232542247
33.9316419325769
54.8525026714515
51.0658711194992
14.7685197182
40.9740463830531
26.4146245817736
30.4200882092118
53.601470789895
46.7963873874396
58.5296520785141
55.9073797427118
64.2301615327597
35.1532762404531
63.7353986501694
20.5957259982824
50.1950462209836
70.0676797594268
30.6567436084151
44.6738768834621
73.6828300762477
53.2399808522314
72.804168235035
55.6257366668433
49.2230619769543
28.6229013319169
44.4030118640512
54.9461902228926
19.9029243085533
35.865560430083
54.4295435305685
60.5665740557015
35.4288418777287
67.4691417720169
40.0780798867345
50.5714527331293
38.7389534618706
47.589491519679
61.9511937256902
50.7948499638587
32.4071028269827
51.4518841635436
38.732362119481
40.1131510268897
47.6888224779724
34.4545794791735
34.4907753635198
43.5243840329349
52.2988750599325
65.7359730452299
40.1943994220346
21.246716249087
44.9210447259247
53.8228639867157
43.9633800182492
29.5942647382617
45.7116852048784
46.4082547929138
56.18358803913
26.8898169975728
50.0840827822685
51.972748991102
52.8611175250262
53.8710032589734
51.270285036597
53.9621782489121
38.0154178943485
54.6326666604728
58.5624314378947
63.7023267801851
48.7393041606992
80.9440668630314
37.4138150829822
53.1401817221195
51.4205958976725
73.5591845885192
40.2299469336867
56.7189405141643
45.2525418717414
75.5321045364154
48.5535494517535
68.743886705488
42.450846452266
25.5779261235355
58.3001248072833
58.7405136786401
64.7858508396894
44.5833067875355
61.6545667871833
25.0294662470194
64.2471399623901
75.9732058229757
60.0837602745742
47.2372141881036
56.370119843632
31.7892311606556
38.2974648382515
22.0360369421542
37.2741390019655
28.6790756974369
43.6254481319338
31.276960324649
56.9067054893821
61.4495050051736
56.9382140878588
37.1692621149123
70.0130492406798
69.1737924702466
79.0272571104479
42.8778794128448
28.7865935536547
46.6224656969824
58.0625552684069
61.4496519323438
42.3029740806669
63.068408658728
43.4144080150872
54.9611837137491
35.56825122796
31.771571583243
65.598197421059
67.0681369490921
53.6200110800564
45.6643985584378
45.9407093469054
40.8428172580898
46.7602851800621
29.5275728701352
66.2407274357975
42.9360763635486
42.6548222079873
51.9416366238147
65.3707515913993
60.2969709318131
55.9122270904481
45.1380890794098
55.1459938753396
56.6320490683962
28.8451541680843
46.6069164220244
57.6503319903039
49.4899848941714
25.7250942755491
60.7048412319273
52.8175998944789
65.4239400755614
69.1906405612826
37.5479942187667
52.1570139564574
48.3942942228168
57.8491451218724
56.4255196212569
55.2574727684259
51.723042037338
53.4015900385438
45.0421171792124
65.0125340558589
53.3482838887721
53.3023465890437
55.0904446281493
55.541555210948
38.0542909260839
45.200050342828
57.7532848343253
20.3013947809039
51.8729546573013
50.9615650866181
47.7949703112245
57.9671112820506
62.1565073728561
54.5181402888047
48.5581891228185
65.1160378009081
32.4564354959875
39.1312765508028
70.5548847283825
52.5875479448587
54.8991724848747
54.5188720286329
48.5205548349768
63.2512273266912
58.9321723673493
39.5040239673108
55.8171833399683
26.0316494386643
38.542835640479
48.2242504600435
42.4088463047999
47.2117672208697
59.5188330858946
77.9588617342425
52.5550102764407
41.2918340880424
51.041736965999
45.3054319601506
43.8958079088479
50.1532820984721
39.3589874263853
51.6841721720994
65.610704338178
41.9609618373215
44.8153514415026
49.7875935398042
47.965125227347
52.3568054661155
47.1468611154705
62.5101803336293
70.4629017929447
59.1270823962986
29.824839066714
58.0516258254647
41.3384294137359
50.8476003073156
68.1144803543215
64.6886016242206
72.5167454178345
49.7560454532504
30.2742724772543
59.2755930963904
52.0242653787136
50.7514705415815
59.9050657823682
47.1140158845771
61.8653377680964
56.3605511561036
60.6127800885588
69.0280593466014
60.4265169706196
34.8100420197856
52.5440204422921
61.6769034881145
72.1460605929506
64.8196381051093
32.7133973129094
59.6789514988298
46.7993765603751
26.8369581948577
59.147368837148
60.1896431297064
57.5464020483196
65.9316815901548
37.5366455875337
37.7867341972888
62.1204575989395
34.0148462869073
69.2810603883117
64.0893996227533
37.5833997968584
79.398861895771
37.98290733248
36.3770985044539
69.0599065739661
32.8813804699296
20.9022404626012
34.138762580183
47.0312481746078
61.4820789545774
35.232487693429
35.5749448115167
51.42842521891
43.1212399154902
43.3238005265594
30.4783226922154
50.0533344689757
59.9277822571986
50.9817515034229
63.366431882605
48.0057252105325
49.5945827569813
41.8934770859778
36.1656106077135
40.0641634128988
37.8504917956889
35.5659072287381
65.2945815585554
30.6881150458036
27.618422424216
48.2095025791958
19.5624308660626
39.7287151776254
47.8553020395339
35.3964024223387
38.3536958601326
57.6453329995275
65.1620246935636
38.5793793966062
34.5346967689693
59.9702577572316
50.9684733115137
43.2592088822275
57.7450647484511
65.481349080801
39.2446597186851
57.37597909756
40.6567334458291
61.3167574163526
51.5015373006463
34.7020775079727
36.4786415826529
35.1177829260513
53.1336058396846
57.558851595968
27.6315872695492
36.7488796609992
46.3571104686707
31.4539567101747
69.4616961250913
38.3721829392016
43.4394442010671
60.1861540228128
28.8484156597406
51.2779653538018
44.4317041430622
47.8333226870745
45.0877726078033
52.1746071420555
44.3571619223803
51.3333104550838
13.2947349867743
58.7192895356566
40.6609990850787
53.2262964639813
64.8476445116103
40.9629312809557
44.7443701326847
48.0856623500586
43.1134648155421
45.6274226307869
36.7266704913774
41.444990132004
40.7992518506944
60.2537652943283
53.2143303658813
28.7024195306003
51.8100281246006
46.1939978878945
40.9038408448199
36.9910743923734
44.9353197589517
57.9653897788376
44.1533733159304
43.8567748293281
68.474900117144
52.8614261187613
56.7864232696593
45.4711388985225
51.0134003125131
41.517780405235
20.2058865688741
45.3985712490976
45.6633657942584
13.7735391738731
45.4909486230463
42.0645052567124
54.6149971689097
35.7696220744401
58.9790019672364
53.6037549842149
49.8229262884706
63.1037154700607
58.8770576287061
46.7158648651093
32.0387833891703
59.1244240757078
71.1483717854035
31.3556683715433
45.1289745979011
55.0904673524201
62.675617588684
29.5329976826906
47.1799290273339
52.2657170891762
38.258620909645
61.773826321587
66.0360690206289
55.9344316267532
65.3834339696914
64.7669684607536
60.1181358564645
47.8165803477168
42.9661178030074
40.4342748690397
48.6351156506847
35.6255584862083
43.6630100734905
34.1816559840178
34.1678629163653
38.4945023804903
43.2593279983848
47.8679282590747
43.1678979191929
45.7364451605827
62.6950121019036
43.2578776963055
59.1085609514266
47.6430142298341
49.0620705764741
44.2061363556745
37.4471611343324
31.270531238988
38.4787221205363
68.8631097320467
53.6364354817811
56.4491579309106
35.3840053547174
53.3817010931671
45.0858200434595
42.0530366711318
73.215971603514
67.703348537907
61.1193580552936
59.1044448781759
49.9906583689153
49.4470863137394
37.1132772415876
62.6169533934444
55.9183333069086
53.1064024195075
40.5118071931699
49.1114137228578
65.115431137383
48.2442049867104
46.216673606505
31.706698378548
37.8608516883105
36.0435896429761
41.0643237177283
35.5105145368725
50.7024528458714
33.1721653500322
41.5802449324244
50.9357883324621
51.1912163347006
40.8205735497177
34.3493757769465
60.1657495368272
48.932549264282
51.5422130003572
33.0855206586421
48.4067684754342
56.7108033690602
29.6309262979776
66.2786430679262
66.5434460621327
51.5521311666816
52.8806511312723
50.4705848637968
50.8042848203331
37.5516596250236
56.7885706666857
59.5156616531312
37.1393142268062
51.2468390166759
68.8781016971916
43.9148274250329
37.0997985590032
42.3180008559632
39.5319303032011
39.1263569239527
33.1904482562095
55.4341527167708
53.7798081990331
54.2469379957765
58.4867253899574
56.1316380742937
71.1534158727629
40.3504242189229
15.7621845602989
50.8915277663618
17.801009883075
76.1795971217078
26.9412807654589
66.7679396923631
31.5890042576939
26.6162273939699
49.3707349378221
40.0398212019354
57.6468796553185
70.6695512826455
34.8369130471904
45.666668234016
56.2861710321158
37.4840872362256
40.8958876039833
31.5982707029868
63.783343845905
45.4083279706538
46.8663027074563
45.4884331673384
48.793631605804
44.9876594424721
49.4481069967151
64.3194864969701
54.1543701197952
47.3050430882722
47.8169230397248
30.3649116307497
58.0827982630581
55.9618405066431
65.8124713227153
51.9865225383226
70.2695253263128
44.2356970626861
42.3266649246216
61.0441382508725
31.3573658323133
36.6277555469424
47.9088292619712
35.9524978790432
65.5672304797918
58.1911321044806
51.5792464399017
29.7731819946687
28.109783725813
49.3516241200268
47.3717183165943
43.7595230061561
43.0344220716506
68.4697077143937
34.174057629015
21.2946495894625
77.694192729243
68.0477991700172
65.9007741604
60.1822357624769
50.5582640643903
33.2321657404048
59.0005325082114
63.1269183009863
58.6345876567066
53.2387632876635
44.1195256891025
45.67539180382
74.4077533834757
60.2975461632013
86.6949243429017
35.6460159178823
36.7930486106051
36.4415905384338
51.3630846515298
44.3376931740898
54.6119576785713
55.5847707204521
60.9432752709836
64.6577128889305
78.8186766137227
60.847815265879
39.8236648645252
54.9691745080054
42.9984659422189
24.8004303779453
23.3402544166893
63.5370150674134
53.7560711614788
53.6516004707664
23.0770441703498
47.4863046314567
41.520475037396
61.8556005880237
33.6666842922568
43.231944982693
72.8256267453444
67.3697548918426
52.8041857294738
51.0872059501708
45.0727854389697
72.2610677400083
31.9347647950053
62.7809586934745
16.9730910565704
59.0950849000365
40.7511728350073
55.4881834425032
51.2810117565095
49.998392444104
33.6613878142089
40.6233098279421
43.4098388068378
60.563743673265
27.7444210636749
54.2687518056482
62.5379421748221
58.1095116212964
59.0336702764034
49.0602164529264
56.1593203339726
27.1850057955471
44.0003998943141
61.58397346735
30.1803146488965
31.0654667762053
55.653269123286
54.512070119381
52.4189369287342
42.6085566170514
65.6265082769096
47.4965166766196
45.454934053123
67.2024423722178
64.2269288189709
67.6239696331322
60.0555355194956
52.4832872820064
41.5611449629068
52.05481313169
36.1761900130659
60.2378693874925
52.4258218705654
37.599130673334
38.4431296028197
47.418445297336
58.026362862438
58.5828285198659
51.6754406969994
50.3229631111026
28.1371830031276
43.6699391808361
58.4645921364427
53.5995858721435
49.5070343371481
49.9018761863256
58.3284048363566
52.4879785281625
49.7942293528467
46.7473475262523
86.0379397827101
11.6220180876553
32.8789433813903
58.6436382494867
41.5816217317117
53.9699311833829
58.5733592044562
41.9952804222703
47.9751323815435
63.7042053509504
50.4659327678382
33.7504176888615
64.3894731532782
58.1147821154445
28.2371962832527
51.4106544665992
56.6481901602974
45.0200068764389
46.6070196591318
39.4920641556382
56.7706983536482
46.0120569448918
34.9166887812316
35.8125850067341
19.9327181722578
43.2912988122553
37.0453121606261
38.7857462279499
52.8193794656545
54.3625828810036
53.9301231503487
50.873475846933
40.4254809953272
58.6722913663834
57.8230428975075
66.17113458924
42.4139061477035
51.0333083570004
36.3903715740889
33.1738148430818
52.5494953151792
46.3488278910518
21.5117027983069
54.9780809320509
55.2578091155738
39.4936262164265
35.7841257471591
75.5433061138578
48.5784913565963
28.6833084954611
48.6680442932993
46.8867040239275
63.4345449041575
32.9724912066013
51.6026000026613
49.4784130714834
36.9896803570715
61.3103206047683
28.2969992142171
57.8557126689702
56.2807885464281
54.7668418381363
47.3757327068597
66.2434345111251
45.9163324441761
40.3413801454008
58.3144160393679
54.7782046519456
48.1299667619169
36.8306813342594
37.4851327428596
46.472966298461
53.2122674863786
67.4224397167563
50.141918938607
26.8013294320554
52.7675065677613
65.2208130806684
48.2731479220092
30.6956382272523
34.485291023079
35.6612197589129
76.3881692620826
59.1080019250512
55.2373573649675
53.3242505043745
64.0120016410947
63.2977067958564
36.9422893217498
47.5822843145579
37.3257606290281
66.084119072184
74.6180521282268
56.4016118180007
58.1558421254158
63.3533624466509
67.3189362511039
46.5596019756049
48.3679237309843
46.35627893731
72.6707894642828
51.4317339751869
74.4399306322348
41.6182891000062
48.3171443920583
65.6074511818588
46.0525413660995
44.9666036292911
49.9673433136195
33.1623807549477
61.3738500047475
43.7408792887002
66.0861070733517
13.2135208696127
38.6921831872314
55.3932555019855
30.0695496145636
47.6047657430172
41.4590312633663
56.1674798373133
28.2764258328825
42.6202717237175
43.440646585077
49.0311683155596
58.4383801091462
64.4679999910295
46.9477170147002
50.9985180106014
74.7128810969035
70.1754231677782
36.088580805348
56.6756564596098
42.9217441938818
46.6677997261286
44.6523806622455
39.2426419537514
34.9915196187794
48.5660993494093
51.4402360135011
52.4128240067512
70.7899753329469
41.0990168806165
55.300004594028
53.651119582355
49.8746113773146
47.6033952219587
49.3609813386231
31.120478066597
53.0457582790405
59.7572940401733
41.0633901599795
43.368463171646
54.6787939034402
42.40807662718
66.1513602361083
47.9325606487691
39.3392167985439
49.01940128766
22.4898212746327
54.0075975935906
40.5534092336893
73.5889952117532
57.6728019863367
48.5738317482173
52.5114553980529
76.0541457640839
45.3923361841589
43.3235904375954
80.7091131764364
45.5490310676396
46.3931351812791
47.7462531067431
33.4560558199883
36.2068445421755
44.3752579856664
58.5853399243206
51.1961064265216
47.3056995309889
61.7389884311706
32.3070270009339
47.1263164188713
49.1191490553319
53.360891295597
64.4125953316689
61.8320597041564
56.5947563853115
44.4051908794791
65.5294633936137
42.5857670139521
48.0159498751163
58.3538143429905
50.274362002607
30.2066763862967
47.1931041684002
45.4974371939898
53.3277698665616
39.0220375265926
67.1634684782475
64.0619448851794
52.5623065885156
38.1968042984451
43.4686786410095
34.6792910980216
56.8802971858531
59.6821985673159
36.2451626453549
67.8440049290657
41.7642363700235
38.3447922300547
59.0864920988679
45.1452100183815
44.8688932694495
47.6261978721046
43.130849301815
49.2562713101506
58.9564172085375
26.4264185447246
55.0995946861804
55.6264494545758
53.4982650540769
45.0301382620577
45.7017948385328
54.5945007354021
48.9104832522571
44.6009907747125
53.623457858339
39.5602539051278
39.5475115035374
47.2027679439634
55.140720680356
45.3758919073662
55.6188845541328
54.3512964621186
32.2719033104585
56.1487413477153
50.7563336752355
46.2302135769278
58.0693494528532
47.2316695377231
70.9253635215473
86.9089853495665
52.8661954216659
54.4022041838616
76.5080987433803
37.3693776056504
46.1871140170842
51.4826244208962
52.4964477401227
67.1412018593401
66.7745907790959
53.3875116612762
40.7358352094889
43.2757639326155
58.7220602590362
67.3280268907547
41.9222466620936
50.4514663945884
51.6033021733165
44.2072394769639
45.2917894814163
53.5498437006027
61.118648853153
45.2301200479269
47.2210222596426
53.2567420043051
37.5266876071692
45.9198973141611
43.0229092016816
51.1205996386707
69.0587604418397
57.2870579082519
52.3442931007594
56.1779794283211
32.741471240297
66.2932097446173
63.0012019071728
43.1059069000185
53.9175987709314
58.0251343082637
38.7322193942964
61.9778047781438
47.1478873863816
47.7502583526075
63.0561429541558
63.9856219291687
50.4601262975484
40.6512255780399
59.7991213668138
46.6799633111805
56.2361296266317
61.0416256822646
43.2907772134753
46.6107882093638
56.0764270368963
34.4134045764804
43.5332734603435
33.1377079244703
30.3010249994481
41.3359527476132
67.0458461623639
61.1148208379745
50.0402077751974
60.6482866220176
33.2329227589071
37.9864954516469
61.4212166052312
32.15825362131
37.3333308845758
43.7630735803396
30.7169098872691
37.5327450688928
49.3208455387503
49.2389991879463
51.8430041149259
53.8381275255233
40.9690202679485
35.5256961921605
64.7780733183026
38.1524854805321
50.6719841621816
37.9174387548119
51.5119282528758
46.2508225249226
43.4153299313039
39.0554044861575
63.1569696124643
44.0003470983356
69.5352069060219
62.2643386945128
58.3896858617663
68.3787791524082
49.3212247733027
57.1667766198516
48.1885435990989
46.0375839844346
62.8707912750542
49.8638962861151
46.530754202968
49.8566918075085
55.9092719573528
45.9733155556023
47.4128814879805
57.4028546921909
47.6846690755337
69.5484535726619
41.4397705260711
51.4857631642371
63.9673399273306
40.0068297982216
46.0979728860496
45.8686806261539
33.0429428722709
64.0485626179725
55.1034513860941
57.2497197426856
44.2474718852376
56.7447760608047
50.9199722204357
46.1138129699975
85.661812140425
32.883270457387
58.5939813405275
66.1537273321301
39.5075185690075
57.7043714933097
43.1672289967537
61.6869820281863
51.1822031345218
52.9635701328516
64.2292887438089
34.9515996873379
61.2116869073361
48.9891888573766
30.9049532112366
66.0718561150134
61.901626503095
34.482581820339
42.0394615270197
48.2258382056659
38.1278119981289
63.2932181470096
47.6403605658561
32.9106940422207
61.3188305869699
46.0899720899761
23.7170068395395
58.875800576061
34.847365366295
24.4827987869097
51.9779586233199
34.902047784999
33.9292632289417
40.2749807379586
67.7499365061522
49.2104401960009
