"x"
26.8547755433246
30.0550715066493
17.3227805178612
29.7977905953303
27.3670655908063
23.4045239165425
27.0359126618132
29.6407536137849
28.9285684470087
18.7223278684542
27.4015142815188
26.0495828517092
14.0061454280361
17.2410368919373
31.3927280483767
24.3897097418085
18.5734049266462
32.6585459057242
24.0296384086832
32.0022558846037
27.1649971371517
14.250263874419
20.9074065787718
22.6129763294011
29.2213828070089
16.0751278046519
31.4713352592662
20.1198241440579
16.6746034519747
32.9518959857523
9.68388211029545
31.996267195791
31.0861305100843
24.6547457994893
13.4097401052713
30.6044615572318
32.2574701160192
24.6629937986371
33.6410437943414
34.0850557433441
35.0766473374849
23.332347095446
22.2377020632848
19.4215046009049
25.4649256177707
32.2721789125353
29.2024391470477
28.0432617757469
29.3937182286754
23.5024826655474
30.417545652017
25.2275575185195
22.4115134216845
29.7507221577689
22.2251471329402
24.4168462697417
25.1826476538554
30.9410734019889
25.00029518269
19.0480360994115
26.1952282162383
33.9446294819936
18.4961418155581
26.6351114484909
32.0897435383176
13.4876269780293
30.497121415101
17.0124817173928
17.6908030641434
26.8920788308606
27.0219663394454
18.8677710406559
25.2668660599738
17.2327027423307
30.0839284667745
28.3273288514465
27.0859444979578
26.8147052265704
17.8227469343727
23.779556946829
27.3474340792745
21.656641876325
19.1345686558634
27.8624062193558
16.4111783960834
27.9683770495117
25.8528073783964
22.0909832976758
23.0877662310377
24.7629018164389
26.9594229059294
43.14858750897
13.4652892593294
26.115642806696
14.878686517477
17.0496337800129
21.7519826954231
26.3638585107401
11.5286466432735
15.2395554352552
22.7253831690177
30.1833880783881
32.0697746705264
13.4694570675492
13.5516703128815
21.2053425377235
34.5427997410297
20.9804097190499
25.4262906499207
21.4013030054048
15.0429948233068
20.0413657585159
27.6318309461259
30.1250839373097
15.6633058097214
27.2560112876818
24.2096011616572
18.5241207480431
33.5029896115884
18.4718871570737
25.5127811378633
29.1995832230896
32.639102335088
25.8475697003365
25.512141501531
7.07751073983054
22.2593761747703
19.4767110515386
30.3110790023692
20.7863483810797
19.3102315999568
28.1356141204014
18.3875294867903
26.6818654956296
28.1669887714088
22.2306530224159
28.7383966613561
24.7012714855373
31.451708660461
20.6031850338328
20.0176779413596
26.1102586286142
32.7255311189219
17.8221570527542
27.9551847139373
24.5907005067638
31.0652597574517
24.2082226090133
20.1314627103584
24.4726748438552
27.8688218677416
32.2930356720462
22.2585979201441
15.0568657321855
26.2987780384719
31.6406561993062
31.9477382581681
20.5756493611261
22.0138148870319
26.0097825434059
25.2210455713794
28.6589108873159
28.9178952109069
9.33151958310128
18.491735891439
22.846145206131
21.3744606589898
24.7955214232206
26.4752331422642
22.2662787651643
13.0512770963833
32.2787371464074
15.4385643014699
21.0045978659764
30.6597864255309
25.0349403358996
32.6762764481828
19.1453638486564
23.7428681924939
18.6014868551865
32.2038349695504
13.2613398367539
22.5787315517664
27.1889503346756
19.4693701633522
19.6371976053342
16.9626716058701
31.9290768355131
22.4848727954839
20.7389601506293
13.8416885631159
21.3140051346272
32.2080965619534
27.9390983749181
30.0293937092647
31.5677845850587
32.1587172802538
18.4377090600846
19.2872303072363
22.3301893332973
18.3764753164724
32.5804614461958
17.9223250597715
31.7819879157469
20.7181373378262
14.6410168847069
19.088543462567
21.7595695285127
15.3117431506809
31.3814864726737
28.4550641197711
37.3359420209987
29.4802681775764
32.5285236584023
19.5920378202572
34.6893389688289
25.8348627248779
19.479194865562
28.6051144265647
24.3383479304612
20.6354261529918
16.266445396468
24.3879619741676
37.9041664281345
13.6920304968953
28.6697466857731
23.0448795510199
22.9134417837486
20.681767561473
23.3848285861313
27.3229860933498
17.6322357496247
15.3652459750953
27.8926176717505
27.1352084120736
25.4113773349673
25.4997837357223
23.2489437796175
19.1530467243865
24.0353612462059
17.4447486759002
30.9673515614122
28.9390500169247
22.430963255465
26.3825291767716
25.999275282604
25.458360905759
17.1348825795576
28.6803785478696
18.743514650795
23.0965762492954
14.1476226737723
25.5149753531441
21.8904634006321
19.8772320756689
20.9402882897756
27.7383864624426
30.3388113155961
21.9723392277956
27.0032421452925
25.666232665466
14.3957337830216
24.0507459267974
22.7351157926023
23.9216991933063
22.6435286924243
30.8614026755095
12.1374824084342
28.2197951804847
17.6380669232458
23.3150918735191
38.2867345843042
18.0059725651518
25.3642001654953
27.7731993468478
19.8514246951407
38.3338616487717
17.4445145775769
25.2217722125351
30.2165516419336
28.2270326279104
16.2348602432758
27.9791159322485
17.7688372088596
13.7035914231092
20.6162178888917
25.5252155475318
17.5196119172584
22.3762989517545
29.9703244352713
24.4243976427242
35.2104856145984
17.758541717194
19.0739253768697
11.9239600608125
27.1244597388431
24.3930891854689
26.8349522026256
32.4196115601808
20.2639047987759
29.5114252949134
35.8633385173698
34.2208699090406
38.0454216009562
35.4542794032715
17.7722723389259
25.2766616875306
16.4863827172667
31.8084649508819
26.4092708239332
16.1417600465938
23.0739993508905
24.6049178065732
25.2985663712025
24.3512100772932
28.263856866397
30.1654211711138
36.5686481276417
14.8098889895381
27.9944437323138
31.1142417835072
25.7383197313175
15.4674254357815
20.1288921292871
29.2694665957242
19.7825647424906
24.0212078347588
26.9829608965665
30.9428955295402
22.3983618663624
19.9790405109525
19.2492444533855
36.1665973884469
34.3519693007693
28.2927570398897
33.8161429623142
25.4583001602441
17.3323235915768
26.973066222854
13.2520313646936
34.717995811016
21.4867142960429
34.3837453518063
9.91631220367479
29.8914654878899
26.5763115836307
13.1430430104956
21.270888694562
27.4014548165724
27.8824207838625
26.4544317265972
25.0095049152151
17.6202627364546
29.1426389012486
24.4088238105178
20.712300117469
14.1919721150771
20.0830889478502
32.9810267314315
16.7675534030423
9.63083930833159
28.2775415569768
25.6093812407926
21.3717627804726
36.1423498929894
24.4803918292746
26.2667968869209
28.6696664057672
24.5101503795013
26.0362642118707
18.2314706034958
34.3733505578712
25.25684107095
27.0396968349814
21.5635248459876
25.1672736369073
30.9300057822838
23.1131847016513
29.4621784938499
31.8465244956315
26.4523694847699
25.088103255257
27.5617325911298
24.3617296451703
24.8980884781956
30.3256136830896
21.6686117075105
23.4422465087846
24.3140284437686
12.0486455162567
28.282678405753
30.6255467468873
20.8513047546148
27.3603189270943
19.0538126509637
28.5390083910897
26.4203644086344
21.0308122659604
22.3248634953052
19.2568784188831
43.4288697252686
24.4756723055616
32.3524417355657
27.3157883901149
30.2808663109317
9.88271818496287
31.9790449691936
21.603893651627
30.1054137060419
22.9685693155753
27.4124019313604
35.6587231138206
28.8646202068776
20.5662417691201
19.1324165323749
34.7403836415565
15.360030089505
36.3206422401077
18.8171085203066
15.9169006161392
21.0083710029721
31.2811734387651
26.7588793532923
31.2479759100825
33.669370948337
33.8938659755513
19.5114416535944
22.7983638088924
29.3649009196088
28.9869041414931
23.2306820573285
22.4787275772542
22.5291742943227
27.449615043588
16.3787787780166
31.9301386363804
19.6745978435501
23.858764464967
16.2896041566985
22.5818811846757
24.8512197751552
26.291815048821
25.1352959079668
16.6090712882578
14.0093112364411
24.0448935885725
18.6339861247689
29.9990172870826
22.6833578573276
25.6078439299017
29.3128059711307
8.580606081523
39.5216929705298
29.6424231259152
16.6937605687597
20.8897224627435
24.378937878646
21.5190134942532
18.5068916063756
42.2293318414545
29.9942198442295
28.7603951990604
22.8351907804608
22.3422221373767
29.868179699406
25.8864072101122
26.7546484945342
19.6029664948583
20.9978298284113
31.0747911615228
20.7546249749019
23.0897354720041
30.6083056610078
24.9140274988061
26.5160820252951
22.2124909749255
14.1876207431778
31.8834857083857
21.8621834481246
26.1773692676798
21.1925440002233
22.3773890873417
26.4709770213813
20.3615300823003
24.1065406939015
23.942993208766
27.8676576446742
25.0243451817846
21.3382243887928
33.2592278253287
17.981394380331
24.7079051798873
10.5152976332368
20.351364827529
21.8018385348842
22.6973350625485
22.138480655849
27.9169199056923
16.5526096709073
24.0658769384027
31.6135549917817
18.1805482599884
28.9687110809609
19.1407245583832
8.8167043402791
21.7690132092685
25.6498022936285
13.579121674411
23.8936623558402
14.5401421176891
17.8032248746604
21.1862364783883
24.3504244368523
27.5302040856332
15.3740991377804
22.8637034306303
15.6684968387708
21.7094460047322
33.4354392020032
16.949085588567
26.9228169160862
28.8623249623924
25.6542525459862
26.5050381887704
29.5383491087705
23.4363072318956
21.7390367235331
22.6055492414162
3.76793544273823
24.2346021812409
25.0775076448917
31.8343888968229
25.2727234270424
26.3711673207581
26.610780833289
34.0781115693972
22.3987377248704
17.6067506707861
23.5701100900769
20.9748610963399
22.7968028979376
23.9619604311883
27.2989945020527
28.1635278835893
33.4118797210976
22.4246140336618
17.9268570849672
22.6092072902247
20.5917056786752
30.2811602130532
29.251049272716
17.3217372968793
25.4933776799589
20.0299641117454
19.6998810716974
21.0101527161896
18.474525725469
17.2624715371057
26.9567944575101
25.3866578219458
37.4775468816465
22.5921856472269
20.0926239602268
30.2785227530243
25.2542731319667
22.5186940981075
23.0328856501728
26.4418276958168
22.2668556495357
23.1533140783674
19.9874539859593
28.1667734729126
25.4016837430965
39.1163517599072
28.6224791141144
15.5900841769774
27.6160563807935
24.9235887080431
30.1526841474697
21.7395050916821
17.7029422132931
28.5298511851579
29.369506216608
30.8691020356491
14.6385844796896
18.9743345370516
29.4179552234709
25.0161423580721
20.2359409348882
21.0862011183053
10.3743904735893
34.2339327326044
36.780998201803
24.1822769384255
29.6921961475164
26.5019373036921
25.0784257194027
31.3540402567014
25.8573870407417
28.0794348800555
24.7503419173881
16.3797026732937
31.4229481387883
29.1211053030565
22.364597232081
26.4687082497403
25.238564517349
25.6196783855557
10.8273557852954
22.0924379071221
21.5498824138194
18.4739311225712
24.0956872003153
18.6712654253428
26.8019706010818
16.2918300717821
27.0444983534992
14.2136429162446
30.9511080151424
28.3895037835464
31.6924036946148
26.5284040942788
18.6997887619812
39.0217432731247
28.8501510163769
33.6271072505042
21.750319423154
18.7794740043552
12.1723054238156
18.9405334490755
37.8454366212195
25.0807845679733
19.2585385870188
20.134469633922
26.0774033376947
23.9464277797649
15.6151538310581
28.9982896065339
31.3919104402885
24.1407662862912
35.4839981495102
36.6026046199209
19.4146548397839
29.8707131994888
22.1807542257011
21.5958652086556
9.03957558330148
12.2457704273984
30.9021357214078
29.1727071162313
23.0733657954261
27.7736448450014
29.1051586857066
16.1386105464771
23.3458373229951
13.2459103595465
33.9106569066644
18.3586219380795
28.8659212645143
15.0772369699553
24.203504063189
20.9853615611792
27.6901844740392
22.2126733046025
19.8615164263174
17.7075816061582
24.6913176728413
28.6019552499056
25.010206270963
16.1992875452619
12.2249495238066
28.8462347554896
19.8837569914758
30.8159096399322
20.6347913092605
13.4425826370716
16.285519527879
25.57988751214
20.948678907007
24.008332611993
32.604594877921
37.8618794778529
24.6009721653536
26.8689669668674
19.3900696234778
33.5483137518167
21.923067024909
31.0366250341758
21.2139941192405
17.9135598009452
23.7570556811988
37.520434425906
14.1505867242813
23.2376283500344
17.4736417395758
21.5524653438479
33.0013059545308
21.8572801731676
16.8489679911386
32.6905521564186
16.4295151164445
29.1009473280377
16.5289825587971
35.28591543226
26.7966132611036
27.3507102159783
15.2579363202676
35.0615563781417
17.8764829130029
24.8748114422536
11.8117059348151
24.4923713151366
29.3378659291193
29.143697116524
27.4568065535277
35.5487365720278
20.5719656776637
20.4662557691336
29.4624002184719
22.361286173264
27.8422498144209
26.5426251105964
35.6582584769881
22.5136855849996
31.2154350802302
30.3504504961893
28.0868883755392
32.4687595712021
31.2346997437999
19.5842421646164
19.5725760422647
28.3040325855836
23.8534214440733
26.8050743034109
22.828179388307
30.8230537455529
15.8867392514742
11.6438218392432
24.7046486241743
10.2660976350307
28.9395076222718
31.252796787866
18.4129348956048
14.0620659803972
23.4856390627101
26.1732699349523
18.0411485955119
23.7248444696888
14.4889487659101
18.0025388021022
24.8730934247491
28.6156602203846
20.4121369868517
18.3409797493368
35.0546282695091
27.8148304671049
22.8620807640254
29.13875799579
31.8702552001923
17.3981684492901
31.6931782057509
16.8916552648273
24.5529274456203
24.7679734835401
26.5847451984882
22.7898300159723
18.8065215475927
18.5745065100491
27.0366337848827
25.0240159453824
21.2621361715719
27.8020258527249
26.0883552953601
15.998976918347
32.4395008152351
32.2259546723217
18.3723958457458
25.5465077701956
26.6999786021188
21.0109373554587
23.3022748725489
16.8237670790404
26.5075003029779
32.1542783640325
23.4840540448204
19.8990715434775
22.8119238745421
26.7941484926268
34.1141649289057
41.1763438933945
27.0592278102413
21.4699572883546
24.2617947106467
20.6893225976266
25.3033643435813
16.6026237860887
15.0037056413312
28.0840883729979
23.871192173101
23.0452259900711
30.5434367386624
25.2220758935437
20.8949943351702
17.7024270856255
19.0104425547089
24.2884544655681
19.1902496153489
23.1845248257741
18.1950914440677
33.0748352454975
26.2938488507643
17.4772901693359
13.192341173999
25.8651864714921
20.2710786808794
16.6725416953232
16.2527822035496
25.8362720576377
34.5320178428665
21.8613037335609
21.6082950821146
21.1532836547121
27.2347453748807
30.0159561447799
33.6408681701869
36.1339836360371
17.3381923930719
28.4059067023918
34.2184702400118
25.8854632964358
24.4820555439219
18.053917773068
27.838803967461
20.5691863084212
26.6536641380278
31.8821922875941
24.8585236025974
26.9916027318686
22.8300420334563
33.7907529668882
26.457175030373
30.0505572464317
13.0454007043844
12.7882233820856
27.1645136876032
30.6007602950558
21.9683689530939
33.4761267993599
20.0341050740006
29.9169231744948
37.0818408185101
17.3368433248633
20.547423325479
24.5345651172101
22.3428492667153
21.6135901864618
24.4800831424072
25.331024103798
26.2522796660491
25.8758666609671
26.7867155605927
24.6822140412405
11.3648634636775
44.1708695588118
20.9195631442359
22.1100458875299
30.0775344017893
25.9121243376285
26.2725320179015
24.6755197877064
33.7131851352751
25.7057178007366
29.3895821319893
32.0425041019917
25.4142063902691
31.5715048927814
33.4653757978231
14.802831877023
31.0742895660632
20.4299204982817
16.9935703510419
22.4462282611057
18.7824484659359
36.8076295042774
31.2631446169689
13.1867772498729
30.036758701317
25.6197198294103
26.286998949945
26.1692598229274
24.7363912640139
28.8990756152715
22.2842444432899
29.6730974921957
23.1895465170965
19.3003611556243
22.9953114409
26.8892828607932
26.8141949228724
18.1755271041766
20.3265930060297
16.8801819672808
19.8593531502411
31.4821173137818
21.1642228998244
28.7819360615686
27.0397542277351
22.0432151341811
21.3069946505129
26.8496362725273
19.6374943945557
19.3477143298129
20.9144186694175
18.9765836810693
24.8130526636925
19.2781359361743
24.7009328566492
23.6540984688363
20.0552530121058
24.0547833498567
27.4462858867736
16.8374012293753
17.6770486868918
28.4647824242711
27.5123385014012
32.6695496449247
24.790363619104
17.4163568532094
14.7406087024137
22.2549939062446
24.684414640069
22.6923728255203
21.7501858482137
26.0128644295037
23.461920558475
17.6528399344534
17.1293712221086
25.9376689326018
20.9059819579124
31.2526232330129
34.6444156486541
33.3798756590113
28.8591049844399
14.1775371041149
19.2975763692237
20.9592395229265
34.688485318557
31.4382687211037
19.1317302640527
18.3542191050947
14.3651309190318
14.8592435990869
21.6367006534711
21.949209808372
15.3738759410749
22.2016096813604
17.0915113994852
18.8620106317103
22.3595088813454
27.715356531553
14.0642195241526
21.7252799066341
14.6432409295812
20.0329709332436
22.73177979514
26.0264803189784
25.0886440044269
23.5010161763057
31.2121774069965
20.6197596387938
20.2901750104502
31.8708171136677
23.8433574791998
24.5493337813055
26.5751326689497
22.968407580629
21.875704625465
22.0133119029924
28.8293361663818
39.009435426206
15.87054037535
24.773422954604
25.7620855234563
25.7943006232381
16.9755889335647
24.8290820745751
21.5507035128841
16.1209668964148
26.4720960520208
21.9276171410456
35.0033300601188
26.3783880398536
27.1980351009286
29.7195645980537
27.4949581129476
25.6331098731607
25.9131744038314
18.1398762390018
28.9113764418289
24.3017374537885
20.6482667014198
12.686413995921
23.8330324878916
27.3530404316261
21.6813628400782
21.3995387312025
11.7519174003974
26.381437596865
37.7533201023699
33.0412028823048
22.9632566217333
24.7060638619587
27.6288473403607
21.3841091375798
31.044582510367
25.5214537261054
19.1063814563677
24.9058808898553
30.7620943058282
27.1908983355388
34.4320290721953
19.324219529517
22.6352053694427
26.0133823147044
32.0204514777288
22.1485001819451
31.6583432257175
28.5797127289698
32.325811102055
20.7641919555106
23.7388901878148
30.664083827287
16.6749072959647
25.5063199438155
24.8448221478611
26.3818060280755
30.0751114025935
32.4248078279197
32.1247928077355
15.2999226702377
27.7119025588036
25.322046643123
28.5954527091235
19.7311494499445
21.8185982201248
29.1993568884209
30.5402953133374
8.39379171375185
17.0410938095301
19.7364922845736
28.6759144160897
24.1387344198301
23.1074316659942
31.10769870691
27.8328930493444
28.4445901401341
23.4170261537656
20.4457311192527
36.6160736398256
16.7111598420888
14.6331268254481
35.0756784410705
18.0720221949741
29.9708907026798
31.6140870330855
20.3008105558614
13.6341717094183
16.7731600580737
24.0789202740416
24.619512190111
20.9123010281473
24.8039469122887
26.077175186947
15.6843155855313
35.1297699359661
33.1218471284956
22.0563288312405
35.3912532854126
34.2351347440854
22.0401966757439
14.1629871912301
26.5505125978962
23.6936277709901
33.8791526155546
24.7837475966662
28.2011794159189
22.9472960578278
30.6488402653486
29.982495168224
29.7764280578122
19.9580053100362
26.5616151271388
28.1573176383972
12.1467754971362
18.9451389713213
33.3797317231074
30.1437438931316
12.4595254506805
13.5945605812594
24.5841817930341
24.6697722648308
27.6960372459143
17.6163210162909
31.5391680691391
32.7990604564548
34.2995264800265
33.5100095253438
23.4691643854603
20.7371693104506
21.6824731589605
29.6930361771956
26.0610274970531
27.7725830674171
24.93081104476
28.811203136869
34.858236692608
24.6081954101101
20.0095398817211
28.0688764294609
18.6851801583543
14.6505421558945
37.5983053021369
12.0503685437143
31.5603444119915
23.7344748340547
24.1484368685633
25.2314300974831
21.3128664065152
16.1814917072
18.6694124015048
26.7698485404253
20.802987460047
18.4090939350426
18.1859840871766
32.801540568471
30.4090719902888
24.15582370013
27.5396542157978
25.2276103710756
20.4791215248406
24.0669905673712
15.8121045325563
12.5754207434782
32.0986344711855
13.9798696886776
28.0519649619237
28.7984815891832
23.9509716164321
29.5368576887995
31.4810951473191
18.1714421603829
28.1355286948383
30.6871094508097
27.2050747880712
32.7277533244342
21.7242826385777
23.0495180701837
25.2054576063529
15.1345167116217
23.5531010432169
16.6519847865193
26.4893197454512
23.5406129388139
25.1054775435477
29.0235203225166
30.4005608195439
25.2164491685107
16.3959936471656
26.9522573798895
36.9441452415145
27.6640964184179
16.0348453791812
25.4990275716409
26.8278466770425
16.6563548147678
38.9283151810473
27.7476127026603
33.1579376477748
15.5136944912522
17.7035096542016
24.0267146378756
17.6260799735019
18.432401237078
30.3372303722426
21.4605457858702
25.1124147325754
23.7543529830873
31.5392373595387
24.6979377040188
30.1004294771701
31.6876921569929
22.9817464016378
29.2003273731098
38.3440841899669
36.6343377503941
32.05469569657
30.9736599214375
18.6717066913843
27.8593319002539
24.4061710312963
22.2326297545806
31.4153971129224
20.9511209279299
20.6464205402881
18.9832397038117
19.6743375854567
16.7210852494463
24.9456554884091
20.5502341734245
10.3698040358722
16.8008509129111
15.6818617833778
35.3104610244981
26.580947265029
28.2151691382751
22.826572919106
23.8410315476358
25.8858601795509
18.0327976524863
11.7781235321177
22.9191375663504
19.3103213561699
26.0271895676851
10.268641053699
18.5715708648786
26.4066836098209
26.2314616702497
24.1159992292523
17.4581278348342
29.5208249704318
33.3250688388944
19.4108189782128
15.8946444898431
24.3398069171235
28.7130139302462
25.8172231493518
36.766726055876
33.9859578991309
26.3790616998449
13.0094496379904
28.6417150404304
30.6644606636837
21.8930318485945
16.5252051683928
21.8821581685916
32.8460105927661
31.8801061715931
39.1920911127186
23.8974023377523
22.8150039212778
29.5765991089866
26.2313698418438
31.4541567349806
26.4300417387858
29.2314065154642
34.2934283893555
31.1256843153387
25.3360661212355
27.7475792681798
23.4251156449318
29.5070803623764
23.0187973473221
19.0525322686881
26.3899482088163
29.0453664492816
20.3093985561281
19.5967404637486
30.5394392693415
32.7558542368934
34.5351187279448
16.0605811048299
28.6851759534329
32.730675325729
28.2712670043111
31.2625560678488
26.4045715797693
22.7267647860572
31.3534509623423
26.7028169706464
28.1433926196769
21.1677936358033
28.397407149896
25.8169133914635
26.3611357426271
11.9709169724956
15.4113233130183
22.0347370309514
17.5917753661025
15.0352916680276
30.1830549025908
26.8423276953399
21.4874773984775
18.6604456543756
28.5994378384203
25.2477278467268
19.7102511301637
15.9948992613987
23.6407534684986
32.0977542782202
27.7894909959286
20.8259857725352
27.3768130457029
31.859940639697
21.9016259303316
31.4857861725613
26.3135949149728
29.4330829754472
24.9098845059052
18.4600288746879
25.1233128830791
23.2435279192601
16.0091340307223
16.2449333614849
16.0126199904608
28.0089433072135
17.8694872651249
12.5894735567272
27.3362911771983
22.5304457379018
25.9376676258036
27.6601693592966
31.1031885910779
5.56250584957297
18.4758054558188
28.227504901588
24.4887168519199
22.7423608768731
23.573151882651
12.580176326125
28.8607237394899
27.6107693091035
28.09720300138
29.4435476884246
28.4687589388341
19.4508891775725
18.2586459122577
28.5821676719934
33.1256259698421
24.7719675768167
17.0339496340603
19.6861856617033
18.8156880205497
27.4339164607227
15.1321402518079
30.7367024477571
13.9825497986749
20.4137132037431
28.1274202279747
22.8071982273832
19.6557337478027
22.8215346345678
28.3080611610785
23.6740455729887
38.8203181771046
25.3469630144536
22.8540667565539
29.9177813110873
33.2741038640961
31.1596656451002
17.0773497782648
16.1593465674357
8.40895054861903
29.0831149090081
32.5073528569192
16.5111535720704
15.2098313897005
21.7461813474074
28.7593674613163
29.6578590990975
27.6897076517344
26.9812379032373
27.6385672623292
22.3093404161918
15.4752268223092
21.5372817125171
31.4527182839811
22.1246849512681
26.788934529759
13.2258043158799
12.5771464268132
32.505920343101
23.5261350171641
26.3039664365351
23.8124747760594
24.0046805236489
28.3643767237663
32.6872090576217
7.58714219555259
26.2337436201051
23.7845101393759
35.8324867452521
23.9554591011256
27.7109836311546
21.9063550932333
15.178640303202
27.0811906317249
33.6576788220555
18.2890255469829
9.88569448236376
28.303560918688
22.8388461982831
23.1137780705467
23.9252523751929
18.8833840424195
21.4752759211575
21.2802381720394
26.0009108111262
25.9945927351481
13.7826777475297
13.180666332264
32.3895470937714
32.6267146272585
29.8911669767083
21.7766734305769
26.7627208027989
37.778036200281
23.0122145963833
8.88090508524328
26.6919275047258
11.8759201141074
16.9345570728183
15.3717073179873
24.681669101119
30.0914146006107
18.8647670438513
23.8517017569393
25.7632035647122
22.2092159476153
22.5697064418647
19.0311142010614
21.7006111517549
16.3714292551226
27.4002003949136
23.414376587607
18.1683510774747
17.9013518616557
21.0398572962731
28.1491323124055
20.4039285554362
21.7732288207494
31.2537483638152
23.0262602446601
22.3932603278603
22.5277899553238
34.8550605209297
33.2811383996159
25.925558549352
18.920739996247
15.2674139942974
27.2847556043416
24.2419203510508
33.1587448716164
28.7505043903366
30.8533794479445
26.5941940946504
24.0366189740598
26.6918231500313
27.6224104232253
34.9143006707234
13.6412244630438
21.8899499159306
26.7186834709719
22.5387520855293
10.5390496198256
19.2748960340396
13.7989705661312
16.2276143673807
19.6177769289756
26.4803573489189
34.2308087274432
25.8641617605463
26.921989582479
23.5036748694256
23.7703463528305
18.0974348681048
30.5729153100401
28.2638140022755
15.2790867956355
19.8678517481312
29.3236196261846
19.6619973983616
35.6780489420003
21.8703752836515
19.2408985458314
25.8311193436384
24.5375663973391
23.5975590534508
14.9480303205674
22.0646463567391
15.4308003606275
31.7804009886459
21.9580740435049
16.8349163373932
31.8400892661884
32.4045095127076
21.2708841077983
25.6916634039953
15.6645694049075
26.8161639105529
30.4131260607392
27.6454317383468
36.4859739763147
22.5805555470288
28.1455631833524
25.8060835767537
22.3238439531997
23.7766440309347
21.5136544313282
31.4762162277475
24.0390883293003
27.9936782317236
18.0118647404015
22.3382252501324
32.119132229127
27.4215982089202
26.2020635185763
28.432042754639
22.0327098388225
14.1834867899976
27.0823560422286
20.0986551589528
26.0155624942854
19.3380185471141
32.2267185198143
22.7220614207909
22.9240527143702
19.3253664247986
16.2005376969609
21.286145504564
22.3653654924872
27.5286123156548
23.5394833609462
24.5836084677583
31.7390088690445
29.2999908328056
18.2480986695737
20.9108030656353
30.9164672391489
14.3338745692745
26.4541120268404
28.9693472501309
34.6325098769739
23.3787652105093
25.3088536439463
24.8073701513931
31.0977987013757
19.4147643633187
20.8466453943402
31.8587259622291
25.0607651307154
33.6632336955518
13.1487781414762
27.141711069271
18.937882524915
19.1798011073843
25.8069587638602
14.7887425497174
21.5124992653728
21.8110861955211
18.2926511391997
21.7193342279643
17.5837357255526
26.4807512750849
32.7769293449819
30.186438630335
31.5642275614664
31.0923216165975
24.5534084970132
22.4775122478604
16.7663402156904
21.5310825267807
18.0530820369831
29.6492321882397
15.4665770940483
26.7175006680191
28.1087471870705
13.4528449736536
33.763055712916
23.3218048000708
23.7986764172092
27.7572750346735
36.1324267440891
27.333137835376
23.4355560736731
32.1231925627217
32.7292680041865
29.0152843437031
14.9419046938419
32.4850938282907
17.1355826314539
27.3966173408553
24.2963277734816
19.3042249520417
20.1152754481882
13.1285845767707
33.9560741791502
18.9640602562577
22.8749241214246
16.6846115374938
14.5198117243126
26.6681198962033
25.2387144602835
21.4060888392851
21.786552388221
29.5754086924717
35.2462788557118
27.6787074981257
24.0068251499906
34.563277894631
28.2137695234269
32.6270375400782
18.5454809106886
21.2914780480787
17.3365277471021
18.5606461018324
20.5945121357217
17.0477338833734
21.5068777557462
33.2348741347876
29.873101064004
45.0465190203345
29.0418447926641
35.001172750183
28.618423897876
21.3656622683629
20.1675511430949
16.1988671403378
27.9649518895894
19.6170066017658
24.5415645185858
18.0912424111739
29.6305868076161
22.4885648582131
21.2771974791686
24.8311966890469
29.6081103914692
10.1661691827312
22.1704761963338
21.8810013511872
23.6609497120035
16.0147310933098
25.2341358265137
20.7401227671653
17.0574822670286
21.1423101801949
16.8699426343665
27.5688785361126
22.1183462828236
21.7408796073869
9.87774363543921
25.0605825709806
20.590889127925
17.2432015417144
33.2521124742925
33.1593697192147
19.9072977760807
27.1781778894365
12.0298931375146
27.5876373518258
36.2381050957344
29.6051068929955
21.9633660353127
18.0445481440323
29.52201126609
18.5573916416615
10.4922074741026
24.5089019183069
22.1946814443211
28.1687777256593
20.1267625438049
29.120453633368
30.083041312173
29.0066435700282
30.9376890072599
23.7260584020987
29.8015531385317
33.2240258343518
21.5597517322749
21.0224688984454
30.4060710826889
27.9040016890086
22.1729799173772
19.4869438214398
37.1328368276974
12.4532246729359
27.945496304892
22.6019815076143
22.557892696932
27.6405812979207
20.9417066071182
20.8986927594516
22.0793015789241
20.5392026575282
33.9562987908721
15.8173067426237
16.8382459552959
18.5381198301911
21.9780560016484
14.5516824442893
20.4301822232082
30.1392124500126
29.0353179443628
17.6644806517288
31.1983750201762
22.7275769924745
24.7938169632107
15.0247964873299
27.4693509330973
24.2476226296276
22.5473578553647
18.1262618396431
30.2021138835698
14.1650207340717
37.9329521032319
11.418640287593
15.4824261320755
34.7644890171892
26.2541680829599
25.5088272154876
20.8277889033819
28.7992156809196
25.3347902791575
21.6223777364982
29.4741931604221
24.3160775164142
29.9371117027476
22.6767656393349
20.5425981432199
29.9976262031123
29.2385900393128
24.5383070781827
26.6372427577153
31.9421650376171
26.6557620372623
18.4849660843611
23.8350106403232
21.8814663821831
20.388017753151
25.7970968261361
21.0713376291096
20.2836408279836
16.6014528748687
27.9819820774719
12.0179901598021
21.5362628921866
24.3815789464861
29.9744801338621
18.9863479230553
23.3539124644187
28.7724757568344
26.5303080203012
21.4043917832896
26.8198175821453
19.3832135060802
14.0144026372582
21.5940573951229
18.0525258881971
24.5033906772733
23.2689873929231
13.3070238400251
28.4345677820966
26.5816672006622
22.7772869868204
20.8095844602212
29.6438681893051
10.976448492147
17.1867040917277
30.1247354131192
14.9650743464008
31.8557376973331
20.3468032414094
20.7063847919926
20.8268152084202
24.6601650724187
14.3896153196692
18.0577523075044
23.8215234829113
26.1671116342768
25.0715143745765
30.4670086828992
21.1493754614176
36.4646397510028
15.9012212185189
29.4056290294975
20.318934612506
27.00778497383
28.2978740520775
32.2412909008563
23.3017644379288
22.7808494353667
32.8427379252389
19.9617695529014
28.8601266685873
30.3363414248452
27.758715255186
15.8224547980353
31.0643323464319
26.7941115424037
25.6274148589
19.1159798530862
24.9476300086826
24.4637241753587
18.2669157162309
20.0992778642103
22.185267903842
19.4543569814414
15.8957217407536
32.5183455599472
23.3560025409868
29.152963263914
17.7535077091306
28.2569760922343
17.5730759767787
21.05760097038
29.5332098845392
22.5646791983254
16.6056684684008
26.5856648096815
17.9100601235405
17.1160916319465
29.8557479400188
14.4854865036905
23.1692691566423
23.8201489672065
36.7806233910328
17.9850770160556
30.733096995391
15.8424727618694
31.0245764208958
23.1079003350746
16.8100572889671
9.89622140768915
18.7426534391251
19.9415000992048
20.4448488540947
26.9667211920023
28.9334300206974
41.6720573769367
26.9752463791519
28.3214436611161
27.8744150884449
21.7211781768128
21.8995275674388
24.5863428106532
23.96528464742
28.4010805888101
29.7506511211395
30.4245803531491
30.9996118303388
20.527695864439
24.3600903777406
23.2305258046836
27.8456852538511
34.5235535409302
22.5429124897346
29.5200304676254
11.2612087046728
23.0666788993403
29.7789569711313
13.2029952502267
17.5208582310006
17.9391553859299
21.7599494801865
22.7481574984267
30.7126694824547
23.3327485388145
22.576762774239
27.5426456239074
25.7762728724629
18.152076715468
29.3384922435507
21.7010640404716
27.6207665679976
25.3601439958103
28.4540929133072
22.7824946632609
29.5650215586647
26.5292619820684
31.2576526077464
28.3695062622428
23.8995717139915
33.3516640588641
20.6597789656371
32.3894544038922
28.4159268951043
25.5315877519818
12.2061346044799
18.8610797049478
28.3831217326224
35.5728137285864
13.2417582441121
22.7775132050738
33.6720053106546
37.3641631544983
25.6570157362148
23.3202073024586
23.7789305392653
20.2081260258841
26.4321484137326
25.2510793210613
31.0192255070433
22.4205680816604
32.7385539654642
22.4652818171307
24.8002693988383
27.147349040024
16.07618953567
20.5681003862992
29.5484573681168
22.7068901760504
23.7252672668546
18.8383508007973
26.6262654513399
33.511584578082
19.1153903960813
27.6255779433995
28.1794019509107
23.8622712437063
22.4628943717107
20.0906702550128
29.4587695565095
31.8545228103176
18.9887749962509
30.7945870328695
23.1886321327601
22.8150862036273
17.6963878394967
26.0932796169072
25.8415742078796
29.8073157435283
22.0500327181071
14.9823050247505
33.7465290678665
15.1242202846333
14.9468847872808
16.1274141166359
31.8197378655896
19.8007779428735
35.3017880249672
32.2898428654298
20.7696326775476
17.4129075137898
33.7874107994139
22.7066485211253
27.0432089222595
25.8145110681653
38.4555202258713
28.3855781657621
36.6148536785962
28.5047229379416
25.7294095586985
21.1189760360867
25.4427835282
20.9558420116082
27.3492729756981
29.2720897123218
20.0503284565743
14.0829247422516
34.1794775798917
27.4968192266894
30.3936448181048
27.6225832756609
21.7721732566133
19.5705187788074
21.8207542318851
40.490050704912
28.0408425643526
21.5431140260367
24.7357788262889
21.0191340185702
20.1290578814223
22.2255958709866
28.8901673164219
30.286102485843
17.6790779223666
26.8942693957701
35.8130058366179
23.0917055581524
12.0818943018094
19.8675341438502
32.4503821767579
21.5308086494057
26.8254851456732
31.8057328462601
27.3688344052061
25.1620341325179
37.3565781374878
18.7170395860448
20.94709596131
32.3301200754941
21.3095557875931
38.5492166535372
20.3041317407042
31.7891984945163
35.714092585391
34.9556804119549
32.1913423249498
15.8356182974119
16.4532718714327
12.237901644476
