"x"
1.16398707032204
5.47540527768433
15.0773247829618
4.31662769988179
5.96548938192427
28.7044033873826
18.36351105012
9.83291561715305
14.5068780943228
8.93275523558259
0.913717637751856
14.9248342115871
4.26344345323741
2.97460360452533
3.17112080584473
12.0353081263602
30.9800132643431
8.3071964327246
3.3837524638234
9.84235852956772
0.676378142088652
8.42078733257949
7.6929870652411
13.5920124594122
18.991926824674
16.6563714813356
21.6238899622113
13.7593346159907
3.53079978376627
16.0981697222372
2.41389642469585
7.82300047576427
34.5383976208908
5.63983922323433
2.97974509164472
1.01597364991903
17.581457658614
8.7451383845877
14.3739669583738
19.3248576950282
3.7345202639699
0.809706281870604
16.811606468427
14.0570593997836
1.46984006278217
8.1003590952605
9.29639027453959
2.47579184360802
8.27174527319361
1.66734693011541
3.36628274632733
2.67976926815948
0.357584006738541
9.15740243714958
18.3921387419105
3.57586429454386
4.80320900678635
3.26283392496407
1.67296362760057
8.33097747527063
13.0203034263104
8.19854724387209
3.78705342300236
3.92918456345797
10.6189596932381
17.7326443609916
14.8811251856387
11.7542938794941
17.2555460229002
18.4157480485737
0.334334930904469
3.25541817583144
0.96952230669558
12.4520456418395
3.60942319966853
17.5741328688574
14.5621013328224
4.74958992563188
9.97928471720557
1.66573273018003
6.96209375746548
8.60621654428542
0.54910911587007
14.3213717732579
12.4040669196018
10.7069514395577
11.6741287713411
15.7202501781285
19.7679758447186
6.22239966695112
9.54742417670786
4.11726706661284
8.50595856784419
7.09217651747167
0.25277491658926
7.80562425905839
5.36797707900405
6.95426648973711
1.79451371302611
10.2855880744755
23.6568029092645
19.256036914885
17.5032872706652
3.49437243066977
6.33403839845633
12.4857512302697
0.0211108901279621
5.14131742529571
9.87798331771483
3.66497645154595
1.39974378980696
9.53250145539641
1.89060163684189
4.06788219697773
19.4917000364512
13.2146375719458
25.1668754033744
2.90082715855229
3.26058180071414
19.092710595578
6.23813285492361
21.5289268090698
4.67587673093968
3.26400162142798
12.8621642943472
1.49668998671193
13.6854679971453
9.60922846888032
14.7861345205456
5.8392860401663
8.88974825632028
6.22844816856156
9.60425939410925
14.167907834053
2.90723633952439
9.43839475512505
26.4028949663043
4.61268108338118
3.23869124413255
7.32511141483758
7.71369058638811
0.465133646503091
14.2313570249826
4.05123313745867
18.5915891076094
27.0361385308206
10.6690426168984
3.38440113700926
5.45787992466366
10.7865971978754
12.1693338267505
4.26930449903011
0.759038415298737
20.7086063921452
1.15323625504971
20.7169351167977
8.95052057161127
12.068804865703
1.82845205511592
2.16731866993305
14.8141303724863
18.2190264877762
4.13443137977938
6.36739628386452
5.5083785585408
1.33251161314547
3.80464632097897
17.0245834115477
5.37728167381392
7.061738156503
14.2620071004993
7.36010703258216
12.1899793855846
9.74226811712191
0.302523002028465
20.2893355861306
9.37301949597895
21.1756539531052
7.41421896342635
14.1030949540436
4.9498639528671
3.85046481205018
23.86026205495
2.6491311378777
20.0507366098464
5.71169024333358
8.0779496114701
12.2402513990332
16.2538191769272
3.45913777244309
9.49519228521391
8.99907555435122
11.2568367738277
4.07164940651638
9.44896979680872
10.4317767545581
6.50513876577018
5.11740152724087
24.4273062329739
9.16861928999424
12.0149265509099
0.546462135389447
18.9005866181105
6.60029310527879
16.1467451525712
4.99261076988515
9.55253245489612
24.4361039251089
1.58830899745226
15.1590315128945
2.15969061992388
2.89937541820109
3.87291896547455
10.2409339975566
2.64060096815228
5.72217069414078
3.50617361352825
6.13071923972329
3.44600139558342
8.99790260159952
17.6938716322184
0.031982408836484
7.87357167867983
12.069264985621
9.60697717964649
13.6186222080141
2.61519160235626
6.28593216536158
2.54192561842501
20.6435846630484
3.60651366946487
11.1509948781374
2.65913406298414
14.1257186571747
13.3711286183849
7.00967418961227
23.0966739822179
12.9008318730873
4.94780721862684
6.12584301270545
3.63635555841029
8.78433352336287
9.27164605818689
17.4395643174648
14.8062081076205
1.64568297049376
6.0135047417134
1.43373985774815
0.916333089992447
4.64837052859366
2.09407111127753
7.72783905267715
1.05458122621314
20.4284211155027
7.07840270358444
12.0365421287715
1.1792788532054
5.52512817084789
8.19557779468596
13.3539949708957
14.5072846738312
9.18119974090021
8.83850385434926
4.58502536639571
13.2987268025603
5.10870451107621
14.9532979354262
23.9924670662731
9.89726028298186
6.74233380705118
5.29412417672575
5.5998796376133
3.05161466822028
27.4492443539202
4.66828560456634
1.26053234562278
2.81630316749215
11.9348722302282
6.12072255462408
11.9342659134418
16.6913772933185
17.7713063716657
15.7276541373514
0.412418460473418
15.0819605123669
6.83513428084552
19.9171541258693
15.4407705678197
5.70798012841631
12.4496353324503
4.01131100952625
2.46465541428132
8.68749660439789
2.47600767761469
12.0702331564842
15.6609939317019
7.42883192447787
4.10616430453956
4.28185672544221
6.83882854038403
6.95318481884897
26.0139557998627
2.96192109981176
26.8418399617076
6.15961789153516
2.62184632010758
1.90767110202839
4.77508510050031
14.8836630862206
16.506144637242
15.7197533613028
20.2647495549172
12.9678965080529
14.8477134557852
13.1559903306808
16.2862092993028
1.0473606110577
12.4368865508586
5.73111875173755
25.7724133418298
5.40913608813862
4.32187500409782
10.9289037467701
20.0836973264813
4.32140994135647
1.72807965427637
19.7192035149783
15.9791188314557
10.4581088516021
6.81784269399941
1.02452854625881
4.27014348097146
0.932114807762161
10.7676470652223
9.25957259310121
6.87578129582107
19.7895479388535
8.43110042624176
1.11425169743598
4.79481643997133
0.0927509739995003
9.54056115515603
7.19108786433935
5.52450227551162
8.0032161436975
10.9667027140444
0.500194868072867
5.32059004952632
5.69482788732226
0.144981559608533
17.8702108096331
9.78188049710865
3.55401653796434
1.01715703494847
20.4103427939117
15.3333863237981
13.9818316974614
22.8902494069189
14.9357453919947
6.87973783351481
13.8127222996318
4.0051359490695
1.66797154198042
11.8552734144032
8.60025580041111
15.4301772777611
4.73404372902486
0.324035342782736
12.2497607729434
5.12269572354853
6.67487201280892
4.34797026861849
12.2794291022256
14.1439982689917
14.8840914946049
11.2799917347729
12.053768727924
3.16568332740618
20.8328056729761
28.1340688990875
4.93872701190412
8.75131730214732
17.6434000022709
1.45246125976718
18.1983513757586
8.51928395987485
7.1391437202692
10.977049684152
3.00187789835036
11.4333573506718
23.8445227965713
0.105480244383216
10.8065648231835
16.6358349313635
16.1306977272034
6.73504612311089
26.3274162542075
9.83398584648967
0.670363816675156
8.76006721518934
3.44648657002721
0.00810825376710492
12.2222185600549
13.519984311178
17.5397622399032
4.1761656454959
8.59810556285083
12.9664781037718
5.01797278411686
6.41076333918957
14.8496371693909
12.4163890257478
2.66841570846736
11.3078823761948
2.12589167058468
10.1425874340635
7.9065578116577
7.19607504078112
8.45494800174035
5.2987061906606
5.29202839180495
4.47164926006064
4.42789161857025
11.148860485
17.4021572089535
10.1266840313221
1.80925647728145
2.25434117019176
3.86808472685516
12.9182381555438
15.6909055542201
13.4162417147309
11.7719965521246
8.92285599357696
13.3633591700345
0.812389803250003
2.69677229225636
21.2067585904151
14.7003011016876
0.71110874414444
11.3247173838317
13.6483495123684
18.8896669074893
1.96945149823135
5.87483168903037
5.28027517721057
22.1837722696364
6.43123602875939
11.3966185133904
20.4148115590215
2.30348541214732
0.950740129025229
9.37867409931109
18.2102690916508
1.62919824942946
2.81914541115755
1.95920509286225
4.71802072318978
15.9094417467713
6.17239028215408
17.5747082568705
6.3289272133261
11.6528127274517
10.3559406474233
5.43460160570375
22.1519900020212
3.33098522387445
13.6128584388644
11.0149996407235
4.72063552988676
6.61370338629506
1.69017938897014
13.4515955112875
1.57716162502766
2.03806767240167
12.3439044655042
16.107144295538
15.6181221535782
2.08040040182766
11.4532251013183
26.6550849657506
16.5258672540647
12.640168145299
13.934743963182
5.58520681852991
1.15423437532573
8.99533974006772
9.24218928161824
10.2027713321149
3.44773395395793
8.7898213482984
11.2186605018315
2.00689472258091
26.4658426865935
0.104559006244135
3.13063133507967
15.7884345855564
6.60900074629409
6.96790385991335
1.78605646224118
10.3101201238863
2.93915687564966
5.20627591758966
7.48337912373245
7.14671188584873
23.6504589673132
18.2344334351992
13.0903530534464
2.44080657139421
4.48875417932868
4.33266938401174
1.8490216229111
4.23599733039737
2.46098949573934
16.9796264730394
6.90318248234689
16.6278695687652
4.59656622260809
7.10112601518631
4.14046193473041
20.0836802577339
5.82752767950296
10.4970145504922
4.49547045864165
8.14391626045108
3.56885820653665
6.34422772563994
5.07903601974249
5.08176408751635
16.0673981104981
10.0731234997511
10.1663243491203
7.81878191046417
1.00261401385069
0.204772735014558
3.50969232653604
7.54372635856271
4.93081202730536
15.0147807318717
7.29762842822268
8.46076998209565
8.80576632916927
20.8319575577724
6.37208372354507
24.7487464919686
8.75055199405103
9.738704135368
0.44487677083462
14.8407858044616
5.14061818830669
13.5388211609457
15.9695802722126
21.8111114110798
4.89553702063859
8.79167380026113
3.49331310973322
4.69829265204334
7.7580780511898
12.943566404283
11.7232889673604
13.6818847459144
4.51072524301708
8.45785578712821
8.45224391669035
7.1071916249361
4.78260139934719
8.5930391214788
1.48233693765911
6.06140993287211
8.69243108778008
4.02725542040574
0.0815876759588718
14.3019368297281
6.72687436453998
1.51425279159754
13.7669293236721
9.45982499979436
13.5245154786558
5.54172974643397
5.77441428082987
1.0116222997012
2.81327944248915
20.6628058929745
7.41281057707965
1.14597342908382
11.6584756411612
13.9854084234685
0.878022319600234
9.91617745451408
4.00367556802243
0.354100251570344
9.36608267948031
5.70466029125826
13.7979164824248
4.24199085682631
0.122990793530891
10.8144190878145
10.5920591391623
8.55576116591692
14.8182661929145
3.68510247208178
0.253184659569428
1.2690941337496
5.27332490310073
1.47992415383701
5.86481323942402
19.4223709487979
11.2961636292562
7.02005410566926
11.6656080354005
15.0854408740997
8.69546824138834
14.0240697655827
12.2310453015142
13.9472156297415
11.3624418990249
13.4588752964751
4.81552180740851
23.6837554257363
11.7139705456793
17.1369741852279
18.7712414190173
11.8123733570719
2.18985366155682
0.607480527833104
19.3281322483554
2.72949567048505
3.21823628619313
5.23915604563311
11.7477477528155
27.6512469937652
13.904238678515
5.03999078646302
0.259174965322018
3.10738523555102
5.54733827779238
0.874138325736886
14.5503902032985
4.36783032491803
35.6271798256785
5.16991191543639
9.5345051959157
14.9906099773943
7.0139691069779
7.47655656060214
7.67118244166536
24.8972297646105
6.12943675369024
2.03290460631251
10.0648538959834
2.95387161895633
5.92797576064911
11.2260553054512
6.49628634564579
10.9274730086327
14.922977240819
5.55466488003731
11.3120460417122
5.3260258011357
13.5965909560435
24.723620666191
14.507177984342
19.9969956185669
12.7596435602754
11.733163509156
9.11392013615034
1.98507718810889
6.21919259428978
16.4884625041387
29.0395501069725
1.65872575966758
11.130452901125
8.086944418028
2.384792954046
19.4659781642258
1.8932921346277
4.10786527490199
7.42714996449649
12.2881761536787
3.80352274514735
1.08719286508858
24.4501688051969
4.1385299526155
1.73822618089616
13.0988064222038
1.40088591724634
20.4059356823564
2.24498719908297
18.8086164649576
26.8334715627134
4.49539188626693
1.24927689321339
2.67834994010627
13.3466441649944
12.6924469601363
24.2581205910824
5.46701633574922
4.48379647043631
8.24712910689414
6.23081687789322
3.66388452239335
9.76762832142413
5.77578254280283
9.49255838058889
15.3385128922922
2.550745740421
12.1227920428143
8.65612751804292
0.487496480314522
6.73516341485083
3.43764326535165
12.7890313509852
2.37118876539171
3.41533053706434
16.5176414418966
15.3659251052886
0.124384215566315
3.68303488940001
5.7400347199291
21.5648149140179
17.0429098461162
13.1384533364326
18.7883531674743
22.8365824521412
10.6105969753116
8.97660769926359
4.03537121601403
3.43433856032789
18.3821782935411
19.0821383148432
9.26409214735031
3.09119487253329
1.95792844784017
6.56855630900108
12.5621216837317
0.416109233115266
3.40614225715399
2.84497803077102
13.1970868315811
6.5088753981644
12.4473232310265
15.2029043994844
2.77176206000149
18.0661654550583
26.6457957037143
13.9601678346713
0.964741259975351
25.0671686571072
10.6427290486839
18.6568566820145
3.76014015637338
20.5611459424204
10.5707976501435
0.588837032025625
10.4751500766724
14.3534765113145
13.1841054658824
10.1129142567515
5.31328310905073
0.939733029369763
1.13211907446384
4.55364882471652
7.21244575254679
23.24029491283
17.9448275826871
0.455985125154257
7.4571184348315
12.4775674659759
9.19007146731019
25.4325244110078
16.4281583370786
8.77168567186866
3.6054277792573
8.02757833153009
19.4192317831596
2.66339358570796
2.23725128142342
10.5916029302727
5.01545187829201
17.0446536369496
9.03461817651987
4.35489911419772
0.578403207379046
8.54033828424339
0.191357964649796
12.7008188659876
4.37676817916501
21.3486042805016
3.3135589720189
1.5754219610244
1.76125094294548
4.21340586249263
9.83149884268641
3.91064731027711
5.57129075750709
2.88346881346871
17.6256797276437
16.1947287162402
7.01710267252532
6.02409774437547
5.30187515541911
11.5680996794254
6.98466766625643
7.63271092437208
4.93614005062321
1.04625169623279
6.03409041650593
5.25949075818062
12.7970456611365
20.1212445739657
2.10110747214614
6.77603995427489
19.9925669244348
15.6962891574949
7.7530711889267
11.2616348545998
0.31072897836566
12.0484048966318
2.75938143022358
5.88442250154912
5.74875529384279
9.80104780755937
15.7809036262428
14.128340306634
16.2977220956236
11.5751716308296
0.757665876599316
12.2478032950312
23.7299956128512
1.20553968050641
6.59848852037525
12.2516287956387
7.65701563194599
17.4775330349803
29.5233502518386
3.22913648850613
6.36199339042523
1.1141715105623
5.86629582717151
6.94542455951093
0.225408934056759
9.89144927686804
0.966437813154627
1.88496571916697
6.33637746796012
0.863569324256952
0.539981853216887
8.8425793686957
0.134923796395913
8.59219273552299
8.94017363898456
5.84875107742846
10.6074469629675
15.0933037046343
38.073197286576
11.7831908154999
18.2311393786222
9.5447633213295
7.06604748291686
9.45997219532728
12.2642885427922
14.8738375085324
3.34415138084995
7.54348552219796
12.8498391713947
3.54014268349422
12.9071434498601
9.81781650334597
5.14390007592738
25.4632674157619
1.3296689838171
11.1378867438109
7.22626210190356
1.34557167968055
1.16482521407306
9.91326384246349
10.3088197731018
16.847157991738
0.388222606852651
4.39044597345607
8.87320679612458
0.625706013026926
12.4262533616275
6.8076538996264
9.94339568755314
4.76675479586762
8.69545331224799
19.8024049129273
1.10578051699335
26.6945519023996
2.56157103885539
0.677838176488876
13.9390667900443
9.16465613991022
2.07345007578458
0.211422611027956
4.33979178778827
5.73805323801935
8.48205379721996
9.65932453982532
17.7625259384513
1.23684573918581
13.9487016946077
15.4475154657453
8.67110188119113
16.4662007242441
3.70012774190384
8.90692686662078
1.86247272015547
19.9219188652933
11.3731677643955
6.42892895266414
21.0337788797915
16.4479929488152
15.2741709258407
6.89271219518592
13.5556534864008
4.15141479313033
14.3979088470589
12.0296615632373
1.20548823068015
3.12320091761649
7.50796436332166
20.3501462005079
17.2508766606727
8.86684069409966
15.7491436693817
6.80163317253008
11.0805538482964
0.00492817680209103
1.51268888149292
0.219616107642651
6.08501499518752
2.49227220192552
15.4555814340711
24.1374025121331
1.9404636695981
5.37625454936525
2.66774669611763
3.77857587300241
7.36328959465027
4.59777587093413
21.715812218703
9.71527402289212
6.01621355218439
8.82280822843313
16.3297951293596
3.26487810827367
14.0051449649036
1.31917162798345
13.9539206992899
11.0309991054237
12.4954198021442
9.18462820691037
1.52616216801107
13.7032931670953
12.3205661773682
4.00921422988176
1.09162682794799
8.81840432509771
9.23109275803326
9.19473136797784
26.6039540525526
4.9301122315228
9.285291377455
2.16709454543889
4.40020523965359
13.8293237771019
1.10289170406759
6.84712557122111
7.89712750070201
4.97391247190535
8.68080076761544
1.50706003164917
12.6504794694483
11.0258242115378
22.819270860554
5.9546026866883
25.005909488959
12.3081256635487
8.29301825724542
5.4313151165843
8.466923061772
0.575577630691191
12.0819298550487
2.33307210728526
3.88795038403706
19.0527205821127
16.3269485725042
13.8805008959025
5.44553371146321
15.8840838158758
9.40717337653041
8.80449856631458
10.4230026888323
0.46592066064477
22.4028316094033
18.0886479317089
4.88812950323107
14.0488159337294
1.28266857936978
21.1427227067739
6.89996238797903
3.89326882423268
12.5739199575037
13.0544444960996
11.0044355504215
17.6151628142108
4.37271296977997
8.47748617266643
3.84341874159873
10.9485318418592
16.1748532029317
8.50645933216632
14.7910850122571
8.52638597252929
5.81553319823228
20.6992643405127
9.18756672181189
0.00136368907988071
0.859735999256372
1.15716356176408
5.97492773085833
1.32580655626953
25.26000113731
15.9199606931697
3.92121400393861
3.72829334810376
2.65664416365325
8.24774699285626
21.5065266937017
3.55340495749775
0.176141756327734
5.40048454486362
3.69868739508092
0.667003778288373
4.47448706254363
8.59406184422833
4.84426221810281
19.1908964887261
8.10648212209344
15.0985029060394
6.20770584791899
15.4810652136803
4.37596133033698
13.3176160976291
3.72781660407782
20.7753115799278
9.52951703220606
5.81363144287582
11.3841895210993
13.9710189064345
1.73633432050349
13.9977883081883
11.2653513904661
0.934366012016981
5.53940343670547
3.23349758982658
5.72595563717186
2.19822897671819
11.5872508335732
15.1124243158847
5.75949128131779
12.4069892335683
8.87710983566801
1.35322844024207
18.2111209724098
2.67784087918699
0.0377018935978413
13.0672657185655
7.53192649888874
0.583015858599843
12.9047399852425
2.47538562414095
22.9056674055755
8.71072961017489
3.97320934571326
3.23419398628175
5.03228544257581
14.1419820634527
1.06526054441929
3.33422659896314
5.96277111030598
2.79125305823982
10.454493968734
6.57073222100735
2.98378556035459
5.44071285415373
7.9635709989816
14.8410876747221
11.1695509648475
3.37167531251907
12.0318492874503
6.54663438908756
12.1902053244412
7.36032120349643
25.3270055167377
2.06507277557658
22.8603100404143
10.4009370785207
11.0010880045593
6.22560465708375
10.4500978489808
22.1463343427643
6.25829432897161
2.38985674342338
1.13248136296215
14.5150232893233
21.4755832217634
8.98536229506135
7.40593123239519
5.1269533349471
6.29763832419967
9.62588470429182
5.44994883239269
3.36758051998913
10.3416242016901
27.3061282001436
8.33393298089504
11.883724792739
5.38616953417659
3.19595406763256
8.80152590941603
6.1159597709775
11.6600278393478
0.514403609746068
10.6761142145842
13.2172522135079
0.495192920789123
17.3608713701104
7.75230196304619
5.14815258793533
4.78389128111303
15.6587595277197
0.199879056799183
3.04463682696223
12.4523869244652
3.91528625041246
6.02966834343304
7.44315530173481
5.44586968608201
11.2356586819927
10.6857116989238
15.9950884460248
34.439843187014
12.449392862618
9.20888066732661
5.21631594747305
0.754164950922132
8.45612711943359
6.82957822312728
6.13317005336285
32.2650857735425
19.655176345259
1.87609987333417
21.6555481310934
7.65102053293126
4.50513302348554
1.42082902602851
18.9026995096356
11.7506705224514
11.3658464048058
5.92750692740083
0.588155724108219
9.91481761688532
7.41119073445859
5.26361167476414
12.1857830323279
0.153230412775374
6.55832155607641
9.86501255507005
8.23411806486547
4.42394535057247
5.20791872404516
3.26152066700161
19.5012296048478
2.27096560373962
14.5670380443335
3.45993282396152
18.4464811813086
2.59586460745893
0.0443203618611452
18.2610089890659
2.07067434675992
3.02225803025067
25.6295254919678
1.0008563267252
5.7827667798847
0.833230093121529
21.019564056769
7.20486463978887
6.47388485225641
13.7399756828229
5.66569615003291
4.8462416511029
1.1842752316906
6.681689716058
21.4395567774773
3.25568601905116
7.50669757835567
6.31877775304019
16.706093832875
1.70017395273033
7.44977798312902
19.6025573182851
5.98428756321119
7.96295159825911
34.8060496151447
2.94711333699524
4.98212914273375
1.38124237034319
21.9456111546606
17.0702787328968
9.59851312266246
0.747937289997935
24.3996516801417
0.0129027869019307
3.98328174774399
18.4123692217923
13.6965489946306
10.6284067034721
1.97001475117559
11.8570708616525
1.57569397076847
13.0238064564764
13.1017999296908
5.48116755559025
5.12953992001712
6.70252339914441
20.479416150442
0.726945605129004
16.8231289368123
6.61506974138319
16.6536912003773
16.3982898247208
9.75995354301753
8.42961957678199
16.0600036848336
2.10783945919944
15.5701195355505
7.58568017348339
12.8823019564152
16.5295101236552
1.76244994890649
14.5026333630085
2.24613104946911
27.5876787956804
9.44231036885795
18.6796254895362
26.6096207778901
3.15937107281251
3.22222798131406
10.0111972143172
13.7295308032419
1.18361764868537
9.22456435929811
21.8240853399038
6.68511264653165
9.90292793139815
7.14825550094247
16.2510705646127
1.48305208422244
14.5167754031718
9.02582810836372
1.45552636541405
19.6811786387116
7.25505775772035
11.1692097503692
3.04596871137619
14.6945830900222
5.46422637999058
7.59968488720059
20.4175402410328
1.18147493340075
1.2065707705915
12.7706761471927
14.9180286098272
14.2799407243729
3.333755210042
3.34671605378389
13.134283432737
6.55378497996177
22.4238589871675
3.55478255078197
19.6489552412625
24.9517074786127
1.2258218601346
10.0012426896675
2.79866223150396
0.540160294622183
2.54431222565472
33.026298135519
13.2554905954748
8.91047031618655
10.5774796624703
4.99282252433005
7.54426206275319
34.8834799602628
15.3256337807024
24.6812282595783
11.2338500097394
3.10501274652779
21.3391420897096
17.4001504720664
2.42990981787443
3.69757013395429
7.21438624896109
5.20527358166873
7.79148010791997
3.35202150971542
20.030425039643
9.41618873689931
11.6597423154061
10.187084088102
4.15976538397118
12.2560736246649
21.3848526589572
8.7376197334379
12.3814575613534
18.0306446757621
14.7631841186653
9.54189759182868
12.6626852434129
2.46910019188457
14.651810608755
0.196483125910163
17.0901550911367
7.8637827843836
9.26053006339362
3.30874286158868
13.3319053333253
2.10913252085447
1.67057188227773
18.6219199094921
33.2042260095477
5.76438505064511
6.19206208646279
7.70175186917186
7.42541113868356
17.2863263171166
4.90546982150915
18.0149182677269
24.1236706559784
4.04462879051701
2.52872894279701
15.7762155868113
5.77781498432159
8.14828395905904
6.71449585533692
4.07123559691943
2.29453486390412
10.5764806270599
3.04285075661576
2.54013729281723
3.64419924700282
1.40301747643705
4.43156352266669
4.44157845340669
0.511014927178621
3.59256127849221
11.4987217821181
12.4942397281284
6.93485629744828
11.6098367143422
7.27737587876618
9.68529814854264
6.69715666676017
15.3352306419112
22.4131760187447
23.302129516378
11.820881234615
7.33114527538419
2.27254058491726
10.7206341561188
9.26227551650187
0.201715342700481
17.1950860414654
7.03004570677876
2.89061847142875
10.239180690294
6.07386808842421
10.5937238961028
11.2426065872472
0.441286759451032
3.86330056935549
8.07721670717001
3.9734922349453
8.38643109967877
14.3302037846297
25.437692925334
2.37259534285245
4.56714285537601
8.43085379634177
7.28898745572441
12.7021874023166
9.09444300394633
29.3515350669622
17.5242273927325
12.6755976583809
9.60945214974353
14.1898798756301
29.6658649109304
23.3467329759151
1.04981075571663
22.58560070768
19.8706797684098
9.74520577632024
12.2752806637436
7.13730780407786
13.2474736310542
7.65835227842032
2.70517561584711
3.08379206883061
13.8141558505595
9.85229857353744
15.1541130676625
2.0355256793856
30.5852869991213
6.98478209501636
14.7445956710726
0.343581894412637
2.3360975494308
18.4739790856838
15.3414962721172
9.22824353831044
3.70784030971103
10.4494013823569
1.96657716686184
4.97220694368066
3.35359778255224
0.710789839836494
1.50873209349811
4.65664863586426
8.69880197569728
7.0193360920535
1.63215063512325
9.73327425308526
28.492189336433
14.1076096799225
10.4252429213375
0.338546037857033
2.24188630073054
28.9844741579145
19.5983540789204
15.7533325067856
2.66839917749166
2.884568335634
2.65634334646165
15.6971965450794
11.6530612111092
18.399338517338
16.868645217656
3.83040883702359
11.5554617321239
4.73496117561304
3.57706805273045
20.3302462119609
10.3947716765106
9.35374302789569
4.36614183727332
7.6657970263195
10.6107895517105
13.3492344524711
13.9910099096596
12.2704041656107
17.8367647808045
21.2706143502146
6.72849826123569
15.6664376880521
8.06035296991467
17.2359039541334
7.8568163793534
16.9149511748508
25.4071876318346
5.85949053056538
17.4578324086779
11.4075812045485
18.7645768746734
11.5616025868803
0.449427543208003
3.34052429534495
6.63747098296881
3.75779392197728
2.72999903312023
8.76891661252446
1.96134936995804
19.6038836147636
7.3904094286263
10.0058710668236
8.37481096386909
11.034072143957
9.76799507625401
17.9233902599663
15.8919446635991
6.25589523067418
4.89335437187943
0.359640084207058
3.84366330690682
19.444167244861
13.2783765904605
4.70335350419727
1.06665170751512
2.09046225063503
10.8814873732626
21.1712409276515
6.44940473139286
8.73894463293254
10.2207846939564
16.0695848986506
0.479531101882458
2.64406691358244
6.80035124532878
6.67914315126836
12.4639379430336
2.21641636453569
3.93508551642299
24.8608998643417
5.33847152255476
0.959864817559719
10.1440705824643
4.26528477109969
14.5444280002266
9.57927372803392
3.2364190556109
5.46105879123439
6.32767477072775
1.51714445091784
0.652575571819975
8.97754338245894
8.83887261152267
30.1043628249317
7.08374322137175
1.77839971147478
16.8712181039155
21.796835353598
17.4871073114029
9.56348101608455
10.7760115060955
15.9286707065577
13.7502420695939
3.53149091824889
3.81046161055565
0.922605907544494
22.7618427015841
9.74488490886551
15.6510073225945
1.36682946325851
2.67390840993986
8.13042782247066
1.46031896583736
3.79651103507291
21.0167113225907
9.15087936414927
0.393917444755357
6.83861295692623
17.4003558699042
5.77188264578581
3.65845063907458
2.29637357406318
4.75596413084827
19.4098291660251
15.7547539776912
16.7654717093994
0.935838916610222
22.8387529030442
2.62632947415113
16.8475449085236
11.2563875232696
34.0191306953376
12.0382588822395
0.171029847115278
8.45269206887854
33.7961832527071
12.1513505931944
10.4474665486444
0.122174806892872
29.9567838665098
9.28213694082095
26.3990418851009
0.230357930646638
0.721372930305864
18.4982386883348
8.63890391774476
16.9025274924934
9.83884567394853
8.74009896448185
10.9752921076076
0.417984521183441
2.92747757142604
25.4893613802969
0.505751837044954
20.3560961876065
7.46946883060022
1.58160743303597
4.90631572902203
13.0616215057671
7.02361324802041
0.539233815560736
13.8643603306264
8.13352063476057
17.4604234270926
3.28019511533225
2.40237014368176
9.18706855736673
7.8947190195322
14.1474788077176
7.2459290993569
1.69010013162024
8.14064764417708
6.76669622288087
4.02691066265106
0.830862438306212
12.5249716453254
0.208115763962269
1.51617880910635
18.541613407433
1.60203371196985
1.0156202481515
6.00665998645127
4.15638936837988
9.96833927929401
18.2506710290909
23.6085448414087
5.92036267111326
11.3375097047538
3.38016822934151
1.46385626658198
4.19275987673889
5.99371864881922
23.0955158825964
19.3174592175216
1.25590389606395
6.20698435232043
24.8782424420225
23.2431224547327
8.77799642557341
12.7910955343395
19.2973969038576
10.5472330469638
17.2751110942834
3.72862122021616
12.0340736582875
16.5592153556645
2.89591508917511
4.14448986922857
12.0078602642112
8.61671697151919
34.5826471224427
4.63593754449694
10.927255731076
17.4783678289487
5.91581136267465
4.41100397147238
18.3186552952975
6.54479906123187
0.328058310318453
8.73701092787087
6.2225310996315
3.33052744103512
0.652463920414448
3.46043519675732
5.37631069310009
5.07803155432409
12.508717496208
18.2969364206496
4.58736782722394
2.22882623784244
0.173686258494854
11.1968011595309
16.8460715096444
8.04436378277807
5.21686556749046
19.0009908843288
8.61148247495294
1.08598321676254
5.1260881125927
8.90614604577422
36.1698878792276
13.2442316506058
4.64701890014112
11.6235644090921
21.4783624745905
2.28357281235801
24.2004272062331
1.80715178139508
20.2023146208376
11.6444913635981
0.875291137527743
6.03165770880878
1.88979551512186
4.41998629830778
3.10075036250055
8.84088622075901
2.33431630767882
11.3858877681196
0.284819540648643
0.43171513825655
10.0215754576584
15.2312457498827
4.30166883022897
12.1372898574919
9.80577987744369
7.26889832876623
7.28455670177937
13.6064687739729
11.1014628317207
6.31232685409486
7.46742040773403
16.5332384906845
5.11623355560005
15.1077335700393
6.33151972934248
8.71958048082888
30.7161421515048
1.90774672664702
5.47608131743358
4.75529413670301
15.0962686631829
0.728430133312941
11.8273995816708
2.41230058428847
12.7031276933849
31.1033771373332
8.00682220988244
3.18424701539243
6.91046621650457
12.0104612782598
3.41379678998521
23.435601266101
4.46095429360867
8.51273001171649
18.0197033731398
26.4838505070657
4.87647936679423
0.273009513842618
8.57272243166002
6.82492796331644
15.0709648616612
4.37698848545551
7.23780780099332
4.53030876815319
4.12101857364178
12.0561505256525
20.7301966603352
1.26153687015176
5.1858598832041
10.0216986273804
3.95164401270449
10.0372198683008
7.76878320612013
18.5884082721306
9.70287043601274
5.44492793269455
3.61154233105481
0.471778027713299
5.35284106971058
3.49584445357323
11.0927457455546
7.00483662076294
16.1920910235494
17.0194142210363
8.49990174174309
14.8870981525383
2.65924092382193
4.28909487091005
12.206850387156
2.14406844825906
5.25549692101777
10.8947901055217
8.19286042824388
0.745150586590171
5.86690344510081
8.85351022965003
9.15511250495911
9.92180146276951
17.3078031279147
1.17852524854243
12.8296699374914
9.02484797949036
1.32116083987057
1.73652758821845
2.52748681232333
12.2605073265731
8.7547549046576
8.19083816200042
0.978931784629822
10.934398936808
3.75848147086799
8.1779672003988
4.29961779154837
1.58383288785737
1.31504600867629
15.0392662268132
4.5242250431329
19.0443998668343
0.111553352326155
16.9885499253724
15.7821851110151
0.426128747868591
7.26182651468134
18.161137476911
1.86012862250209
18.5027317878651
4.72425268962979
9.79174395169262
9.27838470240979
2.28148135356605
5.25300744274132
10.8523308299482
20.5541229341179
11.2475655403412
0.854663318023086
8.08864102232562
13.1693479998923
18.1673585323302
0.957673574102734
0.052519136981914
19.7998635005206
9.85309681855142
6.23654493165228
36.2272665835917
9.44189241164326
7.0891089637759
1.185907908329
31.2589514069259
12.9020485936962
8.38010314223663
3.00139551982284
5.34559527835409
0.668607978150249
11.0301717184484
28.978809947148
4.50956760905683
22.7783659408606
6.54148837465459
0.0281374548721891
22.7217154054242
11.730582267046
8.89167827554047
5.63960210420191
8.39922884049566
27.4208051152527
1.71404872089624
13.3643661778114
3.00982760171146
6.62600821815431
12.8455178550165
24.334494676441
17.159757995978
10.3117815684527
3.88531982898712
3.36850604695931
10.8529806196247
5.89500400237739
3.94674265566946
0.0126328205613906
10.0931022781879
2.97297732904553
1.48138739168644
3.18377302028239
18.5674578882754
10.5426369621891
3.612558869645
2.87592629902065
11.2582730754813
14.3914483756508
10.1989146787673
16.5960111655295
15.0120701032905
3.21996379786931
12.8087068907917
8.02268660627306
16.1572897806764
3.45341373719304
15.4882500426169
2.66128832272631
7.89028303697705
1.41057627575473
15.3127582743764
7.05509120598435
0.618806701068158
3.86600526981056
1.36214271187782
5.45187979005277
11.37211676687
0.0302467960864305
4.18538972140462
15.8575316425413
9.08471117727458
5.99127679939577
4.69858963042498
14.8723859805614
4.65518538840115
8.45392984338105
0.878916261717677
3.27635751991636
0.0923109780941207
6.67292373254895
3.07935555465519
9.36534400098026
4.28025416341354
2.26612375117838
22.9640933219343
1.13673065789044
8.28163638932156
6.84451567940414
6.14435905590653
8.14511395257444
12.2512993402779
13.4920740965754
11.9913226955592
0.192551780492067
7.31697170695775
1.58128100447357
6.83350679464638
16.3600692991167
2.28888487781042
9.27602099254727
0.227087525991045
14.8964678469484
20.4977897927165
5.15680671669543
1.48178292438388
14.800657796511
4.29739508940698
10.9290430228054
16.9836504591227
13.0492149386555
7.58590582325464
0.908459200835417
21.2748196031176
11.7778798151945
24.7785248353797
0.08535887680609
6.03109574876726
13.4670731145889
1.03852365151738
23.3431021183884
9.65735250284029
6.4967413891557
1.16269192658365
5.59397027827799
4.40285816334784
14.0155139844865
15.3636713046581
4.03014117789727
6.95361549127676
18.8686834648252
7.12510291486979
13.2587002590299
13.3385116700083
8.35798671469092
10.0321585778147
7.21602239646018
5.86457516293815
2.58018704815178
12.7876926679164
7.50660043488342
18.9842817839235
7.90476040842689
7.44809889995744
8.32661309151648
7.60922902363451
20.8443930838257
31.0867860447615
4.40246681682765
1.96905787801102
5.992418879024
12.1577355124541
4.05672220513225
23.0144184548408
6.35692421346903
13.5471622925252
0.219830728115891
1.51478654319849
11.4082996733487
1.80885228328407
0.637797452509403
10.45522630569
18.4172406792641
11.8697586003691
16.7121999431401
1.07508854919799
4.41142292693257
3.01951790535882
11.5092851687223
14.4178446702798
2.85581909120083
18.6412523500621
1.70339574106038
7.50334896147251
3.99996745400131
13.6582779232413
12.2051091665139
2.67610298469663
21.9378762878478
8.22089207448495
22.0244044438004
11.7547049652785
2.22337515999469
