"x"
18.4088665060699
15.3479804995303
10.120632479518
17.4497247359001
4.80273063499792
12.8082326147705
31.9358859676868
7.37307947129011
7.41533623076975
36.96982213296
7.85689694814783
17.4090987537056
20.3569574462372
20.0178022496402
3.48567399196327
2.7718395460397
24.3113550357521
12.388369525967
31.232399167493
18.3116822991318
12.2414340349392
0.787656864719794
25.7397730834782
16.4715682156384
12.8876976203173
5.58145893753817
14.8391046474976
31.2280423473567
2.28541539981961
39.1067013610154
2.34242679796018
18.9709219615906
33.5086354054511
24.7600728645921
29.5476373285055
16.8264736887068
25.3849114386468
11.4521159324795
19.2787770013323
19.4774940609932
21.6609619092196
0.72670855810028
14.6226654441584
30.0148468464613
9.98386326758481
33.1485489760188
10.1528626400977
6.49663233198225
29.7500246670097
10.3249432053417
25.1857516355813
29.3046052680609
11.0901082400233
24.6576331555843
12.0385951828212
21.8260471243411
18.6605241615325
7.07670813426375
20.765984011814
6.77016996778548
13.8589726271055
12.8814573399723
5.64517052844167
0.923746870830655
7.97460014000535
15.7560573786692
26.0445108477893
0.987223317022548
21.4622529223561
12.1662403922528
4.5572352129966
20.1540534850199
32.9652849584818
4.70201005227864
22.5622470956296
18.0266033629194
14.1458386701281
14.1814233269542
22.0286615375485
10.9114289283752
16.7014172566975
21.6277299914509
44.0040157642215
8.97010592920263
20.8736763335764
20.5701447558841
34.8177939653397
22.4305073730648
22.9186526069915
3.35023519583046
17.0168319251388
37.2312348335981
24.6786443050951
8.75471993349493
5.80376024176845
22.3022730555385
18.378580000278
14.2402876564038
28.9162151049823
8.59352736639081
18.5060896910727
13.1049837992246
5.55904707871377
19.2712136025163
30.0078911475099
8.44756946898997
14.4858351799376
9.69242458231747
29.4502872042358
11.7937084753066
11.6213677916676
15.9053500560752
11.735180849097
11.7446248885244
5.86006725206971
23.3564602233418
17.2263011801988
29.8859915002159
18.8314110506326
37.7892116084695
36.431202525273
0.391762829964199
19.0219975191627
11.2664617478445
13.2703636333625
17.2351277526573
15.3188294265419
16.197066148743
16.2772437797512
36.3684688694775
7.99624640494585
4.8005545558815
0.645170508714636
19.6655930951238
19.1541303880513
31.5466239859258
2.37215927813931
11.3715389158112
33.348679728806
18.128173373109
11.4272840763251
18.9420550130308
0.430570087952083
35.907018231228
21.1146132554859
17.386427731801
32.9427734948695
27.0742961671203
5.19161148390074
25.2127561718225
14.0472212340683
32.8103094827384
9.38798412680626
15.2635161363754
11.1265712034154
13.980507152155
36.8049840019815
31.1342317606788
24.5241119991988
16.2712672259659
11.4134212490171
25.3429990727454
18.1823602877557
6.81254613578763
10.3978454506214
26.7640184313986
14.3235554076334
16.7006727773696
33.2981282379478
34.6012614201754
20.829155446595
19.9116926391346
17.1101020649076
6.41909525729716
9.7965351305902
36.8408521637321
17.9426625370979
7.51612731255591
22.6003852207214
11.3785746311362
11.4511357671254
33.6254376918077
22.6732049137354
22.9657888946635
27.0745240151882
16.4897870738059
8.32208981580943
16.2010482512414
12.3704247176647
10.4278199935182
7.76297943666577
6.09795595519245
10.0247065536678
27.5327527665742
17.8078094908222
7.78307025320828
30.0663425075583
39.9553888477385
32.8741648700088
22.7432108781619
31.570884399116
24.8886080327088
16.1077814176679
25.1191338989884
9.74698113277555
15.6215985771269
21.6214180874961
15.1363291318109
30.4205452557653
20.2938912902027
22.887870924772
8.08382788673043
21.6195878906495
27.1170295362646
11.5675416775048
22.117225965485
18.7282496597618
6.72019510529935
37.6944713760167
16.6523502771765
8.83922018110752
25.9861807208321
7.82917420663366
15.3595527168363
18.0510689970106
32.7258560533576
11.1891620792449
6.33257696840087
30.6630689650774
31.0478719846335
5.52732646465302
19.4605310008942
13.0538912974972
4.96373124648688
13.6000314775807
20.0517136603594
19.4412555545568
1.90684052947244
13.9511940521614
0.89940344914794
6.53339069166421
25.0026778317988
7.52880461768078
12.8144716128842
10.3642031550407
14.0644126548371
3.62747609615326
4.64984361914949
14.567707432434
2.42211044261365
14.4081798382103
1.78205820715766
7.63219320215285
10.6113285967692
15.4712808784097
19.6717232257162
9.21331737190485
2.43819964894663
43.3065816294402
1.27587728202343
22.7394954518754
10.0791148841381
14.0242486416912
28.0877552460879
24.9946261290461
16.6865196079016
25.5371316336095
9.89139112952676
16.9395209290087
31.1377315316349
3.28208138234913
12.8214810509235
40.8012381754816
11.6228132665713
17.6573604027197
15.8210597798951
0.787406006470311
0.817356770858169
10.2157922254544
11.726702876362
9.72736477851868
8.15651807934046
21.3147605303675
18.0586238433395
4.19403985142708
11.3460018765181
28.2829660519194
17.9965353130296
1.40272257849574
13.3692685328689
16.6614224405336
4.93088099174201
25.8108974900097
10.1893561814772
25.6437546573579
28.5105790826917
35.8207257474838
16.0759994294494
6.22933132064509
16.9943597633392
8.04949793964624
6.36555369258053
16.6356794070452
6.32783835753798
2.79842981966333
26.8029182218015
18.3670887723565
11.4555379872657
16.691423676659
18.9779640641063
21.1297647258928
19.291513399367
23.2669699480813
18.9670967942539
25.4024106574862
9.18253236450255
36.3354271743447
13.8631326612085
20.0092166662216
12.2316992841661
18.030010163784
22.518371604383
18.0236955638975
9.22871669754386
18.3778623817164
28.1697959134307
4.55303899943829
28.9810567254493
1.9463371951133
11.3401914946735
11.1634386703372
8.48208200747601
23.1459922622889
3.91584560275078
8.18298230879009
29.2057704907299
9.91113744676113
15.0482620542851
24.392391834408
10.3027682285756
26.4206042513251
2.01260205436593
16.423180727774
17.1749376047385
8.51057433381294
24.496053072311
33.5479348897934
16.0966330702118
10.8665592100004
5.26176930942042
5.04141808487475
15.352139621973
14.0110327396542
18.3824857005455
8.2845316734165
1.0184598620981
10.3900388348848
12.9481477662921
4.1238256264478
9.99720254912972
8.39256999353415
3.20448298411797
17.6221403758973
18.2461442891508
10.9853405505419
19.0465097301917
21.931315632537
24.4855986908078
22.0836815424263
8.48239884028313
17.2580755315721
14.6387842325276
3.72235076501966
17.4083738122135
36.2201863899827
10.5946558061987
35.3014468215406
4.66357115656137
28.9525913989741
17.4443933041392
13.6273506097496
22.4022473208606
18.190674809739
6.31758393719792
9.35604088008404
13.2735994530188
22.1067684702575
11.5257963884809
12.5467113219202
40.329862665385
5.60713277202843
25.1593846362084
16.9579160399735
30.5975051131099
22.7921507985605
20.0890922918916
7.93639435346786
30.6069881655276
21.720990492031
18.4353668242693
8.16229470860905
39.1368906013668
16.1318949219633
8.79812229683511
24.4512127089279
7.25879152305424
8.90108868242227
34.4622967299074
31.4307209062582
3.48903481782873
27.2433385718614
11.5193715349419
6.61742799543942
6.75484980456531
12.1568826958537
25.2069785725325
13.0648207382555
14.0523220263595
10.1659709122032
2.05351914255656
7.12639591656625
15.080481604218
9.21872893549699
17.2255307784783
8.59704832546413
10.3147348569852
7.38256983458996
8.22368385270238
16.6402685455978
20.7279690022838
11.3839154597372
24.5709833689034
18.1785835675107
0.951026193797588
9.29634505882859
37.7304072957486
18.0506488773972
19.5023815147579
26.319061499089
20.6686754710972
27.94358455576
0.819559767842293
3.44544569961727
23.5653387714254
15.2283266652375
30.4246044964804
3.2695306930691
15.1078548748046
42.4879280607237
13.7905161362141
28.7261955891071
16.3043607026339
7.78581570476153
13.4086255842166
32.7264089776039
21.5616571938053
0.490162882085068
15.31842215918
41.9654009863734
6.04347227694682
11.8704882916063
26.1269940063357
24.2930503562093
12.4465517699718
20.1364592649043
39.3920681905001
2.95365424826741
8.27900373334358
31.4960240386426
0.0520826365268333
3.69695686393536
24.4895163457841
23.1633957475424
0.757677340880036
0.618159491568804
30.2971201948822
20.829877955839
11.5971905644983
6.78671794012189
18.2780879549682
19.3743285922441
26.8499624915421
8.02220548199328
5.53252589888871
13.7354236965635
12.7874055877328
25.0033841934055
4.29761208889377
25.4348834045231
34.0265320148319
24.7406931128353
13.0451747963957
30.7647663168609
3.3280018161888
4.27613654173911
13.8292539776983
8.3241127897054
10.7353044414435
36.9166984222829
25.7080842264577
