"x"
26.1132822372019
26.7980218864977
22.2842425034392
36.4046575480557
25.297851239708
15.7795788953081
17.574800877392
32.9229605849832
28.9774786913767
33.5919681238011
22.9472337057814
21.0805686941335
17.5522933481261
26.6779602505267
19.3291219417006
16.928737517301
27.0240281089258
31.5448688343167
21.8742681698782
15.6473723007366
19.0471996320412
28.2948270440102
28.0174356186762
24.891176432889
21.4625267311931
37.1053946959241
19.1611711867154
29.376917751506
36.1057308899915
31.7249439191073
28.3524026861414
24.7007478727028
15.4461378464475
24.0500205894932
24.762868322432
11.525537154303
28.3297097543254
31.9656199077144
26.3862091116607
35.5125822479415
30.2639748202637
28.9122916292399
14.5225960295647
19.383474253118
34.8198807097026
33.2164527149871
17.9283725563437
29.9670370295644
28.8737054681405
17.2923836158589
31.2412561150268
22.8991296608001
21.1765186395496
26.882789703086
20.2430640568189
24.2666841717437
24.4512662648402
26.2707707704976
21.1806298000738
11.3145446364682
22.6124034496024
22.6912007899955
19.3207281176001
23.5542402602732
31.3032051548362
19.0749691566452
23.9858609391376
28.8481164490804
22.8788190986961
29.41448118072
20.6716500222683
35.5557556724587
23.9964650711045
10.7027162376896
23.5541062196717
20.2512859599665
18.8843178097159
18.9863450825214
28.0402710195631
24.8559449100867
35.5831646717058
30.3370533511043
17.9520649602637
30.0928623182699
22.7176310727373
14.5668098230624
27.4333983426914
28.1725198961794
22.8156176628545
19.9834253406152
31.2482968671247
33.4895589388907
19.4299685049405
32.8286375617608
21.2438886752352
11.578905605711
29.7719110734761
24.7957856860012
25.6195959635079
26.0323537513614
25.7830358023905
18.6594548868015
25.5207987036556
27.119365753606
26.5526206698269
25.8578874636441
35.6478580252683
27.727917721495
21.6286073050238
32.8987558605149
20.5144404179347
20.4378418857232
33.8326395489275
35.2439943680024
29.1649328544736
19.6915663545951
21.7644412536174
26.8353632651269
18.9595996867865
32.1761754108593
34.7307466880834
24.8170455684885
30.7767108781263
22.2203897312284
17.027793917805
25.8622095221654
26.8906088545918
30.8985072653741
40.8424561822271
17.7591727813706
16.4557774784043
18.890474922955
30.1559749059379
27.9225148260593
27.3202856536955
20.6556306191889
12.8733004676178
17.9518758551759
25.4846832482144
29.9865664215758
27.6220163796097
27.5152311796485
15.7397431681086
17.1017061443269
20.6445167306811
29.1796797187999
29.7444266267121
28.7783509818837
16.5111518613798
23.7556573702022
17.0203325105831
17.4260416610924
30.3205881267786
31.8168056663126
16.5856749900142
30.0268600462005
26.9937422825024
25.9959658142179
28.3287509577349
27.3730101296678
25.3840797347948
19.2108048591763
33.0589525401592
30.5821525864303
24.124657789
30.0579808885232
27.5186909595504
23.9135049516335
33.0965732922778
40.299934323297
30.7463446166366
22.6421115221456
24.4808801915497
19.6543395188378
25.9551972849295
34.4654159387574
29.2696595890447
26.3346960302442
29.9683874007314
29.9139011418447
14.6946359658614
24.0339572082202
20.8279108627097
19.3339064950123
29.8903159797192
24.5292018167675
21.5175389312208
26.7533211037517
21.147271594964
23.4593227040023
23.4357172362883
33.0506732687354
29.6437748475
32.6423786114901
16.7330133728683
30.0105674657971
15.2475011069328
27.1240998990834
20.3409188659862
33.6231097346172
29.8342730617151
28.1947559909895
27.3531135404482
20.0315831461921
34.7192112409276
21.5451716156223
19.2603019531816
36.6203011226144
32.8243365976959
20.8106614692501
28.7295809489422
29.3187973322347
16.5141896810383
31.6385207697749
19.1963946679607
23.0252068722621
26.9730629166588
23.0625588912517
22.7388615719974
22.2977555630686
24.3912400123765
40.6822774050129
19.1371045773849
17.5665623529231
34.0657046530396
19.994402024895
19.8528528213501
19.2364532034844
30.4585167206824
17.4687063554302
24.3151307571679
19.6091253292155
18.9124704737981
25.1733076758683
27.9938588384539
25.6245667950956
23.4336490277201
20.6992816412821
31.6052602371201
21.6700171353295
27.3808399681002
22.8179793339223
23.6533721210435
23.5589519143105
25.1498696859926
13.7691551120952
27.3325884714723
20.9853316657245
28.4687043167651
14.4652702906008
11.3468404859304
17.8796398919076
28.0636581126601
25.6291537545621
17.8890928160399
21.2489570723847
27.4669124046341
26.0263824256559
21.7610110063106
29.0791241934988
27.7512078406289
31.1281723203138
26.6760939141113
27.2265980020165
25.8678372716531
14.3740958404598
23.4133922262117
32.7922047814354
31.470719142817
25.8908296519063
26.0998953832313
24.1675254888833
31.0225673951209
30.3420254727826
25.2996766474098
20.960107143037
22.4859937792644
21.3588742478082
27.0076023880392
23.4826682135463
16.6967194179272
22.243545204401
34.4493806362152
23.3476341469213
28.6018907325342
20.9250362124294
33.249579090625
26.1465393705294
20.1692284550518
28.7763305156412
22.3706098040566
30.392336146906
24.9173886265478
22.4025390343741
27.5505644036457
35.6389565372324
21.2066857609898
21.6420676326379
25.0690614878231
27.0901604788378
14.8968304730058
22.5671757245436
22.4545698147267
23.6835325868251
25.9173087697813
33.3029944915324
23.8496670266613
18.9682855270803
25.1638299552724
13.2057825103402
27.7860127622262
32.8673890559003
21.3044269043201
19.371798545424
23.4723152127117
23.7485270481557
18.9457532421372
29.820695403032
19.7505291318521
26.0460689198226
23.2655085157603
11.2057203892618
21.144687011838
16.5683531202376
27.4961707415059
22.4699771730229
28.6040880018845
18.7214718433097
19.5913164177909
33.4692289121449
20.2672482701018
29.4787006188462
22.0371943200007
24.2666323203593
20.3897466650233
21.163523276016
21.927996748127
23.5980143072084
29.3115353677422
29.2031069518998
29.8061127774417
28.7692830917689
31.0145751805976
23.6216541612521
22.3727227654308
21.67229584107
22.5623908918351
17.1724876621738
9.90175548940897
17.829336761497
27.224778663367
21.0180738475174
17.257102557669
20.7954619312659
31.1161655234173
27.7822649607849
10.5535246431828
18.7018117665675
15.4231340158731
28.4909151624422
23.4389537712559
22.9042489081621
27.6815502636103
16.9348547773759
17.4121629213914
23.1227084528655
26.8618575762957
20.2676143031567
18.4801835566759
11.3711414858699
6.09352791216224
32.5558498967439
14.1937948763371
20.8107949467376
25.2329584211111
11.2998736556619
15.7114253379405
14.5845639752224
35.5953333383375
27.5363836105082
23.1616904260591
9.26130993757397
28.5284508718178
27.6464889990166
29.143503960222
19.4957426516339
15.0378402851656
31.855986895971
20.2724774833769
26.4270555004995
40.6992377079024
29.1898763505742
20.580746117048
34.4824010506272
36.1553251091923
31.6504997899756
30.8995241066441
18.228746438399
20.3508885810152
23.9012829726562
16.6528678499162
25.9866030653939
30.1899699727073
35.7366403543806
30.1595525261782
21.1763989645988
20.0237339595333
32.1960432222113
26.2428602203727
14.3733212446047
21.8320198589936
26.6345212934539
12.6177643891424
17.0321924379095
27.2927251178771
19.5511638419703
22.0624088542536
26.6169112175703
32.782416488044
16.9399956706911
19.0783136291429
7.50000004190952
26.2784617953002
14.066006289795
26.5204915776849
27.500452962704
17.1713015530258
26.6343246446922
13.3682334562764
21.7597098555416
20.4010131352155
20.3605778282508
28.1195455929264
29.3619296461323
22.6560288108885
24.6867700011808
24.4576548459008
24.7963122325018
22.0050066810662
15.9145936369896
32.5064182979986
36.1007796579456
13.6642473749816
22.635725792158
27.8079950716347
27.4520621169358
27.3911664194103
15.6166343853432
24.3435571435839
17.1078448416665
10.6582721695304
30.8420331217349
17.2773682745174
17.2339000506327
26.7766799312085
23.5415891744196
17.2751178266481
26.4713325770572
21.2390244839228
19.062870182097
27.7523473709737
25.4128146218136
29.3317730072886
21.8487048282472
20.8458401184987
22.0447888365015
21.1589628734817
19.8441978776827
16.2964625284076
16.7850406607613
23.4456770820543
18.7494178069755
23.5137981828302
14.5800881630327
26.2145141372457
24.4514871854335
34.4720916822553
19.8494697688147
20.6656412221491
24.509771191515
20.0514737397128
26.5036512631923
19.200249759306
23.9855292486027
32.9853271134198
24.479838903062
23.6352195730433
23.4351963968948
16.0336317727342
25.6793717620894
40.6505121362811
18.4340531937778
23.2532560592517
16.9199964264408
25.1536292722449
29.059087834321
26.0055467253551
26.8539417535067
40.7180207760489
19.4938613334671
17.801391100511
20.3384093642679
14.8123371880502
20.1341770195346
24.8881849693134
30.8690323028713
27.5042209774256
16.905745739014
24.515986489132
30.2702579880133
22.7339504339396
18.6961830360815
34.4731414690614
29.5092516113073
26.7136732814834
33.6825692560524
27.0123047288507
23.276070621796
31.962084537372
25.6876235827804
14.7966182589132
17.1722132089433
21.8984141945839
20.037743775174
31.932360981591
26.9998089410365
18.5292857931927
16.5141654042303
22.3990741420888
15.8178562996909
24.7323714662343
25.5730619188398
16.9411351671442
17.6443726057187
28.3473613439128
28.0161129077896
29.2452445387888
21.3082767091691
27.9424381675199
14.1460907412693
15.850589954774
26.127289258875
25.7375558585999
34.4825103646144
21.1989138491648
19.8272192948541
20.4962126445025
22.0356459496543
24.4672521017492
27.6283324696124
34.9355008637415
33.0845366930589
21.67891592253
37.8952137847805
15.5375137515551
31.3531345222145
19.9572639074177
10.9074568673282
26.9630653085187
18.0244445567951
33.2914740312845
15.9459480439867
34.6946359591043
27.1569516975433
31.8931576563045
27.2098934510723
30.9794379398227
25.4048387985677
22.5349077722058
13.8989686500281
32.7865382423624
23.1495146103714
23.6535069532692
32.5583040481433
16.1229335470125
21.9927713507786
16.9423831626773
23.1251101567105
29.18701129179
31.4057361800224
10.685680761246
27.187134954147
21.9499325146899
18.5834114206955
21.5894756373018
14.4730873173103
12.3224097109338
28.5286270700904
24.1206114646047
21.5995844220743
25.0705866608769
12.1169914702992
15.0154059519991
14.7407658493967
23.0112065095454
22.5574064068496
27.5771550601348
16.8861054349691
22.742280527018
17.3625498078763
27.478984859772
15.4558209492259
27.2642699768767
14.7574564209208
24.7035372303799
32.4914647964761
27.9033448547125
17.5595350563526
23.1929799309
20.6804575398564
24.0929693449289
29.2310687480494
29.1563692735508
26.6134527977556
17.4834183201276
25.1852549612522
29.6627122443169
24.1550545577687
17.7318277303129
24.9230280518532
29.5784707181156
29.3319522636011
30.1562993787229
11.6996597964317
35.7494805918491
27.443318371661
17.8224943578243
28.7519484991208
18.2705052895471
14.2558905296028
23.9318765326832
33.0774957314134
29.3697564862669
28.8181563839316
30.5855262558907
25.3703260328621
31.0801187684377
34.5470661297441
31.926597119309
29.2055266676471
18.1437637191266
14.4735388457775
29.0569589007646
12.2365457005799
6.30647457364201
23.2332019601017
16.4956322638318
15.4624453745782
27.7951685062006
24.5787526248023
17.6135068759322
22.9395874412366
31.7395868245512
21.5556841809303
24.3209078675136
11.1878787400201
29.4384766370058
23.3148361090571
38.5281636041173
25.0574433710426
35.0288929862386
17.2389039972217
23.2284262543544
18.8826841069385
19.7101988364011
24.3031655903906
22.91168065276
29.1600646916777
32.5792257906869
28.6075399257243
13.7323579211651
11.2109791254625
26.8816634943775
17.7379435161129
27.5957042351365
21.3468302759955
22.4460161523893
26.0142508455051
28.021642495878
20.7133992342278
14.6677255630493
28.5307594109327
9.73000398371369
20.5425615655258
18.0561023997143
16.0653607454151
22.916425328197
18.431146044073
22.8978100931272
24.8951114248484
29.7505694441497
15.0218272116035
18.9857810968533
30.0512933405116
14.3589871935546
29.5056937029585
26.5793826431036
33.6911224760115
20.8710095009989
28.5501487320289
32.5939225265756
30.8536629425362
24.6733031934127
14.7042465190261
37.2426145223385
28.9432390825823
27.858281112276
24.3577759712934
17.151066660881
28.0167443212122
26.1385371442884
9.83089751098305
33.3848070818931
26.5126189682633
25.1459443708882
24.0730670979246
27.519025024958
24.6848160400987
12.9168183542788
18.1066521210596
30.3859238745645
26.4993891818449
31.6166632575914
27.0934721222147
21.5055708307773
8.44767700997492
14.1067353416296
26.556152612141
22.69381233491
20.9473528666422
34.4072610838339
29.1746008442715
14.6242142887786
34.9765943807966
22.5478155072778
24.4532963261008
18.6269024852663
18.8926676890473
24.6329833287746
28.3092047087848
20.0127117568627
18.2688143104315
24.2840096121654
22.5823384011164
19.7434634901583
24.0596847608685
25.0219771502738
31.16988055408
18.7035942450166
26.2223890749738
18.4350479759796
28.4202688839287
28.0242453329265
30.7996971765533
31.0425195144489
28.4114722395316
16.6842335069544
26.9867824390531
18.218985106796
33.9762934017926
33.1474639941007
23.4762452542782
22.7161184186116
21.2121998711041
23.7137612653896
26.7576780403033
28.7937289103866
11.9240052861612
27.4362734751776
19.1688912454993
24.1287889191881
19.4739959513855
22.9290857445449
24.7849558247253
29.7701064497232
18.2826603526731
24.345295666717
36.5914703458285
21.6063117841259
19.8532404610887
28.3139441004378
28.2312720548362
26.9735986832529
29.2222910327837
36.7699282688505
20.3330919327342
35.2236105108118
29.4679909944534
20.7573944457802
9.01070213876665
18.8402216114642
24.7857758775353
24.8175389739582
27.2338575683534
27.4796181824058
26.6076708212495
23.8336413865909
27.5131641421467
26.5264487779599
19.2982287378982
23.9939882420003
24.6113639557734
21.500886278227
17.2260257732544
30.3519385866821
23.4174194047228
22.5827258545905
31.9630969315767
30.6716106832027
29.1121815564111
17.8745185025036
22.2541657974944
33.638583868742
24.6889969334006
7.29547622613609
25.5834619514644
23.9822693169117
21.5491788228974
19.6965020848438
27.9560839866251
24.5583709329367
16.5766582591459
21.599793760106
16.9976429315284
32.9328458756208
16.7242696508765
32.4568473501131
31.8530287127942
32.7465330716223
27.7994809672236
29.5759434811771
28.6393136018887
14.9699731962755
32.9068379709497
25.3456920851022
22.2251823637635
24.793366366066
17.8860837128013
21.5775100281462
28.482767357491
25.8939248975366
29.3495109071955
10.2782726733633
34.8310175796455
28.6631979048252
37.3592860482295
30.0359634216875
33.7767834076658
20.2376260942226
33.9617832563818
19.1239556947291
29.8228066351124
22.2161651356146
18.7853546969024
17.7233352558687
34.0301822172478
27.4465718306601
18.9709085272625
30.2899841917679
25.804523778753
29.4843326788396
24.700227798894
23.0158850550652
9.77062866379877
28.0731457518414
26.654940075241
10.8702537603676
12.2854294785594
22.2274114610627
26.5547185934814
19.0842495011163
23.5008496822757
18.702915078029
15.3232120908797
19.5170539042883
28.4824050962925
20.5589195512484
10.3310868144035
23.2504386920482
32.0993870263919
16.983556910418
17.233617301099
20.0338607922267
22.6647052699161
20.4143285778052
28.9047345286235
10.5409259165556
28.0013212002814
16.9009373290464
20.6391346408054
25.9533877950162
25.6310758646578
30.9945294633508
24.7551810694858
29.7843928448856
20.3391933115199
15.756339696236
21.6580919222906
31.4220145111904
10.2274391567335
24.7941194907479
30.6802938925102
22.2982655505951
20.2661669580266
20.8718391052394
17.338310321793
27.8503043703717
19.2528823390603
16.0633718362078
33.9840601431206
15.8651842037216
29.6451905509457
19.7027600137517
14.8971535731107
39.2254383589313
31.6157145425677
29.2724406346679
18.9474691171199
28.9712166637521
23.2587610863415
31.068405834958
16.8521091095464
21.668236120604
28.4784986637533
28.8307877955958
32.4049521470442
34.7520357442504
19.8886410593008
26.4565475983545
24.7961641522124
25.4939854377881
33.2027043681592
17.7046260796487
27.881162497215
28.5047616111115
17.6120018586516
24.8503469396383
23.202279326506
22.0594963058829
22.7322298567742
29.4684805907309
28.8798152003437
19.2982129519805
21.2455714178291
17.3566428944468
30.897683580406
19.5074138930067
26.6949492506683
21.6810810845345
26.0939355008304
19.8371510952711
24.3651001947001
23.8435256661141
34.0289318468422
24.9707247130573
31.6129254177213
16.5118710137904
32.4164535384625
27.3963812040165
20.3356485813856
24.3528559803963
31.9602384930477
24.0502528380603
20.7791960798204
30.0550217041746
15.8101446460932
16.3692209403962
22.3979313604319
27.3164743557572
32.2552072608486
20.6285423133522
26.3054548297077
22.8072764664911
10.0107000246928
20.8552031312138
16.5452786376514
29.069259040989
28.0810610158369
25.4719420103356
21.7818665783852
18.7817049445584
31.0697928769514
26.7905699787661
20.0182759813987
26.1718833573813
18.431982700713
10.446336097084
23.9786531543359
22.8590446291491
27.1188709884882
17.5843671662733
21.7303972458467
37.827287938208
18.9878313336521
20.9128089481965
25.2066172892228
23.2034089975059
27.3423923412338
22.437732682966
16.0187345634604
21.0193706676364
17.219476813955
22.0233670435846
25.9187457151711
28.7327490281314
21.2292246287689
30.8608411345631
24.0116201402694
22.6610301062465
28.0417174333706
22.2792339511216
32.0784114534035
20.8604102721438
27.0048280945048
28.3726872643456
23.3443673467264
33.5910251131281
32.1897677145898
29.4467043364421
15.6957957206563
31.4902039943263
33.1592830596492
19.4230886157753
23.802428948693
23.8455308834091
19.7355946103176
31.0769630828872
23.7600539150323
37.070962039516
31.2366444715751
37.3015746909676
27.0390385063365
18.4823644114658
23.5956238815561
31.3893974525854
11.8215905502439
17.8091119880392
30.3469383856282
24.4232605896281
32.9996349755675
19.4688840536401
18.6526377685368
16.3548075594008
9.19560799375176
26.7278125043958
29.5175761217251
30.1278262631968
27.4123911047354
33.0972708296031
25.3426242386922
21.6362134711044
30.0792185589671
25.6893182639033
34.5800785347819
18.7631091568619
25.5220541032031
22.8910056641325
21.3721882784739
31.6965717123821
20.2996728010476
28.2485591247678
24.6750890510157
27.6071692584082
25.5023987498134
30.1092989277095
17.511688452214
17.2157172163466
15.8555409871042
14.6125885002311
15.0127259315923
31.1791580403224
12.2772228439451
21.8328234739602
15.0819497881457
18.740278758515
25.8426934713498
18.9027218380943
25.4286038640933
20.038966438733
30.5303702596575
14.1962428609741
28.1714075211393
31.8965685088187
21.916727325879
15.8471316564828
34.1665357816964
25.0959161669016
30.7636343408376
30.0180667778477
28.3556209411472
31.2811595387757
22.8127054637298
21.5367772616446
29.4520389493056
29.6479569748044
26.6006283229217
14.9812276707962
27.7776770526543
13.021215912886
25.1448880182579
36.0122541410333
24.5049624005333
36.2641007152802
16.5318514191844
37.7228153906392
19.7613454656675
18.8922532368451
25.0192883657292
22.5948081584647
23.6205206951126
17.6043552346528
29.4669268419966
13.7411026083147
23.399878339842
29.4122842140496
18.3034118497744
20.9509725449607
21.0404806211248
19.8860028525814
20.3205007128417
20.5648411531001
25.4214324057102
20.965393120423
27.4208816001192
21.5073608752463
7.80274400021881
16.6631559752928
31.8826682399958
32.0478618144989
20.9562771953642
29.560645064339
19.3824035814032
18.1913032894954
23.8591761793941
27.5385803775862
14.985674341235
29.9280414124951
18.6452856753021
24.3305345531553
26.3540003541883
37.235492186383
30.0703286891803
16.9758305884898
22.1947055957216
25.7401648443192
20.8641045494005
24.6879698010162
18.8233844237402
29.2639785446227
23.7990107852966
20.5894044600427
21.7693283816624
21.2361387667778
17.3795949350427
14.1690203221515
20.1846601280877
30.7860181899741
23.9923763787374
25.2976723015308
25.3631891449913
28.9311385015026
26.4607018558308
27.259161695838
25.2602238906547
16.8815127982229
23.3610468916595
19.0293412189931
25.9614691138268
19.2012416774197
21.2517313725449
27.4746072245762
30.5533815640956
22.9898884426802
22.7704366436228
29.4442181941122
36.1905591541386
24.8095652554184
31.5221752272919
30.7219862472266
22.418911382556
21.8368471134454
15.1743385475129
24.1938021034002
23.1990110361949
31.1374429613352
32.2940697427839
31.5076880855486
30.5252195335925
32.7761486871168
27.9738516779616
21.2236983468756
22.8168663335964
29.9644605023786
27.3547681979835
19.8004635749385
24.7682088287547
27.4593032896519
16.0759150337211
21.0563642671332
27.4416553555056
23.1844670139253
31.759702693671
25.4516144981608
14.516946207732
25.8579505374655
25.4342600004748
18.3404295705259
26.7283763736486
24.3477699202209
13.2404761742995
23.5677941003814
23.866368830204
20.7089719595388
15.1128583820537
16.5220092283562
32.7338317641988
24.6050554327667
24.1280412301421
27.9822786804289
25.2159343101084
37.0309737024313
18.1905170669779
15.9801238914952
30.9756071539596
20.8672293927521
22.9539115680382
25.0544537091628
22.3085224882214
20.4236292978749
26.4877544250339
16.5954871561578
30.829209391959
19.7992325260007
26.2000917689875
28.309068930836
19.6565237827599
22.473047767858
20.8787635201588
24.2546861758456
18.0826854659244
25.1977774547413
22.7194669656456
29.5455018524081
22.5150652496978
29.5677962247282
24.2874895253045
22.5295624928549
30.2640325855464
33.047523885034
24.354333197698
16.3440379314125
18.2459331169114
15.6168282730505
39.628226412188
27.9039984801784
30.2750668022782
23.7681374652311
32.5319478753954
13.5802540928125
17.1208568331932
13.9017565641552
22.0820486312732
15.2598274173215
16.0362227838504
20.6689592218027
26.7813154729083
18.9311485359746
21.9625067764123
27.9368171235546
25.6229838356376
18.8254291890189
27.9425935121253
23.53698189836
21.7338697762858
37.773984631364
32.1126184426248
30.910147423856
12.7328810980543
29.4740981189534
31.1725208768621
18.863103800653
17.2895219177008
17.9613951826468
30.3878867998719
17.132072430104
42.8582500645375
15.78316235915
22.4296232452616
23.4217155491933
14.3079994606744
27.8175123765673
23.81579204719
31.3352420227602
24.602599372156
21.4371987385675
32.9565403517336
20.5532244872302
23.7205630866811
18.6716965865344
21.569318533875
34.0163483517244
26.2800360323165
26.1371770408005
17.403915990144
17.3042486421764
35.558168706429
13.376415830408
31.063081859611
32.3148532304913
22.1019465010613
18.7446904135868
28.9280044380575
15.6854012981057
29.3592997579226
25.3822028869763
27.7856912884318
24.8025885550305
11.135650309734
25.8683322696015
22.5471974583343
27.0336397457868
23.5765209188685
28.7539017386734
22.6327575743198
22.7160956710577
28.7750366842374
20.5116435652599
15.6209691703834
29.1122690076008
22.0069986430738
23.8160771783441
29.1476147482172
26.6176303150132
10.7777414136641
24.5201059849933
30.1994734443724
22.0325194299221
27.7672821423039
27.0219754012639
14.059363421984
18.6291955178604
20.7658199360594
22.9742159601301
17.6715380046517
26.133779201293
30.243911431171
17.3622170696035
32.6408866094425
18.2896344223991
14.9202978238463
24.7650002129376
22.183623816818
29.8010720405728
21.4716588146985
29.4664839515463
29.4769174419343
38.9947621596462
22.1107928082347
18.2486388133839
24.8980535542859
24.6308025438339
25.4799074726179
34.0251214103773
17.6764354500127
31.0202894965187
13.4816955775023
16.8566530104727
29.7298961086199
27.2984894691035
26.255685929209
30.2109922515228
18.5743054761302
26.4536582077
24.625583877787
18.552912841551
17.4932221649215
21.5774212075413
22.6856314054609
11.1993592930958
30.4386089090258
28.9014935260639
23.886008746922
24.0138043882325
27.7890620054677
18.1499575963244
29.4731798581779
29.6283126110211
23.6113790888339
33.9175334898755
31.3589830184355
26.028865412809
19.5235132938251
12.7064982661977
25.9718446992338
27.3132902802899
24.84322686214
30.9062946831495
27.1981789264828
20.9241724573076
20.194603363052
14.4310830672388
16.5898783830926
27.8096037451178
33.1350155174732
29.5460433000699
19.9655691394582
32.3365224525332
11.8637974141166
24.235499673523
37.0293854290524
13.2257133256644
32.3040362680331
21.078668278642
20.6868489040062
17.0475428723074
34.404654474929
27.7060908731073
28.9863696787506
31.7585154669359
16.836243448779
25.3218080615625
20.2187098667979
14.9352682521567
20.969723421149
17.5462204730138
19.9730599997565
14.8876170860603
20.7895931322128
16.6132047073916
20.6059659132734
22.3810601281002
31.9824404083192
33.9521432528272
22.0623998669907
18.5316887916997
25.2791703213006
32.7018899377435
22.0019386149943
19.6920181164354
18.006912083365
14.1104002250358
41.5179579297296
19.5362721104175
31.4794790698215
21.8894046032801
20.431077410467
29.6069709747084
16.785376828952
25.8008013644569
25.6711677880958
24.0191134391353
15.4861207654127
24.5015641669297
19.946695305124
15.3090890303776
34.8242184591895
28.7762391613796
17.7668612450361
29.6898926375434
27.6724736671895
27.9522143304348
27.3417560150847
14.7990446537733
21.8507053563371
39.2568442011353
30.7124001672491
28.5108564566452
16.737660788931
29.2169086402282
24.1848959354684
27.2218667960154
23.7994689494371
15.9949580207467
27.0816740579903
30.8990196324885
29.7205808572471
11.4236021376138
17.9909715904675
31.8498181411996
23.5863550566137
24.1211351938546
33.6027193581685
27.5519743845454
31.4560043625534
23.4424743914733
23.3414490474388
31.8103094818071
29.3527921196073
16.4674910949543
28.2521724933758
29.2813057778403
20.0356635050538
35.3897318924245
26.4225158141926
19.2652112105861
28.0540722422302
23.1916839160005
17.0346002957108
25.8498215815052
13.3342026500031
26.7702512675896
26.6347809927538
26.4283819589764
24.1666641432817
15.3393464861438
30.6674548657611
24.2458624066785
22.9868866479788
29.1474742349237
24.5709475129843
25.2567754359916
31.6353168105707
25.9224968962371
29.8028593650088
23.4043255448341
22.8229533648118
20.2666622586548
29.3172715231776
23.4118998749182
27.3778900038451
19.9988673655803
19.7501849383116
17.477718135342
34.3889196636155
10.9879733116631
20.4294522060081
23.5943221719936
27.86059151137
32.1940400665272
30.7352887699381
37.7684609486448
23.8433748483658
26.3444043928757
24.4026690721512
23.5512402607128
19.8010459775105
26.8268543398308
13.3875938598067
28.1400689156726
25.0836338847876
18.9564910018817
30.088442201052
23.6925648525357
23.1693965468389
16.6819418314844
17.6454901462421
20.715636052871
20.6981737399474
21.1149950349204
25.7793357828632
23.9551134873182
27.508419752121
23.1962810037658
27.9928546864539
18.7822922831401
24.1010292898864
28.3138901228085
22.5460268789902
23.2687925454229
26.462175627239
19.0324184019119
28.2699819887057
11.6712152957916
23.9775901427492
26.5288616763428
23.8406497985125
18.0231125559658
20.3159365869102
26.4709809562191
26.3433913467452
17.1106150900498
18.1875084759668
19.9045432033017
27.5079114595428
13.3561441469819
28.6940532969311
24.7542660916224
28.6340525373816
24.840735597536
22.9261478642002
21.573046786123
23.2946436153725
28.8179745199159
23.3416893286631
36.8782760088748
29.7425049822778
30.2771850721911
12.7072943624234
23.7685305764899
27.8611824847758
23.0996897211298
23.2702412564979
26.1468359422782
25.7512530079111
25.9069246705621
18.6986315443552
33.0701331607997
21.3881673989818
15.2756758783666
32.0230802055448
39.735842400924
20.2793490225794
24.3029058678076
21.9775580615796
25.8095860946923
18.5098181245849
35.2547295979247
33.3253552438691
38.2180434016046
24.102684041066
18.95298846066
7.42000094614923
10.4838957078755
26.0924315545708
25.6900390610099
16.3123399484903
17.3174138646573
18.8808434764203
16.9775066268587
24.4151116581634
35.1074162944259
13.8819880783558
22.5071168737486
28.4320438280702
25.3168661613017
23.083366022246
16.8487404854295
22.6406288566068
18.9621347586891
36.5595580523318
21.6508187586442
36.8267477003342
28.561768354848
32.1125116897747
29.7259651822969
12.2048225719482
16.1091306945309
29.5059323543683
17.4404742429033
20.1181880499867
15.7719866605476
25.7505127694458
24.5269275037572
23.8754216581583
12.0743694482371
25.0802194466814
22.7141105104238
27.6715404121205
24.5126739377156
21.5416048187762
24.1521468851715
30.6796526769176
24.4749326491728
33.5104948375374
27.2846277803183
24.7062819544226
15.3204274596646
23.6819632584229
9.80736843775958
17.8602764615789
20.2740940963849
14.5929625723511
22.5492790775261
20.1814110390842
24.3494239635766
28.9342867908999
26.4893718296662
11.5546923829243
26.1816341429949
20.2873436526006
21.6787139186636
25.1680318964645
38.8885248928118
22.5845722714439
32.4167938902974
17.0520212734118
29.7863435931504
21.6386229032651
14.155116818384
28.5722282398773
27.4818084435537
35.1971084230995
25.5955060943961
27.5096524273977
21.1436226498336
26.0352618992329
31.0060365125537
33.3147011231631
16.8872992740944
18.1981182424352
23.720984859392
26.507337577641
32.7498356811702
31.6557824146003
23.6685383366421
26.3150484999642
32.8185527585447
35.2439861723638
25.2158994049333
21.4187666540965
20.5094972392544
24.4075645692647
29.518446023576
16.6772088035941
22.7151341285975
22.409977091351
14.5821051672101
23.6972474725917
19.9230307945982
28.2646818278341
16.9046307913959
24.7097943443805
27.3441263940185
15.3675521877356
14.4897673511878
38.3351361358023
13.5080343578011
25.054933084175
21.7764740111306
16.4213684447629
22.1885113511235
31.1957420082763
36.1574533938732
11.7763670805601
25.8982585839868
24.6537515660748
24.2968705948442
28.8514714222401
28.9671026403084
29.3971788138151
30.6588512612507
24.8669319553301
31.9836574839428
28.3595993649215
19.5615552831441
21.4532770682126
22.8852486470714
31.0677406610921
27.7830807026476
24.1002611350268
20.8704882767051
15.3296534204856
24.5551086496562
22.6237603928894
29.7122311079875
33.1320266705006
29.655292048119
16.5948698297143
32.6899521519941
18.9385049277917
28.4014890668914
14.6126011386514
32.4289870681241
31.9905176991597
29.7574155731127
26.8973452271894
21.9813657226041
29.9735730746761
27.831184444949
26.5498111955822
26.1537657119334
7.52369093243033
16.1733039887622
16.9810503255576
29.4145131250843
25.547085958533
22.3817377584055
20.9386080446419
30.2341150119901
31.6255169687793
24.2141134105623
28.4140528645366
28.3777671633288
18.0262710200623
19.1444276366383
23.1667472980917
19.6153246136762
29.1052223648876
16.4620038354769
27.2966335527599
16.5184166515246
16.4991652461174
26.4773543466966
23.7733330344781
25.5440529901534
32.5496933655813
35.7349311911917
31.5159242367372
17.7235548850149
16.2142288871109
17.4081210636572
18.4497174108401
35.3957876160541
19.6677292697132
32.4301026741847
23.370007192716
18.5795581433922
23.7322518136352
11.6797568509355
30.0449317554012
13.5806558167639
24.2262071337247
8.55200116056949
10.8822777401656
26.2536986032501
18.7934874091297
12.6902105286717
12.763653928414
24.8799244407564
23.9508440252393
17.46608692649
31.1318733263761
23.8944962246523
24.724740844443
18.8382579479367
18.1311856722459
20.6380197545514
19.6889657294378
29.790148511529
28.5833926405758
18.8039478380233
24.8390904960204
18.602494227512
25.273657580246
24.058198207058
21.754070393429
24.5109501061961
25.5945884855464
19.4873067317531
28.1473888084292
28.3355708932504
9.76958128541912
19.0743658691645
26.0167025495321
28.1027826480567
18.3590850094333
31.4263384556398
27.49040403869
17.048144666478
18.6164032667875
24.9526671599597
27.8962678043172
23.817209363915
21.3942890530505
26.1939770774916
25.4380623577163
29.3172696139663
9.82119024265558
32.7934772707522
32.6068684691563
18.6005961382762
31.6566539928317
25.0622249388425
29.4050364987925
23.2551999390125
24.3033124599606
16.5421857498586
18.6444142645428
26.9697741372511
32.4978857534006
21.4282162917901
16.1659214412794
20.2318358933553
25.3148299176246
19.2034519703478
26.9226762466133
29.2275094194338
14.779765997082
20.9564775069534
29.6177684421436
34.6736424784045
27.2090148413554
19.8472757125273
17.8921491914354
23.2104515191168
26.9183990778401
18.0161276366562
30.1360126351938
19.4412971613929
20.9461649879813
30.5544094881043
34.089695266448
30.3430110836603
19.0102931810543
24.8505354160443
28.0588226392865
19.3392216144755
28.2268373062834
23.2848663814366
23.4246157575399
18.8558864407241
18.9641887089238
10.75586064253
26.9706046674401
27.4347941613864
34.0995009290054
17.4504878465086
25.6132505368441
32.7160708606243
13.1569942801136
32.7705646290113
17.8820255212486
33.81274768617
19.0202189738748
31.6825871123001
42.5244395134455
18.1960216490552
31.3171853544191
32.2326198685914
29.3397348374128
23.77957215067
31.6218625754118
36.0973928102708
17.0675509609282
21.1466973181814
24.1752848029137
34.9447265615785
29.2390252929181
28.5163228400052
26.5632574446499
24.0636853035539
14.0136813993177
27.2048696875572
9.22917638111388
17.8219356574118
20.0015781447291
19.6384161930064
23.1874691322446
18.8863985007629
25.9282080689445
29.099871776998
32.7709499746561
39.0898499151176
25.3367555327713
24.3569456506521
31.4153174636886
19.4041147828102
35.9010546912855
26.9459679983993
16.9952094554901
18.7912567984313
30.864883842878
36.0052868702865
26.8707632320002
32.0396174443886
31.3995661912486
26.6153208160987
34.8229787380739
18.3885045349598
20.1265275711194
23.1839901254433
20.9153622156009
27.9310283251107
19.5516960462555
25.865565543063
28.0327099608257
31.6605842439458
21.5112297097221
24.3722303304821
24.068746869024
32.0713063236326
24.4375987444073
20.6049381289631
30.3313201759011
38.4432437534557
34.3427985208109
27.7621245486532
22.9033986695443
32.9525100067258
25.9393020067364
16.2176791811362
27.7832804946229
21.3832420668688
33.542340924032
26.0618562344462
19.126159338558
22.0214478904381
27.9379109619185
23.0761244427413
22.0923524442932
27.967588393949
29.0455617243424
28.6916798213497
18.3021267177537
17.3040588619187
25.4050727467984
26.4460153179243
20.5594022991136
18.3358701644465
23.9856685744599
20.0644864223461
21.83667705151
27.0176041405648
14.8605732945725
28.6450827494264
10.2131838984015
33.4720855113119
33.8351035024971
27.7742784004658
27.1041134838015
