"x"
4.84439844731241
4.99055942054838
0.470205562261713
4.63479997124523
3.45828759018332
6.39761176425964
4.35568915468383
3.75119489617646
3.75018091872334
1.26286908574881
0.212638662196696
0.177710370831459
0.999697227962315
3.03635587915778
1.61355828319531
0.65786954946816
0.861967980691856
4.39110514611247
0.837115151807666
3.77273389603943
2.11121344473213
5.66819375380874
6.05597975663841
0.391726736006725
1.27596117024707
4.61051918100566
6.5733535372805
5.44395461281133
6.95857537233973
3.71839467348946
6.58885410521179
11.3453900903277
2.54109512156749
6.76482005510479
3.54009394068271
4.67041479423642
6.44137086346745
7.55899182986468
3.76826203428209
1.7690311531095
10.539503541889
6.04201223481014
9.12594607308829
8.97914558943862
2.30517073068768
3.83469893131405
7.10229508113116
0.947179412469268
3.76640958711505
0.540702301077545
9.01856545824558
9.65072552207857
5.15094175995477
0.822478108744992
9.39639233496103
1.21341131026078
0.548383477143943
0.439172594120085
0.406896559120677
10.1286216638982
10.0691639324953
4.7666375893547
6.27764596138149
7.28329590056092
4.33531252201647
1.03134114764322
3.15738264471292
5.17693055517567
0.137223908677697
7.53320231901577
3.49010123974507
3.59592942986637
2.22496478818357
3.49773156922311
1.40694488310863
6.21506496003072
5.63688878901303
3.60167974140495
13.1896192906424
4.6935256337747
2.00649448670447
8.80180338827041
9.72694030497223
2.34123631062998
0.447614281438291
0.442825630307198
4.71808394611775
0.602564089363945
3.5097416723147
1.80959284771234
0.581625454480827
1.29206429701298
1.45168990776878
0.355262868106365
9.65216643943259
2.03582535032183
1.22114342190098
1.29305047695906
11.2392850453034
1.52353368341383
9.28493249230087
8.71187141165137
1.86573278624564
5.81914859358221
0.811974634416401
0.667861132835122
3.39679277572359
5.64383373130113
0.506888818927109
3.99559193756431
4.03732592239976
8.31823642365634
11.8077206192538
5.01170589122921
6.42855735495687
12.2490938053478
0.590355973690748
5.06288122851402
2.74565110152381
3.66497878766158
0.641229725442827
4.7020972843883
4.99444054439664
1.62655264139175
2.90625102352351
1.75098481991632
6.06420642782003
6.50113825686276
5.29711233021248
2.4346438003704
6.97097398967695
7.69426472516745
3.390137036331
0.940214935690165
3.33077097311616
11.0407119849697
2.37726925406605
3.36489671576632
1.43950986675918
0.575898756363361
0.783825013786554
11.6676150122657
10.9408415750737
15.7832356635481
11.1951686209068
11.5278579527512
8.39027874171734
3.99164656475229
10.2437217254192
2.97591532344518
1.18504362180829
3.79093505907804
0.511474907398224
10.1948261260986
11.5775718592163
1.40950162895024
5.25134226772934
7.1570715168491
6.20978910010308
3.1224149512127
5.75402138852038
6.29044587895381
5.92577965354198
2.60675947647542
4.03725765645504
1.64985691027259
2.20315758119293
0.530340491993371
1.03000913294434
5.78233688138425
7.61107286565925
1.15471903333462
0.876903417520225
3.12840945553035
0.780636860312573
4.25509321332681
6.09793941441604
3.80867645144463
1.10025023359059
1.35347531177104
1.4967547962442
5.11766025849504
9.20256170714863
2.96199165750295
4.59876002278179
2.88653885945678
7.66375418752432
2.45888992212713
1.95649529341608
2.65605167951435
0.821405174907416
7.3894826695323
0.965820512071075
5.61159770004451
2.66199370380491
3.36687006056309
0.327829812085996
15.9767094766721
5.38609460927546
2.4276394629851
2.32812841838241
1.46133268717676
4.47550184822704
5.04622298758477
1.75024116980838
6.86702055390924
4.27888697465684
3.6524687660858
17.2924680030324
11.4188855048269
2.75890426529305
0.240729298948292
8.21108559612185
4.69218692742288
3.0886028893292
0.551466165070158
4.53422733116895
9.37867430911277
2.96545857563615
3.62813677638769
9.10254125483334
7.06620605263703
10.0302956998348
0.509382551535964
3.4977438548321
3.02055126521736
7.69549089018255
9.14843829814345
8.74756909838376
1.15870102308691
0.9309005160111
3.6451312713325
0.511366964503408
1.95193195283737
7.88266295567155
0.500971880543132
13.7591470498592
3.24046895839274
5.94264993537409
1.26352366060019
0.00306037254631519
0.412302478545666
0.957849137758615
8.68017616038267
1.04412043001503
10.2453369414434
3.67030309423482
5.20752870127562
0.1742945285514
1.87080981913472
1.48877562023699
1.79021467920393
2.62391401018179
0.995229464024305
1.68939615016755
3.69936490897089
1.82604875881225
9.84619468428468
5.0044030765189
7.50573081500796
2.4705958518903
8.59214160591364
6.71561388298869
4.72289358497321
0.837731400648594
2.93415645444756
0.183324792775375
7.62148087378591
9.45472316816449
7.2724055705031
0.920194759964943
6.1586695490405
1.02798179723322
6.15682688076049
9.85151832110642
9.38925996888429
5.38478771607952
0.405979179777205
6.62959537003189
1.16363209672272
9.10116515588015
2.8021679027006
5.526104782793
6.62584722370533
0.653729843907058
10.871769208461
0.0796432094151763
0.699693127535284
10.4339367210196
12.0954290963709
12.6828372245654
8.99927937667892
5.53585874511027
8.23362595401704
3.15053411759436
6.07124487869442
5.90744118671864
1.43100442364812
3.44198772814605
0.0151422584015153
3.5952052139105
3.19521288901867
3.10964254019302
3.42004187405109
1.45416439045221
9.44589218375428
3.71953595425746
4.38377567616466
1.15793864242733
4.76437615323355
3.42966091139761
8.7941973109521
3.97480789106339
3.88616761192679
1.12092015333474
6.32434660198936
2.10316262480454
1.02078438728412
7.75112579576671
2.65149579724724
2.45221408549696
6.60574459201383
5.4004744393751
2.49071601009099
3.00497484859079
5.13879286590964
1.18658284838824
4.9312008311972
2.16500335372984
1.32530909035011
4.91435786243528
5.02946341875941
1.13986742287727
5.54817114025354
0.864413124509156
4.75961798034294
1.10004530288279
3.5525230077392
0.769447709287878
1.7409777641548
5.54746317434364
3.30049285451262
1.51139334775507
3.41346723996884
2.49985971022397
0.552529859564718
4.27578394301236
5.43969204796321
0.984896923074963
2.13138345163484
7.33579501644808
0.232623773626983
3.38245599996299
1.57810814250934
6.36976049281657
7.11291845216229
1.13098508968998
4.62740775881737
3.88753696176628
8.3054545102641
5.22615017835051
3.19354720413685
3.28046279028058
3.6005035508424
2.56286151707172
5.27802826836705
2.33665243722498
4.89619958680123
7.27762301539987
6.67664371430874
1.84459606003267
3.15762795173058
3.54586001315995
5.40317508996544
7.4854317586869
1.46462197881192
3.56627881597635
3.49489087238908
2.96243913471699
4.27671814983682
9.39444098571621
16.7758016741473
11.0593140877913
0.798764731734991
1.34887754081929
5.70114722941071
3.17609559278935
0.597122684121132
2.86536838393658
9.14696981199086
0.662403085763077
6.76022961270064
3.21654317521409
6.14531741011888
3.27260147314519
0.183297344483435
3.41698098927736
2.5710024875817
8.70377361189883
0.523619400337338
12.893026554957
6.13330574706197
7.19317278158089
1.25739597330261
6.73777963966131
8.0473123758714
1.52694910137364
12.5839046435431
5.14003266580403
0.238252501003444
2.06399956738297
7.71304443478584
7.65228700881444
6.14161532201526
6.72234026715159
2.80325698502799
5.64397706905569
2.63245713431388
0.255989223812557
1.90209847096437
1.58149805342699
1.72987717669457
3.72256110882374
2.21889025378636
3.93117882777005
3.40514520648867
3.71029581874609
6.14860571210906
7.82521592683861
3.06648146976678
5.98362877788096
1.3282360093165
5.21041941331441
6.25756766473008
4.1377562796697
3.41186204459518
5.10856068374211
5.88228364940733
2.44945690501481
5.07593078073114
8.27445781324059
3.08617489135959
2.82604640152973
10.5725637869909
2.81033990572996
6.09816039206537
0.913691753521562
1.19745528764524
0.224177120253444
1.8066585187518
1.00895304140015
6.95976301120871
12.514111562632
8.22994456490033
0.754750609695203
1.56035027048133
15.5245832633227
0.348374996203978
6.39897181527746
0.0901996550717634
2.2311536129564
11.5721116540954
4.1295220842585
2.52110939782499
4.50168924871832
0.198193266987801
3.10645894501529
8.38776945602149
5.95570979917658
5.08486777544022
2.18601181362236
3.3817070830815
3.93835012870141
10.0466402713209
0.152675317888594
2.28758128359914
2.544856374152
6.19608229026198
6.98144461493939
1.81401414128539
7.73619476240128
2.23012873902917
3.29502443782985
2.65829551499337
12.3960772118506
7.85451375443127
5.66536970436573
3.94486476121893
3.6251676036045
1.75998685881495
3.79940064158291
3.11651364189573
3.27421189285815
0.937617244027155
1.53484598267823
5.5648916400969
1.02059504934132
8.87041199021041
3.27089189086109
7.02071287669241
3.31360055309711
7.42405400602188
9.53620513901114
0.494520043280931
4.92435984779149
3.26709653505135
1.48375490680337
3.78567284190478
1.44760349563509
0.963388034142554
6.01579542271793
6.49769196827001
0.281023024581373
6.55799771691197
6.42400986980647
1.83352732710039
1.61548275500536
0.969613227061927
1.17524203378707
4.94132207938331
7.57592497393489
7.37205563714493
4.23485339554745
0.852213543839753
5.69281233876475
1.83944359717022
11.7814512457699
5.91712701134384
6.77249568980187
0.830844402434317
1.97725980822621
10.3525345213711
3.62339022103697
1.56747060827911
3.94987465577361
0.840452705903749
0.295118382124952
6.67880707331442
9.77173487190157
8.25039939954877
0.28476978186518
2.84269345437915
3.27201730106026
2.0266427192837
2.78381413119003
2.24436005614724
4.57694899532786
12.3851868323982
1.51551954913884
1.99704462265657
8.64366522207912
1.28183635146569
4.33942349627614
0.82513780798763
7.30347360949963
5.19381654448807
0.73280381320716
5.88625262025744
10.9206373570487
7.18493235763162
1.19745591705027
7.21970584709197
6.48809662088752
3.20943794291086
1.99323315173388
2.54172130953521
8.28407915864466
2.36661373637617
9.64892134070396
3.54159278795123
7.89202900528592
12.7042159666473
3.16116336011016
5.42523777767129
4.8324293371073
15.1173335965723
5.90601530857384
10.8476283727214
2.18738361727446
4.24687903392148
2.47342233233922
0.498541467823088
4.60300925187767
4.31026064325124
3.22716151236494
5.94239584133723
9.65733464548999
0.908963475300965
6.22598479967564
0.258663267205667
0.455918977968395
6.91857525464886
2.02533376868814
0.562893319875002
1.3006509380479
1.81878693401814
5.16938684544004
2.26752663150709
0.967585299210646
0.298015953064669
1.62913620006293
8.33213517908007
1.11790268834598
7.15179988183081
8.01118100914523
10.1478342432529
7.15183650609106
6.01504837016398
5.86710281204432
2.93935581576079
8.67736886721104
4.5404699146018
1.47542957254373
0.581087498777073
3.0048270476982
2.80999625865486
0.369538215711376
6.26868420016718
5.44611418214975
1.10946402419358
2.18898651655763
6.12320479732138
0.820402218960226
11.1546632600948
1.24081784030357
7.09838332753236
0.199800873397895
2.31297528371215
1.34941420983523
13.475867244415
3.69577853703305
6.76803179085255
4.90252606999295
1.48075383622199
0.598597320670334
2.90269027464092
5.75549977365881
0.474242959171534
1.40286930803841
2.3063798667863
0.933298096060753
4.04229995328933
1.64743435453399
0.00379625707864761
1.3328206923601
3.96975858602673
0.213423635095628
5.97706775498527
4.66306318994612
6.79829752762271
4.29310835897923
2.1978129632771
4.6270451973143
1.11535590580762
3.50693939253688
8.38184627138786
4.29225189145654
0.176993325189818
2.56853375126662
7.38131253894656
2.64458087120224
2.29304752864525
7.02761232433899
2.94257790176964
1.37182369531119
12.2122100321576
0.961162149906158
0.464293770650724
5.95093991773862
1.60538635682315
0.248729529060423
9.64930551116242
0.822434607174516
2.6473874043534
4.97804330352002
2.22045646514744
12.3536375525547
2.66575552523136
4.71732341684401
1.38370428003453
0.128034103037035
3.10868192287547
3.65955557573696
7.34875614289194
1.87800982967019
3.04716750979424
0.550979634984776
0.971075567952821
7.42163379844819
3.40034822823247
12.1575224830605
3.43521307222545
2.09180174861103
1.87052708716916
0.540764851356669
2.30576432636189
6.76734109874815
2.362453751266
4.65793931709325
8.30464679154191
7.46218308340758
2.19345305137812
0.182120967656374
3.93419741116898
2.43620240155065
1.63734372508198
12.7614501398057
4.08228063033168
4.67095936182886
3.69395872536945
6.91906029998392
1.2177729257076
5.24219679007774
4.06778476282295
3.36386561393738
6.53726418737449
6.09926171600819
4.05211691087794
5.72857339866459
6.97871479205787
11.4647133508697
8.78901054551571
8.87335131410509
9.25804504659027
4.71676492597908
8.43843030743301
1.28214512951672
3.31000071018934
0.0284783309325576
0.624106428585947
0.702499421730027
2.22281359353315
11.055635008961
8.07003558147699
3.69825065438283
5.18790779036956
6.33078509263728
7.78574169318586
4.61728710215539
2.30051302351058
0.494741811417043
1.16341115709523
8.40925384236973
0.897453632205725
5.63495786448305
4.87274278553117
0.535934837535024
1.89084792509675
3.55429249927788
2.07222292665392
5.94850031964853
3.10026424391424
1.99776971338554
1.39112172182649
4.92021146361138
11.520031901854
0.752975163049996
6.85206302441657
7.58804481010884
8.63634590059519
1.53190245437678
2.59994177613407
6.36573903622221
1.8926881637915
1.92298411857337
8.40893927961588
3.46303864727202
2.40072312299162
0.690683186985552
14.5262114237994
8.61313049257022
4.50592862670462
13.1379472557455
2.58010795805603
7.94693336356431
3.60760826151818
0.88480596896261
0.461415434256196
8.29753903672099
8.71904185041785
0.379127290050322
1.05834605637938
2.46722646925967
3.06702692184578
5.82445261534303
4.42074880755923
1.28223804905053
1.3204168219117
7.23655943293124
7.25954336408678
4.18965267017484
2.61424169299346
6.65134601294994
2.23725667171262
2.77903997339308
4.70947425346822
7.66980689950287
3.547385448865
6.25791145705249
4.32713784179892
2.95627256895699
6.10129979904741
2.23468009733635
0.226535275578499
2.90345218963921
2.06363848256092
1.8691183899579
1.14038020237997
1.14505428355187
4.06046544667333
2.93698078021407
4.5883224112913
7.95503554703461
1.58108412288129
8.67469643708318
5.54071627557278
6.1817755183845
4.17704198043793
4.04587922464131
3.26340127393366
14.5727175753564
6.48788013495505
6.62560458806766
2.20737669151276
5.52084378432482
5.32710631204148
2.84567938410142
5.81182383466512
3.00767503213137
12.0365206385031
1.82673946017777
1.03188186304594
1.02507310471801
6.4711941296301
5.6837581563741
0.383986240368808
4.66645564318841
3.37936445139349
16.6994016384706
2.5137657339869
5.57095149671139
8.53603847790509
3.13246978912503
1.8006601597418
5.48512113746256
11.3984781287605
0.651127552933161
4.7400034731254
3.35408805403858
4.62225307710469
2.12237131781876
3.75347378798168
1.08601592946798
7.90711387526244
0.570498942397535
4.86268855666985
1.34019863326102
4.1405400379856
3.36274837888683
3.31534671131521
13.2771462068274
0.813968200236559
3.52962153293488
5.78784630633891
3.79605719354004
10.6990122469142
1.12489621739561
3.65980281494558
0.766213680617511
3.62386506688528
0.804930040612817
0.302886176188563
5.11283539287952
1.44991546403617
1.65848005563021
7.83969692420214
0.0367232598364353
3.02633774282906
0.741686800007361
0.204956019297242
4.30069663561881
1.11105979885906
8.84129519684812
4.58933236077428
12.4898070236668
4.21696216227751
0.203043035520253
2.23781671375036
5.08451098576188
5.52969656419009
3.12753592152148
7.42979516431636
1.72006395849305
0.321549293585122
10.3204228144164
2.19525229440824
1.32574844174087
6.70920181669002
3.62051949674481
5.36766811273992
12.8663441166282
12.871776544489
5.13388362493018
4.88560339435935
7.47840369585901
7.38276198609863
6.93057964090258
13.621422961311
0.947415246628225
1.50220785290003
2.2101491689682
5.58361990842968
1.95170368533581
3.24399033561349
4.39825530629605
9.31762250571289
1.75929681863636
6.36148056250676
4.81001478619874
7.21182275454082
4.56313875162522
1.1758091773046
0.366928904204439
0.0850442227086778
5.55245662108064
0.231644595906436
4.92382796033853
1.44531512632966
7.08505711518228
3.04039630573243
0.529581364977211
2.26772972382605
2.66811088658869
0.29224397148937
8.81101797468796
5.2769089372317
0.645317952148616
2.18254393717439
3.46782130654901
9.23811020329595
8.44318831926714
1.57323298904608
2.31236857647201
6.59384083227465
4.56211252286832
7.51628378279831
2.92211253105058
3.67226132657379
3.25805023378539
8.71157386873707
3.18297476042062
0.416567735373974
13.7218703282997
5.14815032947809
13.1014993887907
5.37356226705015
0.229135045096178
0.123476749286056
3.92384278665489
1.55426748096943
2.37994967429881
3.71162355877459
3.52337974749629
7.84019442696314
1.61897488869727
1.47945026833722
7.63293443425129
0.0165780845832672
2.13362890248218
0.229336664506291
0.359377707354724
5.95943143075101
0.757643137325415
2.63203368522227
0.752489152364433
12.9093707306311
1.63677455857396
5.71192570496351
4.38887570053339
0.313180264849993
0.0253639493463225
9.43817312363535
2.65629880595952
3.79115848336369
5.1143872393878
1.26603776079969
3.79857525695115
2.37576004583389
1.67094000974785
2.69092364052182
1.15219478026849
8.25396306417125
8.00237786024809
2.04998841509223
8.41512210013306
6.14208546467125
2.141441591084
10.7847021813752
8.58129402622581
3.46718433644831
4.0378256700933
2.35076441895217
6.00511021912098
13.3455170085654
0.132820340936386
4.74262239849481
6.05468173838756
1.84604318346828
11.1589384963736
6.22896135319024
1.02192498743534
0.535162398591638
1.78727286402136
1.57873576422147
0.420474850932509
1.79407804370843
3.76693946309388
6.60199210979044
12.0015066464103
0.0879275146871805
1.10052998643368
0.472607742995024
4.35499308920974
3.08321849443018
2.70561075032703
2.22567986367675
0.14365001115948
4.083346365951
3.51916803047061
2.25946764078724
13.6262193322182
3.6589048570022
0.966095528565347
7.63471317477524
12.3156520957989
0.947032199114064
0.832958049413694
5.1914585288614
0.845337792669419
6.11592383190707
2.91390235070139
3.35706870537251
0.0762075651437044
2.62135792374605
6.20900233715367
6.44837289582938
8.12112621497363
2.93531576171517
2.76250834576786
0.778549187816679
1.03105586022139
3.05060427635908
1.57335803378373
10.8969246735796
3.03844565573706
4.93869262281805
0.8822001516819
2.28418216574937
2.85388517143972
8.08782547246665
5.83359627053142
6.12056819545804
4.03719954192638
9.83285536058247
11.7874989984557
0.0864278405504221
3.75596111595293
0.0579326818908764
3.48847184795886
2.15031359859376
2.90363346576319
0.0150013120220852
1.57856426749037
3.86355922857476
5.83494519814849
1.10448926837387
0.400871676337323
6.99464792851359
12.8758765757084
9.31211302495318
3.89105156750281
3.82782004307956
4.04925167094916
3.73002432733966
1.47670595906675
11.5355264091993
1.87237525824457
3.13431074683705
5.1677232472624
2.83799110911787
4.96884251479059
0.96481645014137
9.58643923513591
9.74729108393483
5.73614952154458
3.20515998173505
10.3045910266699
3.96254141815007
5.69043520372361
5.03633848857135
1.84609861121651
4.40034088678658
6.94033512845635
0.473436829634011
1.9571725324035
3.91642207718614
0.123951096145927
10.1916370447725
3.87163585983217
0.978420821442065
11.2099685152489
7.39372128155082
0.658311741426587
0.631955289281905
0.605583074502647
5.60642852428899
1.75032317638397
3.56890523438913
0.713422100419008
0.708034853343134
4.23107815440744
9.09641031425708
0.119106494821608
0.782067258842289
5.88383977301419
6.57852732110769
3.09561970643699
1.83808621950448
11.2514504702428
3.06233775336295
8.51132934913039
9.97460316866636
5.83672341760145
1.33806676603854
0.742863747060191
15.7914820825681
13.4317161548848
7.16613889671862
5.61416157196743
2.07487577500084
8.63343130331486
7.08396538520747
3.70951408986002
0.712467404082417
8.26343081425875
3.75593029893935
1.77529654930587
0.581320184973744
3.90759559813887
4.01178884785622
2.80006117293731
2.15516101788939
2.64197434298694
1.36856329658165
6.46058009006083
5.34919175515981
6.02766745723784
2.71119855973534
4.16420593392104
2.55371151304383
0.323093402084567
8.14272097887208
2.44500763262221
1.5149284619838
7.40333098270677
9.72534583415836
1.99708927813626
3.08342633609452
5.0172618124634
3.98046257807653
0.218769268816104
4.09016255650674
1.34117489017591
0.820781216655316
3.27320595984062
9.69234826043248
2.00041048228741
2.87152503809458
0.94063162608433
9.44062299095094
9.27999824674924
10.0528749870136
6.86361012049019
6.33024470880628
4.91949072223254
0.719813886098564
13.0500153638422
8.08940876740962
9.87238375941269
4.4204965129752
4.19112639501691
4.63441810570657
2.75265048258007
8.52866395070562
3.98666663095355
9.8755627637729
10.6083998922259
1.8104229902145
10.3742271964621
7.29100888129324
11.3333420129493
5.92777421386265
2.33147414401174
6.58448664704997
3.95235861884876
11.18293255145
1.95198403671384
2.47985483147204
0.433503631809846
1.79848913103342
12.0697986007293
1.05228973552585
6.17333700450304
1.56471505761147
7.43443910032511
10.7239140430465
3.1150230251995
5.68484152930295
4.05998907517642
2.76968402062527
3.46005374235024
3.95714388036339
2.99389719910821
8.05829134769738
4.0589306736365
10.0722776152993
4.34038897210577
0.562773829833599
2.24381622392684
15.1634878478944
1.92224115598947
8.88524816837162
2.90076989883349
1.61397703923285
1.00541355802649
7.87587057246934
4.08472991548479
0.795192667283118
9.03807411918994
7.78092457912862
0.850442470982671
13.5379882995039
3.96849182704852
16.103272583142
2.87320020142943
0.0759609479320737
2.13259970769286
4.68455490288887
10.6028439709917
4.70823890063912
2.31065023690462
4.14420936722308
1.97450597770512
10.7193649280816
5.46889307443053
0.518290675245225
5.45026271978725
3.43350891489536
11.0592786232388
3.58841374982148
1.79351503029466
5.14611441176385
4.45687258107861
5.16725236084312
3.94620345905423
10.861764033325
1.39536247588694
6.38051677960902
1.51840546168387
6.04482900789693
9.57584206480533
2.44111598906701
2.47880559318326
10.2207795949653
12.8890324383974
4.01862692303787
5.63096939745462
11.7607441963628
4.82439265798871
0.836922693997622
9.06206944491714
1.12952216681492
2.38250410184264
5.43819312006235
2.49113144818693
4.72373049999519
0.842842855352786
7.83560264389962
9.73636193666607
4.6555313264325
0.215500709600747
4.32674175237425
11.1640202114359
3.61548160173575
3.81633592162329
2.11389227770269
0.156291155144572
1.94585155330297
2.21906288021878
1.82542936975398
0.249887001700699
1.36031429283321
9.26736169494689
1.65964574001446
5.77923513483256
0.0975972274318337
2.20180107280612
3.73622783204178
0.343703152611852
3.83259046357125
2.89541853126138
5.70429007057101
5.71568335872144
16.7553026694804
5.66630049142987
0.231721028270663
7.83277126029134
2.57692105740067
6.45370299462229
0.927117840218406
11.6985124768689
1.8173690798776
1.78401965109079
0.873956145258933
12.9931430448445
4.06458482611924
5.63801801763475
5.32333672464561
2.01618415975689
0.00637471093858632
2.12934342890496
4.01068252976984
6.41168601468105
9.43360631354153
0.0174768269062042
2.32323249801993
3.68452386464924
11.1390037360004
2.56096612413998
12.3166341370952
0.969818678392348
5.74610733848109
2.22289878875017
6.51177563197154
6.73181246966124
8.26561078429222
1.2672248509566
0.831129522911261
15.9150392748415
3.12013190705329
4.75698847945939
6.60558895144783
7.79964360408485
3.74557380564511
7.93744614347816
2.24381839663699
5.95051736102566
9.90288030501665
0.78333464357219
11.4780219038948
2.62506089638919
7.20196303445846
9.56363179720938
10.7871812768281
5.97336187467509
1.27025065012276
4.48395336174307
0.907700741663575
12.8758642391059
4.85539676155895
9.69858015887439
2.81545289326459
9.3508921796456
1.81343478616327
11.8978970684111
4.13204713258892
5.16458161241976
5.40657816454768
2.07491476583529
2.68054563119021
0.553024023203368
6.23471692670137
1.02114176023037
4.32746456936002
1.36180719040497
4.92498821113259
7.57950214354625
9.74990179949914
8.53819064939259
0.149575562688099
6.30327586550266
4.48675998365648
9.10321004304366
0.839650863781571
4.44454993121326
12.7921093768016
0.711788493208587
10.6232039606585
9.97112756595016
0.832299864850938
5.5873712990433
6.75955165643245
0.602302918555183
4.37613755930215
6.42825770191848
7.70819536410272
3.75469098798931
2.56109761330543
4.88786917162901
0.214610781737603
2.81459666875482
5.75176789425313
8.3381023961151
1.54156730746705
2.01809206046164
2.3397198479812
3.12710397411138
2.14164850767702
3.99736845865846
2.65293528791517
2.21475521102548
5.27639510110021
2.01070697512478
4.13542356417979
2.44112195227616
4.06111018880507
8.96180905401707
3.82238349411637
9.82702972833067
1.13817655947059
7.5155119644478
1.10483419846691
0.970806484110653
12.2843235655123
7.74572652298957
10.1440173696598
0.939107336219193
4.79687110055238
10.6253729667515
4.52788628172129
0.44291899843081
4.79532369174679
1.07221938669682
1.61951233167201
2.19641011208296
3.56057691387832
6.3846636637832
0.181709457052385
11.6349312418904
1.06935856687738
5.85232055746019
2.90744793601334
4.98236889763302
4.98268030787376
1.65719722863287
3.40024696197361
3.64413757342845
2.89122815091094
8.02372908219695
0.967033859714597
1.00321009172213
7.14405495673418
6.5359249587257
0.952385547080761
1.83813925208462
2.66173986434766
3.95821013282453
11.7921164808025
1.38447768986225
0.0659279990941286
0.430728948166878
5.94317284184228
4.21875370666385
10.9115019906312
2.57310727611184
9.00677414610982
1.72232678160071
0.834754318930209
3.97565588355064
2.37451326907652
8.97253251958884
0.950850872322917
2.73658549413085
6.31922441534698
8.98009173850986
2.18768350314349
5.72395708877593
2.99674331215238
1.48104504349602
15.1970388833433
5.28033022156912
7.16583994841125
7.05555051099509
4.40332953122752
5.05241781938821
0.153706178420945
11.153793730773
1.37375596067284
3.46242466475815
3.03835473898793
10.0977068534121
5.13057701755315
3.01594170741737
1.92534807138145
3.08086706791073
13.578857098238
4.21939269854907
9.99846931081265
1.04519058950245
5.49829147957869
7.74262908380479
2.6432819728909
6.60717571154237
0.0907965004444122
3.34137373138219
3.81476296583874
2.40140715613961
2.23071185196172
5.21041215094872
4.72332729345215
2.52919486390242
0.131976092234254
0.171417555169957
2.59001161680213
4.22204423230141
6.42831707373261
0.872277368737004
10.9150956010842
5.98172408062965
2.22224946103574
4.30872745346278
1.08016603626311
5.31849100797127
4.28718298207968
2.09795662216838
3.73344963882118
0.563576313172922
6.27524389969845
5.36946138898497
7.67300233710557
12.5246451003477
11.9452730286866
2.92134420014918
0.0858056591823697
2.70230639814649
10.1957427139333
6.81923232041299
8.27516509698861
0.927499009516233
5.60608755331486
5.17439066898078
1.03135871449889
1.95306267896723
0.665010744705796
2.39834923282049
0.862955589801883
3.1912510516122
4.3878825439617
2.12189822912524
3.97178326835672
4.87341354601085
8.58709122985601
2.3796725827706
7.26818388470452
1.18589622434229
3.75952972099185
1.72824799101147
10.960577215219
4.75191888399422
6.94967736490071
0.72159295577835
3.91918655950576
2.74603345897049
2.50978183466941
6.44358434211027
3.88254377872198
1.18772427085787
2.19927554816832
10.4442447191104
4.05556450132281
6.6161691773174
1.67595993443648
4.6627662377432
4.7233727760613
5.62078733928502
1.44333611242473
3.22893273551017
2.73159105664936
3.24818242806941
7.41906971670687
8.2833266351372
18.803762528114
0.632676365785301
2.3612268967554
1.04025903414521
3.99581387173384
3.35206810182596
1.0803443474549
4.28594687365958
1.59065823536366
13.0572221009061
1.60826693754643
0.483087613247335
5.21728745661676
2.93002759782107
11.6333310259506
10.7442859793082
5.5668902117759
0.533861746829152
3.95874679744105
0.63093772443763
2.74048105347902
2.56045898422599
7.11205047035375
1.29364938475192
2.53827338586415
8.05748373055269
2.90180479401344
2.79721627011895
7.14401929114593
10.239933617413
0.308667356148362
6.95788038428873
1.59488983917981
0.365125481279403
5.78222258482128
0.769254562637736
1.66909283510419
7.84717765636742
1.42653572782073
0.716004916466773
6.54856024849142
1.74370546836106
5.80390980615516
7.42213979974291
2.7319486232587
1.32834607450317
9.27742652201939
3.63119631074369
4.80338058444989
3.76258618198335
0.751587825229824
3.73061581049114
0.722890030428969
0.813195256089963
4.30359311867505
0.795694891410688
1.13887449260801
3.78612773492932
1.90722646657377
4.19880985282362
8.15503459889442
1.27621272113174
3.33635932765901
11.9497582083568
0.531121320091188
6.60575120709836
1.24453098978847
2.1669383882577
1.54033202747914
10.5878816219047
4.30259213317186
5.16183394938707
1.55477337539196
2.67612346375214
4.19499569106847
1.91497663035989
4.62131987097702
6.66456776904689
6.09257745090872
2.98916017636657
1.03967807716728
1.69705855660141
9.34229919221252
2.05144467763603
1.58628603429411
2.7824281482026
1.29040679894388
5.4771738126874
5.85336524961688
10.1581822847947
2.42323945276439
2.22183442674577
4.31407212745398
11.9366656391579
16.4124346778879
2.67687670420855
5.55409510213633
0.0357975950464606
1.99029562063515
6.28883318189036
7.60181932068443
3.26525925336361
4.11197089124471
4.57628512634165
10.5826801387593
0.507894507609308
2.49595362822579
1.71967731821307
6.94918138935107
7.32823978178203
3.83256883360445
3.04708012845367
3.16391882952303
4.75493226165402
2.6519023444785
5.05772666074336
11.752513772808
7.25880179088563
6.52956747573238
6.35412011453464
8.20376332849264
2.99069744069129
0.656280483814732
6.28352302079162
10.7453378273153
0.140739744529128
5.83873647265136
5.54361813701689
1.38731478127533
8.2337410795343
8.47030265722424
13.8543001259221
14.5131608471274
5.62848128676173
2.2913888285298
2.32832727809356
0.419584196060896
3.07114582903128
6.44509559497237
2.85118599422276
0.938174361363053
3.70261652234823
2.11843028664589
3.44065222889185
4.80443697888404
1.84986940900666
1.99531852267683
0.714183272793889
2.75091729303295
2.50503302086145
1.21651536319405
1.37216067714844
2.12260157310362
5.66496079516044
6.11836798107965
4.52177098486573
2.36914807538445
0.39375585711878
12.5570123549551
8.78135212267938
5.74109710501601
5.48019749112427
1.37614370323718
3.35243305990971
3.72552849530561
2.17227751854807
4.02664956965209
12.5560490527547
12.0947992429137
3.47960533108562
6.94835924113932
0.357907319189714
2.16486098048311
0.206026178784668
5.34344390034676
2.65043747690329
7.25303821299113
5.65161331746879
7.74540905597799
10.3751429323597
1.54111964717669
4.17934699740956
0.380787660509878
4.8389029130508
10.5360278543633
8.95797666162252
12.010254454799
2.61465073563159
1.77552186823602
8.73782839626074
7.10444832220674
2.28785839863122
7.09050989244133
0.0336899288367791
2.32459283433855
13.3390186817581
9.62930254172534
5.79278094228357
2.28463266976178
4.66616839241753
4.55335464794189
4.09900189843029
12.9529104568064
4.54310110196805
0.58934966628101
0.351009685644349
4.44410930422156
1.81360866727039
0.356928468681872
5.63113791868091
5.48553262469541
11.2975503550842
3.09363498818129
7.60977284517139
0.315786292776465
17.2172568971291
1.73180208787875
4.18401623610407
1.72700863331556
5.04240351729095
1.5440768096596
4.1538170223143
5.56454341858625
2.15212284754993
10.2392867673188
5.8012378688481
10.4669458698481
0.291579333133996
1.56267312200832
1.96897853165865
3.85427485889223
1.86812708511067
8.53913583014841
2.41484367288649
4.02488908730447
7.548419355576
7.60646476410329
0.801982954257311
6.8256095581493
4.45345295593143
5.25717945395859
2.58342039860377
2.74242819286883
0.00675343523996457
2.8228796550404
3.80250355998248
4.39580675324366
0.745770451612771
7.88243680726737
2.00083637610078
5.37862457399204
0.724143296875894
4.57640669834328
8.64932553377002
0.479648099280894
11.4568512650611
9.64187015779316
3.20766062415583
0.248980387309906
1.02318464778364
1.67638924904168
3.17811695741531
1.2306101154536
1.43172150073381
2.25503616966307
1.36351194198818
2.18576367478818
5.20850941538811
9.63467720430344
4.22755556646734
10.1407187059522
2.86556445952476
4.4684758875519
2.68585102166981
2.9448938863264
2.53707571686122
7.94959350023419
0.353345286657769
0.0552510377019644
11.7967248894274
8.35026651166422
1.44687839783728
5.88675537992872
5.26643331363593
3.68917188607156
5.34111883683643
7.06770134145518
7.41170649960052
4.04017510441184
3.98855512092586
1.37519733980298
5.94784414861351
2.99008749425411
0.738935178410103
4.46130633354187
2.13334099389613
6.73423402117167
1.60285420715809
2.49376744031906
9.92854736936824
4.76344488561153
6.38571348972619
5.38484854623675
3.18626528605819
2.91833891533315
0.199196836911142
7.92978641111404
1.23051146510988
4.10886155441403
13.3785211946815
3.15365602675733
1.94289090468259
4.13647341983306
3.03413753863424
4.72175716192092
4.23865980313736
8.61000311560929
4.71466614399105
0.683054929825143
0.969674857333302
3.23293042903494
4.14124180097133
3.65406731143594
2.30758432298899
7.38675924949348
0.837370730005205
9.45453517357635
1.75293896920658
3.58152945991606
0.519319390878081
6.32142224905884
0.395832078706974
1.29090684931725
0.439335010014474
7.42360876652009
7.95261966995895
10.3241838049144
9.53650730662048
3.08268119115382
6.62225847728441
4.98318858444691
5.80040421336889
8.6060801288113
4.9048429179643
1.62098847795278
2.90800346520773
7.02265438158065
9.32350177317858
10.7866313481275
4.61518196964496
3.9240083605233
4.67378672699527
1.67221766896546
11.9546852540225
0.948967761360109
2.40835235883525
4.30990203749388
4.248310578987
4.22943099055235
1.11930124245315
1.69120610225946
7.98864716198295
5.77652945648879
3.30228260805157
8.09812208107888
1.08211538754404
0.861660717055202
3.52143417112529
3.03480930160731
12.0085039874539
2.56715683900919
3.00169996549726
1.56037895940244
6.20219050906599
0.0438859919086099
0.912313582375646
6.84704701416194
2.69246230180173
2.87215721088921
0.698128435760736
8.49263459600949
7.120197214659
4.02013793084309
4.28003629203886
4.72268622834235
1.96215903852135
12.5178468413651
0.881337218349614
10.5876144720241
7.27910257410258
1.32049277818751
12.8075049949341
0.537121715024114
1.8897092435509
0.0771562445622109
1.80855554550127
2.75621139444411
9.17220641858876
9.7930552444414
4.92178602144122
1.29323804285377
1.13694490864873
1.69939080342233
0.436541560070443
0.367922522127628
6.9352340806
8.10406540749555
5.34662262070924
4.19672374048622
