"x"
28.5788014996797
51.010104874149
69.0310148987919
66.655008494854
39.3690099939704
59.2586124864128
44.7774935979396
51.1066787876189
59.6950493752956
52.0352853927761
45.6668131585579
34.4368887759588
33.1416056218467
35.8595027122647
46.638570446521
54.0656758472323
54.6082560904324
58.3541655912995
60.7740763339741
35.9222144191777
59.988308371976
25.7858688011765
60.5369997210801
40.336978262757
50.2811084967107
40.8038633100399
51.2680142652243
46.4893329888582
38.5973350610584
34.3742064907688
42.0708099380136
43.0058139842004
55.2693011239171
53.2359883654863
42.5042155619172
40.1771088596433
26.8489924996548
53.5113248042762
59.285695431754
56.7713431548327
28.5039169713855
67.385385576519
34.2568608147808
70.7703188019705
52.0110502373427
26.8333268667659
53.5900232382119
65.3243145439774
50.0623680651188
39.9925303262449
64.6832820028067
62.3785190284252
48.2613986823708
51.2340658344328
60.3448982317229
27.613380830735
43.1372200604528
46.6048330999911
33.911462040937
59.4770824536681
10.4607074521482
38.5455916598422
33.4316678810865
49.5241977462995
53.5818830132484
67.1608407050371
36.1760640982538
56.0456471052021
65.480782603845
56.0376467183232
52.6431447360665
60.6687928549945
64.6010953933001
45.9069699048996
43.9255125580404
48.858503298834
46.4071827474982
38.3035225189787
46.4144398923963
42.0053634326905
36.525250878185
33.0805348233259
46.4962630998343
33.6998575832695
65.2691807597876
61.5267077611534
43.0126802064478
55.4079179186374
37.2849216022854
47.3370502237231
55.5303562898189
42.6896415185183
47.1129045821726
41.7834258172661
53.8360273931175
74.9072152890834
18.876874120906
43.8049231190234
60.1648695301265
59.7314797807485
61.5122019313276
48.3900009188801
39.4878144841641
46.4862289838493
59.6933491993695
76.9591886508179
53.4136681817472
53.132971515879
61.003453982994
41.3954262621701
66.2502978928387
29.8769820015877
61.0061990097165
51.9160430384187
46.1011660285294
43.2168841362
46.2977200280875
49.3595183361322
49.8797796200961
27.4366014171392
44.4063164759427
33.348294179349
25.7602959405631
44.3174496847811
48.1196721347264
53.6263789050281
57.2407694533467
51.4230525586754
42.0561104081571
44.9353469070047
42.0758903957903
39.883547958307
42.5460051745176
73.3799830200023
65.6312003266066
34.9427643187852
64.3256243783981
43.8647935632616
48.8084610551596
51.2720942497253
52.3380312137306
62.5544859679818
65.0311737786978
40.513130184263
49.7414595913142
38.6734970379621
62.1587574481964
49.9804687492966
44.8830533772707
53.4812257625163
33.4949753247201
63.6827527079731
41.5931597817689
42.8704678546637
52.9098253697157
55.5258321110159
55.5243343114853
52.0008634310216
21.2183653842658
63.7099714552526
51.9212845247239
43.2863436173648
33.606784325093
52.6034706272185
63.5473631788045
46.6170354746282
48.9243662916124
51.839639339596
48.6854487098753
58.6717539932579
43.4780881740153
45.3201979864389
44.0165473770971
44.6120749199986
55.422679008916
44.4562943652272
49.7586610727012
47.4579976256278
39.5476872850643
38.2247589994222
54.1870284764859
48.8282344304025
66.2967843934894
46.4977746363729
48.6640972829446
70.5071116755617
58.3064746111631
43.1773333322159
65.8706343732774
25.9231589734554
41.8673829106955
27.8112621183688
53.0722641851753
67.7494521718472
62.3725588433444
43.2510226499289
34.6590630244464
36.6784346755594
58.0618884880096
36.5722152404487
71.614273167671
41.3820076733828
52.2414169201611
63.4422709234059
39.1573259141296
60.4329713620245
59.9022069945931
48.5133366659284
70.0881221289647
36.5439971908927
48.3542200643569
66.9947607108424
60.399156017229
42.9241580975833
54.3865065090358
35.7445145491511
49.721466191113
49.8446669167503
41.5736563969404
69.1516302991658
46.5138198342174
33.6572102493532
47.7549203671515
63.7302136048675
69.1576613578945
47.5414129319896
40.6502593308687
40.4996669385582
28.7948927376419
46.9146444927901
49.184478726238
63.5034982580692
39.3376940395683
38.3088035974652
52.0129110198468
32.9681128376119
68.0335894692689
49.6076229959726
47.6500679273158
46.1110509000719
64.0648254193366
34.4923318363726
27.6840232312679
51.846878696233
52.252941718325
46.3677146472037
72.0580974551749
48.6892456654459
20.8761408459395
48.415424162522
53.3770086243749
63.1137975957245
42.2822148539126
30.6485098320991
53.2072556205094
40.4818458482623
61.2006749026477
47.4092501215637
55.2206338383257
49.6418034472564
60.3840631898493
74.3735649580968
57.7443941030651
57.5762405991554
50.2365705720545
25.8508341095058
58.2661700138029
50.1383162103593
23.8146109972149
39.0540091320872
58.4228891413659
61.0775476321578
55.5606661364436
60.1571597158909
43.0076967459172
70.3408923889411
50.9002804317611
38.3055798709393
51.2519260402769
55.691855493933
54.4333940006138
67.5310236867517
46.1664794755519
62.4077731743455
37.9728535979967
42.5436254125088
54.6980421990156
55.0261834170669
57.1499597746879
54.7515337821096
45.5879541579634
25.185120353304
46.4510424610286
68.6434467788786
65.1218398008496
46.9913159407228
59.7239076625556
52.1961159538478
74.0881499515694
54.0877932682633
40.370720019564
50.160470418632
51.3961215969175
15.6817991752177
62.6238227821887
53.3731696661562
71.7011886649304
39.9070726241916
45.9185864776373
54.9914571456611
46.9530596397817
55.6947677007129
52.7703440282494
45.8669208455831
59.9698784761131
34.359864750877
66.6028849314898
36.7274396587163
34.6547721419483
45.0532021932304
64.2521713394672
48.4903669916093
68.4782050549984
53.3079002983868
27.9535707551986
36.6681814193726
21.4565135187074
59.0077755507082
67.356483777985
20.3541021099887
35.1019655819982
42.6782884635031
53.4797802180398
53.7245497646839
47.5802129600197
63.2659701630473
45.641212205942
28.1673991121352
65.3118893969804
58.4109102841467
53.2420182134956
35.561114968732
50.8424812462181
42.8580878302455
58.3511144854128
42.266028365316
40.503703619594
51.213832602358
65.4952066019177
56.8411023821682
57.5629275757819
60.7042802497745
62.6452001743019
46.4433300774544
39.4841972272843
37.5528181903064
26.8373346597564
44.8245503241448
58.398829840319
44.8677472304553
42.2619287855923
42.4959077499807
49.4242612272501
37.8946945536882
68.1288773659617
50.3434306010604
38.9159564860165
65.5938364565372
42.980437213555
38.5934713296592
47.8095415389615
64.3496427685022
53.0617396347225
52.7511968277395
42.4376601441352
44.606690434739
44.7324978653342
50.5506410263479
37.2267094440758
45.8724894560874
33.554317522794
56.8720209412277
34.2206725918006
39.9086270947009
57.0385415414207
20.3981940785182
20.3577832094932
38.6297050732098
48.4769435133785
47.8973241988569
52.4191115800747
57.6333988923579
55.7800628300868
55.9143092948943
61.2413378898054
58.43700254336
32.3954801075161
43.106392165646
44.5551496411989
39.1765298787504
47.5886222440749
65.0434390176088
27.3914618417621
52.5928401853889
56.3760978635401
46.0255060344934
35.8708230312914
59.3225713819265
74.1681614848685
38.933913083747
58.3572635427117
66.7176802176982
43.731141788885
24.9888678637124
22.59402112104
73.8694874527765
51.0483642108738
33.8046965654939
56.2269642949104
44.8374940548092
67.0301047619432
67.0423147268593
59.5302544999868
39.3138728570193
59.3663103878498
37.3389130467327
48.3848093543202
55.8496388606727
38.7196840718389
34.9282246548682
50.2647432736082
48.9849489182234
44.3341124243404
54.4070890638977
31.1491388361901
37.9749790765345
54.6781942248344
44.8433673940599
62.8884896170348
45.3989972360432
52.6555533520877
31.5262078307569
39.8939545731992
59.8547593799989
46.696155751124
65.0240060407668
55.1058143842965
44.923800881952
66.7479621712118
37.1869477443397
37.3262136243284
41.5795728098601
66.7739618569613
46.7757431790233
57.0889541413635
25.1669746225325
55.6449243798852
43.181081632811
54.3431361671537
74.4342752690327
32.5915408754836
74.3625170509231
41.0069690085948
22.0757993869483
59.9964872933924
59.8754484206438
50.0614877977529
42.998102074489
54.3977125082165
43.8837237190455
68.1226988323033
35.0130185484886
46.7646004632115
26.7745867371559
50.6670168600976
58.5896601434797
52.1022053901106
37.2341227252036
46.4587689241622
42.7775765742591
51.1265404192512
55.1595452707261
40.5425160191953
49.6968359686434
48.3416031114757
23.4716736203478
46.8520900157243
72.3023691172612
75.0482630511386
37.8121819393963
54.322721529752
57.3503369457575
12.3703368944371
65.0516902562231
61.1512009985745
27.2845062574557
60.499777412042
24.059016816318
49.6176285811829
80.3492498542083
50.8061571512371
21.0276039782912
51.7457473091781
46.9757127575576
48.0201105587184
65.5767463613302
30.6075859814882
61.4292331505567
56.3854095991701
29.2633866425604
24.720629863441
76.2603810946357
51.2773514725268
49.146321695298
67.5954355392605
47.0299647189677
43.204410029817
50.1601868774742
45.7693183794618
39.3047466408461
55.1313774194568
45.140403136611
73.2366830999863
46.9922373071313
47.8481099475175
31.4542992506176
28.0790849797451
46.0533397421675
55.9422384277899
51.6556854359806
35.4791186709047
66.6457258630544
34.6054013818502
53.8852699566633
60.1815369445831
61.1986177973449
49.7233720496297
58.0812892410904
52.3239595349878
56.6244720481336
50.28544254601
52.7603245805949
35.9135141130537
29.0985117666423
70.5242010719613
42.9604207631201
49.7733576834972
54.7907267231494
54.1108798701316
20.2069899532944
40.1907454244792
64.2591479234397
60.4483712930232
46.7745521571487
36.5410660859197
26.1591317597777
24.8310773167759
57.468196330592
50.2503842115402
48.366149328649
71.5269712689233
37.1915122478659
38.1498998962343
57.7922812197357
46.2390677072108
66.0402295645326
25.4032827913761
40.0675675366074
50.3746189125258
37.4097061809152
45.6270303111523
41.4195623641368
57.3999726679176
64.7426893468946
11.1551026981112
63.6925129685551
38.8823196757585
47.0798213966191
66.5176740847528
34.348513096307
35.9061760362238
13.9325905018568
51.6813051421195
62.321164412424
26.5372503365278
28.2109437510371
53.0542890541255
26.8354792147875
72.8120482868235
31.6004811786115
49.1162589166631
76.5927957328868
43.8741978257895
60.5335898231715
34.4034712295979
46.85098384507
51.4611218124628
48.020812869072
43.9920622389764
36.3934366963804
41.4556345902383
66.1882722750306
42.8079027216882
55.8479050174356
27.842675949175
59.5876019448042
40.6903895083815
43.8933515455574
37.6817993354052
43.4772052802145
65.8712910953909
45.2239764854312
45.1585122384131
42.7433921955526
23.0963383584033
57.9081152100116
43.372423062101
43.6640065629035
25.1229777000844
41.0577568691224
42.6576065365225
46.2130901869386
38.58488262631
61.5379748400301
69.3694344679725
54.3683439027518
60.8317296486348
50.8918240666389
60.662605939433
66.5621220134199
34.2133330836496
39.4529099576175
61.3726701587439
49.8490191556761
26.9312964752316
66.2988459225744
67.4412115942687
40.2896494604647
38.5759542230517
65.0684410240501
52.0764925051481
68.5877446550876
33.976958073228
39.7563328500837
46.4377196971327
59.2303487937897
37.7883894610842
60.4619705118239
25.4488728940487
52.8595295734704
68.972386745736
57.448518415913
62.033416936174
55.7846211828291
46.3121145032346
48.0696363374591
46.5205973479897
46.8128949869424
50.8560327813029
52.5138479657471
51.9093876289769
51.6197550110519
67.1965189289715
38.9648371376097
61.9048782158643
60.8718834351748
51.8924999981601
68.6654795426875
58.1925785169005
54.9826763570309
38.9277391601354
57.4365238193423
56.1995811760426
51.1066110339016
52.6579574681818
66.8815896380693
42.1263394887128
52.4341615382582
57.2864374145865
38.3363903965801
30.1865335784232
53.2919133547693
55.4799462668598
31.0826630797237
46.1410946212709
66.5750642307103
60.860812291503
44.558345945552
54.8221322707832
24.4525780435652
48.1447023622307
76.8001072832719
56.7566708195955
26.145039498806
38.8324129860848
65.9274574834853
52.6850109796905
38.801865465939
61.5800416562706
60.5859129689634
38.3401119615883
53.2433989457786
29.5022171111235
44.9137738905847
49.7681607957929
35.1659248415694
38.9356064610183
53.6502423363798
64.7289494052529
46.1073209997267
54.4260010588914
26.2948817279804
50.5937269888818
39.5996253471822
58.832427021116
37.6788747962564
79.098910793507
52.9569535229047
61.1103805247694
42.6648603286594
42.8125350736082
52.9082583263516
59.1568606905639
24.6979482471943
55.796279758215
63.9073729049414
41.3041669409722
46.6861061787014
53.4590332303196
51.5832271892577
63.140349695459
46.8590465389861
45.5628155009044
26.8781002610922
31.4607357606292
33.6736093650381
63.7457545381039
32.6392270624638
29.6563711948693
29.8327677417547
40.0769509375095
16.2379443645477
63.3706080261618
43.397259991616
57.0858958177269
51.4585030580569
41.487499512732
59.2306475620717
72.7155148940993
38.2392385432439
53.4685794264078
55.9560431633145
39.1098512336612
29.2831162922084
50.4112422157652
39.6276557818055
47.485002502799
51.7775705084205
49.1985053210594
66.7157848831266
58.1132512073964
32.3935809391641
69.6443566732255
22.5772455843793
27.1692404057831
63.7995692901313
72.011432513119
72.462225554158
36.2492190893435
35.8376303687692
30.6735322477776
65.7724749762565
64.3332621082664
33.0560677219182
52.9946194030344
61.3133485428989
41.5937907062471
49.1212945897132
40.573324530349
55.6738540530205
48.3253777958453
35.2280580438673
47.8837241675459
44.9233363382518
44.5916858036071
17.926598102041
50.613271119073
65.9822411369532
49.1603096481413
32.8961357008666
65.4455591458827
32.3049985080304
51.1269633192569
70.7251645936209
42.0492109842598
73.0776067748552
48.0056049972435
40.6400677282363
44.7981995996088
41.5987025091786
51.0535654146224
49.2977699730545
52.8335504699498
68.1096636224538
54.4568242505193
63.8933694455773
24.7391846496612
63.4876142255962
51.160313654691
53.5971365869045
44.1265385597944
59.0689174365252
48.7311576027423
42.5117667764425
34.7226844169199
29.7081002034247
61.4202132448554
58.7967955972999
32.1978569722702
51.7208042943843
49.0124736428594
29.0943488716816
54.9076274503022
36.7233096621931
38.5389010421932
47.4149844609201
60.9628050588071
55.3964619990438
48.6336567439139
49.5832994754032
60.2646099403501
47.9216718580574
58.4941288456321
36.0548687633127
59.7980838268995
31.4242184099607
56.2110279221088
38.9584422577173
63.5877100750804
60.2869951631874
31.3275483902544
55.6201440282166
53.2826847862452
53.7867865118082
49.9654825311154
40.8346271913942
74.382931811807
31.8994046654552
54.8129410482943
49.9246158171445
51.9494840875268
42.185599450022
67.2993567306548
56.0497967526317
70.4393301777137
57.2856342885643
76.2632312673557
42.5068339332938
56.4066268969327
66.1401769146323
37.927204137668
60.5494684074074
38.7863371055573
54.5243288856
49.7124345507473
58.271385030821
63.4947902988642
31.9705012067678
71.3826894718123
37.2099824249744
51.2106689158827
41.8342200573534
55.9040671680123
67.4448312725872
60.3059382177889
63.7495656032115
56.4864588435739
41.9672911786455
64.1293994151056
23.6700273705506
44.3061749916524
62.3180900234729
45.5882272683084
24.0408566734956
52.7906597126275
42.8505749530786
32.5281941161102
52.7565612923354
40.7869288232177
28.5289598163217
56.8762891925871
47.9956927709281
75.302124530913
47.5927274674177
31.6480893176049
42.2454554587603
23.0785990599543
39.3559213262051
49.375011632219
47.808098141104
44.8445548303425
29.9380746209004
32.7745071612298
54.2678466801845
44.2454247735441
61.6671563126147
65.1153412647545
35.1000598631799
39.6259482949972
63.092659926042
59.7301983274519
78.0963567839012
55.1687530368421
35.8771294355392
69.9796776245249
45.9037096239626
45.9052050020546
58.6961784400046
45.3023534733802
38.550435192883
31.0315486880465
38.6334516108036
44.334925385192
58.2162498030812
46.9860727433115
36.7957135196775
55.5333446245641
39.5717974286526
55.1706880796701
65.11050616391
46.3846374768764
40.2936360798776
35.0381751327728
34.9844647741548
72.37495611933
49.3095359764993
63.6073185130954
77.4993381420982
55.1855778321624
32.7069847799765
51.653710892424
47.5597713209672
44.5974996779114
50.8900798857212
44.82466946356
36.0899189952761
52.0210448186845
51.5407968312502
49.7715920248737
34.0740730985999
47.945898398757
54.5835165306926
42.9914496373385
66.7160842567682
32.9195295460522
67.1501410659403
60.9517723011136
47.4409026559442
66.7748937383294
58.3636506460607
66.5703995618969
41.01894725911
37.4215487856418
31.6150751896203
54.7195744235069
30.3227985743433
35.0533506367356
53.1818261370063
43.2943918276578
44.441731113665
53.9179090876132
58.9221866801381
56.1648590955883
47.5083891302347
28.1031841877848
57.196393283084
67.5478587858379
34.8211804870516
57.215002002632
60.6410014443099
48.9728238374815
38.641548762098
48.5758633818477
68.775121960789
53.4822579274112
51.7922809813172
54.6010407619178
40.3014906216413
39.1342888671204
68.0079952813685
55.9886933118971
53.6829884164035
54.8316197935492
21.2570364121348
57.2553332895041
67.7724471315742
31.3779009971768
50.2551588695496
39.731676876545
50.8599255234003
29.4762152247131
45.3332258155775
39.0197097789496
74.5386229238794
49.3718532845378
37.652737039608
51.9804159644991
45.7822310637817
38.3659134703344
58.49743578583
51.7378982622176
43.3712447062135
56.1914249323308
47.3075337242335
48.7630766620457
64.0386862214655
64.640617184341
54.63947202079
55.5715527744382
31.3122396222168
45.8154233672522
37.3180525377393
41.0677629057318
72.6360958958876
54.4507590588182
45.4546461813152
51.9814897328615
30.6920016184449
56.5256907604635
49.4522708002478
61.1853065434843
29.4400095102936
37.125376465712
48.5388583969325
32.7170139133297
43.5020622331649
29.5358125120401
25.7525105495006
45.3143664635718
69.7794172870827
16.3494432822063
53.8382067810744
45.134106464684
68.0086684878916
47.8319756686687
35.5833871018283
49.3852528264375
57.3628383222967
44.2335441708565
67.7067412063479
31.2108971178532
33.722915686667
62.9476862493902
64.1737615689635
56.6492839716375
34.1519501060247
58.0102210073577
45.5727722030133
52.7036328334361
47.9339983314276
53.2984459772706
76.9443892831815
41.1650807131082
61.0948827583343
42.9644708521664
62.4229861889035
40.1799221057445
42.8113021422178
61.5201371721923
53.2648159204791
53.4642474260181
55.9789937455207
40.3074589557946
50.7718403823674
71.8201100784254
52.1694441791624
26.9836429406061
47.3082079552114
28.1570282710849
62.9686626140028
40.8793219039987
57.5915271416306
46.2685204259486
45.3714034985751
52.4543213658035
66.1978165153414
48.5495165456086
48.5857329797
46.3516588909304
69.0687146503478
21.0031890310347
58.1186878494918
56.334951100871
42.7209114656756
45.4382137395442
48.288275487721
65.6293998938054
49.8966387938708
43.5964758456777
69.6039453039042
63.5907254647464
48.6486541107297
56.1828820034862
34.4445677270822
37.5239797986115
54.3582362588495
71.3105201679182
67.029070854187
59.759432123974
34.5032589044422
64.0741692855954
40.008877814579
60.9758227597922
36.5804651752114
47.9869370814413
72.290137405963
47.1270885318518
80.5887944954348
37.9060222587344
40.9927576675471
45.7410457078367
30.4008414065414
44.2114656894187
50.2477830741554
38.1399665493518
49.2755831219256
48.5466831954718
55.2364870558824
35.428148554638
61.8281826376915
47.0454009715468
53.7361657712609
57.9777084756643
58.0905378330499
44.8990480974317
40.5641359742731
49.8186776880175
49.8631270602345
66.7690988630056
46.3234938681126
28.8601388689131
49.5821355842054
56.4120342023671
66.1077617201954
13.9428269031267
53.5075125781539
52.2661035880446
40.0488758423224
48.3472855295986
48.9711207481731
52.6880449615419
32.7814932446927
44.8842340148985
49.5671058539301
38.9974279395778
48.5615661833435
25.4285359289497
28.0932049875523
52.8216956576872
47.3196367129372
59.8460197914392
49.871711153537
40.7701632473618
57.2397859767079
52.9023519717157
40.4194338712841
61.4003376569599
66.4270511828363
49.8857043683529
53.4735506866127
61.7040337994695
28.8014770485461
43.3406031102108
35.11917963624
44.4535815622658
55.4535195231438
66.0193663556129
47.3501340951771
30.5869465314664
30.8431832119823
63.0486121866852
55.5676065385342
36.0809803474694
45.5685145687312
32.6999999117106
54.1192544158548
50.340667553246
75.7586957116919
57.7352418098599
52.0094356965274
64.1884523443878
51.2094875331968
53.4248670563102
36.5692351013422
47.1752210985869
49.5356447193755
58.6146696936339
51.0113840457052
54.4403300620615
27.2261032809014
53.4585808869451
42.2660725850538
33.962214906029
52.5626315735281
42.5867191993062
42.3381372354925
55.3573589306325
61.2816952168941
41.6605922859162
47.6997450275527
48.7750657303739
52.135273330278
53.0585804377643
48.3710806351155
54.8790093977004
40.8847182057798
37.849430507049
49.3425859604031
53.6960844866245
47.9108990635723
51.717828027904
38.2911151275039
58.7334358349882
43.7441775109619
60.7592343352735
24.3813780425428
47.590008052066
44.7576778798927
44.275582340248
38.2055927453826
38.1697259377688
56.4331105910242
52.0132277160883
65.0325580500066
36.716094892472
29.420424066484
51.7139350064099
32.5654110612596
61.2271886113612
43.7796700745821
47.2021411638707
41.9743100181222
69.6861538062704
63.2609882685015
48.3280553016812
33.0592827871442
43.6771292259523
43.5073775445013
61.8060782086104
26.1780534067855
59.5037982333452
48.5932812094688
33.2491598375026
36.4271629452318
60.2323901839554
47.4467108764775
40.3978889342397
56.0911951586604
37.4085733667016
51.9289686344564
57.145612873137
64.5925440359861
59.2587560415268
37.0356845669448
76.4144515576673
33.7100556120276
59.4362091273069
51.2177167460322
48.0804566349552
82.0406353990448
44.3296693265438
60.7478165999055
58.0321335233748
33.05645982285
37.1003890410066
43.6900703581451
50.3084851894528
59.7248332109302
37.3937803320587
33.5785463918
45.5642262939364
61.6473122034222
50.1530402339995
35.4232911486179
51.5278236009181
39.2822859223488
55.0165631342679
61.8831457570195
70.0941138022188
48.027734272182
51.8138117494865
59.4511818140745
37.1033932363561
90.2571768457902
40.3948821695412
40.5207570642233
50.0968932639807
55.3279954474419
56.7051905672997
60.9019233845174
38.9635908417404
51.5662741381675
49.7416948899627
52.3822196293622
18.6299566645175
38.1214170209174
45.6443080678582
49.9621958006173
59.2760142281661
40.1416702661663
34.0645668562502
50.2731636166573
47.9682599660009
29.2876285966486
41.1961330566555
37.6308407004229
69.0797571558505
30.5051825095377
28.0800548847765
81.2922174069
31.9024590309709
75.5201263311219
64.181103464216
46.4900505314971
32.7669672202319
70.0514464032042
37.656611064449
39.4217511173338
72.2780566620541
53.697410723708
70.2278339262021
71.1243826777066
25.0928069464862
47.2597306128591
46.5497124008834
69.8215817990613
49.5678815376002
25.2292988821864
44.40758950077
43.284934386611
47.2777147311717
41.2140826694667
51.079975347966
59.6577366814017
46.2698648028078
57.2980006691068
36.3981040660292
21.5030793100595
53.7026382982731
32.9894068684639
72.9746835264278
39.7294353228062
49.5677686296403
64.8804255295545
39.2332225572318
36.7081573817336
36.7817938642796
43.4655743651092
42.4024761654437
27.872754941029
66.8367386329919
33.9686243633528
71.8033708589983
47.5721826776862
72.79001247794
51.7176759429276
53.2206765376031
44.9202825315297
58.5439854384866
33.4431474562734
63.2554993033409
46.9096833840013
61.5390932187438
57.8841108828783
28.1717802397907
57.7643068041652
44.7953317780048
36.190783046186
58.9048468042165
34.562601342764
41.9686623848975
63.2650141604245
42.2448711004108
79.1542176115227
54.5137684899073
42.1191814821213
48.7024614587426
72.9628275220701
50.7411897740325
46.6068997513503
45.8094626665115
24.3432158138603
50.042176572606
62.3579570557922
55.0246589351445
41.2310581188649
38.8357394840568
74.8666643532323
43.223957484588
58.5235974765165
36.2663712352514
47.9830172969834
37.1484027709812
46.8420952092856
50.5036701913923
60.1095271296799
36.8526212405413
40.2903312487309
41.4460464365591
73.6584091450861
53.4983394667506
46.5575018897653
50.3354403539881
37.3416818678379
40.4330975841731
26.3739353866183
19.5851410739124
58.3788827992976
53.1558133661747
57.031987560913
44.9877689126879
61.3328791223466
59.3078520148993
37.6326771918684
54.8202905775473
37.2404883150011
61.6471188608557
38.0168368108571
55.4026477970183
45.9609593358574
48.4686026349664
43.3067727368325
49.8079229146242
33.414188495913
67.5344982650131
30.1454524414609
44.6865113452077
19.69801383093
44.8405366856605
50.9678706526756
67.6365432329476
40.3871650341898
38.849445944652
46.9151637101478
39.2652698326856
55.8099690359086
38.8051371555775
45.8429687656462
51.5851851506815
45.7428934518248
47.3110204096884
36.7264959495515
36.5004292223603
40.7733651182997
55.9808190912008
68.2501548435539
29.0172217413783
70.2924526887798
63.7833177112043
59.2843658290803
48.5132132656872
31.8002928979695
32.3880031239241
42.683498095721
55.6756228674203
62.1428670827299
50.9106232319027
66.3014482706785
53.4630622714758
47.5382929202169
36.0274801030755
45.5663277767599
55.9436383657157
62.0750722009689
47.6540983654559
47.2507398575544
37.891197996214
51.3587015215307
36.5062411408871
18.3789988048375
53.1447810586542
51.4901736751199
44.0783080179244
40.5540218576789
45.3127377666533
39.0469091478735
58.9422145392746
61.2236097920686
62.1731044724584
40.4265008797528
17.3705671448261
49.7114033438265
16.3167617651226
51.6969677415817
52.8801232455918
52.6919066905975
45.7354360725731
27.8751291213428
64.9109489750117
37.1888370989793
29.2505885474384
29.3903480173787
63.8338370714337
21.0461469367146
39.6192580461502
43.4410210348462
45.0686965603381
53.6359800957143
50.1391826663166
54.5689885038882
45.2287918888032
67.9371917620301
50.7487965747714
71.8320157336903
56.0966765508056
35.155819275852
59.9460782017559
24.7115288861096
68.5014994349331
41.8831550516188
45.1985311228782
51.3894607778639
26.0820159636091
51.6806139610708
30.3251154720783
37.031727284193
64.0783667564392
44.153322186321
45.1332672964782
23.69842431508
54.0417493321002
62.9206574521959
72.2860911408889
53.6991459317505
63.6230635456741
56.112324912101
64.5043259020895
60.6381808407605
18.8857448287308
26.7962759070191
45.0631702447709
42.1254060165043
51.5315209981054
54.8355326208534
51.6199625562876
56.3598688682995
46.3795903138816
57.108826097101
25.3865809179842
50.3544914536178
83.741424787314
42.6492861006409
34.4167690535001
11.3029409665614
59.5577182713896
28.4281604457647
49.6754562482238
59.4532914459705
39.8693703114986
24.2433024570346
65.6636049039662
43.2683612219989
56.1584710609168
53.2277637626976
60.2751549798995
47.435875562951
51.3053451075525
34.2693733051419
41.8401140253991
31.1913980370492
59.3827928882092
65.2247917838395
62.8656299319118
50.3720042761415
56.553255720064
59.8283003084362
68.8841532915831
36.8418966885656
35.9505686443299
45.1297934167087
53.6578145809472
51.7818785272539
49.9967099633068
34.3929470577061
57.8265145421028
58.2355508115143
45.8550095558167
43.5315473269188
26.3963759674881
59.5583904534578
52.858747728169
27.6591182686388
25.4914108663797
52.3052573204041
52.5595643768555
64.5505839027464
27.0265024155378
59.1125105042011
71.7712829778803
49.5308711193502
47.7879731197951
54.45811226964
27.1180648356676
54.7288221307099
51.6562500037253
64.7866527549922
63.8683178927749
45.4674164298922
28.324464103207
39.9295408744365
50.6442095153034
51.239261822775
35.7058458030224
56.5646521845098
62.7009156433087
72.5752077910385
67.2596614807844
35.6980518903583
38.6082930024713
55.554924113676
35.3226063773036
22.3699223715812
50.226217166004
31.9281266536564
54.5308008324355
53.5063325893134
83.198614879967
45.1222661416978
31.516830669716
46.6253666672856
43.3828547596931
57.9181627370417
29.5745282764857
37.009317940101
62.2965621761978
23.8053496448826
71.2366273487277
45.2737331390381
35.7531824614853
41.383379918772
64.7429713048041
34.7682060673833
51.9225162453949
17.2713039685262
33.3577858008097
60.0934371352196
72.351525507626
43.5335886199027
51.5123969409615
28.325562957571
37.1361435391009
58.8012939784676
59.9539370276034
55.2074132487178
49.4421748444438
61.4571294747293
36.8823572944462
40.8382470719516
38.7451064307243
51.5094975009561
40.7063668253194
54.8146918881685
32.724911671462
63.5726349428296
45.4109853599221
20.4050560941945
63.9603914692998
22.1952158492059
50.7443645503372
38.5030148085207
41.1672407761216
38.847717596218
42.1977719292045
48.083208501339
36.1703409217378
34.8337594213751
52.7670504550805
65.5077877920121
43.3377042878419
59.2653746042145
49.2101909592748
73.5789644968181
46.2558245752007
74.4163659359163
48.3020535219909
36.284510884434
26.2267666768203
52.730877531484
40.8046072667811
28.7382653342487
48.5153300222009
25.6916371639818
46.6199433896691
54.5671374071389
63.617798872292
70.2798189160416
62.3585275374353
51.7490982543677
46.3362132199109
55.2390978205949
66.1914859432727
44.2536811344326
39.8537545464933
36.4392329007387
47.4859466310591
60.6305449735373
43.6365451663733
55.8056953363121
45.2052791837005
53.3119529951364
14.2146865371615
43.1677854032132
45.3201013151556
64.3450106494129
37.4769589863718
38.3379626259832
51.5394429210573
42.9582125041634
62.6213387586176
61.8085922207683
67.369940225035
46.7835390008986
57.2685107588768
51.6325395088643
79.6677964447105
60.1974171433687
46.79453978315
38.0587918218225
35.87651620619
24.2274024303548
50.8355025667697
29.3870321009308
45.6777448300272
24.9080644920468
46.1004850454628
49.5374655351043
59.38900122419
52.6784971356392
40.1946561411023
62.3607320245355
43.3184555266052
34.8307262640446
55.471186816064
36.9121755835106
40.6562308094304
47.0030136872083
60.1116355508566
50.1999818719923
26.827074986639
49.6516980230808
38.305202126503
43.3622463606298
49.048040388152
54.1624922305346
44.729917217046
59.4945289194584
41.3695410825312
67.9052253253758
43.6263772193342
48.5008263960481
51.9662207887025
31.3588354270905
36.8729638278925
38.3624235647105
42.5991931930184
67.3997863661498
57.4808111414313
63.5486227925867
52.4121582042426
31.4815424848348
51.5828178264201
53.435273328796
64.2956352327019
49.1763823200017
34.151624655351
53.9044799748808
40.3633954003453
53.9191462565213
65.2044272050261
63.7805113103241
57.9193767625839
60.3695443365723
36.7826595436782
44.1899784796393
53.5251543857157
29.8492025118321
30.5343695450574
64.8492598440498
28.7779219501118
53.0263141728938
26.5466250479221
54.1065133232382
39.4197862129658
35.8107890882537
48.9236906170845
54.5632280874997
43.0339485406876
66.3203478325158
46.573084872216
47.2519739996642
51.328341756016
63.6780271651179
51.280368398875
32.1260741843583
45.3305704984814
37.9159069154412
40.1127485092729
51.1941885325747
60.0002773106098
55.015574907884
51.2325409334153
62.2046273201704
52.3820888251066
36.6252356257439
22.7713749743998
56.8082031793892
41.4250893518329
37.2988950461149
30.8551937807351
54.6226755250245
41.2716367747635
44.5218703507261
62.79420806095
27.4509607814252
43.623658362776
39.1643996350467
57.8185622114688
50.7823069114238
64.3045634496957
32.8235667198896
62.3363298829645
55.8044455479831
58.2989327609539
53.3256412949413
66.7522783856839
59.5940537750721
53.4205000847578
24.8477892950177
52.5538701495819
45.2994646970183
50.1472732052207
40.7351837493479
54.2286162264645
41.3170580752194
51.8231099005789
56.006361823529
72.1387455198628
70.0777036315995
72.0017980742169
48.716357210651
40.0325510932622
58.4207173902541
42.120821075514
53.1311720609665
35.5187586508691
59.1892751399428
60.1708156988025
47.8892501443624
39.1131462529302
72.0217664684069
68.5488721821457
49.8338870238513
26.3036047108471
46.0153204347183
43.6158395074525
50.6876717787236
32.57762542431
45.7614133600146
33.8979450985789
63.4437807369977
43.0123160593212
45.1716757845134
62.8374156542122
35.2766544055833
39.8562598507851
52.0097093656659
62.2213989374429
47.0785013400018
47.6429123897105
36.6216416907662
47.1467060842225
59.1282026842237
47.6594997888812
45.5334979575127
72.4686547973936
60.7663109432906
43.4406143100905
47.2328598611057
46.6007392003229
25.1119838096201
40.234629297629
31.0859757009894
43.1952745386311
53.2505332026631
37.0957386214286
40.6344140496347
63.5299487039447
72.2982104825688
31.0618102557739
65.6317908316851
46.2257885374129
40.0480563286692
58.0392600037158
74.6175272348237
49.5765030146812
59.9915834143758
62.5889621209353
45.2780191998259
53.0207480303943
27.9292047489434
38.9722898602486
39.2799016088247
50.4902282729745
48.6794235184789
61.0932427458465
31.0068329330534
60.9262419864535
50.502980966121
60.5397367849946
52.7626654133201
43.567550908286
61.3744334783405
53.8631259929389
43.2197111658752
52.5298070162535
47.0647136680782
52.8921250719577
53.7530733272433
64.4178536720574
67.7001149393618
32.6952406205237
53.1286535318941
35.0276439450681
52.6284032966942
48.4853278379887
50.0812948681414
39.7642947654858
50.2393316943198
62.7765102311969
49.9587749596685
51.9352389499545
18.1602446828038
60.8923033811152
50.6700460799038
39.0612789429724
73.9597248802793
43.1893511756508
55.2454840857536
33.7440536357462
35.3459020145237
71.9862027724252
30.4339445661753
63.9670999720693
25.5218852777034
30.8388439938426
54.5599463861436
40.5836696250255
60.7277368661016
43.627268098674
41.5594052989036
26.6505071427673
74.3064961354149
42.2108233906329
44.2063624504954
29.7508259769529
57.721423311159
57.561627615981
65.6252013519406
48.933991510421
57.5249805580825
44.3080300930887
51.5141938813031
55.2049890160561
42.3713877331465
49.3064226227226
51.9503436434476
64.2001578118652
39.5925112999976
57.6347850263119
36.1048543825746
62.495602760464
41.6662658142095
62.6107955817133
47.8749820496887
28.4588150680065
44.7741499636322
28.8216437678784
34.6216920297593
60.7282898854464
64.2366241663694
63.7057974934578
47.0519590191543
56.1220768839121
63.0634055938572
50.4880930762738
49.085645750165
62.6589091494679
55.7038398963472
42.3037074067248
46.229943819344
