"x"
8.78143822205926
7.82932934816927
7.35152694396675
11.2677804239984
6.15808628499508
0.167749775573611
0.909267453720814
3.14879417956186
1.07400992419571
0.362947304146232
0.994756439842868
5.80037171021104
7.98675001133233
0.606220099143684
0.689213787116866
1.44825730221018
8.27918234281242
3.56755350640206
2.32000635005534
0.725618307478726
5.21033562254161
3.0175924827595
4.29278529471669
2.40507267449016
8.48374755587429
2.70287550520152
6.13652033674259
0.473498320207
5.32844453118742
8.42791274189949
0.228423113003373
3.14349525899136
1.57218645326793
11.6487829713151
2.72017638199031
5.29578909490679
6.98710803408176
7.46908634600728
8.79263596143574
1.05838309885913
1.37651902623475
8.35036033335963
7.40769675467163
2.0651230122894
3.62436615396291
9.31011042557657
4.12226594053209
5.50781989004463
7.45468966197222
3.37680738884956
2.48123341817163
4.50099303852767
0.599378999322653
1.2467302371117
6.45913601234285
8.16711976658553
1.74610069339678
6.00745037663728
0.195177925756411
4.86025237478316
8.03746758028865
6.36491971226378
6.62626027478853
8.49111282732338
1.76318502135363
4.38920770782894
1.57555581536144
1.1204365408048
6.56529958359897
10.9579264186323
12.1067903004587
3.56074271461174
6.63446625694633
3.95473542975282
5.61303787399083
5.06458169341482
1.17872814801521
6.57119799870998
0.098648970015347
3.52688403260424
3.88751486316323
3.63485965106387
12.8541888901964
0.991641328773588
12.4443630920723
1.96455796249211
12.6458987182853
0.226769736036658
3.47638526961837
5.07082989394311
8.31150277517736
5.60958764981478
1.94573354792982
1.34340421050212
6.36892896145582
4.43012923933566
0.448330608196557
1.39716835097266
2.77584365103394
8.54367471187239
11.1193675499185
7.33412955887616
2.95084535609931
2.11504015933429
4.54522497274446
10.358423111029
7.12328266818076
1.57554144495041
7.09805514197797
4.04902724549174
6.97778261889615
3.49856223911047
6.69817295414537
3.23479713944231
2.41262611579582
0.978286742032859
7.85095784197256
5.14145994093269
0.093353918361401
1.59213738515973
0.634480593726039
0.717764244656485
3.78958361689001
7.80283052008599
3.11599019914865
4.9550035290651
2.72516103876141
12.7801488619298
0.143319672121477
1.81543817743659
3.64262117528511
7.09516101051122
7.93819252867252
1.95684740319848
9.81881315291846
0.417413446120918
7.199298706837
0.169426971115172
1.25630558468401
0.179188488982618
11.3792572636157
10.57304469713
11.3139969491944
2.92271790094674
7.89116900401035
6.28712605684996
6.26234225863644
2.59135595988482
1.3787520583719
4.75891931655579
11.4788626723959
1.62787886802107
3.08231117669493
5.32077138777822
1.4733865391463
2.09962215740234
4.84035825885767
2.57951288949698
1.76600587750379
3.29091793391854
5.23455055994646
4.46197402197868
4.25493399806302
2.8565890873637
2.84521272405982
5.859265755862
3.39164067991078
3.74096455052495
1.84572488987816
3.51675404235721
5.82280680537224
0.823655584827065
0.367954737565874
1.67418815121796
0.871400470357256
5.71813408751041
8.27503865113267
6.13460688897737
0.602098857052624
8.52264597523896
2.3193935630843
8.05548834614456
3.2771266205814
8.71403168421239
9.1440733987838
1.18429425638169
1.62949899028854
5.90226855129004
7.62168073561043
5.70237874053419
3.3567575039342
4.98496675863862
4.70696152187884
1.46586243054916
1.79117212911747
4.94710301123388
2.05695067998022
4.26549336407334
5.50306250806898
3.55988089774474
0.664884736761451
6.26916834153235
6.22414106927317
10.2600519545376
2.96071225311607
3.05628543719649
1.50673720335571
0.27334318726884
4.65481111314148
1.60054273437709
1.61498787347227
8.71297442354262
2.32192317489535
0.0100889010354877
3.73909909707911
2.9292096940586
4.03596111672089
5.132871848281
3.19487500342035
0.158401485532522
6.99994238093495
6.21016165279646
6.65581955108792
0.676860067338193
7.51316060777754
0.598116219043732
0.92522961707001
5.95648300368339
3.28424968756735
1.62652393337339
7.30340150184929
6.79661997128278
9.6847222691741
0.847945280515638
7.07232967131657
4.97766565531492
4.63937625044273
10.8298316837442
1.64755336049974
5.25526495184749
3.19089528350793
1.71876666136086
6.89539692830294
2.94395610690117
1.06707201339304
11.2728950095891
6.47086303215474
1.66070135310292
3.01838319282979
6.13170226547363
0.596534716896713
3.79354893229902
5.14701220672578
3.3185324864462
12.5250946876177
3.4565620822832
2.27241459094186
6.89642811369935
4.49552645790314
0.0121233494697274
1.19494174141437
0.69450779348659
6.24519621487707
3.221923741512
7.00230945367366
4.23747582826763
8.00050081277731
14.0543884364888
6.23973081819713
3.96521389484406
2.72691191639751
6.02970324313482
5.24348759488598
1.37975728139281
13.3122501662001
10.3461119482904
5.51903566058584
12.8343182150275
3.42495661719112
6.28509556408972
6.98435438202376
2.0131551194936
4.80631213519174
8.79195439629257
6.5703232306987
5.63828120939434
1.71145829723062
3.29745698254555
4.56780174281448
0.625290186106173
4.08286293968558
1.37250219392961
7.9746346687898
7.5533224207314
0.407306617125869
4.3839638819918
2.82614877667805
4.44333135153968
2.7311427346768
10.6678464915603
1.08739970344443
7.96542213402703
4.77133018308314
7.02160026412457
2.20900864806026
0.260532890628605
5.62469274736941
9.42480124899337
6.86671913937716
5.45662720687687
0.241668282485384
8.33811142947525
3.3122607273981
2.21810144790242
1.55941806733608
6.40457471426782
9.34385706204921
16.1903508706018
0.897925067692995
5.47062935461013
8.61375302255707
11.1624110265056
3.30570381169605
8.47696098499
2.04058210365474
6.06331161689013
6.31951680603447
5.06572026289963
8.07577460072935
9.16985203512013
1.94248386522432
5.54642345372515
9.54164362046868
12.8061738563702
2.27691477232602
0.961842067107296
2.38155152183026
8.83856725413352
2.28172246648133
0.12880993349428
0.0569146825000644
2.45502877737317
9.20167269650847
13.0785341607407
1.13870890345424
3.93889017868787
5.67740709396305
4.40015087369829
6.27385845873505
0.341266947716722
0.219967889995868
4.1441080866643
3.58965614518849
9.08526664178019
2.72280958015472
8.4432611707598
8.72302632778883
9.10450462251902
4.58182767033577
4.15543843992054
0.772411888465285
4.94408394898548
2.39197209011763
4.70411612521826
0.946060179882383
9.65276407564371
7.9131833743304
4.51849536038935
0.261762304238889
3.93112308811396
4.93312701582909
0.0901608901775753
4.64342178311199
3.17194991785825
1.36794990103698
8.58981518540531
3.77872004173696
10.8882136720616
10.5968079323162
1.7890989780426
4.29471623671393
2.91470438241959
11.4363041007891
1.30764909887299
0.723263272084296
5.15039568654004
0.0405194978770485
7.58707516361028
5.32434888055167
2.16164284872188
6.11882316879928
3.73455961234868
4.05723771546036
6.51250993832946
3.44651457853615
9.8100050491778
6.46260238718241
2.48858889099211
2.11977290455252
2.45675211772323
1.38114017900079
2.3010375443846
5.57864657603204
7.83050952013582
4.53608422540128
0.206427677188132
0.161850824709447
7.67473872531165
7.91289082854794
0.60015523528861
7.33429915271699
1.00409246108403
0.541202025488019
0.952118994052095
1.75754731949303
5.31567850354166
5.28958181384951
2.96066127302783
2.99673324916512
6.1415010285179
1.27789613075332
1.28216193988919
7.93881572302007
2.16279532967164
12.7111881272867
4.7723293537274
1.79461983498186
4.82810756657273
5.73335362132639
10.2249256105543
2.60167023135284
2.73422710173133
1.84054250606908
2.23845415748656
3.68710395414382
0.18667352607957
7.54881154280156
4.66512311249971
7.67498575150967
2.62741253381296
3.21231896372611
2.09568059676149
12.4975832970836
7.5439407918337
10.5928173914789
1.78548730909824
5.36283113960568
9.70296191847262
2.91901316959411
0.695638818180381
2.07895457278937
4.80700903987253
2.3739567217166
2.5942241307348
3.29081011004746
13.351963727559
12.4091502770201
0.807386869564652
2.4650507606566
9.08660863060504
3.8335639750585
5.45865050517023
1.0666485875845
1.00529961150883
2.03652550540857
1.24205215834081
5.65698060110831
6.14214430097491
2.35300019849092
11.6745304850645
14.795211609453
3.27500134574762
5.32823464159067
2.15136006008834
2.39636672195047
2.84127207223582
6.44684116614203
8.03781824652106
3.90480447079368
2.25093632470816
2.31179893016815
5.58574688838901
5.64844405335935
2.45453845709562
10.096962678701
0.995788723230362
6.06476343236864
12.3767982469872
2.82218466278257
4.46403152261075
5.76119148172438
5.62709657149584
10.0582334911451
0.755134387873113
4.03372463770211
9.03932459366072
2.16977436626708
1.35284855496138
6.33665414926084
1.3090992346406
15.4676005709916
1.75838612485677
2.29206958655088
5.31680865678936
1.94128007162633
0.722014298662543
5.23916793170495
5.86166850597202
5.35985492169857
6.73018060624599
2.96829424332827
0.720425942027924
1.87266727406048
0.663213186517078
10.6966736670111
5.76199407223612
12.1762567898259
8.19932059384882
1.61879011429846
12.2899072595801
5.15162585866407
4.34730073902756
0.332107974881754
5.94309638254344
2.30838737916201
3.53571319720539
1.87763075402912
0.637652375735343
3.92583317514993
7.04979337751865
0.417327298782766
8.93365328665823
2.02627070248127
5.1949477288872
4.81951767578721
3.07203710544854
2.26835695391489
1.97893306612968
6.23963650458743
8.03226340659181
5.18306686685658
0.307483229461719
3.42014897614717
7.06700221635401
8.04704579059035
5.92583225727745
0.902799540199339
2.40086016348023
3.90657926909626
1.10210438010531
8.15577073184767
9.64624657852639
2.88969771936536
3.10295011689413
3.09547646902502
8.50346272345632
4.40088454633951
2.44674005080014
1.20612015332662
5.38305055815727
0.359024569596581
4.40892837941647
1.64142723660916
4.05848097841614
13.2935697678477
3.50703184958547
4.08898184541613
7.43735920867593
7.00542799200785
3.18411961735966
1.77811366937235
5.63713132869452
5.34439306633796
4.70019046151444
5.94418088439852
1.18073976682596
0.918744364753366
4.55085679423064
2.18187863185363
0.00148008626597778
2.3904719061437
1.54039526823908
7.17869699001312
8.60780028160661
0.261116147355666
2.11259799543768
2.52358472675427
0.515664509746261
9.81882158666849
7.42173814214766
2.44235699825451
11.3087787758559
7.54932020790875
2.59493838530034
2.59848956484348
4.2902760207653
1.07203626566122
1.30042464006692
14.0824184054509
0.282987124745919
6.41315884422511
1.07147305306346
4.67101447284222
3.68168840982606
3.05744537618011
2.31022328171682
8.98058647289872
3.49479003343731
5.14380977793793
9.66390629564747
4.25772361923009
0.678652827627957
7.52346653025597
0.368210999295115
5.78869753047911
0.701885670423508
7.83426528796554
3.06530254573662
1.61666735036248
0.580943243986607
1.02528661955148
2.50968260224909
5.53724967373347
3.76626681536436
10.2656527422369
6.17286546716816
7.85938736516982
2.94982142565417
1.49832021028458
0.717671844176948
8.42679029293718
6.99692523846723
5.28838101308793
3.4155537141487
1.31750318687409
3.12865440490452
12.1290723833454
0.954032433219254
1.10511817038059
1.68116393033415
0.829450273886323
6.66159217609178
5.9347721748054
9.99825468752533
0.671574477243373
0.2043538763885
4.33971403204653
5.00762250740081
1.1434731632339
11.1849675228011
4.26445337943733
6.93047418088021
3.09605121646942
1.66076235473156
10.6107759522274
0.983649422414601
1.34824931391002
7.7021808651542
7.38666223959182
6.4473834711959
3.02686409488631
11.8473683251068
6.27573176928684
6.21295876101082
3.67989454901585
9.41675987354497
2.16600790154189
14.3421003129333
2.68647149205208
1.1492109162858
2.41303713992238
5.18771797633834
2.92132534709497
2.74832274299115
11.2610406940803
1.69898166786879
5.99997524948382
1.39285861514509
5.46792073428704
0.382384606309085
4.09094572532922
9.30947769803849
1.27487638965249
4.75601797725521
8.36996959988028
4.97691501431731
1.16490528453141
3.42356643901237
12.2697313548997
7.17267580343249
2.02193486038595
2.93747561518103
2.58982202064188
14.0231535576383
6.33049376774579
1.41541284974664
6.50330199860036
0.96875604097546
0.494372738296875
1.60210547037423
5.87062786798924
3.32770967542503
2.70877425295968
3.86210965231397
2.60579839814454
8.34834156557918
3.64071649964899
0.321484357118607
6.63630864582956
10.1857556961477
4.7345737929579
3.3293349767276
1.25009907909956
9.87928370013833
1.98293086141348
0.886985566467047
2.34187403693795
0.0297249515267049
2.62042383827115
8.26850607991219
8.41192719526589
7.79933393680911
1.38761152047664
2.75216340087354
6.15137438289821
6.73934722691293
0.831662071868777
0.747580726198755
9.0305533260107
6.75414763391018
2.07347001414746
1.74984376508859
8.27624292578548
9.01062891352922
15.5990886036307
1.57304858951194
5.7981465460611
4.48969286583203
5.26241843580428
0.499151088297367
2.8176850406453
4.56693866290152
2.31930736918002
8.87083706413581
3.55295557037822
6.72174775972962
1.73087012462849
8.86441166995401
3.01345507614315
8.41719477930066
1.32250655150008
1.33845636075831
12.9488511243835
6.68926668742849
0.497745493892909
3.91062260209517
5.60865311417729
2.96510973022969
4.93604030925781
12.5631580372802
1.97435992139877
6.36269044842264
2.95877286698669
3.44808271620423
3.17373981233686
4.86768928450518
2.26303334347904
8.18879294674844
0.195184978656471
8.63625635392964
10.2656274102628
10.2537642871802
9.09413050394505
7.44589720852673
0.172687019221485
4.20665279844024
6.14989276509732
6.29724068567157
0.288959080353379
2.31601316481829
4.78211314192556
4.19793981127441
0.840713618495063
8.28134194016457
3.03063411265612
1.38151296414435
0.150552705922238
2.22926491436046
0.899092483995272
0.996839367015382
15.993948513642
1.4479560592814
7.44251101277769
4.29549667473874
0.517623987980187
21.5742794098333
5.53027781074147
10.6769977880661
4.71566128544509
4.02482623977577
3.48552728079481
10.7588805491105
8.35751111153513
11.4913075463846
2.07748784620674
12.466169311665
11.7860353551805
6.04318166151643
7.12145026323496
4.73057627677917
3.01870643161237
3.16128344275057
3.6552115352151
1.04477771842328
7.91189498268068
5.08806935977191
2.50343352090567
9.07530963886529
2.73766726015025
11.9837874080986
3.26685830950737
3.27202551998198
3.2530065046759
1.60196844954044
3.39697887787901
3.26524872798473
6.31373499054462
5.9755012465676
1.17475119587105
1.60854190899658
8.33298797191027
0.460872845724225
2.85677765496075
5.12024571716534
2.21423532348126
2.01792255975306
4.20341638972537
6.07875703742746
3.77781191203586
2.80898557942982
3.3762147417292
5.02317044883966
2.62259445447471
1.86914305668324
9.25515263807029
8.52095256559551
0.90672516577989
5.81665232311934
0.358193297870457
2.94286969583482
2.1272074431181
3.1937412917614
1.08424236532301
5.24536201264709
6.88197501003742
2.25531542673707
0.0166599959989422
4.37463999260217
6.6880012396723
0.584551366046071
3.49688794468919
1.51503696570603
0.417534401640296
0.721366261132061
4.86667933151671
9.60361170582473
3.1618463694646
7.80526089947671
5.95332428347319
5.4233398521319
0.192762934602797
6.08433266170323
17.0037753414363
0.991269270889461
2.75753234792936
10.8181062620133
3.39068140623418
5.46440938047648
0.324345329028487
3.85356006458395
7.33797010034323
6.69655576248448
4.95310369879007
1.70167305041105
9.37598458707906
1.76242857334348
5.79639654606581
7.8453190668957
6.34801345877349
1.55684689525515
2.13548549399335
2.19110024662732
0.236265711817907
8.81104464642704
6.74815408419818
4.16988912174143
2.95806382782757
1.15077255891846
6.01375726982951
0.144636328332126
3.19791142828763
0.203498845798771
1.65607506881481
0.272193078691878
8.31696584562837
12.6266703242436
1.22462783474475
5.97831869963557
7.21951808633345
4.68788395518204
5.429382603433
8.82297321653058
0.390352107359845
6.50490564383156
6.70545859168161
6.8721208255738
0.995763274841011
9.65274265035987
9.85103941056877
4.6945845123305
10.0845536915585
11.7498441599309
4.03293524868786
8.49129634443671
7.86701568868011
10.0746878422797
3.91859181690961
10.1892272941768
2.5674084899947
1.87172666192055
8.62445796374232
10.094544649837
3.0206631636247
8.01118274684995
3.85157698687037
4.50822534039617
6.30872738547623
3.23972083778556
9.2818975681439
0.33429251061955
6.34639288764447
3.84097404312342
7.38235365133733
1.26741639988629
1.65481199010491
1.46879444364458
0.178088154643774
0.782580277882516
1.92626556630658
3.89381434086604
3.99903909624217
3.72634567320347
3.77972326241434
3.25515549629927
5.11679420524805
0.655453512445092
6.51996049564332
2.19956905264299
14.8903823224828
0.870692405841184
14.4706243416294
0.33783505205065
4.37464658170938
0.339314714074135
2.84792957162504
5.92621957537823
0.927477908309259
5.00651868060231
2.36710377503186
4.60609963629395
2.64698828087373
3.24551856610924
9.98942222119346
6.33671240150296
5.90729396790266
9.35747899801832
0.684548435329054
5.4875630652532
11.9308977387846
1.54905738866672
1.62806743755937
5.72314760647714
7.63791766948998
5.92792213428766
6.57600834347383
2.4808504851535
2.24439969252532
1.03350341212624
2.41345279895148
8.27827788889408
1.57663104995189
9.67355876236958
4.21570194816741
3.08493734337389
6.74833420198411
0.480052636176404
1.14579958138937
5.95336901023984
6.19459294248372
11.4996314747259
4.05524060767732
3.47006728406996
0.7209412753582
2.65603492911938
5.29483347199857
2.87935587111861
7.86425329279155
2.60898151900619
7.30406730435789
7.12855928577483
7.10965804755688
6.31462053522563
8.59997336955257
7.38159432680458
1.24756635632366
8.52165019193289
10.1349763134357
5.77060147188604
7.12895958163441
3.63159554045855
0.0805712832651447
4.50630011284819
3.43414326198399
0.429442073105405
1.45353735424578
0.31728953729701
0.429897545836866
6.15500388855811
1.35509711690247
6.74808940384537
1.87009559012949
0.615449878387153
4.59670815616846
3.43468516929776
0.762880577935718
0.432451046071947
5.25094880414739
3.26611527707428
3.1097997300637
9.77021928410977
6.28103113366858
6.94287323858589
4.60789520293474
3.59835044946522
1.06240040622652
1.24456309713423
0.896150269545615
1.99791982304305
4.75708430167288
5.01669005025178
6.46522417453924
0.234854849986732
12.6375702453826
14.5244320156053
1.67619963176548
2.31619552041823
4.53485913997932
1.90176048781723
3.29068279825151
9.51455079877833
2.01952962670475
5.11057744733989
1.18109805967187
6.58587321825376
6.17644035053991
2.40614781124533
4.29359525829267
12.0429512113333
7.20539912581444
1.06655911076814
4.42626319445043
4.84036786938826
9.03280565980822
5.71624718591314
7.26832337677479
11.2266779178753
1.13643375225365
0.790424272418022
7.81483179889619
3.10189596030651
0.0111344169952865
3.84451738643155
6.23064570393393
7.37203671596944
1.21911417974949
0.136993546038866
6.73856800735169
3.89150088199868
8.15618897148769
6.31681538652629
6.52772844769061
4.18786208083326
3.25955693258698
9.75424215235308
7.64592069801217
1.5252253273502
5.06224538230342
0.739901936461307
12.4114178700134
5.51159086427088
4.67643830925226
3.4844663226977
10.237920191139
4.93128979093567
3.71066129300743
2.43667254690081
8.69058839966456
11.1987131880596
1.43305822275579
1.50714439805597
5.94209835063073
4.10250667382411
4.26236041821539
3.78231715876609
7.28775634756213
2.5061818305403
6.18679004255682
8.90210062852665
8.90129911713302
4.29727367072196
3.03484988902931
3.99320367723703
2.04288219101727
4.54049492254853
1.4608011348173
1.35454446966714
10.6186111437653
0.199901134390877
3.27584291808307
6.00989009253681
1.78665365092456
9.81054551443237
0.954003876512273
5.84606733061333
7.1336286775752
1.17729029152542
1.10127115622163
6.13514172186387
14.7540198685112
4.71188623923808
0.907225254923105
11.3641727250069
2.74452280718833
4.07677164766937
5.96598405390978
6.27663628886409
5.71454747763944
5.48644640948623
3.57851388398558
14.4568070070818
2.46371733956039
4.07934188842773
0.0175650930032134
0.382780615040803
5.3590121679008
5.34020683262497
5.56380469352007
4.58614382004145
10.7301664771512
3.90466297976673
7.36947872210294
7.14531217236072
6.24763094820082
10.7636210974306
1.65913411442097
2.53597721457481
1.76963144913316
0.0365310814231634
2.95571323949844
6.77942114637778
10.4461869924337
11.4225758472458
4.60484883366401
0.722921080887318
4.47295849513914
3.96534199826419
1.91117916356651
3.28319172073208
8.37608317378908
0.817524781450629
3.30442344855581
3.85082997381687
11.1990785091362
3.51079012994145
6.07131827694533
4.14513747858493
7.54925389774144
1.56166419382035
2.6929471696123
8.20381622761488
6.75992246251553
5.66735144238919
8.42462470754981
3.16083459281543
5.83300455473363
5.80346656497568
4.60716851521283
7.8488948289305
4.45502938237041
6.85427917497128
7.21484860405326
2.21441157707393
0.404804836416385
3.48136445243548
1.27623920588282
3.49302911199629
0.419950718060136
2.80808669049293
3.37191084399819
0.52104160564876
0.615262240171432
3.97642634343356
2.19637905247509
1.79603299992821
7.87705508992076
4.85794513951987
9.28995052818209
0.415862950156167
3.3918360248208
3.66041134063255
8.23420374871375
1.06034961030966
2.70699022055103
6.62645036354661
3.21191783099193
9.98114361427724
10.4293293148407
1.19803433772177
6.0578676655916
3.97497250232846
8.90212128870189
2.39883677156778
6.69660887215286
7.0681634824723
0.670191448460179
0.157691561616957
0.704712966584103
6.27094400115311
6.69917380437255
8.1913092071083
0.604347232729197
1.65049999486655
6.50864828785072
5.86744742467999
3.51102219428867
10.5233203154057
4.70323737896991
0.273283643939487
1.61849244032055
11.5972344065085
1.68012010399252
7.74853408421108
16.0508860488883
9.13925683125854
5.57975947941261
13.1112276100563
9.15597206912935
7.021817821078
3.82918533869088
0.855653267353773
5.62552374321967
7.19546471156863
3.54544506408274
1.61035624332726
6.15380273666233
7.3776419274509
11.9894313393161
6.34161373175989
0.02721156924963
2.82399472673756
5.21644281689078
6.99800001210412
0.819122209213674
3.14446759875864
3.47338987461283
1.20901625565461
1.61977427109712
1.58059408422559
3.15602615009993
2.53896315116435
0.713770104913522
9.33798760736967
1.68952685780823
8.00416934838926
7.67363252983922
5.97691885195673
3.41496218461543
2.9763619415462
1.01023993920535
7.19016888178885
10.1728375302628
6.58165465527242
0.438532949158097
4.88240626684125
0.850429429184576
1.47839142009616
9.16553598362952
5.41521341074258
9.16217379271984
4.77979939896613
0.0463781854562613
3.01080511613318
3.80551556590945
6.78824048954993
5.84429095033556
2.95096888750231
3.7190290088552
6.14839191548526
12.0324538540824
6.89214693848044
6.13548925612122
1.87239033584888
1.26438867928413
10.1676605641842
1.03906881310175
0.0607111984490682
1.2042760848999
0.29995976947248
10.9813384711742
2.56612108848394
3.96689213812351
4.70948401405492
8.33145211874509
0.0496209133416414
2.10532037855154
9.02410695997265
3.47596338265692
3.38009315141587
4.37104555604163
8.29709023237228
1.26141557974125
3.31454579718411
9.80622656643391
1.05141476214914
4.50451078359038
3.89400287531316
1.47466984033043
5.18979124456449
2.12013777345419
3.10504401568323
6.45284687634557
0.316251220735884
3.60587355648376
2.35511027276516
5.29476824836979
2.34435164763953
4.01732264250663
4.37690461985767
9.07350177876651
4.710515495923
6.56113612931222
2.97390861076592
14.2875740733131
1.88115995842963
10.2621156256646
1.32060584515199
0.375202507711947
10.1329432706462
11.7751619080082
2.44467557305503
0.198251366985227
1.50266791426646
8.16675446282421
4.88725565373898
6.0296913086472
2.60953193064779
6.22915455605835
4.98926123772073
1.67360156187197
2.87494447456341
1.18845505639911
5.25621850974858
8.57560930307955
1.09798012297709
8.80210485775024
0.451260642148554
0.451137986965477
7.88949928930694
0.837457464214811
2.87326489111196
0.769806886091828
2.42090257816017
1.83150117548897
6.66036187485903
7.15199811341787
2.15520979836583
10.2053072818227
7.80407927145104
0.250532855153916
0.917430780827999
18.2932147523388
1.25040142752177
9.0057605619678
11.3181372405961
0.720440797600405
0.916289774015761
4.44002526446067
3.06676533073187
0.659325246768372
2.87391552645402
0.647073724613532
11.6943319095299
11.7933937937491
2.19902714298458
10.5626475065947
10.403624502942
2.98396885125217
10.8339755976755
1.38858729299133
1.44522173795849
6.17176948580891
3.96332945509155
4.35053231019408
4.1057536694543
8.26092973860643
14.6914087060892
6.84838872402906
1.35133417788893
1.86849108431488
9.53360248822719
4.14253981107098
10.2860251674429
4.72677406062385
2.36062359930113
8.72355147730559
9.29064794909209
4.50330341700464
7.63811368960887
6.6661775810644
3.06746720680032
0.913152447901666
5.40009015239775
4.57414157455423
4.18630726635456
8.62621611449867
11.0165307065472
7.15012045111507
3.28854024410248
1.07979987176061
1.7787771532312
0.113518862053752
4.88950104133788
3.60050969422541
1.37606472708285
5.09294328103076
2.54979082383215
0.553012685850263
2.627684017181
8.60203818883747
7.71761501673609
11.6465443978086
10.3560090996325
0.448312168009579
5.01880755119008
1.50733205955476
6.7203204613179
10.8243534108624
4.03030305169523
8.41346269007772
11.2019078219078
2.94950362294912
1.56425293534994
10.7887457823381
6.49498242419213
6.5335578750819
8.86704802973849
1.7613026779145
5.67880463786423
5.06062790014791
12.4992946861312
1.48219234395825
1.82029220627524
5.7771852472797
10.4118630755693
3.42601991724223
6.02094535715878
7.18485767143108
0.736185628920794
6.70891313765389
2.63134216761002
0.596706615760922
10.6179333524778
2.51736928756453
0.208490085788071
2.38919404800981
6.27388635184616
9.68240973827569
2.93495687656105
8.07904220834735
6.12620438914746
5.72123625361689
0.0817782478407025
1.91074763379727
2.07387048285455
7.25960193667561
12.4183915788308
3.69609789922833
6.01941470522434
8.5557428188622
1.01377272652815
3.88031827751547
0.0918574837033281
8.83421855978668
4.99718119390309
1.40269855037332
13.2129187161592
1.49989640340209
2.77653622906655
8.03264710157904
5.65624656155705
0.375360696362982
7.36846858635545
5.06499735088037
11.5522810490802
0.603268411941826
2.33782203868032
4.18129365839387
2.45250116568059
5.11332771275192
2.40102207753807
2.94695300907805
7.18970224261284
1.05278696864843
4.91605361457914
4.24814745783806
8.15523159690201
6.63180735427886
6.65720719844103
1.04518464491142
5.63348671899616
3.33622315305898
0.726134589132005
3.11346887894209
8.45414493232965
8.59795123645017
7.93445510789752
1.17703338619322
2.5995214829393
0.128128658980131
2.33256095486483
2.7962165651843
3.88480731285988
3.35550867021084
2.87619119681192
15.8203903120011
14.3453075084835
6.25611108262092
4.21294796226665
1.04332820046693
2.49017591122538
3.70651902717479
5.92162667308003
3.05879111401737
5.93227041708428
7.81145005021244
0.981725612655282
3.16922781057656
6.77731301072703
1.09250510577112
5.05294655449688
1.96581501385998
3.7381830625236
6.16052290424705
2.74640785064548
5.86581719107926
1.95267760413053
1.50300117675215
10.9800685197115
2.24571474827826
1.66075417068166
2.39447623025626
1.58106126247729
11.196763468687
6.90127711277455
1.42443031072617
9.35413431550032
3.48870677407831
2.28272352833301
6.99467909366051
0.359344598837197
1.06792625890834
2.75368596505098
1.70696107670665
0.922790833978743
9.89804531243564
7.48499889932952
7.68930977210402
4.93983323685825
3.72543167183239
2.59683104273832
1.48664664332985
10.8770102029666
2.15466985602855
2.7225132798776
8.29757713676127
3.78141442779452
9.17410799302161
1.02900761236938
6.16831872595064
2.03587473288849
4.51543095612006
13.1565386196598
6.5169973132483
1.32861942994769
2.49964524202204
11.7329325739963
4.90942460019141
4.26608514972031
0.730891921557486
1.74154036212713
1.19749079458416
2.13709932075813
15.8942850350187
5.98855158053244
5.08165007922798
0.550439651124179
1.59137322462761
3.2630767673254
3.54866684487503
2.9083076165989
0.576770282350481
0.471205541601296
5.11567881077909
2.81326251570135
0.238948074654379
5.03499205224216
2.48482732894148
8.92240402754396
0.160575658082962
6.07193067996669
5.44643972534686
3.77057090577143
7.05357405822724
4.32128505781293
2.94517882120956
11.6660235216841
2.58059888077141
3.97053780034184
2.84172361716628
4.62563077453524
4.71579295216825
18.7977398978546
10.0711555453017
1.96848077008691
5.93564608134329
6.17906061208044
0.88357001654206
7.68145990757866
3.61676176544279
0.125297554768622
2.17113383114338
4.60710115730762
5.27123531792313
15.120821842702
0.252830260433257
5.26627248618752
7.65757618937641
0.953955156728625
4.73298234865069
7.63169624842703
2.85649771066474
0.606014826628887
4.32391730137169
1.97096052098995
1.16861187852919
3.6871102405712
5.1591370733479
1.6716520069167
1.14762312732637
0.871264607633808
2.85616889495424
2.10645927581936
0.0124485824131597
0.844449452029064
0.19948285440438
10.0822730921209
5.30178032349795
1.17440265603364
1.64547851069173
5.23331104777753
7.51291628031345
5.58487095404416
0.496935296307366
1.59461452333538
1.62503598257899
0.873898417521002
11.9865839777393
5.33508765193352
6.84771842788905
5.12363744367441
4.13030178884702
9.21756180468947
7.16695497976194
8.93538999371231
7.41879920835758
1.15241142470629
7.50671927817166
0.612054661816265
7.92989179026335
1.9031209172681
8.45749008003622
4.0098274292352
6.72605355528174
10.8895567245781
1.35050677993793
4.415168100968
0.0440150965005159
10.1071372395381
6.97877460625023
8.1334456225923
5.06378905847669
8.12422363663104
1.14926130045205
5.25199915282428
0.239570857957006
5.54323345422745
16.4123052963987
0.726482061053035
4.55972297054713
3.80994894076139
2.34926419798285
6.35748221538961
2.85830471635685
0.249451166018844
7.12910983711481
5.2627052878961
12.8522509941831
2.75942503940314
4.45840789470822
0.945041934028268
7.74260798934847
3.77545281323479
6.49745084811002
0.772513767111577
0.431904321707143
1.75236181821674
4.77536496786607
5.25141290966138
1.80138652212918
4.79395922739059
11.3740580854937
5.20574226975441
2.07473295740783
15.2055488433689
4.56736800260842
5.45463035814464
4.83656404397282
10.0919945165515
2.42863544262946
1.29298359057106
9.05899906047908
9.64438682422042
2.53949939423186
6.35218196548522
3.34139615297318
3.48543981090188
2.1999217696059
10.1870168040337
7.47233731672168
8.05457117967308
6.63514316547662
1.7671219073236
3.80285083824042
6.83458099249429
8.12836270779371
4.05759063659058
8.77037064637989
4.90675357375338
2.19659020658582
0.38207464047219
2.21467504763183
9.74565453403474
3.02346691023558
0.477555254474282
1.75892231932749
0.729585229419172
15.2479734970257
0.818943846205333
8.95419134241799
2.27044633652357
0.900759245269001
8.58364342711866
3.87752448343838
1.72289898619056
4.98975208029151
3.02787127438933
6.28575582522899
10.5275457259268
6.7530378029676
3.22797489352524
2.05069917402887
0.299145993304445
9.3926121480763
5.17588609363884
0.218870344807902
9.99549890402704
6.10841081943363
2.61990071740001
3.73472965441594
5.40340410079807
2.63509970754813
14.5436485065147
1.2846612604335
4.45143189912986
3.52034250512578
3.45530813335227
4.11024212371558
1.99660342186689
11.0902612796053
5.06167784333229
2.32818623488259
13.2084083277732
8.15556619782001
4.70996757503599
0.323722884058952
6.36146673932672
0.830434542149305
1.98357221613649
0.335840136886435
4.6171669759201
6.48724028627313
1.86026012524962
1.93120113458308
5.69551619701087
0.185565781302459
5.44956459664288
3.47317398991436
6.77633194581542
4.46708616800606
1.95647252257913
9.82079786869897
13.0006211512101
3.86426974615657
9.28126375656575
5.87214282234196
3.06456206686169
1.59810134209692
4.44109130185097
8.40792574454099
3.56837085338316
2.48083681799471
1.97009455650522
7.67464174423367
2.66077866604086
4.78148621041328
6.75414583823934
3.64143457263708
1.85074195803629
6.18717314209789
0.607057323084931
2.11510592409025
3.38184097781777
7.40696189459413
2.95047776307911
10.8716088539033
3.6318958070026
2.40139012251243
4.8596182372421
0.0861065857695282
0.282744860295834
5.44788249557132
3.49081004969776
0.376290295309745
5.70641797741805
7.6361820673558
3.86634344205537
3.74005276244134
13.5137352161109
5.60307281911374
8.23242098558694
5.10160811245441
6.65083525236696
3.76507572364062
10.6147169583821
0.307379313744605
8.01467578862343
5.61088912578015
3.09559528250247
1.54536387417465
3.98961568716913
0.391352875158191
4.64773478452116
8.08741839136928
4.99063453171402
9.62211773730814
0.825351849198341
11.1738363280892
1.8326506707995
0.879716570489109
10.137623655531
9.07988899716561
0.941119648989325
2.67483055285785
0.73653750837793
4.87916788921834
18.2607109891251
0.101612298749387
5.95548979791198
3.82924492005259
3.85700133629143
7.23191814807451
0.549107743427157
0.0834122158217845
2.82325279538949
1.24789495021105
1.4358178461699
5.01776302127164
12.1389382425794
7.79535240937456
0.859257252886891
0.991347340141208
3.14226243644953
1.84264709241688
9.72301051951945
4.91485613059806
0.196145381778479
5.05449814073471
5.54536230912787
5.74229813646525
1.22342981635221
4.0559137966995
3.17167146131396
8.51456185673383
5.56061801034957
0.449249567463994
6.79903554264456
11.3143460592255
11.7894466267899
11.8834251959464
2.55073003936559
0.910585164092481
3.89139515002355
0.215597809858374
1.18495470378548
0.741457696577763
0.0107145312190429
8.54065257590264
9.86119664185039
9.52697440516204
5.18340772195554
9.13833195809275
5.61231891612909
0.888214283622801
6.64422425275479
6.77015319771101
5.39694598410279
4.40376924326209
10.9583310550079
6.37450544163585
4.78045134805143
15.0157013910358
3.9023473393172
4.14386603515595
13.091158853266
8.24644900858402
3.46995624425373
2.63965742196888
7.47685421269455
1.52374794706702
2.9242677106924
4.68888126779348
5.79842444451883
3.39938178658485
7.89897807408124
0.974095525892987
0.304277080603882
1.80747562553734
8.11775862239301
10.4482935384333
6.23926607552153
3.95328300073743
0.269846082665026
2.1618454484269
0.92526462167263
14.9857205804437
1.8668969694717
4.92414943873882
2.77779949828982
0.589352194219828
1.36720673181117
5.77344110768897
5.20746917408486
7.1535166821527
1.82152532506734
5.40263953153044
6.03207715321332
2.02586783561856
1.63437700835161
12.3835524391521
0.805544899776578
9.9281542468816
5.91583971399814
2.23054386537404
4.74258183967322
5.06814499385655
3.74085567891598
2.20215094741434
10.6942413607612
6.1291803847803
0.0473860646358549
