"x"
4.74397412648189
3.64434552718638
8.39687176048756
16.7372277006507
1.49358150053401
17.2677314840257
7.33247241005301
12.5876985634661
2.62443782041104
3.56487542836134
5.15335225500166
13.1249230599652
11.7368039394127
4.68425247818232
3.34220169387994
0.131306145340204
11.2716969568282
17.2663576435298
3.38540975181218
5.29832833265412
11.1013466492295
8.47232258224589
11.4762373268604
10.2938292082399
3.35007994435728
2.25358139723539
16.6018421699468
4.64720763266087
16.1150220418182
13.7361763045192
5.0917131411839
22.9145276825875
14.8477784297502
4.07011649864396
6.21563913300633
6.98966104537249
9.96900061026232
5.88392661884427
19.56309331581
16.2499811171727
21.2998816559222
15.9021184779704
9.03661567717791
15.395669146598
3.85181927122176
2.98744991292851
1.51422206372138
26.4414094388485
9.92905129678547
1.59213503064977
10.1492600515485
6.05856403708458
6.50322030697263
2.73349341005087
2.83069571962795
1.84742021374404
4.83970564653828
0.50555883912798
5.20000937394798
21.8671079259366
13.1629012947019
8.43784315511584
11.433866781417
3.9049820033576
3.45486677251756
1.93888624198735
9.75844148620393
8.46632663160563
15.7375215552747
9.4120585359633
11.938383243978
3.27199561397491
17.0312817335014
10.0023997781848
4.26159291528165
18.9477917738259
9.59063834588295
5.27399801649153
22.6153496355668
11.2962238956243
14.2832567449659
8.90903999097645
4.93872337974608
32.3655593109554
18.4860676281098
5.28725148178637
18.4435590635985
6.35800422169268
7.12283027410175
7.29790525510907
16.3473317399621
11.4678792655468
0.0654392410069704
8.55377232655883
13.1063171196729
14.8694057483226
10.4435340967029
27.1714253351092
12.217454938218
10.7854706687738
0.730999405828108
7.73876141756773
13.4071692358702
20.7907287403941
2.20063482094642
9.75973459076131
9.25052865613875
12.2988370247185
11.3215954978603
3.14617740395686
0.946202967315912
14.6317428443581
8.12118026159618
1.95785632447959
12.071379693225
4.48549985023933
13.4983905591071
12.5395009294152
10.1503157208578
5.51556888156202
20.3852951060981
15.6720111502535
2.35431054607034
12.6757818602753
13.6529735755175
20.2718558255583
5.74644189327955
11.976389400661
26.043117732387
8.17046025767922
2.11961879394948
3.0540344447276
13.8883245754611
5.42652476578951
5.92383472248912
9.34086428690409
1.75269157625735
1.65981128811836
11.6565180187033
1.25590786337852
10.2549018237952
13.4191485121846
18.1616489309818
7.83477034419775
17.5384386442602
0.0855882652103901
10.8590779566097
6.73357243649662
11.4504294935614
0.404851888476753
12.8291052766144
9.84837957657874
0.483697762762951
8.35004667751491
15.8894827589393
4.63203934867403
13.7388233390512
3.08186141774058
16.4694778410213
1.60976978950202
7.02441001646567
13.8298137285684
12.0046469256113
11.4073551442823
9.50668623772657
7.02932290732861
4.51624170241767
7.43003389798105
0.308205633115379
9.00243720971048
0.259677892316056
13.9508747824271
4.51650669807236
12.5992170466362
12.6268590334803
5.55092226713896
11.7939423304051
10.8251322526485
2.69470569497879
11.2518446553138
13.9997439351067
8.91076689586043
17.7132044453174
7.34648699872196
26.0564889293164
1.05276140648023
2.73078117376633
26.3728148769587
1.80070884525776
9.65642118826509
14.6902861073613
5.33871405775518
1.00642535835505
12.7854913473129
9.15650438914709
3.46874897368252
13.2616543784881
6.79589569383421
26.8133422359824
0.214870548488998
4.92945113219321
10.6047609820962
3.3857570865552
5.98119416661532
17.134007345885
9.22079696319997
1.90418463392426
13.4233256452406
12.3446472441282
10.0502609951998
20.029965415597
9.84132159501314
1.52005134150386
2.27774339728057
5.64143910625699
9.27190586528582
8.01737448200583
3.78685728646815
4.1381417773664
3.28894620143295
0.525481202764486
12.2500740922987
0.408322736620903
20.565070817247
5.11592488393651
10.2002520862447
11.0957854427397
5.88116981089115
1.4747438438368
15.8711524798074
4.19615730643272
6.15095086395741
10.7333634854509
20.3217237724646
5.64908478409052
7.49096204526722
3.10690337792039
2.84870464356853
7.04400255344808
10.0296229589731
3.42936324886978
10.7332280371338
5.77480257488787
2.99821523949504
8.65318612195551
10.0081858824536
5.07426296752083
19.0094284713268
25.7751442957669
0.8270513266325
18.7516162393242
13.012671796605
11.8052281904966
22.6864526983274
0.885391794145107
22.2839044161085
14.4745635203694
12.242623930797
2.71126474253833
0.862733507528901
4.41943753094904
12.3884300940969
9.58590271860316
8.19423096254468
13.854776884091
9.21355755999684
18.090112414211
3.02366833202541
11.1014052759856
17.3460469115525
6.92455190725475
0.837950361892581
16.0447035243537
9.21158236451447
5.23813644176758
11.1247325781733
13.0853546092216
6.65059513412416
13.0575826450067
20.1410958077759
13.1513129314352
2.51995529979467
0.21275787789434
12.1682713739574
6.95983138866723
9.68239698071996
10.1533172186464
1.00827630188808
5.67178023723522
12.5040149316192
12.2496440075338
12.6036007396747
11.7723950022702
1.58287557895085
20.6915813032538
10.4761008784385
7.06734228879213
0.255149696022272
1.21612707152963
23.8228192552924
7.80078810639679
3.1449006870389
8.90346416272223
4.15547974407673
2.50333296135068
15.0765314232558
1.93509175442159
6.47329376079142
9.77685623802245
4.93027255870402
12.4205715022981
4.45915218442678
2.61783815366059
22.2394268966539
8.01247152345884
1.39023692321896
0.298917759209871
11.5080873034117
5.32566923511897
1.53605090454221
15.7411830047301
4.67860203856526
16.376811813938
7.80166820622981
1.7335733143159
10.0475856103003
3.5869365909704
0.404831115156412
18.1298404410836
26.2199029326439
6.36037830263376
4.41057165105469
0.00807076382156004
3.25916055589914
7.78273148462176
3.29144731176042
17.6681141369045
12.4251491390169
9.11868577823043
12.7503017894924
16.4369673933834
19.1064003389329
15.7151523046196
2.99793020822108
0.641315193126463
13.6154311709106
10.649645794183
23.3130139113992
5.70298069973752
0.894596167803516
4.89220693423919
2.72683259326413
15.6760260442238
12.7313103992492
2.77625755899783
0.985116311073128
6.15629688821465
12.4999887459164
24.1468331776559
2.68073873594403
8.62921136431396
1.02574820630252
11.1425099894404
4.35666502453387
16.5698639242178
12.1718351372215
8.24932551110543
5.87906781584024
15.4167776159374
0.263110129162669
11.0409413435375
2.58032072409623
9.95851607816464
20.800149673596
0.698405279211529
10.9499182895133
4.49503990360988
10.0599494267707
14.2161399591714
3.70802357954384
4.0557976346463
4.25593354739249
19.3722230382264
10.7949574647959
0.480842078104615
11.1259859212952
8.28795590628091
7.26456134580076
3.37258213846443
10.6947784397145
2.49132174067199
11.2399069592357
8.93793434316042
9.30118402466178
6.83508227325132
18.3294784277678
10.262952838093
21.1259746924043
25.5123351700604
10.7656102161855
3.97897195070982
4.52123493887484
9.59749916730357
5.92794953845441
5.04803299720471
5.74241716908868
12.3420774471015
7.5327605009079
18.5552019280865
5.49166733399034
5.52456686273217
6.07455824501812
5.06071085110307
1.16972989133294
11.0972695518285
12.9195119254291
28.6744261626154
28.6245415452868
2.69848927855492
2.74135275742073
11.1007576342672
5.21498024463654
3.88112272741976
2.54490063346562
9.47103281535567
11.0193293076009
6.12215637800265
4.65568942017853
20.4272128779518
0.763318408280611
4.56366343333836
8.22565690614283
1.14210252888815
1.91588113084435
9.21908146701753
7.16568946412488
4.95589040219784
10.896053398028
23.7769213970751
21.9172501503665
1.2415067725207
9.8638603463769
23.2248163316399
20.091471872357
4.21543759293854
2.10129676167317
3.82637833245099
1.00056892260909
13.4252289660403
0.434176094595452
6.67980052530766
2.39961508736795
5.38022583350539
3.99190755560994
2.26071422585773
17.8924000356346
12.9747366998345
2.59675366626656
8.77873357385397
1.38691974892833
15.6364536378533
10.0976409755871
1.04489447548985
7.22793900915134
9.66325639747083
7.68238538876176
8.10763011686504
5.92785882763565
7.09456634109644
2.3620410274898
5.555160343647
5.41576133455488
15.7905541644033
11.9909655768424
8.82107331417501
3.5268232950192
2.51337420371403
12.2757183853537
2.1148450760533
13.4601510197706
4.15618335828185
3.75998117960989
0.00226835957643583
1.82998738377691
1.1485167148189
7.40077192895114
2.39429813809693
4.8989161497414
9.81258213191967
8.27130065299571
16.1669455841207
17.1575828455389
22.8996205143631
2.48329257592559
20.2031117658407
9.65399749969372
10.6068465393037
1.25578437000513
10.6024311175148
1.60854783185926
1.12336999896892
14.1226877330623
14.060620078817
2.68985298462212
6.50893496349454
4.5863559860204
6.96194498897993
1.62301752716303
1.27446837723255
10.3363690570461
4.8997149615514
6.20415774174035
0.359536582516236
18.9772757744192
6.25917860306799
14.6592054722712
14.7288675419986
13.3792737033218
10.968304017263
9.01684169657528
14.4656112990163
1.65127662207181
6.99684333512085
1.83681487105787
11.2662518862635
4.26661935634911
13.2477997336537
6.70432128100685
10.1821763485398
11.1017774324864
14.9906399659812
12.7843690586882
15.2232625987381
7.69073941147618
28.8366409484297
1.83199029415846
1.91660835407674
19.6141678839922
10.186506062746
9.50780063867569
1.22810189793222
23.6977046173784
2.14050128124654
6.60809753462672
10.8571725539318
1.55418240785615
20.8928378298879
6.2266883905977
3.78714256719571
12.0471367612481
1.70289125561506
1.40704531222582
16.2296070182518
5.84330083802342
5.67243099212646
3.18174337130627
6.95822967566364
4.95539340190589
0.870771573696487
0.00049937516450882
1.97368958033621
2.40463227964938
4.98680607415736
1.85878155753016
1.12540395930409
21.9757263083011
9.53189486120939
4.73325913771987
1.30680492955462
10.1106069289319
1.98233327828348
9.90126072429121
32.6899210456759
8.7384051643312
4.24034110534869
4.08557285554707
8.65828455425799
5.14205379439943
8.40983943112311
10.8713246452567
5.0381318751507
22.63242630288
4.5336133800447
9.80472974479198
23.2316097477597
17.7111828922639
14.6028900546649
0.714311609044671
7.51310372725129
9.02763055637479
7.0769976824522
2.64228479936719
1.3461111443425
2.0330950301439
13.2371597457677
4.15366995148361
0.826464994191561
12.1506206373431
18.1897629052401
3.36076555939069
0.177193330740889
0.197464578425087
7.65200987693975
6.7753819283098
28.5067499149591
17.4975742362984
1.66694440139316
3.27263013493444
6.09052740364753
6.852971855551
2.61479149442258
6.70215338468552
11.3514618482441
3.38720413712658
4.36660940758884
4.06869733555682
5.51222033385161
4.60041402839124
4.16514450526677
0.969527009874582
2.27060755297257
0.502307268207408
0.399043783545494
1.16013351428183
11.6446569096297
6.89664721927218
5.75002102735081
24.4001659564674
4.85211249455661
18.6795111279935
4.32153102010489
1.34106896453769
12.3046224936843
2.51977676985968
8.52046385222043
15.2106287167601
12.8311066422611
8.60425760038197
15.3077804949135
21.2911701416452
3.08668878860772
7.6235827524215
7.27692687730212
6.15204380478841
9.81245804578066
0.0669202951727679
4.95027295316411
7.25236826782563
8.41877497732639
10.9600787982345
9.7273038700223
4.13713492453098
12.4595397152007
13.6679596733302
1.39309815005305
0.813291030554808
18.0797942914069
0.0670233741402626
3.00039561234237
3.32253323868651
12.4046713582288
2.18820390291512
9.54325121610013
2.13691950775683
16.5929017122835
5.06930929174588
2.04512718850847
4.69650318846107
5.36768748424947
7.89794530719519
8.26393001553557
2.60149170644581
5.23369718356225
7.78658124618232
11.9323220424473
6.22496279788157
4.86739330275688
11.1922999843955
17.2588706947863
2.90516498571683
3.59881762757427
1.33574092188077
20.4657674378909
18.891042395814
17.3973287040859
9.50118256732821
17.2587892017538
8.50538141094148
16.4935325272381
5.45671009458601
4.50669508427382
0.587211666168689
0.900404252832468
3.20251034807239
5.80463828518987
7.50996917486191
3.55547424405813
13.2254263254668
7.86275018895278
13.0284994374961
8.53985380381346
3.17180599085987
2.23900346432387
4.56753186881542
8.32579384825101
17.1189574990422
9.41730702824526
11.2644707784057
13.185585842643
9.44115519523621
5.03713563084602
11.5440758410841
2.59487229394979
17.6422878791674
6.51610409840941
12.5475351151709
2.71787664389664
0.284125562757254
7.63672920875251
9.98630146495998
17.5407761292891
0.675871130079031
0.847007757520979
3.76816603792793
9.12226854828148
0.979855243566451
15.4779058415443
16.3557082880288
5.71551346220076
7.8405522840671
16.9748833868653
6.36449960054727
9.46454597349085
3.96248605102301
1.48335467092693
1.10362763516605
6.19135429151356
10.4159262558437
7.78999887406826
3.31156775355339
22.4107552785426
2.23672442100058
5.13028243565605
9.03330077417195
5.2829859557314
25.6069340743124
0.946132559329271
17.6598679274321
12.9259320613811
4.25337248453908
5.38910119794309
18.2647010311484
19.0646896138787
0.0249645918570927
8.89362092129886
0.0802678293494837
3.43922489829775
1.78396655246615
10.2132002823055
18.6071212743554
2.01337410839302
0.577594260534261
10.9032039064914
5.46117227780222
10.9696800820529
15.9035430755466
2.76833390817046
11.6572411730886
13.5387822346656
17.2345653176308
4.11313999565616
9.36684184707701
4.66395802795887
10.1180158555508
18.0018513929099
1.16281853988767
12.2782827354968
12.5603868626058
6.35996838100255
8.33062041648781
2.04049136227183
27.4532230840733
4.61340234307149
15.3671547910851
9.67823700048029
17.3280444604656
16.4643962867558
15.1017173193395
2.31916168036723
7.42536913603544
3.41349896043539
18.553776666522
11.3309029024094
7.18816797068219
10.3243801742792
8.15227590501308
5.73603822983941
8.79229681440569
2.71705756895244
9.06395228437351
14.3814663402736
10.4592913099835
7.91548960842192
10.0552429780623
10.0458547472954
7.8173726525876
6.42852825112641
6.31342502310872
17.3461815409527
0.306455499815909
25.3838770557195
15.0687897603097
19.1892398055643
7.87519668948778
4.1038481053905
10.4237171355635
8.35155718959868
5.78417422249488
0.42041540145874
6.90686763264239
0.805873749777675
5.46302564966461
5.27119556958992
20.2045148710304
17.1085463836789
9.06285103537904
0.463842554017901
10.3517462933242
5.14008798636496
0.862371968105435
2.14336864670128
23.8669517903544
11.3440149929374
10.0472902879119
2.77245737283453
0.0934188600492497
14.1745327040553
12.7753459889231
9.43166790530086
26.6222304244781
1.50004052557051
8.80023092031479
0.711808446794748
12.550250707365
6.69351341202855
6.06190217658877
10.5636601390781
5.24326460435987
1.63505440577865
19.9716700706631
4.73034193984735
4.8907620832324
10.900780397026
5.12597868219018
5.66844048505659
32.9652945394283
9.23621798865497
17.5538826733828
8.54916317211808
0.559234677301043
15.0771184188061
20.1414707909204
9.62121752090752
0.42429090133019
30.3250574041158
15.6804407946765
9.59472387846346
9.92897445295581
13.8370212167501
7.39669892580535
1.28803052939475
34.4105354261189
1.009634202886
16.2731510587037
7.10588912479579
12.9341396804494
9.02518588929657
10.0925054401159
1.71057395637035
0.56406847562636
10.2045183226222
4.98049836605787
22.0343016359898
4.56312033347785
2.88222804665565
18.1274379052664
18.5875174703552
2.46689105406404
7.03138867393136
9.98564501638291
8.1760611385107
19.377183355391
14.2686658073217
0.446927268058062
6.71602804213762
9.14666173048317
1.19490399437086
5.12359817512333
1.30883259698749
32.3313250206411
4.1346647311002
5.34471057696587
28.3073974086104
5.67004466429353
11.8631283524578
5.93172460995628
16.8392017483711
2.45223310776055
1.25663904473186
4.22496506944299
3.65344979800284
3.61194051802158
22.2247878089547
21.2847037240863
8.55585373938084
10.73865336366
2.61054974980652
0.412521479217661
22.6339811540486
5.53152025677264
2.85712778568268
20.7846659523062
4.81155370362103
6.29886663231651
6.67475485242903
2.83462228253484
9.79634565301239
1.22734758021601
1.14367762580514
16.4069520309567
13.8285035733134
12.2183576691896
19.3515807390213
6.79994560778141
5.60092152887221
6.17517035644401
3.30084649137519
0.534150516614318
1.15646854974329
16.0355528350919
4.73357690498233
0.666783470660448
28.9158099330962
16.1499737296253
15.8581498079002
4.93884873576462
13.4306159801781
15.0639991811295
5.3672464884893
16.5642414491173
7.39516403288631
6.45255921408534
6.11899334338912
8.48674629814923
3.87715455144644
4.36820873882554
4.87290089949965
9.26635126909659
0.0843353835402654
5.23392765877203
7.69451083615422
3.34415055778184
10.2598851622994
12.5055430677496
15.1045897856359
19.8581681970782
13.6766026262194
0.00297597221197641
3.53647286486433
24.7819715218585
5.02508915960789
24.3223122786731
3.91294886358082
1.0672935938867
5.82491969689727
1.79732325486839
14.1515280120075
9.76568580894869
21.2345041454392
4.73802029155195
22.4478073110056
2.81307022087276
8.25217584439099
1.85208203396108
12.6182485762201
0.713888239395394
16.8451422817946
14.5289482299881
20.7575489301234
19.234437063361
9.32463632097069
1.1724560521543
0.264143478125334
8.94528948701918
18.4646012727171
13.6349708773196
10.6391698278142
16.7070906006351
11.7876516025848
2.43575715397957
10.5034991167486
8.94617903977633
5.73749694861167
2.93137536378419
3.06647629477084
8.56319484300911
15.9025771077722
6.99453286996201
17.0285813044757
9.04294410720468
13.4156156796962
22.7859138976783
0.453238787797483
1.63276916093457
1.56592126004398
3.37055837735534
12.1699306648225
17.2052644692028
10.7713668141514
12.9586445167661
10.4921267730812
10.3636828716844
1.11905387602746
5.60538150902763
3.31814881941143
11.4864215254784
15.9310937706619
4.97217960655689
10.0355846807361
10.4021771810949
13.7558000162244
23.0187541339546
7.37644396195889
4.03446098789573
7.25033127108145
1.34981470182538
3.57100972905755
7.97017682343721
2.30803778395057
2.55260127596557
0.335543808158444
8.45497455447912
0.616194913163781
19.5003365632147
12.467381823808
12.8478209488094
0.302525423467159
0.328259682282805
3.147949045524
13.9588977114666
15.4800260905176
12.6069489866495
19.9232191431841
4.85202605626632
7.87686437072879
6.48229843936861
6.23992909677327
5.25904435684383
2.94021196827553
15.8522077370435
16.741030750247
0.615090690553188
6.81133617724809
11.6504873825125
10.0016104057431
18.9819460269064
18.0652022361755
11.7847330837548
16.4495182223618
18.4234852902591
4.39702128060162
17.7937367931008
3.19839707325495
4.18553426861763
6.09506471082568
8.38823700794673
12.244950617653
3.09047544644956
3.77676915377378
3.07233058847487
10.9668802469969
8.3776592432122
14.9763632565737
7.52148237782147
17.1043039490189
5.28745572082698
9.3305317685008
3.61790520648273
5.82840519270369
14.0811981167644
17.8933431969783
28.0792925704337
2.13117650710046
9.46350377053022
13.5629936587065
1.69251210851282
1.66541985331057
16.2620912306011
2.07679593004286
0.82474137659615
10.0343009298673
9.36051271855831
3.49569450399695
9.71681890077889
7.86362667579847
1.72563009377443
4.80675446974725
0.0787129160016775
3.44241801649332
9.41097843460739
5.70826637558639
3.2732704980637
7.82533981837332
15.7107649572299
4.03690068124723
6.85041043207588
8.3553503267467
2.81852064654231
5.06060875171037
17.610851083147
1.15960766561329
3.04390634410083
6.84745567850769
7.18214788912949
26.6948942503182
3.07160690426826
3.7921851343267
7.77090014889836
11.7611491967238
5.1301784063022
1.48059753652227
6.51715639978647
22.3356965463609
4.78405239529686
12.3675692360848
18.6265296302736
2.89183426795134
1.58525400371395
13.7497133109719
0.722612347453833
1.9572121365044
19.345842814073
0.349690392613411
27.5680728786371
4.69517619349062
13.262236836355
19.8114831931889
4.51317330449836
0.00433335080742836
1.47110802921692
19.7678030002862
8.80803903564811
1.95492797724794
13.0222020670772
4.16884366422892
17.1044763643295
1.69550083021123
0.0904516782611609
11.5291179686067
6.9473837967962
2.77123684063554
13.1984591120631
10.8505929354578
11.0993957147002
14.5657170098275
18.9706284552813
10.917418638205
2.80673960223794
1.45793981091836
4.69207782612004
1.25299436040223
1.47289731539786
18.9237392973155
16.8917195932487
1.10168271908412
0.442668655887246
12.7054517157376
21.407413855195
12.7664747647941
3.93030797053137
8.4635938803701
6.46919715218246
3.11448960565031
10.9293955864517
0.422527098644635
13.8839531689882
9.5117908436805
12.8515067406739
6.51398629608723
0.301796159653029
9.01491698490549
6.11659632995725
4.72197020745305
1.23727917671204
8.05100779980421
9.14857434108853
2.03871513287165
9.91721932963439
13.5991068556905
2.96536623500288
13.941695401445
10.0717364344746
7.09624733667455
2.08937129937112
16.6909805593819
15.8493022434413
10.0193471540633
14.9546874084225
1.89080211128352
2.21918824478916
15.1414782459159
5.68718635477126
2.99101047330126
0.249839371854288
9.1927751610173
20.6035900861025
8.1149737816304
3.31093943671493
6.30143987946212
5.43177470565148
2.64979572966695
8.53313816509779
14.4172676838934
8.55342497038316
1.29709057509899
17.7757278550416
2.31955221811679
17.6743370217241
10.2595255299505
7.46920201927423
8.53375444945015
17.3030969221145
11.7364278528839
13.6513060710238
12.213155021891
7.32088568620384
2.91369780898094
10.8983951620758
17.0842947274887
10.9638555600611
6.09417264349759
1.9540592096746
8.15805238962261
14.9818890671292
10.4286989197135
7.39178819481951
5.54616672909805
0.891859175838474
11.6632917895913
10.5559769552201
8.75273244455457
20.7386090458388
14.9225009139627
12.9626313935199
8.4504256490618
25.4990501794964
6.60372003812287
4.16246927343309
5.7877054437995
6.52820793911815
13.7898191383448
7.79139458952934
1.1418784968555
16.6531424503773
3.30421952530742
12.9844734910876
23.5199949647142
5.79498202669726
0.0148169528344262
10.2357762546449
4.07609036192298
7.07470611669123
4.08979423352688
13.0055019166321
8.02524043247104
7.43880406953394
5.34906731855838
1.13685801625252
14.3959636627556
5.88242043741047
12.3488867872771
5.33889573998749
3.45485233701766
11.4421291742474
1.23407277278602
15.1351447217166
22.1037028843906
1.71878136015803
0.954741692519784
16.7299651540816
3.8730145432055
5.75251178815961
3.21613224223256
7.30084822225872
19.2327904514968
11.5764918486068
6.15814777473411
3.65987331606448
3.15232803113759
11.9759576860815
13.2659589871764
0.364817772060633
6.39646306332743
2.75315227918327
9.8069219893491
5.87894641794264
2.48620869544986
16.888814792037
20.2977997716516
14.0123029239476
12.8400857560337
19.8496246244758
13.6903426609933
0.775312069581623
6.86584323352072
28.924983709471
9.36065535061061
3.24071016565546
1.29058375796777
1.7695230897516
11.8998076301068
17.7524514628153
11.8576038163155
4.1796235321564
24.9533389694989
4.89293457940221
10.6987484265119
1.30155991994541
22.1149561461061
4.63155889883637
0.650725685893121
13.6813710061656
2.60561597533524
1.17061133496463
3.29796305784068
3.19850583121578
6.30736886523664
8.97466796980387
7.45578800225416
3.39403194375336
6.37297024950385
5.21936183795333
0.725580938160419
0.100432056933641
5.45924627222121
16.6812463197857
2.59537645615637
1.249188838392
9.14362827315927
24.2960586407289
7.33642755076289
17.4551838077726
9.67454426539356
16.7284392283385
6.31992686539888
7.56554106857755
12.7296476624906
12.1624622493982
6.38913601416818
7.22315557936673
1.95772470906377
15.1399562638692
10.2169462153624
13.6118950787932
8.10834420844913
2.74321876579942
13.0170277319849
1.60804241895676
14.582173479721
3.53837786407747
2.51581207849085
4.58129751496017
16.8841749313363
13.0248499363141
10.0371379972316
2.14024083688855
16.6479749600664
10.7096463441849
4.14224313572049
11.8318922398093
19.5288481394836
15.6459504272789
1.51382153853774
10.0973050508275
6.45121154375374
8.03242046386003
13.1738867525076
15.6518500763923
16.5831345133483
3.17508578300476
16.9466659580912
16.5589200798422
14.3383828457445
29.370008858506
7.50708323903382
10.4593764524907
0.723832483763002
4.5295484543764
4.32806527242064
4.03323613993641
12.8034970257431
0.834697438403964
5.26325437240303
17.1227608807385
4.22778991051018
6.5588359721005
3.54775343293446
1.02264825254679
5.57018283985759
12.7189442137195
4.99170403932101
14.5620912313461
2.81039015389979
5.06674945354462
6.35227425955236
4.94117601774633
29.2479249183089
16.6640692823326
16.6554987870587
9.72256304346682
18.2226445060223
16.8769490905106
4.95768603868783
4.7480148421968
15.1955974753946
23.3851854223758
6.07778547007631
5.08870884574574
9.40628598484767
7.72617076684289
12.8649093235825
7.76448482950755
15.516342734918
4.18176986277103
21.2372363079339
10.3703134349688
6.61988011561334
7.34584708698094
18.1264335523689
5.32407325763519
0.874100335495038
17.4304291466997
5.22247371263802
10.2438106259451
2.59501755740216
21.7610999476165
10.8808451063785
3.86267779394984
0.67720835425804
0.939962454140186
1.07780508697033
11.3127409149792
3.14025403931737
10.875939624384
14.099790295586
7.73965250700712
6.16466426290572
2.94377696700394
1.63762788288295
1.02026266977191
1.41597902402282
3.95531700924039
1.23876272700727
0.20372646447805
9.45836864411831
26.070790970698
10.916456207633
6.80368966469149
0.679011405995496
7.58485000439221
2.00584079138935
4.19982736930251
19.8538430035114
3.16924724460573
15.5471830628812
9.26229851320386
0.816074566214621
30.9038585517555
8.34973934106529
9.99031131227826
1.24961449764669
14.2305351793766
4.77156061679125
5.7913638651371
2.56912144832313
4.40355548635125
9.77704167968172
2.25772708654404
13.2165995426476
5.71652367224421
4.73671546205878
9.13494033738971
21.0086091887206
11.1032296903431
20.3686582793405
3.90942948870361
4.9586383625865
13.1911239586771
9.5658362377435
1.51763241738081
3.7272494500336
27.2315475214094
6.40770909376442
8.37758855618616
16.8593660928309
4.0604300843969
11.7032955616488
1.32169453832311
10.0839391350746
2.62483013793826
0.482312450185418
15.4315013904124
10.9638086613173
11.4258653484285
0.276469918123222
11.9115069042891
11.9454312138259
12.6889719627798
12.7245924435556
1.79115724749863
0.654921816233776
5.17585761845112
17.4590131402302
3.26124443672597
2.98894353947185
5.78285148367286
0.471578439871533
12.0688064023852
0.293927693062379
18.4842363465577
3.40574495494366
9.97173162177205
3.10344362691987
23.9874860737473
12.3859002254903
25.0711062633679
16.1895148218333
17.9057529196143
1.5299326274544
10.8089299174709
8.24911654926836
4.8661022316619
10.1410811766982
3.30715727735713
6.86087600132981
1.97293078526855
0.380295980721712
7.92566435411572
0.93668296488917
6.39366700412145
2.54657468758523
3.14937767029849
19.4223409052938
12.3489713857681
22.5000656209886
5.09162097369402
17.405463475734
0.273333818817102
6.4307227730751
6.45339473300894
21.6085598269651
13.4890891908064
27.500520227477
6.97863521054387
12.6392485619547
22.643782151863
19.8657572401144
7.81060149893165
6.70353071764112
1.6495853462116
4.44445205560489
10.0531415548176
7.40353691112053
1.61756827103406
6.34209751151502
10.1285297696312
13.291262416169
4.86210738182096
15.9769301917071
13.6979603208601
1.48053844459355
11.2271235463704
18.1298706848021
2.15756413526833
6.23776819556952
4.45414824983775
20.0999654829502
14.1748060035968
13.5909013915807
4.40298812741649
0.653652612928812
2.53484014283122
1.42477257177234
0.301308277994394
21.3052814360708
39.0227979973806
9.32900654152036
1.19260816691353
19.5681255776435
4.66150392825219
5.26620545424521
6.25292006539173
12.5477805347154
2.57672686981144
3.25359047150094
4.21227909838671
12.3676263261586
13.0889256950468
21.6686976142228
10.2130339946598
5.19267935305834
2.67366975246473
11.1500634346157
2.23876174051657
0.133672263473272
10.0272236857563
3.8117293223739
4.82466761022806
11.4538584370166
8.90220766887069
5.04498891532421
4.35825790991304
0.0283205881714821
1.05160844944206
32.0099696051329
12.9137214273214
0.788044277578592
10.4858011234575
3.25464447960258
11.698792502284
20.9226228296757
7.07680491857853
3.27781102592391
24.1301447618753
13.5267163305085
7.41811846382916
5.58328647166491
11.0549069475383
0.565146581882165
12.1703831966572
12.997104646638
15.8521627975885
15.7487934920937
25.9592187125236
10.4328144807369
20.7902851048857
6.15189201198518
0.138377212666865
5.00720362178981
9.0594373177737
8.87711457908154
9.77778639644384
8.72554371502967
5.04073803313076
19.089324073866
8.31105679757775
5.89550585276299
1.26480963827664
0.428727129474282
10.4830276686698
6.86482590519644
3.16997331978871
6.90136454068124
6.73503871549788
4.54705846495926
4.0769206736122
13.0952611054262
26.1323695922513
7.84922703463512
15.5191984203368
5.67133292392456
4.83670488545141
14.2070843838155
13.0495947320014
0.352090364322066
18.6596614721979
14.7142945788801
8.2718072924763
6.84583331458271
2.12992206999516
1.34391910396516
1.78063148632646
7.33075570315123
10.1190177258104
11.0890305135399
17.9330611879007
12.146448085483
10.9459834106743
5.25941599630402
18.6132066849222
5.27043710462749
5.72923431172967
1.45844509404581
7.10724325228685
7.12375969552401
3.67406527511775
22.8537960179301
0.57765305341916
21.7797826054873
2.01211730018258
4.11627232097089
5.92036146071898
4.96826786547899
23.249820061028
2.86164027638733
18.0097711197449
3.9891290012747
21.4554435107857
20.0052773114294
12.1382147539407
10.7736640633489
20.316676562652
28.8245714172037
13.7367888819426
5.17965167483703
10.5538516848103
1.82438717993115
20.3296497929841
9.59157247977362
9.17650908231735
8.22745789861128
4.34406124986708
15.0679140817374
11.7480208631605
1.3613900481891
15.808574995026
21.0244622470652
1.42128778098807
2.79775490052998
21.0488037671894
5.71844581064038
2.82696969807148
5.32844400752418
11.1287316307425
15.0588539429009
0.969056815885111
11.6057770326734
8.96133226342499
7.4772862251848
6.23784768395126
0.377380812141582
17.5288983155042
11.9245615107493
14.4730360350634
1.62427116020883
15.5579245496306
5.30089895189053
2.34229673705998
17.9599498398602
12.820533849299
2.16245451010764
13.527406093863
6.43503372557461
10.7135619675795
3.78462388180196
5.90943870133705
9.27113657817245
7.1772828232497
15.8914946485311
5.2075098734349
7.9479018139807
27.240864394213
25.142253562808
1.11751183867455
10.2939432850073
16.0618566672601
2.88193463347852
21.9370575265463
7.32816491683793
3.21425632573664
10.5201980920099
4.93251587192703
13.2627169432814
14.0460945316427
12.2485376453141
24.2104364093393
10.2113207868998
20.1202251482755
12.0768119115382
6.69249626807868
7.11084417998791
2.34813154675066
7.2645622962521
23.1564797461033
1.73455094918609
7.90854566730559
3.94163753536201
3.01257236860693
1.52707262896001
5.71204145311119
1.96272190660238
6.33358893871314
17.8122744416634
5.89897455647588
11.0667821485549
10.1403701584786
9.58074734272514
5.55694716225107
1.57626908557666
6.24972539953887
10.4837876278907
6.21764856276311
7.61836775867709
3.82447009396661
11.4976683262683
4.80499242616805
20.996228326112
12.6011387331518
10.3959738260132
7.56138199940324
13.1095116421527
6.56752590841855
2.65522287227213
5.49158994108438
4.99323134710256
0.897685438394547
3.00152101553977
2.46965112164617
7.71237141668879
29.1204418521374
13.2487544965325
18.2613648008555
6.87253589082917
20.2231590636075
5.50981733001531
8.84872157096211
3.3909812128284
14.8091908018394
2.15055793523788
1.59287868075772
32.9702135641128
4.65036821551621
3.43686463311315
10.0134812928807
10.1377191953361
6.26931176520884
8.7177278008312
6.91717810459905
27.9962977550452
4.95912474406903
2.33270917087793
4.05294373121161
22.9585587978363
1.85073652740061
11.5274338905578
5.39173306897283
11.1116257228468
1.91703750751913
7.84649373963475
21.5077622258515
27.4221153216344
7.30075557061112
2.38113403320312
5.12086148373783
1.06428605504334
0.18763068973877
14.996984781836
26.8059295115118
18.2802260238328
14.2956112511456
3.47928940318525
11.7065595754226
17.007733367508
0.799668999388814
26.185270277788
14.3061883747578
5.85877858102322
8.99578613843611
16.5731630753726
2.47534932568669
2.87833930924535
9.95848951404481
5.52191969124819
4.86388630233705
1.61423153677185
12.7301865171917
10.97912550699
36.5522434003651
7.1492571849376
3.41642047278583
9.1030007497338
2.7700555510819
7.48555101454258
13.7564541306347
7.18072345480323
2.755929203704
10.1889676933287
11.6617014273129
3.99616210200524
13.5221235943083
2.23262761719525
7.97572742287021
22.1099514514208
10.2132963947952
4.28185686469078
23.5864462796599
5.36395478993654
12.8885188605636
1.26353740091668
20.135907609001
16.6828534100205
10.3883408053182
11.8018618735282
19.2455938551575
20.5094916724991
15.206489758566
7.81711738850294
0.282455785864237
0.522082252427936
0.602469073412849
7.45252739372295
7.28953946381807
6.86537260189652
12.1358638975895
10.2845195263193
0.49219306834409
5.56409665463852
1.46540245041251
10.4225416202098
0.385487936207358
15.2792635839432
6.75609394362749
16.8279854592896
15.1458060368896
5.97288147546351
10.9591023996472
0.637346649187906
1.04375910013914
0.527894954902013
5.86843330277964
9.50036509893835
2.83024217933416
2.52641307121038
4.0406680200249
13.4284386876971
10.8723941724747
11.6463627200574
0.39650489654157
10.7473199721426
15.931755065543
7.75693380273879
0.447651688487148
2.54664992755839
6.15071835927665
9.01093044643861
4.36554524200127
7.31078791554383
12.4370422074469
7.43327340980868
11.2319216138565
16.4819478522986
7.80562022700906
12.2815042734146
10.8326361514628
12.895020423457
3.27232661657035
1.82471774667872
16.399107594043
17.7534161135554
1.32239698660972
11.892909377517
0.371470634389636
0.700362492352724
1.36620998382568
8.1182612263312
5.71296756612242
18.3939563576132
7.84230814315379
5.21809565834701
14.7599116433412
4.47068521752954
10.3650801349431
3.95953931520079
3.11325768127856
5.70088610984385
0.757235288619995
31.0774485983063
5.88879506103694
8.50156657957021
1.42635074729734
8.65013473667204
6.51989148701473
24.9905206328959
17.5165366442996
5.35799572244287
6.60121417604387
8.40831431560218
3.63238779827952
7.3155171237886
7.4797370005399
6.63715032860637
6.49142041520139
4.18103979900479
15.8425970003009
5.69688430987298
5.82875749096274
0.17722393386066
8.41628416740552
13.9594430569559
5.23403919257042
