"x"
33.6470771813765
30.3322907304391
37.4435455723255
28.5502343993982
24.7698682593182
29.2213030044556
29.670751369937
37.5215413959181
33.0045593902469
18.5344429686666
27.4336678674445
25.376288103871
25.996776111424
33.5619365097955
15.4020792338997
26.3778185937554
32.0498002693057
26.631608651951
23.1238798936829
20.9691593656316
32.1381656220183
19.2227497929707
9.86276117619127
29.1809876915067
20.8932992769405
11.689779558219
22.8800406662942
34.2951151775196
22.7748988894746
27.3617221341096
28.7583275232464
29.7296795295551
15.3038640506566
34.2507324879989
23.625191138126
22.5997341796756
29.6767743160895
26.7714032437652
18.605300062336
27.3376257158816
28.2657531788573
24.1908811964095
26.5300399390981
22.2858820576221
26.4411708107218
15.4686597143396
20.9271545192983
10.119408974424
26.9228068180382
32.9479821026325
