"x"
24.2588326102123
19.512172951363
24.5792109984905
29.7567192465067
18.3159126755613
19.2280540475622
26.1519712395966
20.6704211531508
16.7824224336073
27.4991567320565
31.9136134115979
26.1962195367354
24.765291903168
25.2187329577282
19.6689939359203
19.724962906912
22.4891015096386
30.1620678976178
30.6408445350826
40.1646341426953
19.9291454860941
12.9550331434179
24.3612716207281
22.0329438801855
23.3936591772363
30.8919499861076
26.7471151945649
36.2178374550251
24.7617969522253
25.5378576992607
29.3002245249227
17.7845837315544
31.5625456898288
31.2853769864887
22.664364031516
28.0988967511803
25.8501318981871
29.8789413878694
13.6597572127357
27.3907624704921
26.5033186646178
38.2779911605126
17.4266027286649
12.0208847925699
20.6442240410047
23.0154240736067
18.0600065505132
25.0843974528834
24.8310481896624
16.6491371579468
22.4228018320297
17.8068604553118
18.2326852111146
17.0582751479066
40.4283511449365
27.8043773723766
19.2677403115713
27.5179925374687
17.1797748887911
24.9011248815805
16.0736424149945
20.0258730677888
14.5437177270651
21.6421047924086
23.7447697436437
22.3439429823168
32.4494887143373
22.3117795074359
35.0788696536629
30.4277810268104
29.6139693586156
26.8688262207434
22.0276888692752
16.2500514330112
18.9597973832861
30.9434043389497
10.3919928893447
26.0190827772021
34.2056240420789
30.250093434006
23.0888415826485
38.1472411056844
27.9719810932875
20.9221147699282
21.8639623839408
20.2914402121678
29.2282010661438
13.7929754331708
24.7059144778177
33.0002955393866
16.5856168372557
18.96653030999
26.613668232509
25.1283392542973
10.4023417426052
36.046612120927
27.2360806819052
30.3369651082903
26.0459825862199
27.9602168127894
32.9317528754473
23.1384487743161
28.5659031709656
18.7543399976451
25.408998504281
34.0013438137248
26.6606855439022
11.2737679854035
23.8444538554177
27.9199336655438
18.4723104723004
17.5494128089223
31.8269547471044
20.600579006529
23.9030418451875
28.1134571271454
29.6758595854044
27.9173873132095
23.1227485230193
11.441359961226
27.9182709287852
20.9527282277122
12.4074627645314
16.0795298601042
24.0004180218873
20.5395086901262
24.9498460907489
23.7413861573457
35.1924392373717
41.1864058559245
25.5228057736531
21.2840481428429
17.1607165370781
21.5055194683373
30.8437219789884
24.0159828914329
27.1422310732305
22.7958437986672
36.6899109424508
19.8067387798801
25.6085279164836
22.0272823236883
23.2479949016124
11.2615063088015
17.3037707339972
25.5546124419197
23.7400487298146
26.0882238857448
29.663583333604
30.374956317246
33.8506277650595
21.6350384284052
18.0914795026183
20.3328436939046
30.1126324956179
33.8867089012638
11.0611492472543
24.1792999575516
19.8412038111254
27.7057712664828
3.68280697552805
13.8210679870099
10.6588845606893
14.8438882315531
29.1918102651834
24.0320390560559
30.245333397761
30.1051654852927
19.6439442224801
23.9734860602766
27.0973093574867
27.2024081088603
30.5413390044123
21.4795751497149
14.9824603460729
35.0280757041133
19.853215618059
23.079599160701
32.4906104134243
20.0959797948599
14.7598339011893
21.5486828004941
18.1294046575204
19.6813482558355
29.982899222523
23.4389497432858
29.604968149215
22.9169675614685
23.8324052089995
23.8508982118219
18.7808173241366
30.180293963625
27.4460003245622
27.0604389952496
31.6947817336768
8.01744451746345
25.8980592014268
24.8400690034032
22.702591724489
32.4293800768679
30.9509439393878
17.377258042942
30.6411394616589
10.7257265672863
28.2738505396992
33.35859591607
33.6021054768935
22.3005696665496
9.79941396508366
22.0724119408811
26.0402746265754
21.3084303541109
18.9885603609983
34.368156734854
12.7941884798929
37.6965001440113
9.559592959096
24.7940282570198
31.600329442881
36.5799710514424
30.6045475881547
27.3397835437208
30.8676938991994
22.3677592247033
27.8086813399568
21.6315576108173
31.7786277271807
33.0483766971156
31.6438836511225
16.3924440741539
29.8908956814557
26.0517380898818
22.2738161683083
21.4952174574137
13.9517951989546
29.9235788406804
17.5077675143257
22.1003445563838
32.4869251111522
31.8087401334196
24.9612052226439
20.4262748385222
19.5446303347126
9.95646289084107
17.8485061507672
17.4873580457643
24.4870456168428
35.1116372717029
20.710439956747
29.4277167646214
27.0269391359761
21.2660775752738
29.4396070530638
27.7638980187476
22.2854519374746
25.4142837831751
30.5214817868546
23.7860588589683
18.0316173001909
36.2160358556962
24.8543976573274
27.8470664517954
21.9097113702446
12.1811553370208
28.3638400025666
26.4076872961596
26.1435549240559
22.0042759552598
13.6503813555464
18.1588623207062
16.3626968627796
26.4662679284811
26.8908659461886
30.3291726857424
23.1897956928521
18.3184307999909
21.2102362323227
23.7025438807905
15.455048228614
20.9867789612071
33.4419610444456
20.2030790736899
35.6906794921911
26.1528477538377
24.8003164835288
31.7592529579997
21.7626960016787
27.1568537271813
18.0582016473636
27.5569951242328
23.2315946137533
26.725762989372
23.9993368275464
28.1546995276585
13.8052720343694
26.380675394551
11.6894583683461
26.1208417126909
10.8922091835848
36.283346712891
38.1373166956445
25.8316498249769
35.5960897149003
25.1454520737752
21.5297145536169
21.3374670128137
24.3701146217063
18.7417081091553
27.106166142039
28.3262579003349
19.844120457879
25.4510040394962
30.4702285498142
19.1067607607692
24.152088817209
24.8044170249984
28.2801078399643
35.3995301274067
25.1074837055057
19.932104437612
19.2895942367613
22.3119483096525
28.7580675212666
25.0081732403487
25.797834736295
21.5016164816916
22.153698631721
25.2563387155533
25.5985190393403
15.874087321572
19.9705075239763
9.20737539418042
24.6462278300896
32.2958622360602
19.2730081267655
26.2661175103858
16.7548270663247
24.2295395024982
36.3036979030829
24.2711214581504
17.1059700970938
30.4539047414437
33.6588858626783
25.0495386542752
19.0742335747927
28.7879065843299
22.1153939841315
25.4387333310632
16.4298063376918
8.22815534193069
27.3327003233135
29.5883150072768
19.6825155988336
26.7138524912298
10.8344929201914
13.1399720674381
18.6889670323581
28.1424757093191
16.0325163276866
34.5904428046197
22.2912213066593
23.0328547535464
24.7350422898307
18.0661639198661
19.2449885302624
33.7073684670031
10.3663260117173
30.9104163665324
34.071382577531
29.7145907767117
28.559525962919
21.6850996250287
17.9729745723307
24.1133668227121
29.0347747504711
16.5853986749426
19.8691355763003
27.4794649565592
36.0780512893057
21.2818569270894
20.2734335325658
24.1892829304561
14.7821090416983
31.7069328409443
27.026056824252
21.9696242827922
25.5653333266784
24.3399246130139
22.3534927004948
26.2284416042884
30.443205148913
19.9380262754858
24.4259594473988
31.4510533756852
26.4723634114489
23.8885268801823
18.452687584417
20.3907145187259
35.2714797682976
23.9117715274915
34.8384147954589
29.219954367727
23.4083508994049
13.8082729305996
16.3598529295996
26.027362110718
32.0611998206005
25.9690176229924
20.7328298730945
20.3270148020238
30.8575150091201
27.7921716449782
34.1544326394796
21.4879069011658
11.3466119626537
34.7290881712346
31.9741839775816
25.0873412238434
24.4404145050794
14.9360615760088
22.791541996412
16.6245591128245
40.1463755385435
10.1075627142563
22.9266566780882
29.310765885748
29.8008799087256
9.20684226652506
19.4873593281955
31.169003341347
30.9498202055693
25.2609450835735
21.9381798058748
26.3619987122239
19.654584210366
15.7459955888783
29.3100145412609
31.247052247636
27.7485808124766
27.7446562657133
32.3249919805676
22.1663567936048
15.5782266865769
26.5289244707674
20.1753340661526
29.1947133373469
27.6797960978001
23.2483784668148
26.3695767568107
30.4114725906402
26.1382739059627
19.828648515977
34.9442738418401
16.3625278277323
29.3251339811832
24.6122225187719
17.3464729916304
20.8267319714651
18.7309405067936
26.9881737884134
22.9080447228625
22.4812104490213
20.4302540514618
13.730335328728
24.5895906118676
34.8231075885798
33.0590888625011
9.46229421533644
20.0049383100122
25.462835165672
30.4150016745552
30.5525945734427
33.601360837929
19.9815056519583
17.6096865674481
22.0979786710814
37.5409554331618
19.5477798438165
27.486340329051
20.8477617081828
37.932576098283
22.6315012201667
24.9221899546683
29.9933126826954
39.9356760529286
25.2842518500984
30.5079191948695
22.7795565268025
22.2230237908661
26.5425937948748
24.3104680215316
25.7676497463729
27.9884143965319
28.1484926352277
33.5052845766768
26.9227185519412
18.4263511095196
18.65361451637
16.4611293643358
20.095052733086
22.0222785836086
9.84555487520993
29.5246444875374
30.6412916164845
31.6470686113462
19.0997593104839
26.4053320279345
22.5105321733281
28.5479981685057
30.9570764685955
12.2303821829725
30.3612906020135
20.495479577221
27.0257819676772
19.0107062350685
25.232955603327
18.6980657745153
28.9396447129548
19.5184455430095
18.6454055830836
27.6467725401744
19.8799374513328
20.1505424687639
17.1353021707753
21.9837160082534
24.269157089293
25.7263734238222
18.4215248329565
19.3309077873436
31.6302420105785
20.9375252714381
6.47764420136809
23.0855703121051
18.5197877464816
31.2128302408382
18.5581933474168
25.2036281162873
42.1503564790255
25.8022357011214
21.7521512648091
39.3291788642851
32.5214283308014
21.9917909475043
21.3824653066695
18.1768687535163
8.81807992329169
25.7029929896817
15.4821927193552
29.448468278106
35.5564023347056
13.6539477389306
24.6116538532078
25.2441382966936
31.4957736292854
30.933719110889
31.9681141991168
26.7169730039313
30.9863533591852
30.986865144223
17.7831418812275
33.5058237425983
25.3879710006879
25.8768717562399
19.8758280917238
21.9187975628302
20.3610449330881
25.3092723200098
32.3097119107842
32.0337328827009
18.7018153257668
31.9618061184883
26.1742998613045
10.2267869710189
27.3993104696274
26.2343207374215
23.7157981075328
18.0055405478925
20.6692059757188
23.5310656484216
25.2703009871766
37.3602760135737
19.1448752941448
23.6873994814232
19.4947122363374
13.949603061502
29.4151783455163
17.7702740998939
29.8386111325025
19.1162104704842
13.6859200309936
23.6155702732503
29.8587970202789
21.5086407959461
22.8927115444094
23.2225481229021
28.0915499897674
25.1246717942754
27.2590767592192
27.024070546031
30.6911641731858
23.0826361625635
22.6683595683426
28.3018379705027
19.9699952499941
33.3926950581372
27.4791740812361
28.687216155231
25.3011740278453
35.8256170233989
25.2631353680044
27.0728417439386
27.9335365165025
13.8370653381571
29.7509279334918
25.5105333868414
14.0135932015255
23.0516274925321
24.8838569503278
24.1971003357321
31.0962320072576
24.5588927995414
28.5945557290688
28.3872507279739
28.5883464151993
9.8359347206727
21.7376929009333
30.8914332184941
25.5538484314457
30.0693505443633
31.0422651469707
19.3871091119945
24.7116791782901
12.8137900494039
30.259873252362
29.6196551563338
16.6786444606259
28.8854325190187
34.6108809579164
36.1651657034629
18.75637373887
11.8749303976074
25.6548206554726
28.4870433388278
20.1512091327459
36.7519213331348
18.5562846015634
21.4872077459054
30.5705154547468
19.4064086768776
27.286006254144
26.9666681997478
28.118638704025
16.5448105195537
22.8147762361914
19.9735548812896
25.0272996257991
26.3237649807706
15.9275059122592
15.7877339376582
25.7044268306345
25.884581846185
26.9754396751523
28.7045425502583
26.5646292828023
17.1062567969784
14.4751727348194
10.7308918441895
33.5359696298838
20.4904448758086
12.8624304360941
18.9418983219445
22.9242822155356
25.8474698988721
22.6385558024049
37.045763756842
30.0766602069775
25.9746314533008
20.9820646094158
25.1451638061553
29.3858701363206
19.1505837952718
13.9769876375794
30.1904853666201
27.2546833846718
30.9993828414008
17.5917871529236
26.8628833349794
24.730200949125
19.8895431822166
16.1764208571893
26.6158375656232
30.7033574674278
20.8837512182072
20.3707509542216
25.5911016371101
27.5392080171483
27.5735920760781
31.4418472815305
22.1114708343521
26.7723876517266
32.1775456890464
30.8834312631414
17.2002088977024
22.9714061133564
23.2433375203982
21.0975184908006
23.0677988751052
25.5957991583273
20.1303994748741
19.2792132962495
11.0671759350225
25.3530521411449
15.6448556808755
16.658549747231
21.6200753325653
17.1855875815959
18.6727687949315
31.8172097206116
32.9318389296532
27.9813809320331
28.187971864827
26.5354336937889
18.9577050507069
22.1345698228106
21.547103789635
12.6993039390072
24.8509231954813
19.0261812647805
22.6064185844734
32.3909836588427
15.2369985844473
36.9525951673744
32.9987946432084
38.2170964477068
25.2959143506402
15.083887707442
24.2713641375303
35.6340467826992
38.037696990878
14.1305830795318
32.4271977646276
27.8323511127383
29.8858862362599
27.8783986810595
28.1480369856581
20.439559859869
15.3788883471861
21.3419651612639
27.4390228325501
23.4652418876067
15.2835501590744
27.829112438485
17.2382268356159
13.4147395147011
27.0865876460448
11.4988789660856
23.4575577778742
22.6031035883352
23.3379248762503
24.4214387610555
28.6347647430375
12.1797174829999
21.8068009701533
15.1825582608581
24.0176122868434
15.9366716165096
23.8236479228362
28.7126219365746
27.552054496482
22.3699509399012
18.2317554019392
22.0047087874264
16.432665893808
19.1118132533069
29.0133819682524
12.4404324451461
17.0652985817643
13.0417710708447
19.8637992376462
29.4469323009253
22.8547374141865
11.4001077955518
12.1762773729968
25.4996704636142
23.8684851662459
28.8785176351666
23.9878139225766
19.8019943432882
14.9182983487538
32.4198763584718
29.0798425208777
21.9245680375025
15.6164424028248
25.5328195402399
18.2773414300755
23.2655001338571
34.6756138817823
31.5283379284665
26.5608502653176
22.6170763606206
28.1055530998856
13.5875208907031
33.9793620631099
20.8999430993572
24.1042512468994
28.4976898683443
27.6486691553146
22.4682990694419
23.5124471719152
32.070989231579
23.584553366527
22.8297438051438
24.1267218952999
24.5181593811139
32.8033201396465
23.7787425750867
29.8400474013761
20.5952882601545
20.9080027416348
26.889436552301
29.2950510280207
34.1289557283744
29.6434195945039
16.6482471860945
19.3422449287027
36.8236893867916
23.6835003830492
28.6671483423561
41.2608328720039
16.961185191758
22.9712324915454
13.932976601494
21.5880348579958
29.5491669792682
16.7598959989846
24.454466230236
20.2514167642221
20.0540891150013
15.1625009253621
18.8713033916429
25.3524283878505
17.5191199639812
34.4608049839735
25.4141464363784
19.8056114491114
29.041089117527
18.1992796482518
20.5768053885549
27.9135251599775
28.682917562316
21.8834513565525
12.4786168569699
34.7897554888563
16.597969760187
24.9994731042534
15.7091425033286
22.7910277382611
31.153147155419
20.1666302513331
11.3458675565198
10.1879885420203
32.0103479190874
19.4977032253519
24.5247281681844
16.2827812771039
33.7896610144526
22.9109339416027
33.7377479532734
20.463738486234
24.9531069304794
27.0399195607752
22.084254026997
25.7667206235145
21.914513129741
21.8678241921095
30.8870228473097
26.9825891125947
26.1471041012555
19.1446484904644
27.1571034880066
19.7307691443712
25.5181575398064
27.1182370417384
28.3475732663646
25.3481779946014
31.1955615028829
46.128014938668
18.0815303232521
22.4075666799017
34.9848351951514
19.9736614944413
22.0414205221459
25.167026298299
22.0967887667939
37.7073195437909
30.2552433451638
29.8849031329155
30.3131289547309
25.9455555817112
28.2201975816861
24.4077810319141
34.8789146614677
16.2394719198346
15.9738639136776
21.965374588035
25.4675226286054
25.6714646238834
33.5701341042295
30.3743441356346
32.213623332791
28.2744689146082
24.5586660583937
18.6169283464551
18.4821484610438
20.9349476033822
25.2117224037647
13.842251498126
27.4882415542379
23.8177534891292
15.6069710850716
20.8636866183951
20.8842338062823
18.2556793326512
29.0920435683802
23.8223917462176
27.8972767526284
15.8781956182793
28.7760455626994
18.1226427899674
27.8737182263285
14.0161623479798
16.2801726255566
28.1537757487968
22.5096620899718
19.4092478603125
19.9981481069699
26.5728805214167
32.0286128204316
17.903924616985
18.390337517485
17.3392453926613
13.0308012710884
24.3126876652241
18.5578810051084
28.9996444014832
23.544098995626
20.5464509548619
17.0954894463271
12.2278203489259
14.7755322512239
29.1527626104653
33.348504267633
30.5739590199664
22.2418400113171
30.016698082909
19.5609026355669
23.6322713783011
19.9349043192342
22.8333990555257
16.0628289915621
20.7206269493327
22.4052596604452
23.3907742891461
18.3056228328496
29.2852313723415
19.3447408499196
24.9848222127184
17.3379932530224
23.6869611544535
16.2713275291026
27.6723396265879
22.7397324983031
20.5672657350078
36.3588056457602
19.5384947583079
30.9866653522477
27.4604971753433
22.348192287609
27.4800244253129
45.5650158443915
27.0256457766751
24.1220954339951
22.0917499624193
23.4982886351645
27.43430796545
18.6748117434095
18.5328605119139
21.0538590559736
19.5937216514722
29.2466186685488
23.2801092788577
21.2199684698135
20.752273178813
17.6597534911707
19.4046846823767
25.0091298948973
16.3286558585241
15.5896874144673
14.7761310450733
28.5437020473182
32.4275296879932
25.7922033080831
21.782623231411
19.1386337392032
26.2077548308298
18.9310556277633
17.872242030351
25.8321032859385
20.9912474732846
22.2916137892753
28.9642786374316
19.3206825526431
22.2147263819352
20.6955162575468
11.8487034301926
24.9488435685635
23.8348306622356
35.8914916848248
19.021583115682
27.8411981416866
22.0766736427322
29.7391612781212
14.2995530972257
15.7151820603758
36.1666219449615
32.5040901226566
25.4699933109805
37.898339700636
21.8964656582102
15.8010380993732
33.9443019125611
25.0461034243926
29.3602895690128
36.0354782526797
26.3484649629217
23.035894241184
28.0709021259099
24.1319807550959
10.1109139854088
26.1979574570432
19.261559122242
30.7194110704586
26.2882296927273
17.024201588637
31.1287302989513
15.7014056807384
34.6245755907148
25.567042035982
20.2199559031563
19.6407102371495
25.7769057992846
19.9379478421368
18.1571518070996
25.2992832168359
24.4093396002427
23.3150107230533
9.03094375971705
31.4344357699156
16.5720975957811
27.2509466391057
26.5816231258214
12.7284908434376
23.9896279862729
15.3657829156145
20.515370555222
30.3672695879786
24.7825669823214
21.2778785033152
25.072630844079
18.9624273451045
13.3899923879653
21.9454979989678
30.4366695694625
31.773702125065
15.0553534040228
32.1504159830511
32.2872450342402
25.3265564097092
15.8755822340026
15.1398540743146
9.80731975718717
28.2410006038845
25.3613721812144
29.0401378646493
21.2298697791994
17.425320809707
34.1089880559593
21.4806912234053
22.623856854625
30.9107507113367
32.811740366742
25.9021686578123
29.2344476329163
29.657950787805
20.7463245428001
28.5241147503257
12.447764724493
25.7863433419427
24.4710717350245
28.5797287942842
18.0015723221004
28.1238181283697
32.2901150910184
19.1224069101736
29.5332223176956
20.3032331541181
24.6456603053957
24.4040449615568
28.2885376596823
28.0007065739483
16.5324436651064
27.5836294516921
20.1868679840118
25.174923427403
33.2024456234649
23.046217641898
21.2456639157608
29.5567613095045
26.0481271750612
23.3668730758902
34.7734025860251
26.79173754173
21.1384830297902
24.6692077023908
11.5715516265482
27.6884571649134
28.4883547807112
21.519022481516
29.6461150748655
29.7091625863686
27.4907140382801
28.2492560334504
9.6705814357847
33.0986945191398
25.3013287903741
27.271888917312
30.2062124246731
34.2075891559944
17.6177896522269
17.2102087926646
10.7833787120599
23.8663371419534
30.0795719493181
23.1072553433478
26.262802281417
23.6627934966236
19.8014641646296
17.3848373815417
26.6330867090061
15.9993112615248
29.456456888433
26.230944879353
17.4911842448637
38.0093802676952
8.34952950258623
27.2688968805596
21.8249951651119
23.1086324057439
16.4842358091846
28.3730281982571
27.059899456799
32.0162700721994
29.2768068145961
32.4494921136647
25.460171001032
36.5065886629332
20.9017918910831
11.4938181359321
12.2421874897555
35.3590119887291
15.0640950072557
18.8849172089249
27.5913231307641
17.7019311144647
16.9052800680568
10.7082926451838
25.2263247084041
30.8970070909709
26.7228462243707
21.6385698989687
17.5614046864212
29.8460942460224
26.2327832635492
15.7444080570713
28.5299737239257
21.376108424738
29.4661104911938
31.9921293761581
38.900485865534
23.1717203045264
18.3835242833933
31.0818089637905
24.514694372192
27.2974728373811
30.1340675293345
20.720027317293
20.1140680373078
33.320494601503
28.461095248349
13.2648440077901
28.7584052188322
28.9923800854012
31.3525062283819
22.1944301389158
10.1284321863204
25.5657196277753
25.1193669158965
15.4859888243667
14.0295093057331
14.5414151054935
19.3875469500199
26.4330795267597
30.6923397816718
25.4263138165697
17.7834462607279
34.5567646669224
31.4427835401148
16.739164898172
27.5078763253987
29.9779321998358
16.0848572850227
25.6699831851173
28.9565448416397
22.4053633166477
21.1115326965228
17.1113106422126
28.2850815216079
25.611373537774
25.8852274855599
26.8120013410226
23.841553251259
19.0924661001191
26.0758794844151
17.5515812464162
34.2609558952972
29.182428913191
32.8681315295398
23.7963806372136
20.0566157698631
21.6717928647995
28.8958841003478
23.9120886428282
22.2184048267081
15.801121853292
30.8836031471986
23.4847844112664
30.2297310438007
17.3375339014456
22.4938810096764
19.8631777893752
19.5966999512166
22.3619101395854
25.5201018182561
9.71374553092795
26.5221217647195
29.0097523480654
28.2240645261481
19.531097332947
31.6687640501186
21.8552263438736
23.3164712574169
35.9083852709687
25.8304763585329
22.9586092988029
16.7184967081994
30.012161587365
26.444464109223
32.2321606101468
24.8890440212563
21.0199258523062
30.2529873559251
18.4505322715268
19.5232796017081
20.6551080336794
24.3636841652915
30.9685384854674
26.2756329029799
29.7789274482056
16.5048225782812
26.1834203964099
34.2454906320199
35.2973712121552
23.5586812486872
28.4122271696106
29.7165998490527
28.9002530975267
13.5923010995612
27.7604120783508
21.1146601753078
15.6757712364197
11.4111144756039
21.2785395560786
30.6418892228976
24.2333899019286
12.7623338252306
32.8626949805766
25.6893693702295
22.5090913241729
4.92763295580177
26.236793003045
29.422440379858
17.6489520585164
20.6938338500838
33.6305003613234
22.5344312377274
16.0882713518129
26.2177197945651
26.5314905220228
21.0325768432983
25.5204714601859
22.4224169971421
18.976096296683
33.5061650490388
26.4999168692157
26.1038507102057
25.9949261089787
28.5218677483499
23.5648389207199
23.8775900099427
18.3183522010278
25.3704851958901
10.4344597646658
32.7934498200193
21.1625928990543
20.4245274886489
26.2013268657029
16.2077500410887
27.9638879466802
24.2638622410595
12.6778553240001
28.6400278331712
27.7030234225094
15.2044972789335
25.9202566929162
12.6298347527077
28.8696167524904
28.3865679288283
36.320461363585
28.3934808569029
15.8967960544407
26.2741707032546
23.2613310450688
19.1340025281534
33.0363074084744
31.4619482960552
16.4238832192495
16.4309020265586
28.2714509870857
8.68006136734039
18.9969861647114
32.409597707434
33.4499207092449
31.8070630542934
30.2368113072747
31.2248420901597
30.9128354303539
32.8227270161733
29.630879429169
31.1060541775078
20.9917893633246
16.1039443220943
24.6759433764964
29.4374821009114
12.4364905524999
29.9305008957162
18.3579314267263
12.0735876495019
30.3831103723496
25.0071960268542
10.8768683159724
29.8047316493466
23.8272533519194
19.4452225230634
21.7336986446753
21.7049431120649
30.6356390472502
21.2404392976598
23.5255872525814
20.5825285986066
27.7185457060114
24.017463135533
25.6105627398938
23.5380828380585
27.7928656898439
15.348186600022
32.0306426845491
35.062191353873
15.6193392695826
26.650521508418
24.8627987923101
24.6829565847293
24.4380479445681
25.8185946149752
26.8807487795129
18.1904663331807
23.664817539975
34.2966365395114
25.0570384552702
28.5137939463883
6.81336775949519
15.568541506932
25.0548850279301
24.8420164687559
21.3370871962979
21.9737657113001
32.2096171556041
26.183893554844
28.3414939418435
20.1909997034818
27.5765670463443
39.1281102239168
16.0995118552819
23.6982134869322
21.7253575799987
23.5092655779227
30.8273638598621
17.2893868314188
22.0655616838485
28.2643455546349
17.2132069392998
29.51375474222
27.8049758868292
23.6984347226098
27.6291322661564
14.1118347179145
21.209105104208
17.7326642908156
32.2672077221796
18.480416361764
24.1466271956532
25.1532073365524
28.7668827921152
19.2779507255182
23.9274470706022
19.3312094546854
16.9200381264091
27.3760306881741
27.2665894124657
34.1448455350474
19.6780225371603
13.9340516412631
16.1451997468248
18.3351933607735
29.4659659266472
30.2095207152888
32.9265393549576
23.1605764944106
23.4090082114562
23.1764774769545
22.8667742572725
25.7030038627479
20.1558222261142
22.2874664934352
23.3545561786741
30.5945393629372
11.9910347508267
29.1760227410123
22.1766712144017
25.946992309764
21.2962891673669
16.4185399888083
25.5567964722962
14.2383508151397
42.285286260531
18.6295021092519
29.9944980460232
21.2965306825936
26.301892557599
25.3452871227637
21.9479512283962
30.7989918161184
20.4390793575471
25.943739945069
23.2378823915496
21.0609656991437
15.4261972755194
14.8702337406576
17.3970767242044
25.4918791819364
19.4752153707668
28.6848646355793
17.2294316347688
26.312027242966
30.5344061460346
27.3187771206722
15.9565548743226
32.2910830378532
23.9882133202627
12.8631783649325
16.7656898731366
21.414449904114
21.6986963059753
23.4791023668346
31.1553638894111
21.2194766383618
24.7014897409827
21.3898381669907
20.6065224483609
24.6436479780741
36.5630177759981
21.3784167413034
24.0617025518303
26.435155631043
25.1269882079214
15.4432846777817
21.5033795218915
25.6848571589217
28.2233990263194
28.3828461077064
26.6218330943957
22.6523610530421
23.9043047515438
17.6353192196856
28.8755183573812
32.7721920795739
30.0695319660008
28.5286823520437
19.8530679568648
19.14934348315
17.5278418697417
33.0444723833352
22.4515517060618
27.9110250528902
32.7732056379318
23.5881997545064
31.2214264413342
21.6816142899916
18.5045325895771
22.5657366216183
23.5810199941926
28.4013863187283
22.3496112972498
27.8855132171884
20.8961199969053
22.9885413544253
20.6850128946826
13.9415321847103
23.6801357008517
28.9571835193783
22.9766755681572
20.4470146136942
19.662902614568
25.7006296887994
17.222936055623
31.7437698598951
15.170693770051
30.4742611944675
15.3812391683459
29.8029710771516
13.6397490976378
23.9364478610432
33.0525359604508
28.0284889656134
15.9468242665753
27.1808568221677
21.6171517036855
39.2381909748024
25.3109838347882
23.7957742298022
22.5249938201159
29.8288197489455
24.663170077838
19.5326828630641
20.9050352685153
34.8570140988982
27.5698127690703
30.3070072924914
20.6481893314049
22.409658273682
18.1115372622239
32.727612182498
8.59437184408307
34.4239597208798
20.0254345312715
17.6668793428689
27.7860889909789
22.1959374301205
15.1403723750263
11.8017744185067
24.249287112616
22.4585438612849
20.469243102707
26.3776959618554
16.0557857016101
16.3071458926424
22.6547860074788
21.8449316686019
21.5490769362077
34.6627866134799
21.1765936342999
23.4008648898453
35.1782920209325
29.0577225154266
34.3906914349645
24.6588514884934
29.1962981689721
36.0585229792553
21.0381241044982
16.1076804195118
32.5322530698031
21.7603816883639
22.4862955510616
12.4697400024161
23.3465006342158
28.7516327574849
28.486428107135
20.8357333671302
31.1577756190673
12.3901755781844
24.1840498987585
34.0537005104125
33.2123696338385
15.9403428435326
24.8116740956903
29.8328742384911
23.54958683718
23.6803918638128
22.0815025968477
12.6958415377885
39.2544135895974
39.3870972473849
33.6741480976343
26.3575055869296
23.589385394007
33.3566612796858
20.1949206646197
29.7026447718963
29.0483254240826
25.711416779086
13.7468250701204
20.0504675973207
17.4051803769544
27.5436571566388
33.3999590249732
23.1315956450999
28.2797875348479
22.1814584919931
26.9337545310407
27.1338720340282
21.8910058727488
22.1191689151931
35.4406603615188
15.2017762884498
21.1619098670781
28.6598619539291
19.9032648000866
25.8912310004234
21.3050569873303
31.3734885305166
24.8707880190383
16.3030297451677
16.8966710334644
21.98292077519
20.6944627687335
22.9056612821296
19.5966180265411
23.6355681877322
28.6583768828135
22.4475690327873
24.3288879515603
20.7370336047113
23.1733962660655
20.7425925825278
18.3279773693242
17.039231187664
27.295776293613
19.5962384343147
21.7942575691268
32.8774381196126
20.55376875873
32.2664814535528
20.0656609609723
24.633650528267
26.5851189615205
21.1661744862795
18.6688001500443
16.3775560773123
23.062648368068
25.5557339638472
24.1762878510357
12.2404740424827
25.6126517222046
17.8944424367182
24.7598325368017
32.5569787528366
21.2721481919289
26.2619865440289
19.1554395714775
28.387073171325
27.6510316646225
21.2751878192648
28.8354073348306
22.6388749200851
26.7244923859835
24.102877615951
24.9967558309436
23.9596921437159
25.2469475381076
17.2753667779714
21.1033422499895
13.4211285971105
26.9981342833489
27.7595797786489
22.2884993767366
22.7911821566522
17.5287936697138
25.4607713315636
30.699215666391
24.2298914585263
25.8905477588996
29.2287178337574
23.9365487110947
29.456348484382
27.5414719246328
21.7579854419455
25.8824282325804
24.3688465794548
23.8335006404668
28.6851557185205
22.1094279444411
23.077071689557
26.322060637176
24.0544238216107
34.0903881802005
26.7342249397188
15.4525880236179
27.1236674837515
29.6899600652978
23.5757748829201
20.9231796208769
31.7376964027062
25.9292861699086
30.6044871686026
20.957250171341
32.3036977555603
17.9694645106792
21.3096566952386
5.68635216914117
27.096536825411
27.2927440004423
27.9408388305455
18.0582077824091
27.8347699280844
28.3877074485645
19.593471265398
23.0885427678004
23.8106463337317
20.7481332821772
18.9137926325202
12.1019840336821
28.7206197383942
24.0722590591758
31.9359725806862
15.284665627405
28.4940111683682
9.96261680522803
12.7318856772035
27.8880906756967
9.68636674806476
26.1667707934976
27.0681173773482
21.9065773067996
28.4834149060771
23.3265203656629
20.2064695535228
24.9733833828941
23.9828761084069
19.2514377207958
22.028734232299
30.074893985875
25.631336861153
27.2163087269291
25.4320056410506
29.47329999879
22.9029488516971
35.689095778153
25.0385430408642
22.4374195327982
30.5625940673053
21.1596785113215
28.2413340406492
27.0332700572908
22.7036352780227
24.287836975418
23.9460210083053
16.8451729230583
33.7908571586013
19.1936065102922
17.3928759992123
32.0476330816746
33.4468833403662
22.3613501759246
23.622333010422
34.4529574038461
27.5218831142411
31.500872829929
18.3712679600078
19.0322493202984
28.5422607557848
23.7287722760811
29.1950922067849
19.2828718572855
29.8795764800161
32.8774076886475
19.0204182935357
39.0618678786504
20.2180452179164
9.7581536276266
26.1452679329716
25.0838877866045
21.9691560603678
8.17022728733718
23.2770267641172
19.705111021176
29.7231782693416
26.6620009206235
17.2658690157771
20.4823326785117
28.0909819062799
26.7250467790291
14.0933663189198
18.5484850546345
21.9047098653391
28.6827789963787
29.7734280582517
16.0148774040863
18.2239580940287
17.3023862077844
28.6752808942996
25.6720745237544
22.8182710474357
24.3915498722345
30.0565580371767
36.5828520803269
19.1928386921063
20.7449982008158
35.309334702552
20.4955102467679
22.4488606676459
19.7432077722624
19.272345224338
32.2119590127841
31.9430625066161
23.4499795945322
7.86069220397176
27.3168387822807
30.5301080379367
27.9330156510696
29.8394280020148
10.6198016391648
20.8562425535869
24.0254327654839
30.3016351303086
30.1851168042049
30.4060903377831
32.4754164554179
24.0160048984548
21.3988945306678
18.9815509919222
28.7456377176568
29.0257764747366
22.1401519142091
23.7412091111764
4.01409438345581
32.6703937724233
30.6636448677334
12.6075820531696
20.8054726945592
21.5059301350266
34.6654233036047
12.2803583741188
21.471852553077
26.5855550067499
25.964278075844
18.9405621727929
25.0739577692002
28.5070101497695
20.6624108599499
26.498316694051
17.1679699560627
24.9321587849408
20.6030346625166
23.8762733759359
28.4789715427905
22.9614863172174
19.6311314511619
28.2023432897404
30.9953124728054
24.4833834003657
21.9647013349459
26.7836938844994
19.8647318640724
25.1685965573415
35.0618327005382
21.1146081564948
17.7419413579628
13.3382010506466
22.991073736921
23.2800858047232
25.1460034845282
13.298043825483
13.135026791133
20.9721856892359
23.0196471791714
20.0736805330962
27.2798572899774
19.0778169082478
29.7372792614624
27.7449707500637
34.862607418037
30.4895917885005
32.1058687753975
22.1474963473156
22.7487104013562
27.233706205152
29.3736942112446
32.0683539379388
24.8064029431039
21.6886795591563
37.8954275490201
20.4583528218791
30.0180443329737
19.044030061923
18.3687981343379
19.217513827607
24.634724156931
14.2494788393378
36.3684328555883
23.1378935975954
27.0532003371045
16.4393940940499
25.7188888917042
16.5099828038365
22.3495711339638
19.3666338414407
14.1660541063175
26.7974069342017
16.2826867774129
30.564224626869
31.3681179424748
22.6165807805955
23.4720535809174
24.7765616048127
25.8081160030401
27.0335242385045
29.1399115696549
24.4561241474003
28.3512545283884
36.7139703486861
27.3235593922436
10.7715320540592
22.4953836295754
27.8965573525056
29.4986095279455
28.4771292004734
17.1892997575924
28.9612887660041
27.6611854089424
25.9246164467186
25.452355039306
24.9237131464701
25.0835220096633
21.5186179149896
23.177333497538
22.7561573522281
33.2836717531653
21.3373434729874
34.6486344700679
22.6596709415355
20.6300555262715
33.4323883522302
26.1297072977521
27.8005019994453
20.7993950461969
32.0187377976254
23.1464908225462
36.4374409517879
26.0284359101206
16.7284426512197
28.9055953267962
31.2952128471807
12.2184549225494
33.9386776322499
24.6749253086825
13.354435304266
14.1295192064563
18.4039786879402
22.8685839800164
16.8895417824388
24.4528533903072
26.7989421312651
16.7641440872103
27.0649960963055
23.0903372401372
22.7504149189849
27.6032225694507
29.8723807092756
15.7356476644054
24.3297722190619
19.6822518484429
