"x"
10.6810205052181
7.57489942479879
11.7516722762957
13.1207793019712
12.5014768680558
9.4675698550418
12.4632682418451
11.0045423381962
13.076447811909
9.6090114209801
10.1252340758044
8.61293723294995
8.24488003272563
7.15000192867592
9.56091838888824
10.0742799579166
9.13013413082808
9.40228463150561
7.05815377878025
5.50165453588188
6.22679723514275
9.33269299566746
11.3017268944532
9.29830864770338
7.09334805142134
13.6956678936258
9.80692211845782
6.68112636776641
12.3838003608398
7.79895889572799
12.7499181777239
8.34578187204897
7.62657790910453
1.78631751332432
5.1568309077993
9.33975307270885
7.68372254199014
10.4928422137164
11.2631374927473
6.05859813513234
10.1325875963084
11.320017272826
9.08784636721624
12.3088273452595
11.3385054981336
8.89739447738975
7.06780494656414
6.97497541599349
10.5711455689743
12.1716640540399
7.90384506108239
7.36236266659551
7.80621630324794
10.7413982157595
10.39922531927
8.01460880320519
6.42003767425194
12.0273719890974
7.7763945213519
15.8559922827408
11.1680672853254
5.601075168253
11.8703612592071
10.0803370703943
9.27401051158085
7.09285459015518
8.59440047220181
12.7570620505139
5.47174507588555
10.9049038149475
3.73130680866989
12.5282781294788
8.55360025564835
10.4908266686834
9.23264403827488
10.0672343512997
14.6224866970442
8.98088535759598
16.7166837025434
12.2543310397305
10.2985086967237
11.8208982166834
8.97327272687107
8.60752060543746
4.45498400367796
9.62425379548222
7.62451184915858
14.8578240768984
5.81356838811189
12.5169595936313
8.00232946639881
12.0443665422499
10.954012919683
9.84718173276633
9.43721556514442
10.0613243761472
9.21828022692353
13.2500079082267
12.0926844072528
5.55169737199321
9.74822847638279
13.1687790271826
14.2288455157541
7.41970708476164
6.19973277462785
7.58232497263909
8.42093338724226
9.44547868566588
7.95311749679968
7.81991465406855
14.1084769624285
8.68316971464083
6.20668612262199
8.08633064152673
14.1723432461731
6.50862777166765
13.768081413582
13.3111766772345
5.38514174430291
9.5472993561998
10.7918330817483
10.4306662033939
14.2832318204455
12.0015320833772
10.8827443320109
12.141723674722
10.0653460665062
15.4485050472431
6.93260272964835
10.7930593076162
7.23775581917435
8.34791616071016
5.53077659569681
4.36471364867948
12.9119201296793
11.9747986671845
6.02661009179428
8.17318342363449
10.0394140696153
11.5209639654495
2.2470438037999
5.99024154944345
6.69915727339685
5.09570329450071
9.55940600251779
16.0679486463778
13.3595427148975
10.905570210889
9.10243735154225
11.0490322160428
7.1732318145223
1.74371687834448
6.78124990081415
4.49906353662683
8.64412616938353
11.4531101219309
5.28921239740516
8.41569132171571
8.04779703030363
13.1818956811912
8.12471255119316
12.5244338181801
15.0343639310449
4.44772137494028
10.0644711249305
13.3140766178258
8.97138931429392
13.8173185405321
5.25761267827982
6.0010996371823
6.75904728705063
10.9252511756495
3.53129128925502
5.7729828520678
15.0703404165969
9.40301303053275
4.53864842049015
14.1543381498195
7.72579540498555
8.89112071599811
12.2076729661785
13.4748796233907
6.19050698587671
10.6841024127789
2.64376832545179
4.5764276641421
12.3193824430928
8.05609404863559
12.5026006367989
8.48487922921777
6.12731066856046
7.76179373497143
15.1838655467145
10.8248510397971
14.8162211524323
12.5860788975842
6.83442018757935
8.12727619195357
12.6095352577977
16.2339898408391
10.9021248179488
10.4347905493341
11.9566937093623
7.36674860818312
2.58099252519963
9.29743726737797
10.1583212081158
10.0072292378172
8.0148838693276
7.32572968827121
7.93875383678824
5.00848512165248
13.40374952415
13.2580864710221
6.04004965862259
7.4005690519698
9.89419958787039
9.98859448591247
9.21834676992148
2.94338458916172
14.4177606285702
10.4625666630454
12.910179013852
13.0805609864183
4.93416966591099
13.5761039447971
11.2520890543237
11.69529723702
8.34285572636873
7.3602880933322
11.020209807116
7.65283200889826
7.73393703984436
9.8694171756506
16.0610406892374
15.5578802456148
7.64549238374457
10.1506803999655
6.97306905640289
13.5317751788534
7.44770766468719
6.6590379496286
16.4491522824392
12.9736706148833
17.9973780702213
10.1400025563825
10.9572475093129
8.79356696968898
15.4320435947739
11.8385563035702
15.0632231729105
5.27039909502491
10.1931490236893
6.66724613402039
11.6427099577451
11.5243528117411
9.06485259765759
8.28221420524642
12.6235837466083
10.1621327805333
16.8736200081185
6.06572349788621
11.1537745571695
10.0567766232416
9.54629193292931
6.48796006571501
9.53759117983282
7.25814249599352
12.0836332556792
4.9864181666635
12.674937013071
7.52468839054927
9.7364183398895
13.3918100153096
9.49175150142461
8.2052583922632
6.18923256388958
8.26795720495284
14.1238898737356
9.17516404297203
14.864650380332
8.00195025992937
8.80079863127321
7.34910207102075
5.80642263309928
6.82255166241771
14.0288181835786
6.88640100170458
10.0277698598802
12.9249454568983
13.2253692834638
7.67938912613317
5.32382746286845
8.94313792097337
8.01004032837227
10.1225302671082
6.89036330000865
12.1884648222476
8.4990932722576
6.91674941925638
8.83416864089668
7.90097666748723
8.87492120072825
14.3520335201174
7.7248195069842
7.89020571172143
4.96569185052067
8.35385543157498
3.975667137146
8.48963937449379
8.42125702183694
10.4286536225118
11.8052587401783
14.2853116500191
9.22494386228648
6.86235712853487
12.3031920054927
15.3451893245801
6.00343199912459
9.16347955651547
9.11569087439513
3.52889981586486
3.9858307922259
10.1951492135413
11.838582375463
13.0382049595937
7.00256939172935
5.08640726084628
4.06891502207145
4.12138431565836
11.108911014162
8.06841381127015
15.8252910827287
18.9150746668431
6.10262744594365
11.4898558706045
4.67182827414945
8.91304516699165
7.62389119481668
14.0709322760813
15.4028392862529
12.2373353224248
5.77807279034252
4.21946405532661
11.8024437804706
5.70541369961575
5.68150339905267
7.95740047469735
9.9472752888687
5.26195519370487
12.3821264482103
13.9082590234466
13.5656360769644
7.87431814242154
15.7219912391156
11.1695165862329
10.4653033660725
16.1603528540581
10.5404114583507
10.0560542811413
9.42556696055443
7.93333141846141
8.54924856685102
11.6825088742189
10.6531649478711
12.2555141686462
9.29923919471711
12.6796152209863
7.42672396635162
9.25517349969596
11.1634614752521
9.26844152854756
7.93499599676579
9.56386662325968
9.29152684074623
8.73824957525358
8.30747245295737
5.4368959274143
14.5824854611419
11.7689368735308
8.30551033120344
10.5342815513723
17.5488808285317
12.9951904527843
10.0005914733362
4.33493690798059
5.97335514612496
10.0685089244507
10.3996143490668
7.19272420946017
8.45707306871191
5.70766914170235
8.93288612348814
8.11607002979144
8.44078129692181
10.5693855555728
6.89973467960954
6.80209825513884
12.1886808075942
10.4098160169087
8.91763197723776
4.39866884844378
7.26447906550666
10.7042474439368
9.86218362813815
2.74806361905917
8.08399891247973
1.749663206283
15.2660025982186
11.7188294650987
10.7985959584218
6.96493415448957
12.1658628922887
11.0860830987804
10.3368139476515
11.3199088955298
12.7944336039945
4.91370706699483
12.0675231966581
4.31344357404169
12.2830784646794
15.8098109201205
12.3188580792362
12.0760861900635
13.0110732163303
10.6432871543802
5.9434891662838
6.70993397943676
10.9688437427394
9.78903007825835
7.24482391960919
12.774920091033
11.7562523111701
10.4015822289512
7.99797018989921
7.14836016995832
10.6524733641588
8.80160295637324
13.8611464761198
14.0933576622047
14.0979644726031
8.31283916486427
5.83514540640346
12.9598163301125
13.3228290476836
8.66415498224295
5.16985825770084
8.44155001832998
11.0687647454748
7.83374839229509
11.2448109653819
7.6789915910922
11.4185522112856
2.93005234561861
6.4009495312348
13.8619977574639
13.9064854476601
2.41187541978434
8.97511889925227
7.41225393721834
12.1298622223549
9.96731319959451
5.04900848623333
17.2179565764964
2.44909462053329
7.76610343018547
14.0897786477581
8.64820921570163
11.5497664432041
6.47405266063288
14.203592913691
13.9279885101132
13.6234938516282
9.48874030727893
9.28949553053826
9.31450023781508
10.04749171395
10.2209130302072
10.420418123249
7.83661466973708
10.7128645176999
6.10609414732356
8.5461470647715
13.225629623048
10.7958350097761
11.0827913274989
6.22731267940253
12.9836453008465
8.58809374039993
9.18545435415581
8.71811948018149
7.45934708191124
4.63041524635628
11.888809755947
9.01014341507107
12.3769055237062
8.15693273907527
12.5560557469726
6.35104503016919
8.79351316252723
15.1538612903096
6.53807780472562
7.90617296679591
11.5475055179559
11.6179411648773
9.11121147219092
10.9699230175465
12.6425427850336
5.84871563698937
8.00549345114418
11.1293002390553
8.97334264591336
7.67295637633651
4.45620737737045
3.54819612111896
8.12349478946999
8.99349114624783
8.71153271936615
12.0922469184734
7.91893994901329
7.32654941966757
8.54665203951299
12.1099347788413
4.90011998368587
8.58232966857031
6.62482198094949
10.5850603780709
7.89872603490949
9.5930042309613
11.6487832157873
12.257748414955
12.8033504239284
7.3081187782822
12.7467147698424
12.6640609581955
12.9747658735141
10.379294550512
6.53180107474327
6.94596210960299
5.7507511228323
10.5622038128786
5.31476837350056
7.66020504912021
11.8546627345495
17.1580845257267
9.14441891945899
10.5078479973599
5.23816358763725
12.4762077583
8.38722253683954
7.30904888155992
8.41417250547277
10.0953787930561
6.16951682604849
14.0877222991548
10.4370995541103
5.80298699205741
8.39705499820411
14.1482576844282
10.1890109595843
7.12450762512162
7.81253146278788
13.1387351662852
9.06504972372204
12.0587676414289
4.96847097529098
11.3750123418868
6.2369639338407
9.15377191267908
10.4299434487259
6.31898356368765
8.86436788132414
11.1044009358658
7.19859875971451
14.2447404790944
13.3003065478988
4.99335343553908
6.89960367744789
6.83376040165652
7.1734412224032
4.68277892767149
11.8549429578707
4.79943308119859
11.1442526686005
10.7548355823383
6.9560345262289
8.78735991427675
9.06720623606816
7.82711330102757
12.8450995543972
12.9711879882962
9.09516767133027
7.18809991424639
8.70914290882751
5.02484067272384
11.9619613629766
13.2412881350261
10.598769702483
6.1497555140528
5.90149228938932
12.6929264632054
15.6665605958551
11.4759943082702
10.6181878285386
9.64568749768659
14.6522996248677
5.04566056188196
7.8251332975924
11.0543276881799
11.1254918738268
14.7132399259135
8.60803120232856
11.5287835709751
6.77104713395238
13.8074813177809
10.8584886533208
14.2793509876356
9.24350277055055
7.80869016889483
10.9413073165342
8.50936106871814
11.8798826588318
9.75352303693722
13.8024300569668
10.3880234295502
9.59031015554283
11.8446684093215
7.85977905024863
7.98849010663406
11.6147732944228
8.04199834819883
10.6413106037641
3.94844164839014
3.63776182150186
11.1742724431679
3.67408187594265
10.8536298619583
15.4365734197199
8.95542643265799
11.1245239619166
7.52701552119106
13.0010878201574
10.1017149125904
12.9775208886713
10.2149370941333
17.3523938971314
7.08319912493435
3.20448130369186
7.57149251673985
13.2757555460557
7.51636700006202
10.1747522130609
16.7486345162615
7.86073820199817
3.23806659595571
5.88547068182379
7.88178674411029
7.58765700738877
6.61609054077417
12.7360144630075
3.71306157945374
6.43591205589473
6.11219851998612
11.5872238413431
13.907892012503
6.90921714995056
9.92408788950911
15.7054467010312
16.2086464930326
12.6478151799323
7.68960328295317
14.1644591931254
7.48048983514309
12.780401785858
7.88466184167191
11.9650523182473
7.20039409473036
6.83985173236579
15.1128472876735
15.1640630327165
8.55296901427209
14.9827113840729
14.7624612203799
10.9165873727761
16.838788590394
10.579112614505
11.0467226506103
9.58494011623899
15.6888740137219
14.7488640388474
9.25048382487148
8.36114563280717
11.0984989209101
9.48169913253584
5.61774595407769
12.1503314119764
11.6097299816394
7.38359998213127
11.2426471031784
8.25286890001797
7.60273974887718
12.0199231547303
9.5799247152172
2.14121880489824
13.6822855216451
4.03742273338139
9.04142604390039
3.90049992129207
3.36450041504577
2.57903340118887
5.26668517651267
9.29270755732432
2.27839574217982
3.6882488436632
6.78933917079121
10.6304092798382
11.8528396356851
8.69110055500641
13.0968024022877
7.82229268747083
11.056705925148
10.3174050804228
13.8605461106636
7.73100141668692
3.78903570817783
11.803331760205
12.4307780642994
7.97405606135726
12.2083796304651
5.25087373098359
11.8315352359787
7.46754674473777
8.61964003415778
14.6370487986133
6.61851742770523
9.0122050489299
12.9550786572509
10.7107616378926
12.6082977862097
12.7407109156424
11.9310022564605
17.0071600237861
5.095767364899
13.048900632073
8.53755612624809
15.3972598724067
16.726873954758
9.13580806227401
3.17573210923001
5.04108548734565
6.72279537157374
9.83289821306244
13.7130513438024
8.564422884956
8.63955245586112
9.09099064301699
9.58297663601115
3.04107177155127
4.99965305207297
8.30871633952484
8.81287761731073
10.5541458819062
10.4554603838401
8.33512323442847
5.06042803172022
10.3972410433926
6.59183480311185
8.85915943832559
5.6462869814678
6.3533065491356
0.0648468732833862
12.5354948104359
11.3468282972462
9.93060352261924
11.2651139213616
11.5585571271367
9.97553581837565
12.7641683095135
2.61751697150336
10.8418488060124
10.1229690131731
15.9875282784924
11.2575664876463
6.14106185967103
10.0276490557007
10.2038253098726
9.33540419209749
12.4008776037954
6.15513299728147
6.59779470879585
5.70134267909452
13.3528345618634
19.4937214943323
6.11238864948973
6.6988107166253
10.0851490278728
11.863225898133
8.47507855722792
8.1860602949746
10.8377174241468
17.8348484241217
8.19977116632698
12.9530570236966
10.7893927604891
9.68461475567892
8.7073321104981
11.9745323318057
6.12155441194773
12.7526893629692
10.5266461265273
7.07231080159545
6.71096339356154
11.5368523194763
8.03926489315927
10.7078067767806
11.8644798746779
7.84187952522188
9.74445049650967
7.91313834610921
9.99755654484034
8.31410043083006
14.9937951238826
11.4172990433872
7.58627355717594
8.6473171147697
13.1489226012491
12.5403379788622
12.1662207413465
5.40912431503691
7.02410219302665
10.9537338023074
7.32334103668109
13.1846659550931
10.5167821864597
4.17828012723476
11.5428628050722
12.1992557076737
3.7095189450203
11.7523777997121
10.6291911564767
4.69549520491859
10.6641160557047
7.79206640677133
8.91026981407776
12.4635129171163
0.394208754381727
12.3334936448373
9.35473097488284
14.3006921513006
6.56615631887689
12.6963111921214
14.6560415043496
6.97685561608523
11.1894103349186
10.1882572751492
8.40224515413865
7.4131987906755
5.73084889911115
13.4516692836769
7.62334036407992
7.92646267218515
10.9021448763087
13.3049915893935
12.1818437706679
8.84570700582117
8.71885981177911
8.09887705644266
7.19214640557766
12.6483735186757
11.6563595365733
4.28211112739518
11.2582316389307
9.81546677649021
0.921220520888376
13.6717728455551
12.710328202229
14.6443776786327
3.80301102181963
12.1415974688716
9.35919906478375
9.72818726153512
11.0886629205197
13.8002640334889
11.0408839420415
4.4567808858119
11.5981288567824
11.6294001112692
7.96213693683967
7.24916444160044
6.2446205643937
9.63872864376754
9.05019169911359
8.0107107758522
9.4833004870452
9.4395766267553
6.43252761801705
7.44304741965607
6.64155433187261
8.46429311204702
14.4140619901009
5.28077612398192
6.36990442872047
8.03859840380028
14.1115171019919
4.30417818737614
8.54316597105935
12.2395667713135
10.017107531894
9.78108658455312
2.50810821307823
11.7933650966734
2.68585800658911
11.7243672022596
5.80028693657368
12.3483567265794
10.9463970526122
5.13641829545642
12.588340556249
7.5967865900243
14.9127893400479
3.95943627837026
2.32214280482419
11.8594224448316
7.38180549815297
2.28956057690084
9.27769131958485
3.26146651059389
12.932982982602
11.6862344206311
9.78249101899564
7.85703965229914
12.3039896250702
8.31969081191346
9.48554242890879
7.50643416540697
13.2805832778104
6.72402518102899
4.41300828367878
9.92312080925331
9.70440760129847
17.984704648957
8.53193113580346
13.0985564203002
11.3986807642505
8.86773891069042
13.0349256913178
7.02690966427326
8.23665073839948
12.1020941878669
7.39069422706962
15.5653029331006
5.8112669497509
6.95956747513264
7.78548601083457
6.33613152895123
11.8031225749291
11.1116586657445
9.41374067915604
12.1298918384127
13.2749857730232
11.7510216542809
4.49569398770109
9.1702118748799
11.2503444442256
9.09139989923285
9.09078600816429
10.4381959935953
8.48184592323378
3.23982490226626
4.3185694841668
10.157250193879
10.4428920196369
14.2002213513479
6.68653587345034
8.41399469645694
7.88988292915747
10.5126639121119
9.1855560064043
12.9801718424231
16.59031950403
4.81987597886473
13.4896884672344
9.91400753846392
6.81936414556251
11.3038013664542
9.43304670095228
1.98647330528891
11.4880841691047
11.6092786774971
1.63136795163155
8.32210211083293
13.804860948585
5.51275526356966
5.46227293089032
6.73117474652827
10.976170498807
9.59379610139877
11.5682475850917
8.01866251276806
4.79687127517536
15.9139333176427
6.68411219958216
8.838942670488
2.48193519655615
11.7781108128838
8.59392628772184
7.16304645175114
4.67001496581361
4.11846166760451
10.9450752963312
11.3386001670733
9.37680460499688
8.38081270764161
5.94147257506847
10.2249407325871
6.09391307225451
8.58831383106756
7.32265947072583
8.65240676794201
7.08927669214613
11.5118454326876
14.3809624314265
3.57846098486334
10.9365296782926
13.2746240356937
7.42565635591745
9.57331761019304
9.96726504527032
10.2235538535751
15.625280328095
10.71440189844
9.94038131320849
15.3582167578861
13.8617945020087
10.7908333535306
8.99000447243452
10.2307164226659
5.36869314964861
5.66893225768581
7.01801697208837
5.06735446866947
8.6620497982949
3.90508136479184
8.71154273627326
7.4427904561162
16.7012227815576
5.06155707949132
7.89785695960745
5.42772043352061
12.4035632703453
11.1838382435963
5.89366476051509
11.9487431598827
7.88225623344152
15.211802629758
8.01662473240867
11.7451181635261
9.06271402491257
6.90865979995579
13.8580856495537
10.5389529537036
10.6329287285917
10.7390189426951
12.0408672373742
13.8011905248277
16.4884790312499
4.70291096387473
7.44540338637307
9.19259971706197
7.11527309613302
11.049973636507
7.80002773481125
8.15024676267058
11.8403170956299
12.057928788515
10.3765383595601
11.5063034696504
12.2091559926048
14.2948459950276
8.63974448293447
11.2633757758886
15.8866882440634
9.10850978264763
12.9738889168948
7.29853843804449
9.45562928527921
12.5925674591909
11.3085336893577
8.88483911498559
10.0996649824083
5.5094652925618
13.7521767988801
12.7291134675033
10.7057440211065
7.25546195491612
10.4369937325828
10.2383530698717
12.8157367929816
10.1101733045653
11.4381674677134
9.97733438853174
8.15102657070383
5.09842994585826
6.38762710150331
12.0015147607774
5.59241700684652
12.8491089912131
9.3753404354157
9.83047853223979
10.9892203082677
12.2345914132893
13.9215523377061
7.65535510145128
11.7404374643229
11.8802096229047
10.3233526693657
6.73147928886111
7.54861901514232
8.73263748489905
8.02131991367787
12.2497674659826
8.32777542527765
10.1817651768215
11.6363164968789
8.28783979315749
8.82393819047138
12.3379401862621
10.8433716625423
10.7944124145433
10.8597435927716
8.33553338889033
11.5332586064042
10.8031375433597
9.52608056832105
12.5255329417996
3.4397492883727
10.033873852808
11.814548226539
12.9288074327633
8.35213839045517
10.394918095913
9.47565712267533
11.451086064335
12.3794137500226
9.92671479207961
10.0018355995417
12.5664542079903
7.4852729366295
8.5139985429123
11.4263407303952
10.3293841704726
14.4301728811115
4.39032382564619
9.94730520056259
4.93574071442708
8.60000607037141
12.454365866665
8.22835810249671
15.8737869917233
10.3942061425187
8.04412357599827
10.4859359795228
8.04750964744017
4.05204171715053
12.9092527087778
3.74509113607928
6.25492195831612
14.1722615459003
11.0031578456983
10.0594711140729
11.3142173176119
11.0707567073405
4.54999814974144
13.3838641005546
8.72430141316727
13.0750451353379
15.2123503270559
8.42159221647307
10.9484744491056
7.6217913068831
9.09365499392152
8.03042381708564
12.2649848693982
13.0654808366671
3.61699923443234
2.39313983301105
12.2769298497587
12.8714245394804
9.25867174908792
10.6578389415517
11.4199674106203
12.7812429532042
12.7909088472335
10.2153091225773
5.77156540001744
5.97545750206336
13.2864004001021
6.20491333538666
12.2494643756264
7.14649396250024
8.58533563576476
5.10177712421864
4.8715154497644
8.87098149396479
9.32285548187792
12.6011446001939
13.3062453474849
11.5754016222696
14.8749875081739
7.80736961130045
8.65677810506895
7.60397375561297
14.452026039362
9.34549166122451
14.9751362856477
10.2765967009215
11.3355997596969
6.26864671939984
7.23791876807809
2.94403409352526
14.7982202439872
1.05876766610891
6.831929681357
6.16625616094097
9.66018246253952
9.64369438956024
13.4266816196032
6.95030230563134
9.19229375431314
6.07344076383761
10.293225327041
10.7210505171679
10.1188140106387
10.640702501405
15.7671168912202
7.19059585826471
7.52060911465921
9.61684407666326
7.88027124945074
12.0408599846996
13.9289160841145
14.1820012126118
7.41548263522945
10.1851907507702
8.87007350102067
6.62068750251184
10.9712147153914
12.9644223023206
11.7672145599499
9.46142919611211
1.82341282867315
8.9085302199237
8.70468362700194
6.58231573179364
10.2246759226546
7.34114135848358
4.38786502927542
10.5266123021485
2.56547459269032
6.77597904577851
7.79610924471088
7.39737699675113
18.2123352297324
10.1651823846623
15.9626017661086
8.44207902518535
8.39610582151708
6.72931117005646
7.3274647933431
9.24363282974809
11.021783191245
13.8118325965479
9.96997400652617
8.54301791405305
5.97509192302823
13.3459958946332
16.4293662761338
15.4808678198606
10.9815956442617
7.268361072056
11.7993913942454
13.6300574945117
9.24537678947672
12.7402852289379
7.32350796461105
8.16050220746547
9.36784400837496
9.47362831793725
5.28117413632572
8.95484360775769
14.2620686558075
8.14856360855383
13.6401394382119
7.35374463256449
11.11397780478
12.0108033181168
6.43736165669344
12.6770038157701
11.2347142274734
9.3211732339114
10.9704177943058
15.9641424776055
3.01961491350085
13.5538300266489
6.82401194935665
8.32077031955123
12.7756016328931
9.50853228569031
7.54081923514605
4.42186478301746
13.1399631965905
3.78406855743378
10.5668948963284
13.7058913358487
11.5497118211351
4.76584144635126
7.30338218268698
9.32882078923285
10.4381429380737
13.6527774505202
8.53352148551494
10.3156084311195
9.97673609526828
6.08188172336668
13.551758939866
12.5435229856521
7.36032042480944
8.94924531457946
9.07561001367867
10.3704591514543
11.3634514273144
6.40439570905753
12.8380034700967
11.5860182093456
19.4454272499982
14.0799380140379
13.540389877744
8.35843456443399
6.60735978744924
10.404483799357
5.314458347857
7.38752080360427
11.1519814059618
8.52872695172797
5.92820749152452
12.4845578102395
8.25679441913962
8.05843924172223
7.86462040850893
13.4752025944181
9.31736215716228
12.2885585413314
9.95015188818797
6.0716315638274
5.52941496716812
8.09062886899267
9.34381082188338
8.01629326306283
11.6130317677744
2.40599423414096
11.939951509703
5.20187406196438
11.5723264752887
7.07002737326548
4.77362965466455
8.49565019653024
7.78727328172852
4.86030159862707
5.43600355294956
7.51974510294392
6.41844824422151
10.7430164935067
13.1400780053809
15.465331915766
5.1127644139342
15.5901968944818
14.5015214569867
15.1195870246738
5.09564361822231
5.78688352063876
7.88110999856144
15.7602390041575
9.69861906487495
7.37675685668364
8.96988052409142
8.1426870659925
8.53302768664435
6.10391135560349
12.7115314709954
11.2648190231994
14.7986620198935
7.50467264798061
10.1033477506147
11.8228733772412
5.90910736937076
11.1172666191123
11.9717879570089
12.605308718048
14.6074949763715
10.0471406476572
5.93770974742608
9.38777442788705
9.11547854775563
11.6880293709768
7.62180493549143
7.21165428783008
10.5449097813107
6.89264647077644
7.87086056079715
11.7951952153817
5.17149618341577
11.0899779014289
11.2154397414997
9.70716762706669
5.5433151894249
12.081495707389
13.213828636799
8.73139583272859
12.6121746259741
4.65908324055543
10.8862206921913
7.09087916541255
6.87455146107823
7.58365943329409
11.6320720524527
14.9576605879702
11.4781222073361
7.54295330261812
8.92247178126127
13.4853962692432
10.392355802469
11.0587512841448
11.6361058899201
6.64106599288061
8.00088674295694
16.5491239633411
12.2806726976222
9.33704212075099
13.7490185792558
11.4051908254623
15.1210563722998
8.87113100616261
5.63432593376728
16.9525829609483
10.9510686805156
11.1483584856614
7.47958491556346
13.2343504810706
13.2107489160262
12.1016032062471
10.2000255486928
10.41773138139
4.09571951022372
10.9062887319457
11.8651204858907
8.47015649778768
9.57356536528096
7.7339049661532
12.9229355370626
7.89215645980376
3.7229179653351
8.9887147420086
14.1971501056105
10.9016441740096
15.2720747166313
7.67893921583891
7.46664729662927
15.8106579445302
6.57764880452305
7.3745944714275
11.4373541902751
11.5309824639925
14.7137883584946
9.07622402301058
8.68906206451356
11.60921212655
9.61727355606854
5.89608846930787
10.4022167855343
13.1514190230519
13.1447797524743
8.91664488008246
5.37879867479205
14.4418750656769
11.5173102123663
9.33038461953402
10.941908787936
10.9820582554676
9.46362339886557
10.9514420502819
14.0903670829297
7.84436451504007
8.13551642161412
13.1363704334944
13.8606711407192
10.851526434999
8.0673863296397
10.6643813312985
6.62888720398769
9.84555446236809
8.92643100814894
11.0168177094193
8.72012548992948
12.1039417617048
10.1386797124376
9.19873724451069
8.31086372490972
10.3672626805634
13.6755581828766
3.32090956334692
8.75432549510151
16.4260091376491
13.7218022501609
8.43461596402069
8.88578551821411
8.71338410618191
7.50519956488852
8.07063239626586
9.59873192477971
11.0042912652716
7.96179184690118
8.27442290028557
4.68500780015181
8.01141369130725
9.73012560307606
10.8861102140509
10.3900641202927
13.0025508231483
13.2204550784081
9.66393140843138
11.8924428708851
12.8694161539897
8.92491324425212
3.89530080590989
9.44551238220199
13.4561803424731
10.7156058191899
7.89604488774483
7.98698041008931
13.1601067841984
10.1672331686132
13.588763854932
7.3286771425046
8.335057774093
4.97804080368951
6.02305607171729
5.92863084620748
9.95667922543362
7.25164408085772
8.27260344522074
5.74229522589947
14.9837485630997
7.98235120018944
8.70326079893857
6.22008224017918
12.5526068499312
8.38308593956754
5.31050455756485
8.55666669676357
10.6639366936961
8.53226352483034
11.7285812146237
8.49646075723407
12.4828536179848
13.2745965034701
5.33103548185406
7.76699343696237
1.83841335393895
6.00167774828151
3.81208991496894
6.8735298817046
9.39011561350882
9.93178644901982
10.2964842342772
5.22017975037489
10.7419883758438
8.55707635637373
8.42648745747283
6.3445647014305
11.658366670028
12.7895691021498
8.18820414231156
10.8489462262026
10.5038100387901
7.83974415389821
11.5464660688303
4.80025634169579
7.94226890429854
2.53284632892036
9.73129612393677
4.48023285583532
10.7675423263572
6.90179483499378
7.82158175716177
10.8177637215704
11.1092793405987
5.98379103466868
6.10704853514521
9.44082128936246
8.93838121555746
6.46805686410517
10.9928655088879
7.79584181727841
11.9378715171479
8.266013674438
7.6584609108977
7.11297036614269
10.4449148871936
10.5523682497868
14.2389843123965
9.75174003979191
10.7569757848978
13.1952053750865
6.4088382676046
5.50083628622815
12.0714034070261
10.4827669914812
14.4690425135195
7.407272785001
4.72710296744481
7.53443686990067
12.2635612497106
8.94147938815877
10.103502694983
6.14422882208601
12.4677241663449
10.5039010173641
8.4793139831163
15.7171020982787
11.19624505518
12.3933316557668
9.15212138788775
6.85464807894039
13.9483000397808
5.64244808629155
5.45497767161578
8.35701640462503
6.22087683359377
10.8873384655453
4.85101010417566
12.4046362820081
10.9796892037455
8.34228880703449
8.74420254258439
10.0296887219884
8.44595974776894
8.12361890750943
11.4987460081466
8.27062356984243
12.9737880895846
9.16359510075358
4.879346920643
9.16086584329605
6.12624909263104
5.14770323643461
4.91431429982185
9.02946294518188
8.78094063373283
10.6174526713639
13.2795613259077
8.98663230473176
12.4340931535698
9.5183367957361
13.2847030210985
8.81024646805599
10.3470202884637
6.21344509743311
9.3726045335643
12.7494941698387
7.53992943791673
8.8531719365523
9.4780259532854
7.07654268480837
14.5023299963214
18.5359217794825
12.8957096487284
10.8181297546253
11.9243131019175
5.01033106120303
11.4180858947847
13.0426659830846
5.42365793371573
9.91040708031505
8.25097006978103
9.35194727021171
9.27072417689487
8.71901165228337
9.54029544955119
11.0344655346125
7.89893927285448
6.84707029722631
7.55613296059892
7.56041192216799
8.93047513911887
12.0589135331102
7.39847398363054
9.45694395340979
10.4347291169688
3.44566753252876
10.4224468475357
7.65932552749291
11.5774932118305
7.93462353758514
0.778602171386823
14.4914764794521
11.0095224459656
13.7766049825586
7.29462099261582
12.2227960266173
7.17884477926418
8.26133392960349
13.200132001657
8.77472388092428
11.0375028569251
7.62013388531967
8.67416811014912
9.04669748852029
11.0989047330804
6.91021885722876
10.7248821062967
12.7748247236013
8.9000801788643
10.6993567431346
12.9290850376181
13.2199705461971
7.58808377431706
6.84743108689851
11.8426658795215
14.9354070075788
9.2601329437457
11.2158962921337
5.67784227912301
8.07496039196849
11.0334824654274
6.33191841304556
10.2995888140843
10.7701483997516
5.71248867781833
5.91321908868849
12.2396787628531
13.3333808276802
12.8414293650393
8.25062126239164
12.7397956443019
6.85981502618774
8.43178072245792
12.8135850303806
0.645079556852579
6.54363852309085
5.39473388344049
11.1024839337915
12.4621349037625
9.77053532842547
6.05272034881637
10.9014133689925
11.4762479206547
12.7479472538195
10.3388241643216
6.59348473418504
5.31273461081279
13.2435556617565
7.67009381708325
8.84507923619822
6.007855234202
14.0245910057484
12.657605309505
12.9295600927435
12.4926707474515
12.7062479402552
9.14583767298609
11.428139009513
11.8934560157824
6.61561455344781
12.3348803870772
1.98938074754551
2.55695965606719
11.4332741359249
10.2765013580211
10.8942104852758
6.82428632862866
16.6539198486134
11.5469816257246
11.7360429489054
10.5931787518784
8.19586691213772
7.43846839382223
10.539056656251
12.2292230837047
7.64819845790043
13.5221338132396
11.5041817654856
8.40390180162886
13.465758921724
7.2046531829983
9.91584322182462
11.6571817663498
6.40773444902152
6.05828198604286
6.41628122815489
6.11976146363479
3.85618015666929
15.8349949633703
8.89592566527426
10.8317886828445
11.5235596662387
17.9834853704256
8.72679793974385
12.2806950818471
12.2538783238269
9.12541545694694
16.0467581474222
11.167090798124
13.8364296057262
11.3645286182873
6.97526751318946
12.6992439152673
11.8465122883208
9.20316557167098
3.45692125847563
8.41705953935161
4.519544437062
13.2366538629867
12.2317486675456
3.87506653577099
7.44212112571952
9.15823126270312
6.95513832615688
10.1082474924624
11.0397453652695
9.64439015369862
6.79094422375783
13.5603594011627
16.771151276771
11.9266863213852
8.08586527353568
16.4058968541212
6.82532190112397
9.29516394389793
11.7110181599855
14.1659737681039
15.3127420926467
8.81727754604071
14.0258180026048
10.3575195069425
10.8420187160917
5.92197455698624
11.7770207096106
5.33727699657902
6.69903993839398
6.00018526096095
11.6609678720124
8.2564054755494
7.15340335697077
12.0756735210307
9.02086870046332
10.6906977850229
3.31913796253502
8.12375147361308
10.7793501365996
8.3128098747693
9.64934310177341
7.55258771543719
11.0670920228586
11.8548076483421
14.136084378697
9.28775871871039
11.4499268704094
8.89566685438178
4.01227886322886
8.42622171022346
12.3149639810435
12.7826492418535
8.65426424425095
10.9913894440979
11.6734784445725
12.8466918729152
11.3344166477026
12.22399037797
6.19534606812522
11.7415670538321
13.0580344120972
12.2955733209787
9.02120836544782
8.19590073078871
5.32158798733421
9.83011255739257
13.8293416006491
1.62791091715917
10.5246969382279
4.80442704865709
7.27016115252555
10.6069264700636
7.53088092897087
11.4906750386581
8.4129327793032
7.4984272592701
12.3236046888268
5.9086522597566
13.9894195948727
10.118835431058
7.82093550078571
6.92077522398904
16.9610536540858
5.94865445529098
10.9566003084183
5.04833916202188
15.1886661886238
13.0212002666667
7.92847104391232
6.92168448320193
13.4894232032821
5.63580367993765
10.2898174220893
11.5816816687584
11.0627378802747
12.058075144887
13.6829790659249
7.12178463868986
4.316079930868
8.83823375466129
7.06054584588856
7.84660584758967
12.0423152693547
10.7076775954336
8.68121379753575
10.2013123570941
7.53399891545996
13.4655012973704
10.9339693561196
6.41023273346946
9.19212509179488
10.9260977139153
14.4660192308947
8.06531344435309
12.2745584114455
5.73399146087468
14.7060173680075
10.3186449385248
15.5549830407836
6.46828211611137
13.3761333185248
13.5165696032345
9.69828953966498
7.35733594046906
12.8211195929907
7.10738284705934
7.52678315620869
9.50832847738639
1.73339993340437
7.24276155233383
13.3930567186326
5.60407568322636
5.48939706262182
9.15159315336496
2.2529948153533
6.09673447906971
9.10314822103828
10.3016114560887
11.0055132769048
8.65232078358531
11.9916793424636
9.30961937410757
5.75283339712769
12.9303021472879
10.1967101255974
10.1612614234909
9.94261079467833
10.5763582861982
7.25111638894305
8.40217813383788
10.4270702631963
5.1368815093133
7.30122897075489
9.75541630759835
6.55522023322356
9.43320116493851
3.27943180454895
14.375000509319
8.29591358778998
7.11621651029257
7.42865820648149
2.68746797695216
9.8983101779595
8.93251450033858
7.46932504698634
11.3136145984754
11.7716685635969
10.866213357076
9.04614172177389
12.8837283584289
4.0792702143331
13.992639654316
6.51643133023754
12.1546612562264
12.9480013158172
15.1001569116488
6.2089700368233
9.8547333300504
10.9485996305011
4.75925410864875
