"x"
6.95923715829849e-05
0.00149544815445631
0.000821339888498187
0.00493530233189943
0.00434541099704802
0.000296361508695516
0.00161882971167704
0.000280585316779162
0.00594964836724103
0.00363438700325787
0.000787603044882417
0.00272388492491203
0.00543472054414451
0.00011732560582459
0.00171513192456784
0.0013804367184639
0.00120036818087101
0.000789259299635887
0.000746089330008611
0.0001653890395899
0.00503224133483558
0.00286847220907345
0.00195201481320216
0.00134281649306866
0.00521080689504743
0.00120061490684748
0.00147540394123442
0.00169645765173232
0.00183834151865221
0.00186701605613041
0.00199902642518282
0.000919826170429587
0.00416498148613723
0.00147666912280265
0.00554465245455503
0.000238786553964019
0.00336408761329949
0.00155117537531306
0.000730492524980207
0.00315987586975098
0.00143097495660186
0.00273248277509669
0.00176132483407855
0.000690718805417419
0.00352145630866289
0.00113588460112777
0.000436378321456066
0.00386226181872189
0.001503079328686
0.00165128143459947
0.00405619801953435
0.00443844854831696
0.002302929116413
0.000416879532858729
0.00148854743689299
0.00483748309150917
0.000411904091015458
0.000500941059063149
0.000381597485393286
0.00159852640629683
0.00115747410804033
0.00252783006057143
0.00164930073571411
0.00247634300082955
0.000392037564888597
0.000742021258920431
0.00163233789615333
0.00502131827175617
0.00245883431186533
0.00318505983799696
0.00417974474265361
0.00371439848737323
0.0016741918027401
0.000280270862800271
2.02473625540733e-05
0.00178842711262405
0.00150383475236595
0.000398983829218084
0.000740842306303316
0.00356836971722639
0.00204541924409568
0.00141867871396244
0.00054781167767942
0.000475810349467148
0.00264292174950242
0.00118692023369025
0.000865569626912475
0.000486940154053293
0.00224559387720657
0.000699985060005965
0.000936257167547256
0.00107376950024266
0.000499626891687512
0.00210670543272783
0.00235037697479129
0.000438166257789735
0.00159599087201059
0.00165455840528011
0.00092507753521204
0.0014886331371963
0.00111998029984534
0.0011438368819654
0.00318265534045686
0.00265182907850571
0.00138178993947804
0.00325805346957277
0.00474770349651043
0.00172739487768628
0.00291772274569418
0.000960530785655531
0.00331161213107407
0.00290182960219681
0.00207045511167939
0.000708217455038296
0.000772141348570585
0.000892964405938983
0.00357537071198796
0.00126322060038674
0.000707543743125791
0.00299780699534992
0.000369151802733541
0.000574740938381756
0.00080806065350771
0.000805267142882981
0.00198715286329389
0.00384376452304423
0.000285695443277362
0.0010658748075366
0.00360449469648302
0.00325557171367109
0.000707495175302029
0.00294704520143569
0.00326107591769744
0.00055610308066165
0.00361792759969831
0.00287284804907387
0.00147236683281422
0.00242329830303788
0.00210619285702705
0.00358870601956857
0.00139933744853486
0.000428747192203846
0.000664104157747672
0.00400001845322549
6.39842498334898e-06
0.000971601000055671
0.00106129482388496
0.000132841805261644
0.00213237808085978
0.000581836124412447
0.00133763870224357
0.00341028766706586
0.00227026559412479
0.000516382092610002
0.00100288034416735
0.000705986065744794
0.00138169567752633
0.00483740573748946
0.000399686577682472
0.000167743359754347
0.000702002354758961
0.00298054962418973
0.00535018231719732
0.000110830778797589
0.00317564009531995
0.000383598265427401
0.000916685727876271
0.00279471447691321
0.00128246461065214
0.001214615662254
0.00014967801530166
0.00352497322484851
0.0018050526175648
0.00146073474548757
0.00108382723763353
0.00184883186593652
0.00369074092767704
1.8277233466506e-05
0.00245461195631525
0.00169747435487807
0.00258805845864117
0.00264792677015066
0.00373998420313001
0.00178583781339045
0.00484623463917356
4.06273714431316e-05
0.00343538457527757
0.000299952942878008
0.00277361376416474
0.00205048815347254
0.000459352592600191
0.000409812649092901
0.000931777382113667
0.000262012155726552
0.000713805861574456
0.00281337787397206
0.000327202510088682
0.000778601663187146
0.00104113958775997
0.00113578230505854
0.000560210474576741
0.0049156036041677
0.00362414235530429
0.00424924545641489
0.000455621695861
0.000561416269359947
0.00143830612147641
0.00214637400083097
0.000531369643285871
0.000285290229093669
0.00339335792697966
0.00516585313715041
0.000742500787600875
0.00321823119185865
0.000571682646447767
0.00151520179881314
0.00315022361002023
0.00398671017028391
0.00294973600655794
0.00140592695120106
0.00189719423651695
0.000882372250780463
0.000206936039030552
0.000605774776393408
0.00105791318230331
0.00114141937345266
0.00167246415113795
0.00127895914018154
0.000331690871398499
0.00289747912404906
0.00599463501013815
0.000173808569088578
0.0013584971380743
0.000845760870724917
0.00014126897694175
0.000592380082027767
0.000125010870576874
0.00106482688337564
0.00332350854857678
0.00034360964782536
0.00315531760454178
0.000854953033849597
0.000351939341053367
0.00236130110539624
0.00195995191721786
0.000560133196413517
0.00021745721809566
0.001165578919996
0.00139358147978783
0.000293547436594963
0.00070295242712153
0.00234254070413136
0.000547457886859775
0.0022801406602938
0.000213824473321438
0.00465478609797041
0.000592171661555767
0.00228137703770585
0.000727658346295357
0.000582889309456926
0.000501142739799905
0.00142745459452271
0.00023699500019424
0.00216350634582341
0.00110699869692326
0.00377252726815641
0.00438130667433143
0.000357064744364071
0.000433530015870929
9.68019850552082e-05
0.00121263157576323
0.000317645030097479
0.00141802210171175
0.0022740434201403
0.00143000219052818
0.000630218533977323
0.00184925091205356
0.00174172835385663
0.000729380185546405
0.00163821171037853
0.0018828119058162
0.00301597132347524
0.000765838045626879
0.000281674331054091
0.00336167334578931
0.000469785536079733
0.00116958981805125
0.00291679610333718
0.000170594228841108
0.000882334980246873
0.000845007043555781
0.00142454502623703
0.00312703279449758
0.00205828727222979
0.000409438934209989
0.00365930894389749
0.000325029781088233
0.000853317730117956
0.00210581095889211
0.000593865600543281
0.000210413206368685
0.00171000392176211
0.00437347636828308
0.000701775848865509
0.0017196189497731
6.81196022426244e-06
0.00161147000446621
0.00157081068493426
0.000366096887737513
0.00293065875549835
0.00353870308957994
0.00453008104115725
0.0023804534599185
0.00198701051063836
0.00165199612562077
0.00158099061418386
0.00516340210102499
0.000872796354815364
7.29027867206671e-05
0.00225786147178361
0.00235637837089598
0.00260491216592107
0.000823229448869824
0.000501204957293691
0.00333250734955072
0.00309376554341318
0.00219479684724801
0.00125479901911436
0.000962559432293027
0.00460093462839723
0.00215260082741011
0.00378152624089812
0.00295341051421321
0.00249592341032909
0.00154400709085166
0.00160151461139321
0.00278603466566761
0.0026889032971891
0.00159149926155806
0.000419149789959192
0.00053723075427115
0.000342722916975617
0.000694764796644449
0.00281169869937003
0.00129894401878119
0.00409750592894852
0.00244694450870156
0.00316101922958684
0.00244769655168057
0.000268297064806385
0.0016578714363277
0.000426486674696207
0.00322552231573601
0.000667861418488172
0.00233199870574092
0.00486927110701799
0.000664542317390442
0.0013515450238754
0.00107182775345914
0.000851422119885683
0.00178947397507727
0.000846509737893939
0.000117801493033767
0.000380415515974164
0.00532753194799749
0.00603770211338997
7.00930785387754e-05
0.00297697366215289
0.000542009288380775
0.00118548907317499
0.00123785706580219
0.000965107528512643
0.00470582031356466
0.000981169193983078
0.000363170644268394
0.00153278048150241
0.00417337534017861
0.00466492113657296
0.00587840070925222
0.00229723502881825
0.00191496787592769
0.000956660661296789
0.00294663949759284
0.00186049520969391
0.00425778842248125
0.0012133858435651
0.000559498536798968
0.00133235675282776
0.000909019019487612
0.000262631260818291
0.00209384670740546
0.00157293173484504
0.00288305670022964
0.000336688211743693
0.00123966027569783
0.000943659171462059
0.00142423812189074
0.00130877486077245
0.00126036208122969
0.00134269843809307
0.00179990384727716
0.00330348890474494
0.00169844539836049
0.000200570877641439
0.00308612250722945
0.00354367889463902
0.000977971702814102
0.00307343195192516
0.000627226587384939
0.00320919987449429
0.00134338079951704
0.00223922568625852
0.00374389660544693
0.000418376208000644
0.000649889238890261
0.00132496962639764
0.00329894858412445
0.00535676423460245
0.00286087195940014
0.00197790594412927
0.00438243827782571
0.000484665284169482
0.00103459772653878
0.00146035567075579
0.000437026703730226
0.0014416172914207
0.00129589769549667
0.000893998949581882
0.00418093528598547
5.64189348369837e-05
0.000904978206941156
0.00112679305486381
0.000136431790888309
0.00026934034191072
0.0020552903141225
0.000105363721550513
0.000570707142894414
0.000202055171420498
0.00321383057511461
0.000865432936698198
0.000576903400942683
0.00216305521316826
0.000524809397757053
0.0002266157977283
0.000982802752405405
0.000430449803809967
0.00190076932409301
0.000854071876765113
0.00158947275020182
0.00694728964008391
0.00100830022245646
0.00291969071445942
0.00152194563299417
0.000519720781594515
0.00187124123916154
0.000939132638301253
0.000763728963211179
0.000256828032433987
0.00272026609629393
0.000893161721471245
0.0017503006849438
0.000430874894281621
0.00186171317473054
0.000403490485623479
0.0016934856865555
0.00123328584879844
0.0036761789742544
0.00459671546705067
0.000525976647807216
0.00214909688569605
0.00104238373227417
0.00185763906707746
0.00365100434049964
0.000536901234077584
0.000592494023703848
0.000783818420022726
0.00160571382381022
0.00193141502254963
0.003120679538697
0.000517794634226457
0.00114415975287557
0.000694024432450533
0.000708158807829022
0.000386200241944993
0.00266447841530054
0.000530973048880696
0.00112424530769751
0.000819819970056415
0.00163787599516033
0.000886497786268592
0.00166813756339252
0.00249040047805426
0.00346490172669291
0.000165264933829572
0.00219575709663332
0.00230270752683282
0.000634084539487958
0.00242329462431371
0.000720173813671374
0.00365976620465517
