"x"
18.7471830518916
21.5411494951695
21.8307619215921
31.3265938544646
27.1599670406431
16.4339183829725
37.0627435834563
30.8271650224924
14.6961257793009
21.5301098161633
26.712020020932
27.1354843936663
29.6770956600085
25.8774942252785
29.8340153647587
11.0523386625573
23.7823427124592
33.416150463745
33.0918218707666
19.2924821283668
20.1131364097819
14.0397428767756
26.1566573288292
27.3628565017134
34.2089311918244
28.6128501407802
23.0724857421592
21.4311157353222
18.4589656768367
36.2395121306708
21.0571615165984
33.6049280362204
17.2765622381121
12.8931823419407
30.5575566366315
21.4861727319658
7.08169243298471
15.0795947294682
26.9561833236367
16.8301978614181
14.6336477249861
30.9520734939724
18.4936031475108
19.8047083569691
19.3443835712969
31.9877440109849
18.5924562625587
28.9131309371442
25.0672241093039
24.0536892786622
37.9025357422145
26.2494333554059
25.3337658010423
14.0163733623922
32.5781197054312
20.6567659741268
30.7447005063295
24.7314029606059
17.6910483743995
44.6510849965221
28.7782730301842
20.7440933746053
18.3204847155139
21.9549549277872
19.1760571488524
30.7170980842784
24.3797054390317
24.0404702430173
24.4948748964816
25.3944394178689
23.4382378635928
29.0455218171701
22.5999934036642
27.6420767651871
26.780736236833
14.0743670423088
21.8399568693712
29.7444640425965
19.3818320287392
24.7362187132239
17.1029669465497
27.2833678871393
36.1363212556994
22.7658781921491
22.5834152625959
34.4046592945233
21.4584905421361
41.0509314599789
17.5760573957649
27.7292857529366
20.9826210979372
23.7003057496622
24.5818692957982
15.3623262187466
12.472224701196
24.0053708897904
21.2037195986199
21.1537958355621
31.1931409407407
25.3380041569471
25.3851410001516
33.6864162469283
19.9255496729165
30.5668876273558
18.4367383364588
23.4411717159674
22.3075165878981
25.7034338754897
18.8771869521588
9.35411097909857
26.9055567216128
24.3433740909624
31.8819626700133
24.4021858787164
26.1834916193038
26.5869140857831
31.0647884616628
30.7287478353828
27.2353327134624
20.3357720049098
17.5300925271586
23.2160628540441
31.2285246141615
17.8644376574084
31.9288533147872
30.0798181498658
17.947945650667
32.9402113566175
18.3451492339373
24.0804565837607
28.950237762183
31.5885756863281
26.3728983234614
26.0552632622421
9.72811796236783
13.5220145341009
23.5254198778421
18.7982467701659
19.3650490964159
19.4684350164607
20.4589869543734
22.8465900290757
12.1842268795192
25.3628419246525
24.8759240144864
21.8392237322405
20.5048453994095
37.578757337988
22.2518232651055
26.4997613383457
28.2604023174661
27.2434825077653
14.6490392973647
28.7897059926763
15.1840140750721
29.1675335261971
23.1954402290285
10.6283916393295
13.2530548376963
28.52242810186
22.5077130831778
17.1384389745072
25.3974671475589
34.737717887066
20.9240862634033
30.5149668129161
33.2825692137703
22.1927173202857
12.3496028646033
29.2786042671651
20.0475466316051
28.7667902605383
18.2604815578088
34.1608250746503
29.6182013116777
24.451354984194
32.8805076424032
24.3016400607303
19.3949501728639
26.4310698723421
12.4373366590589
35.428675239076
19.9737187937924
17.5505870124148
16.2474632728845
28.4173617372289
31.9999614264816
18.6518981587142
26.5793547267094
24.9021026538685
20.2376338084688
10.5000656604112
17.0471147235729
29.8501735553145
23.3369412599131
18.8274093205109
26.2810116866603
19.0675724143501
24.3952076416463
31.6704120486975
21.1040294729173
14.687804505229
28.4045130480081
26.4391716569662
24.7816087212414
32.8279821900651
37.4428758376694
23.4272481640801
21.9153101090342
26.1121540065655
23.4063082374632
16.6558107826859
20.2419531298801
14.6696976851672
29.6626423718408
17.1627657022327
22.833406087052
20.1276670430004
16.5198353584856
28.4755342174321
24.0515606710687
28.3465571003035
25.2716610026015
21.4113069707077
20.4065238358453
22.130471188575
22.8564398902284
29.7137518879026
23.6360448179767
22.1863243961707
28.2487472053617
26.8749000737444
32.422425574623
19.8880444746464
23.9514515269548
18.411870743148
29.4218288734555
33.8195954915136
24.2700120290078
16.2149372743443
15.6689277617261
23.8120457855985
30.0480779260397
18.3940947055817
29.7075115842745
27.6867540553212
21.2856368394569
34.4832261791453
20.8351649343967
8.71324627660215
24.5334850391373
39.2236848607357
23.4954626369323
35.2311594856387
38.614762045707
11.8939558509737
12.3625815997118
22.7284787222743
24.0139318630099
19.0341152483597
26.9833852071315
27.5436207652092
19.5431947009638
26.4208396198228
24.4788773590699
26.8877622205764
21.2158423348232
12.5652276097691
28.4765165066347
25.9687428286363
25.2449942413356
15.5855279183015
34.2306415084749
22.8648895863444
16.3952201372012
31.0036054579541
24.6197025291622
26.8750541606114
35.8336485435671
26.0786271178384
27.8823573607951
12.7876105718315
25.2519028726965
19.0026438713832
18.0623205085145
29.6824354911223
19.5140620926395
21.5687918306202
23.1444388628006
15.4192814836279
15.0628806324676
16.8870843248442
22.4697184050456
30.929674115032
19.687377569661
28.285421943292
28.7397232605144
16.1955348914489
28.4736684523523
26.7268597062142
26.3068605912849
25.07267592688
22.3595790565014
22.7715499000624
33.1646195380017
26.3844031374902
25.7149717304856
21.4992119465023
22.3274037009105
33.5052933543921
19.1240328596905
29.7522170003504
23.3639685669914
29.7128506470472
21.5837857918814
22.8453596122563
20.5412808107212
19.246022333391
17.3950113880954
24.8024439672008
21.7054678502631
22.6668278253974
20.9226513979957
30.1535857142881
25.5787673406303
19.3309778813273
25.0528604490682
28.2437454676256
30.286485686854
32.7951391693205
30.9198308037594
26.5674122376367
25.8359017083421
27.1812539547682
22.9114065412432
22.3699220456183
17.8153498563915
37.1472555043282
37.5520324779159
35.4623826217984
22.9572908487171
26.5677685383707
32.8057668171823
30.5482852954446
19.2613159772009
34.3158572446555
25.4513318883255
23.1022376567125
17.3888001772164
30.487375240773
15.3594074770808
18.7113486890515
16.2110992707312
24.2578848963603
12.097193999216
22.2053424920887
22.212044056505
31.7600036039948
26.5392459463328
36.117189049483
30.9185961959884
29.8725954722613
20.1786448247731
29.4659485807642
13.2217588135973
23.7901197513565
27.1611577365547
24.782132008113
18.9323488622904
21.2690439163089
19.7044245898724
22.6985010551289
18.7197957420722
23.7082781780102
22.3808447830379
30.5255696177483
20.0281510595232
17.0036068884656
24.3694256653
29.5837807701901
27.9613475233361
20.4228076618165
19.9957903474569
15.1289033237845
17.6614185795188
9.49040784034878
29.0430921828374
24.8889898182824
30.187420360744
31.2759682303295
16.8951404337749
29.8263264587149
21.9672478502616
20.2056143432856
22.9934274684638
21.3909128447995
23.2796353520826
34.2130874749273
18.0006871429396
27.6683309115469
25.1880389405414
35.6128370275664
17.7170569309965
24.9449635157362
26.746195461601
35.5521882128386
28.2403745455667
28.0315162846819
17.1000161673874
12.8507185238485
23.047060193494
12.1767832199112
20.7679180661216
27.0140846958384
31.7987710470334
28.0515898251906
21.7598513932899
15.2860216796398
19.5654591778293
20.8704967983067
27.2736486978829
15.6763076782227
21.9907165737823
13.1902183120529
12.6869570030035
23.8247962435707
34.8446756446279
12.0306650849975
30.9760729782283
21.5482413535938
29.4238422764465
31.0626740101725
32.9145158175379
16.7776730377227
32.8734073787928
29.0896861813962
17.8682545800538
21.530591417104
19.8449137154967
22.8057537824157
29.8045614967123
32.820730144158
30.1557233324274
24.3577472865582
21.61262241047
21.862153057009
17.6859812345356
13.3544522803277
18.2230132864788
17.8015163633972
36.7623318620041
23.7093670648444
29.0282180765644
18.5326084960252
33.0116577446461
25.0754601089284
28.0098051996902
15.6744696898386
20.9089156938717
12.5985462451354
24.7971605014793
27.830460621044
31.1032910831273
26.7396146431565
18.3133373036981
33.8871774962172
24.0959427785128
20.3855392290279
17.6091137880962
28.489698516205
24.9945929041132
29.138246900402
22.2149488283321
30.3827741881832
29.807738121599
25.4940878367051
25.6763605633751
31.7103625092794
13.7284807628021
15.5600180150941
22.7491865866602
26.3813456054777
30.7065926259384
28.4791287625325
24.5008046283795
36.102003182978
25.7315058261156
33.1151899183169
34.5226562814787
26.2822349788621
22.2771959187736
17.8805941017345
13.4509104071185
21.6494550462812
35.7322967217213
30.1662121899426
24.841018114239
22.535975673236
16.2650746060535
24.4131329702213
16.5392441907898
34.9476127306041
15.2502473210916
29.6454016119242
27.5397250195965
33.3229845855385
12.2248313389719
26.6952056670561
23.7470530671999
28.4273540135473
33.8356931461021
19.6395470527932
31.603714893572
34.0094950748608
14.7180779123515
22.6305187969986
34.8909351226823
6.71111110132188
32.9519962891936
26.2196948984638
28.9398879744112
28.7813754053786
28.3988630864769
17.6658541662619
29.903880902566
31.5289210993797
34.800089657707
28.1503001008083
21.6183960073313
24.4977331953123
28.7790661677718
16.0134632606059
31.5281196497381
31.5415209392086
34.7949944881207
14.0119035029784
25.7308778818697
23.1452672975138
28.4620207035914
29.6323677757755
15.1724278743766
30.7864642934874
29.1775646243729
10.9205764718354
12.3873078264296
23.8770706579089
20.7366083515808
7.68035231158137
19.5474347332492
35.5507700261361
29.157328675501
20.1579951914027
26.4158442383632
29.2960732476786
20.5694436328486
32.5377394387306
21.9689551042393
27.0179141169155
22.8604021947831
17.0590649358928
27.1663517458364
26.0939506690954
26.0544334538281
15.9888251684606
13.5501345952552
15.2653224077617
17.551441071555
16.436409833841
33.7223071139306
25.1462341984734
25.9571702452376
30.2368191536516
27.1156894275919
28.4955777227879
22.1087611513212
18.3265131432563
28.1483283033594
30.6363917188719
29.3045203899965
16.6146907256916
18.3186695445329
18.9567915629596
22.1518161706626
29.7795907128602
18.2221440132707
20.1637736754492
17.0504980257377
29.534806846641
36.7019082855135
12.6836053095758
38.0247231809221
22.9454637039453
22.1547782421112
24.331614584662
16.9142504455522
22.3078264389187
24.3769064545631
13.4373035980389
29.6753886155784
26.8893367610872
16.5323514492007
20.6253194482997
16.0764261847362
23.4353847801685
26.4728161739185
22.1526851363119
25.9810388321057
14.7579094395041
21.9569329914391
16.5698415884087
34.1906983405352
20.7046849187464
24.789486033842
13.5469926521182
19.4254377391189
23.9246037323028
31.4092420274392
22.5951835047454
21.5102885607958
24.2291651898995
27.2178813582286
22.7336419047788
31.0588788473979
21.6444008052349
28.9796730969101
7.26410429919458
30.6748499162495
23.9734802162275
23.5492847394198
26.6652393620461
26.0945341316983
25.5101810442284
22.2238168818876
46.5479563829814
30.1768524572253
32.2781138354912
19.3116456735879
25.8698960999027
26.8986569297931
26.2477242853492
26.1248483555391
24.9210276873782
31.4021488884464
27.972537279129
19.518111506477
34.4906869577244
15.2690327665307
18.4916254197399
28.1896944856271
13.8410745752811
20.9262204589322
27.6502633001655
29.7691655345261
25.9643361205235
31.7638497566804
17.1201418852434
23.9684960339218
24.0919925505295
22.0534859690815
34.6646989234745
21.6237168526277
22.7218760410324
22.845081682317
23.9968590027499
19.3245355039835
8.60013866331428
18.2354798773304
26.4853403437883
11.492695179284
27.4264979176223
22.5753765822921
22.9611739749089
13.7025892824742
28.4539400832728
18.3776315534487
29.7590753980302
12.0078230276704
11.9266584058719
21.7965543773635
34.2111424077302
20.9513661917299
31.1911327997223
25.216712886722
26.355869974941
21.1013200925663
24.6577524580061
22.0061403466389
25.7762278429228
23.0014694621786
30.3749341284856
36.1261595938332
32.2380802128464
27.0012472756207
28.3698838436976
25.5599487805739
32.465231019447
28.1850159168243
16.8717523803934
25.4679572358424
21.2753982283175
22.0980900572613
22.8353121783584
21.5603067246282
22.8003291583644
26.4846223851
18.4722227510065
36.6383943220085
24.3235948029906
34.4029481289908
19.6730639319867
22.3928845487535
22.7702401040992
34.1320764506236
18.7221106840298
32.0720140822232
30.8844846440479
34.7747356144196
22.0543972716023
18.3163677676726
15.1814335790183
25.6365947425365
29.0080174338073
33.8812554720789
23.1609822018072
28.8155651961271
40.7485370589176
19.4219057216519
14.465757436119
33.4766207030043
21.6822230722755
18.3256017446065
25.7395487511531
27.7946706861258
19.3493522272853
14.6245224472037
25.6830295315012
33.7813975056633
24.5349398854803
21.1123335070042
24.9395002610981
21.8331496231258
35.1380410117513
16.9563824543729
41.238399686054
16.5983050912231
19.2261609015986
12.5285977300542
32.4170009000227
25.8132819319144
29.4875083724037
29.8835925059393
27.2585179423913
16.3402074249461
39.2425563165403
31.8805761169642
12.4668118776754
19.3116532627866
25.19662741106
32.6893931720406
27.207346376963
24.6760431909934
29.9953655339777
25.7091352017596
26.3006547698751
27.3925008717924
23.0733431642875
32.5502335792407
23.0767329921946
21.2761889544454
17.1105870278552
19.6769526051006
20.1025880640373
23.4035801375285
14.1849118517396
37.8857512937343
28.1859404407442
24.0752062672158
18.8886198913679
33.1513324985281
25.7131751393899
9.48093177285045
19.3036273400385
24.0262407343835
20.8840834941373
33.6239895317703
36.1514413242644
26.5289331087843
36.6479983066625
28.4103473182768
22.0956721808761
25.2511243335903
32.031359965913
6.62789763161814
18.5357554117218
25.3636986715719
19.8364916956052
10.3589577367529
28.2583718188107
26.3922041580032
27.7746865991503
13.9963356778026
22.3961055278778
19.7679987642914
30.1591804483905
35.8456826170253
37.3984491379282
33.5196602391079
28.5358516876162
18.9286363061584
11.6453760165706
14.8188476450741
41.7310364523387
22.2588700242341
24.5631071725369
29.1884111007676
39.3469341380001
33.9492190396413
24.910058407113
18.1950611295179
31.9529482163489
25.6648026173934
25.2856265520677
31.2894596718252
28.6612099036574
29.8721321392804
34.8088720123267
21.944574220106
11.4561023889109
17.979118336447
21.4101254241541
26.4662915142253
21.0378342540935
23.5090291826054
26.1201397283003
25.1314488006756
29.3909807689488
20.0803668471053
17.8212982602417
35.2472229423927
32.2270131902769
29.4919287320226
30.0799615331723
18.7956200214103
18.6098667094484
28.1982656335458
17.9493014002219
28.6361459176987
29.7247529495507
25.5444546695799
23.2959362212569
29.4806738384068
16.3413816364482
21.2974534597463
17.8941890597343
10.5516075855121
36.5688106489784
30.0874937325716
30.2119473228231
16.8567343892142
28.5357654026426
22.8485174011439
23.505894257687
13.9731039800396
21.6482455649146
26.4336650117901
20.0019194877312
20.9498179095474
28.0739453854039
25.4273653961718
24.6575465425849
23.4872612636536
32.9648793442175
13.2787763606757
32.748433179222
28.1564371871415
7.36653271596879
36.6649166659868
25.0979329661341
18.1774863370252
17.0031435554847
16.0074120387435
41.944591233269
33.7235600687563
17.3837436828762
13.1551486672834
19.8187744244933
22.8913376340643
19.5294602308422
26.5839450642965
26.5257538761944
32.9126066761091
23.5558575717732
16.0530873526215
28.3466660417616
22.7609877940267
22.8084960021079
14.838983444497
27.5379498489201
32.6221301453188
28.0443040654063
36.2275986393616
26.1763964314014
27.499170973897
23.3855539234355
32.1853907080367
33.3037244854495
21.1419735856838
28.4030962968245
26.9945725798607
30.2371304249391
14.3965502735227
23.7808940466493
18.3496681042016
29.4844054151326
25.4044328228658
27.8242105290658
28.145337710157
20.3267295758866
16.0376397194341
24.6681301713249
21.9737056875601
24.2984705371782
19.539503310807
22.9764773510396
32.166001945734
20.13158951886
20.07630050648
29.2776182759553
36.5330571753389
28.8020812207833
32.2527923621237
17.3466589285266
17.0942179858685
19.0283952048048
21.9300174620003
25.8609513752162
32.3032347485423
27.8793302830309
8.53471259756336
20.6380406207784
12.7334229016987
24.3196088122204
25.2923759631813
24.1657628444955
36.4526290891177
25.15614554286
31.3929130556062
28.4141410607845
15.7006033583266
30.9726976091042
31.2950858380646
25.9271133458242
26.6820636345074
23.2935280539095
27.5934128090739
25.4602659260854
19.3429330625994
25.2540513174608
34.6230696421117
29.4056071667001
15.1666896855827
18.2134917238727
32.3759684804827
24.6555357283316
25.2590592484921
11.679175244011
31.8512050368802
28.6318371770903
28.9385023933992
26.9415531307459
31.6379041876644
20.3230877872556
26.6856005605997
31.5901098540053
32.7789885224774
31.4827721565962
15.9106164006516
31.0919709037989
18.9760084754679
20.2418904518709
26.8102616498232
16.4269647793844
20.7993723452091
31.4211777178571
29.2767945444211
26.7672796733677
30.6830037152395
28.3382456749678
20.2462282031775
30.251592840068
15.3882069746032
22.3463001428172
21.2043346138671
36.4012270679182
21.8117149207879
15.9452698197243
15.611683081941
27.0209910115227
21.8803558731452
9.88836804876935
15.7724760239944
19.0850268118083
20.9077866515145
17.594316903599
21.1246965220198
20.7198085961863
28.3072160324082
26.9057707395405
31.3578587956727
28.5569393774495
20.5495925111328
25.0096851261333
28.1409287126735
33.2094706362113
22.7082063211128
29.391211271286
37.7424243105726
25.2514869906008
25.426474865526
27.1389760745352
28.0351486057043
18.3725234535802
24.7319225920364
27.069863025099
23.7203086260706
22.6497382158414
23.9762358134612
29.8979537328705
28.9619434857741
27.8720176979415
20.4643129836768
21.2282875319943
23.5347584588453
21.073912200518
18.7033218564466
22.9480761568993
14.8747611325234
23.0394638841972
16.0508412634954
23.8411372192864
24.9633148545399
29.0882315253839
19.4737700046971
42.5569215999147
26.3489081058651
31.0461687389761
18.7718474073336
27.0644215866923
25.896820705384
25.2135566222471
21.2036774493754
27.922228560783
19.5271768607199
19.8566874023527
21.5106430230662
29.320935998112
19.3132607964799
24.7336578322574
26.9169878266819
32.1138971950859
19.8226040927693
31.7882081260905
12.1389043434702
16.9364490546286
40.2925989569581
14.92168023251
18.6329971236513
22.7611816343361
22.3393809515983
22.8055326353112
27.710666758001
26.6347619472072
29.4257255503908
22.7087726593724
23.2488414272666
26.3524214969948
30.1515327533707
29.0725126629695
32.3350554797798
16.8849485227838
23.4565465711057
25.4481360549107
25.7446673931554
30.3872856544331
41.1204816030149
15.1604547165334
22.5227806336891
21.1031997110695
20.0055149849504
7.63452149516386
10.6797344982624
20.793930743821
12.271547713317
21.5908461948857
17.2759752254933
25.2058649435639
28.6564072485457
32.0844539441168
15.8046919619665
21.569632878527
27.595957624726
17.8500152658671
10.3761927923188
27.3383955238387
21.0078713716939
9.95820633826801
26.1827545007691
26.9924968481064
30.5384151870385
24.7083018068224
30.0890693673864
7.28506876621395
13.6616530595347
30.3371293470263
22.8920662309974
24.0453653034318
11.5533220778061
19.2689089570194
13.2290640613064
25.3417958871149
28.8179509341717
26.6129968687892
25.5679323570803
30.4732200922444
30.4463766980916
31.3119529047981
17.7438159693685
26.9203996751457
14.7699528140947
25.8346196264029
24.6771630831063
14.4988037315955
22.3163602640852
25.3566746599972
29.9976340727881
22.1171647310257
30.8716303901747
32.0993198081851
29.4107150519267
22.5795604754239
27.0093969535083
17.9696155944839
23.3965823892504
26.1016659904271
24.853894370608
37.165688550425
22.8251721709967
31.5924931550398
26.7560438020155
22.5199405336753
30.8699201093987
23.7534276908264
18.3559265998163
19.3080152617767
26.3652295805514
31.9554553600028
24.1118590347469
26.7887296853587
23.366891659477
37.4752067939794
22.975272228958
27.8901518555358
26.7527001909912
35.0436768939203
29.535087919794
37.9423618761307
30.9191521257162
27.0940134301782
34.0152123710141
23.5265603056177
33.21689798031
21.163282985799
24.5207589585334
36.1802753971374
31.533893593587
14.053868339397
8.53624392766505
41.8633137342936
28.9240279234946
7.40787675604224
32.2652503382415
23.5613105352968
23.6566054169089
20.3954125288874
31.1537569388747
30.7306479429826
25.405644881539
22.3893017898478
24.2679654853418
19.5110464002937
29.8159611411393
19.6075160987675
27.7937317499891
20.5971509359143
28.3126846887171
22.4897089903898
31.2916971975937
35.5189017464823
23.6743211746216
18.5475619032432
14.8922745836899
18.4578729296574
26.8491445342079
19.2600827198476
35.024924201653
27.6779463049024
21.1010612547398
28.3291671657935
24.0408483056365
16.9189004926011
19.7453723931943
20.1919812476262
26.8865686494804
31.3930968521163
38.9018545373611
22.9540972970426
35.7176530731401
27.0241599297151
30.0911713624373
10.9316606307402
28.6883111599273
25.4517857218161
30.8537493692711
17.4144736258313
18.3016908820719
25.6880090106279
25.3782540094107
25.4361977567896
17.8904394449584
24.0837819408625
13.4992220671847
20.2670683618635
23.2139468658715
26.0532293468714
25.8215531008318
18.5832278733682
13.3823845508967
23.3611019793898
22.6455988828093
8.02056235261261
26.6702125081792
21.4001429500058
26.03382768999
27.8579954523593
26.0432182345539
33.5599311627448
21.3908909356596
16.6273371782154
17.5484172838337
16.5976740187034
27.4841227568686
22.9074566392228
26.8621074501425
27.3524014041828
21.1437037913129
14.3539980985224
31.9850080413744
31.8198750261217
29.1852316732858
29.8968637129292
16.9094846146723
33.9694606373087
26.5996653586626
23.0188764973543
34.5871151657775
18.2011213852093
24.9925021314994
20.2682381263003
22.3964057862759
21.2062957463786
16.280180728063
25.3347862033362
25.5801050923765
26.627838332206
33.0638875253499
30.9378681937233
21.2762739742175
31.9909614743665
24.9473675852641
24.1545328637585
34.4809212721884
22.6324925897643
19.8718736044975
30.0040777307004
23.5063754720613
25.1727018505335
31.7893749335781
21.2551428936422
20.5912189325318
11.3315811846405
32.3138323612511
33.0571834929287
14.6363024400929
24.3383477995998
18.9775310922414
28.9581350050867
30.7248873403296
24.1947317030281
30.239870166406
25.202323240228
22.2753495026437
33.5307419067249
20.034193363972
30.5303108878434
17.0058952411637
19.515966518343
32.8882124042138
28.9043380464891
15.8714663431139
22.5203266832978
35.3161568732417
16.4582274843925
17.5385900039002
29.2930259908207
18.4653799980879
21.7170186340809
29.517638636753
3.32911819511179
16.5557409636676
32.8023953828961
5.42010021879709
26.0771492263302
26.2174667324871
25.1611339626834
16.3359960541129
20.7871104823425
16.125571604366
28.2195928736735
23.7847927724943
22.0191354164854
25.6673652445897
18.7602520221844
25.5015534115955
20.946775469929
23.1821493944153
14.7332104854286
21.2808419484645
35.0572029573327
13.8100594980642
15.1978471548801
23.7895481521264
27.3815231164917
8.84831141675589
31.7165200831369
16.7235610540956
20.1553861843422
26.1241637403145
26.4719892293215
19.6200190577656
17.7588288608292
23.2476439537765
33.4192308597267
31.7090268945321
37.5014012973479
19.0471375939827
24.5181976584718
25.3892940100533
35.039962433246
36.1413758638103
30.1740234252065
24.8869045870379
19.1419923212379
29.0271912235767
16.8853954644874
24.9714398058131
22.5787157857586
36.7001995888955
27.4587411433458
25.0760233852356
28.8212123792619
16.5257341510402
21.842857510305
28.2055609393865
19.2699291044846
25.4386916450841
26.1618272168562
18.5908362735063
32.9419190064073
18.7415509313206
7.10627450607717
29.8500632134423
25.5691144382581
16.4991001365706
29.5248921960592
15.4275558381035
25.212634797208
30.0954971229658
16.4637720678002
15.748941572383
36.5558054742819
21.3439982151613
25.8342581874936
36.3612016641951
38.7079865729197
26.9631373696029
32.6050164876506
32.2659635683522
19.9337838450447
25.8985229069367
23.8597847288474
29.6702335067783
16.0447305534035
13.5968109359965
22.0436852192506
18.7854820629582
33.5066254017875
28.615087387152
23.4988244250417
18.9087175414275
28.8984889630228
17.7120381267741
26.7179400202594
23.0360458837822
25.4916970385239
16.9293515422507
25.9910814696923
20.4909290657984
17.8603674285114
23.0852769222111
24.2265383137387
35.8280355606285
36.4699307342476
16.3381656755675
33.2408934133127
24.0178377367556
13.5280859423801
20.303749316372
24.1065563747977
34.7507865302617
17.2276846366003
21.3226568419486
27.7929617324844
29.586202534847
25.358529179357
22.2441583843852
19.8551591020077
34.3143843347207
30.7511931750923
19.6780200518174
19.9640253325924
14.2789697999694
30.4035277338699
26.9399705754275
25.321525358595
17.9830683162436
23.3422900317237
12.4558736911333
29.3742356589064
16.2338584636111
19.1948104882613
8.80662624258548
19.3761575734243
19.0482823643833
15.2047817362472
13.8020120693471
11.0859179973167
25.969367288053
21.9913309525147
32.8986725769937
28.3698783954605
21.819242104607
19.0985372522846
28.7636608351022
35.1271850501603
13.5730540379882
21.5821209363639
27.452122222405
30.0217035226524
18.2598830200732
35.686910196901
25.9719169698656
32.4333735741675
23.4837636516976
25.3596508176997
23.3666341037125
30.2132963435724
29.5274168718606
31.4209207659587
31.9985218346119
21.0619821678847
30.4028402781114
16.4600253570825
25.7807208225131
22.9040577615078
16.1100772019215
25.3662756434386
22.2908072872087
23.6862633842975
31.631768331863
28.7690073484555
33.7728202110156
25.138550507836
21.8107960419729
23.3959475066513
27.3656886070967
23.1938975863159
19.1995685454458
18.9147058408707
24.613224924542
24.4537457590923
32.9681326635182
28.7859559291974
27.3793344153091
11.5265112137422
17.5295318709686
27.0934707252309
23.857150785625
31.924492539838
29.9169444479048
18.6939995270222
30.7620789622888
20.9594867890701
23.8947920734063
14.930713556562
28.277102462016
29.6144545036403
35.6756680158383
18.335491954349
13.5181457948881
19.2761171598987
16.0901970462874
22.4517656490207
33.8115448830649
25.5472165765241
28.2841899703396
24.3793764850125
21.5530055342242
25.627517211251
28.4640901722014
31.7437758669257
21.5997654711828
19.8679614003781
22.0763252582401
32.3699265951291
17.2477936331211
35.8806015902615
20.0553360395133
27.4743706453592
32.2712432360277
25.3030429032066
20.3042516484857
37.0136401129371
22.8444455191493
23.7461011391133
22.6274615619332
32.8043317422271
24.7274554800242
24.895589821972
21.9919019378722
21.5634536230937
21.3744105771184
14.9490231415257
23.2107337098569
30.5331294192001
24.3588616264366
21.0743151759396
21.6766601195559
26.2846292229369
34.8907674588664
17.1182638965547
36.0680342165238
17.6520359266913
32.6670665817706
27.6016692863777
31.4153673127294
27.3451346438378
33.0008429475129
27.3601931752637
21.2707615690306
22.662884159945
19.5969548309222
28.6819800268859
26.1427900986746
9.27501297968354
14.9714316559328
17.4412372754887
33.4831850603223
30.7486085185294
35.0768367561207
25.6114172894927
15.435853600502
20.7315990934148
30.8745507150888
36.7358557055604
18.4474458452314
13.2825264008716
28.0357892857864
19.910590212023
23.7538108369336
33.2866874523461
23.2803188497201
31.4833261072636
33.1621575169265
27.3702087813369
30.222588754259
27.1048995200545
17.765369429253
29.1657147675257
22.8968157898635
26.7641879385337
36.0979658064848
14.6095842209315
29.4960174312673
25.321808049217
22.2006319556385
19.9044888839126
22.277530528238
24.906367319636
26.8969422904775
27.9186147497967
10.8161240583286
32.274858863093
28.4527372103184
23.5287006013095
19.1014977164588
35.091753913463
22.6471419243877
25.3350675231751
29.3335951864719
21.8156957139166
16.764036915265
22.7672669238634
41.6569530477232
23.8770186668262
28.1092499848455
30.451628472656
23.6892231274396
16.57779593952
17.3093708697706
21.4388065738603
19.4407213330346
24.5044350158423
17.3765485873446
13.0227396784388
29.0209604634782
20.60574258212
25.0434565125033
23.6651372630149
29.1757673257962
25.3311681328341
15.314852935262
24.140456225723
21.6875227168202
24.3950874777511
28.6701333941892
21.2542951572686
23.3278453002028
16.4445594185963
34.776832657825
22.5409185372443
29.0670299669728
31.5433499403298
25.9439473506063
25.0959759578109
15.2080100495368
25.3389250013344
22.8336337022483
38.8016129822886
34.1519434237853
25.1687100389972
21.2563508655876
20.2204453060403
32.8890450997278
31.0827564448118
28.248986415565
21.2382746627554
18.9691619714722
17.2153149964288
23.0793533846736
26.5530661470697
22.4376547383144
28.17751779221
24.6040348662063
19.030634383671
22.2622147062793
30.1594928838313
29.1406886186451
19.4339508889243
18.648878717795
17.6457914380388
24.4143716990948
22.1323948353529
27.5095187826082
21.8936034761496
33.8561641750857
27.5508459191769
25.4127216991037
28.7672943435609
30.9079784545651
29.4579544803128
20.8074113354087
21.2691529188305
17.4393359701979
15.2531144907698
24.4531248230487
24.3623672913941
32.2976704919711
28.2014146680012
21.3120962529822
19.1080452874303
19.6244245627895
30.3602794418111
17.4871250557831
20.9668464958668
28.9832497481257
26.250501582399
21.9972448656335
25.7757981307805
20.2907416969538
33.6618039524183
16.8628145707771
31.8443198921159
32.3448908049613
21.2670609122142
29.9786108313128
28.4035147633404
19.880156009458
32.3337295558304
21.4919844875112
33.6401468608528
23.8681036746129
25.953500228934
25.5242456051712
33.9524427196011
18.581069377251
36.6211159133768
24.5931475190446
26.1411541607231
26.8724395195022
17.5599145205495
27.7308973483741
17.171955271624
27.767414203845
34.5995876239613
16.6896605517943
27.3206574376673
30.6700293673202
31.9562498945743
15.0386762572452
41.4467115399844
30.4083771537989
16.6317472039347
35.2175460757962
32.7811881667003
26.5164672615177
18.2266650117305
22.6556605892256
19.1678963135928
23.3727899380028
29.4493325054646
18.7948558246717
27.5029910495505
33.6785691790283
21.8839468434453
31.2832169700414
35.2060327751047
19.0226296661422
25.101462029852
25.5248921574499
24.5193368988112
29.6422373270616
10.4061404010281
13.2266452489933
23.2694395817816
17.6410732325166
32.3243540711701
25.8750383043662
16.0341966198757
26.9597303820774
16.7852515612132
18.4671893017367
18.4811979214208
34.5512424828485
27.4113478139043
21.6911965748295
31.6357261966914
29.0239416994154
17.2680882271379
31.1274884501472
31.7060057772323
9.14638782498027
26.2523037847131
16.024226848552
23.9997301250696
22.8258633520454
20.0477998703718
23.6807692795992
30.5543807800859
23.0788071367392
26.6174459597096
13.315819546792
20.5756669398397
19.7625147178769
32.221027975902
21.7878829222172
27.7703460305929
27.8697312343866
24.8949820641428
17.7013123873621
23.2590172783951
27.3962354985997
24.3857056539796
18.4475792804733
30.8042887132615
12.8809299087152
31.4873599680141
10.1839968934655
21.9483783934265
21.1482140468433
21.2213053135201
10.2162543218583
26.6590653220192
22.8994717122987
21.3154016761109
28.417546255514
25.5487052124648
18.202214082703
18.7388405669481
16.7681602295488
21.0726196179166
25.6591616664082
16.0585401812568
26.0822053096212
29.6369884163141
22.2811056940351
22.6546680995448
26.8101067049429
24.3932444602251
31.3409763388336
25.1389126991853
19.916293839924
37.1477860005057
34.5410401234403
23.3102692989632
24.933891533874
21.3660447929869
11.8523597484455
12.2194283641875
22.1950891194865
18.783852266758
24.4099145966868
34.7918968161053
24.3736360702239
10.0169111741707
23.7354455018657
17.0961669927687
14.3457808531821
27.5623840745538
21.2226905627176
21.3090237928554
26.4656801940873
22.5491581026523
26.348562235944
37.1692126617912
14.0919909156206
23.3668480534106
23.7300010630861
25.291882729021
40.8519236611221
26.3748890487477
14.7651876681808
32.4637348065153
15.2814771980047
20.0250424444675
18.0591942043975
23.9036742364988
17.9323406657204
27.2013739217073
19.1483105299994
22.0142001053318
12.6302629476413
23.8016692455858
34.988779248779
25.8617033949122
25.8485928177834
19.2438432946801
24.5703086489812
28.8654565578327
22.8802477940917
23.1173514621332
31.8020433187485
16.3438243791461
19.1733447834849
32.4956818716601
33.8456771569327
23.1721960706636
20.0969307916239
17.0743940863758
33.6503660771996
22.2884928341955
33.3611627342179
26.7636926146224
30.1162978867069
20.3611852135509
23.4261611010879
18.2322101667523
25.1309570390731
14.7984745213762
21.8303101835772
22.4796831607819
25.0728944316506
16.6392761049792
18.3378577930853
24.8815401690081
23.3518355758861
29.6059816610068
18.9995385806462
38.26014085016
27.6921812910587
28.2518734922633
22.127728536725
18.5020158300176
20.7996320660626
17.2451060032472
18.7172639416531
19.0004214411601
19.6267882362008
17.3678972525522
31.812902353704
26.0169926797971
31.3896187581122
25.409396039322
32.512141764164
31.8352355156094
28.3892696490511
19.99202799052
23.3389416243881
17.9164025152662
23.1222939444706
29.2195186018944
17.2359277829309
28.3989985007793
18.2977622142062
26.8300739349797
34.0541768353432
22.9187351185828
28.8439558818936
26.3549064053223
30.8593922759299
20.6127270590514
18.1602526223287
22.4569909274578
38.9706506451062
36.2206303027874
20.5529056991916
20.9948627511039
14.8144595109686
17.1592589933425
34.3546024989337
24.4590652408078
24.0529178641737
26.3342426624149
17.3034305917099
24.4922382058576
26.6411343589425
20.1870213262737
28.7829592358321
26.9076757365838
24.9153175391257
24.1656249471674
24.8463877709582
23.8920252208653
27.9798582196236
17.1083474567099
28.7126656156033
22.132253437303
23.7024655983838
23.0869061779231
13.891326676051
13.3446125779301
27.166847512126
30.9980330290273
36.5021439660229
25.925429421477
19.3018937949091
19.9281663473843
33.5897346027195
26.4900320442393
18.39435454458
34.6692265969474
30.9527252706088
14.8006517122624
18.8554950524122
21.6725280508399
15.8046757053766
16.1835139850155
19.3160466793258
23.9844279629845
25.7665744749829
21.085595828481
20.4079923918471
13.0822649729173
9.57277852637926
26.4303371537526
34.2217974131927
27.6172855636105
25.4577064653859
14.8339670384303
18.1377468863502
23.3319653370896
