"x"
0.00625116880983114
0.00368627340434446
0.010576710421592
0.00459390650503337
0.00616494088433683
0.00577560684643686
0.00819874402135611
0.00605570528656244
0.00514718056623979
0.00392543226996988
0.00341415884904563
0.00775984731502831
0.00660789421998055
0.00683492813357422
0.00580938681960106
0.00411719805561006
0.00689820804690603
0.00578176712617278
0.00583382509298956
0.000695380000397563
0.00886800780892372
0.00446143630892038
0.0102561755292118
0.00285626436583698
0.00264588269405067
0.0054236541768725
0.00549009106121957
0.00698119132779539
0.00362728552976845
0.0050209171893436
0.00958114182576537
0.00444747625850141
0.00244966347701848
0.00633175240262828
0.00504455956630409
0.0082170279417187
0.00518070418387651
0.00691012255847454
0.0105027346778661
0.00537560825369015
0.00844087715260684
0.00578631571338431
0.00293123767711222
0.00496645961721692
0.00671010531953607
0.00555356579832733
0.00435166286304593
0.00955035503022373
0.000170826530084014
0.00577559584751725
0.000618943488225341
0.00283903240223158
0.0038318192679435
0.00904760775156319
0.00242257418500936
0.00900669489987195
0.00505529408343136
0.00551239143125713
0.00304607121878944
0.00589224419556558
0.00507993117938662
0.0094106878247112
0.00545998438261449
0.00807311233133078
0.00873012356460095
0.00603856782387265
0.00744512581266463
0.00322812092490494
0.00533742528408766
0.00534557320399011
0.00847456279210746
0.00772114279679954
0.00616330516524613
0.00555607888672018
0.000440996382385492
0.00687109966762364
0.0102146534062922
0.00610309466719627
0.00703134026378393
0.00650482803583145
0.00440364665351808
0.0031219779420644
0.00564611259673595
0.00619974344037473
0.00284281503409147
0.00598945858383876
0.00494218663312495
0.00194076308980584
0.00549180699512363
0.0111991361808032
0.00792872522026301
0.00601070974953473
0.00916138860397041
0.0041941910114324
0.00398350055798062
0.00701850555837154
0.00427323744632304
0.00322997649200261
0.00190627444535494
0.00630477046594024
0.00435821363702416
0.00602969687432051
0.00563978866103055
0.00781919207423925
0.00374896032735705
0.00452606070786715
0.00268192743882537
0.00771118657625139
0.00836497420445085
0.00258590509598478
0.0073422094900161
0.00749112269069198
0.00571993691846728
0.00644741342280586
0.0119088757224381
0.00750114584341645
0.00698508067184999
0.00955553929321468
0.00847942044958472
0.00960590351372957
0.00616992467546944
0.00770377031941973
0.00483666716311017
0.00488553662784398
0.00583480210974813
0.0073885037470609
0.00655841088853776
0.00222531403410912
0.00708712873980403
0.00187827425611421
0.00566204972565174
0.00414925023373976
0.00400325063893668
0.010821777228266
0.00521838122978806
0.00618348281825113
0.00532935026684148
0.00996755297295749
0.00731430416926742
0.00491321555411966
0.012781299771741
0.00774182902649045
0.0050464356970042
0.0064388459874087
0.00173867870897939
0.00512935613282025
0.00402092770673335
0.00512490150518715
0.00245477537624538
0.00614347460382945
0.00196585305966437
0.00486010211519897
0.0118250417988747
0.00443920371821834
0.00485486967489123
0.0051497843309132
0.000742014891095156
0.00755540596601192
0.00600185037590563
0.00389227825216949
0.00542345452637042
0.00379889558069408
0.00403617622330785
0.00648065666668117
0.00678668694635867
0.00207678514777198
0.00530676475497426
0.0021768970976439
0.00468547604978085
0.00685692384774369
0.000857812782658082
0.00486217517405748
0.00680742769145992
0.0020833233749087
0.00517499133944511
0.00315382923930883
7.41351861506701e-05
0.00805304215484578
0.00974025693722069
0.00701088588684797
0.00614520045177806
0.00231394794089081
0.0050344948598197
0.0099244790058583
0.0030077378731221
0.00843939440324903
0.00643666392192245
0.00946410472504795
0.000718809657355817
0.00740554893389344
0.00535978401719012
0.00592902874574065
0.00719309492417913
0.0100194842255672
0.00627178247086704
0.00508516486734152
0.00790142555592432
0.00399627767690667
0.00648331037722528
0.00328935426659882
0.00492016746820004
0.00661801492795348
0.00654943922874933
0.00723896308337621
0.00524435464292765
0.00741190444678068
0.00814339377249879
0.00247846769790179
0.00620008715428412
0.00940005487762392
0.00636629160493612
0.00426115581765771
0.00635101265273988
0.00737208086997271
0.00643682337660402
0.00856649133376777
0.00947031202726066
0.0057634157475382
0.000338405299665419
0.00620434455573559
0.00111514425836504
0.00799039055879935
0.00505220014601946
0.00390294656157494
0.0055419348180294
0.00349441347756064
0.00789729873437408
0.00882542714568896
0.00708088764920831
0.00243676354356726
0.00360438636504114
0.00529001782038872
0.00289329239167273
0.00180424630641937
0.00884997501038015
0.00208905108330192
0.00471944877877831
0.00311792802996933
0.00199103899300098
0.00374429585553068
0.00397169077970889
0.00931779893115163
0.0088658725656569
0.00584535898640752
0.000853582378476858
0.00264433375559747
0.00515243719240638
0.00777730021625757
0.00257402769289911
0.00399349922314286
0.00717879692092538
0.00502612278528728
0.00964424977079034
0.00695725351688352
0.00717674474070047
0.00677082671783865
0.00736755353526851
0.0090723670553416
0.00354043767787516
0.00677114918828011
0.00678947899028335
0.00231305977938881
0.00380287623032928
0.00861851830035448
0.0071751701113441
0.00625088451430202
0.00290465627475278
0.0056214242707938
0.0010327697501919
0.00332449086941779
0.00614112691662567
0.00405990013852715
0.00927118943072855
0.00908924274664835
0.00534402225166559
0.00513039170764387
0.0102527527883649
0.006699373787269
0.0020825629029423
0.00753256433794246
0.00598093442568567
0.00746433157473803
0.00127859172659443
0.00796786169015678
0.00608386652322362
0.00488343395292759
0.0063409230299294
0.00583050142042339
0.00980550155043602
0.00564317307191658
0.00548899594694376
0.00901507847942412
0.00698015449300539
0.00909018121659756
0.00173169530928135
0.00534650179557502
0.00979973240755498
0.0089940894395113
0.00177457957144631
0.00804240898229182
0.00136889259806373
0.00385789889842272
0.00370809886604547
0.00571920312941074
0.0014434189237529
0.00951164714060724
0.00120195632598855
0.00574509978294373
0.00796373894521448
0.0117170219495893
0.00288269673361988
0.00474314904771745
0.00669942502956432
0.00730248989537358
0.00886456591077149
0.00145461974665523
0.00752973686903715
0.00676272939890623
0.00394234743900597
0.00739352794364095
0.00744787276722491
0.00982319293543696
0.00818158261477947
0.00390335933305323
0.00821446799237055
0.00303311984827491
0.00155025920690124
0.00439067677466538
0.00282018985599279
0.0075599792227149
0.00453636477847551
0.00478600447997451
0.0038127614185214
0.00422876299331471
0.00346814602613449
0.00164448644571689
0.00314726918004453
8.65377392619848e-05
0.00623332560993731
0.00673633696181017
0.0059025776013732
0.000234749408941169
0.00332101340630005
0.00875186604327105
0.00397068043616654
0.00793675945357121
0.00666318261064589
0.00796449797227979
0.00712099000811577
0.00186902684703147
0.00497997749421551
0.00534878349862993
0.00731436527334154
0.00494142812121938
0.00432189745828509
0.00506026023998857
0.00149485817277862
0.00717575017424411
0.0046379713062197
0.00821236365474761
0.00555609438568354
0.00296915885061026
0.00847850934316045
0.00728355778381228
0.00487547846542881
0.0094091574754566
0.00457759379409254
0.00759343918412924
0.00405686809737276
0.00217085531912744
0.0013292389549315
0.00797380196861923
0.00874459546990693
0.00795362674631178
0.00891460990533233
0.00591365802101791
0.00389885605265174
0.00570529359536807
0.00637831940475087
0.00828710812143981
0.00849032377824187
0.00426598676186008
0.00400362756539908
0.00497098012676957
0.00837924701161683
0.00647602978162468
0.00632309145055507
0.0123023283109069
0.00936400335282087
0.00681617488153279
0.00683981676585972
0.00644150885805566
0.0125575666315854
0.00549274561926723
0.00147620077244937
0.00730394669605513
0.00373413289130255
0.00893916362896562
0.00785287966020405
0.00327355176141754
0.00630514848503354
0.00321963445283473
0.00537138477899134
0.00661606653104075
0.00358845038339496
0.00638258674178018
0.00393551145680249
0.00160724740038183
0.00737653789501057
0.00530578012578189
0.00816052041947842
0.00207110765390098
0.0063299984484911
0.00544349431060255
0.00409157897345722
0.0094079530518502
0.00553942489750459
0.00486675511114299
0.00734131324104965
0.00229964580909078
0.0112623076792806
0.00526885434985161
0.00591397144394124
0.00248246728442609
0.00350809081457555
0.00116399463266134
0.00721069319200332
0.00580390345305204
0.00241407941095531
0.00711246760127261
0.00302486673928797
0.000257391920313239
0.00673317280072303
0.00217072397383824
0.00510914693586528
0.00433332762680948
0.00360033629462123
0.00456135829391435
0.00467844331637025
0.00548626760952175
0.00655066042943095
0.00665344560518861
0.00352392852306366
0.00665816789492965
0.00453274689614773
0.00633970540948212
0.00138507949451224
0.00586974878795445
0.00669753240421414
0.00515700161183585
0.00654737289994955
0.00629536775040863
0.00461912509985268
0.00659990339539945
0.00794821536168456
0.0040308478847146
0.00659183252602816
0.00726739872246981
0.00204089158214629
0.00759804531000555
0.00783619833178818
0.000454969951797774
0.00145232095383108
0.00680595519021153
0.00886311499401927
0.00257732306607068
0.00739272344857454
0.00427166120149195
0.00523698910095887
0.00886631199158728
0.00290060945219525
0.00302268964512802
0.00752673164156312
0.00955971009097993
0.00770734660523498
0.00225957243703306
0.00705935452133417
0.00372232896275818
0.00700860381126404
0.00243602872772371
0.00405770768411458
0.0044908166397363
0.00363594402232048
0.0065967094053951
0.00493383509106934
0.00464688745867112
0.0116541125230687
0.00864137291908264
0.00402877812223358
0.00547160664573312
0.00666625821962953
0.00713108719326556
0.00994176429696381
0.00775323783047497
0.0030595591198653
0.00241327047484007
0.00519554559141398
0.0071682467404753
0.00590506952255964
0.00422631572932005
