"x"
2.7566100587137
10.5043326853774
8.35064909188077
9.65267125284299
4.35990135883912
8.86733444640413
10.3404113785508
9.39372916090857
8.88845885638148
3.77014535479248
11.9007900822908
9.29694903315976
8.32893487386185
16.8992863385938
12.5925793894567
11.3552599679679
13.3696537581272
6.55124592780822
8.34658062085509
8.12526769853036
11.0450908308849
7.6181395445019
10.6127270497382
11.3615245331296
9.28149555111304
5.63278672052547
11.4776921485021
10.2822625078261
9.89849250763655
10.3912851540372
12.149604910519
10.7652809470892
15.9181296708994
12.6320044732195
11.5450175944716
12.6229804824106
10.3036761749536
14.0452002842782
10.4857279453427
11.5963373915292
16.1228029523045
6.21990919598939
11.9366684028915
7.30156094275813
6.84196853544563
8.16517917501334
14.2607473419048
11.3567216787487
10.0022336118855
5.78145456966013
13.5084407636896
5.94145326176658
13.1755103939213
3.39342682254342
4.14296167436987
10.5134744546376
13.2828722125851
8.59143664024447
12.0704226195011
6.05935728572987
10.342144081369
7.9842874663882
12.5783246592619
11.9273367221467
7.46699000010267
11.3571210065857
11.9934708927758
8.67856139084324
10.7372633530758
7.99906238680705
6.04437856236473
10.0373971305433
5.7065277826041
8.44580013072118
11.8161709047854
9.10972552283718
8.0017106744853
10.1003947718594
8.43904410721734
7.19916740047256
11.2745753722265
7.05824382603168
7.81659113708884
3.10427220538259
16.8785716989078
2.24207697901875
14.4293566816486
8.93667079239675
10.4562477907166
17.9687723041254
11.6973891388625
8.27191976131871
6.15635482827201
10.0595319294371
8.80095240443223
10.5067905853502
7.12476519402117
16.0854865913279
10.0899986922741
16.1264760186896
10.2045223000459
11.2936074379832
10.9548502950929
8.52299033431336
5.7099261357877
8.9463126681689
7.89231961825863
9.32071574899215
6.8433141685091
9.64214780423244
10.347583249677
7.91844665072858
12.8894835012034
7.64159370387645
10.3293907828629
9.5033010118641
9.07318175304681
14.0670426888391
10.0516312289983
9.47675979696214
10.6239417218603
9.33670290978625
12.4926397809759
6.16254805354401
12.4444413348101
4.02746935142204
12.2976728947833
11.1030592117459
11.1007344676182
11.6612852085382
14.7793708252721
9.23092906431064
5.55055764270946
9.88914096960798
8.60134145477787
13.7469314038754
10.6218969100155
10.1127077825367
7.31581698677857
12.7343392232433
2.39494022995038
7.4282213114202
13.5132567142136
9.81058100005612
4.91108971182257
7.34815774156021
13.6674369568937
8.28595801722258
10.4426152189262
8.97169007221237
10.5302453390323
2.59405389660969
8.49241896066815
13.7151310220361
9.82996023063793
6.24016978545114
8.84616534458473
13.6970160412602
7.79908426338807
5.39764959830791
9.54653010965428
13.9448234345764
10.8235112740658
7.59326960788033
1.25656421052562
9.97616986278445
7.09748049266636
5.95322155859321
8.19617330562323
9.19696159206512
7.2703888756223
8.30389199545607
7.33264306327328
11.1398599527765
6.76188048673794
8.58157539041713
9.84745747409761
5.49714734079316
14.6970585454255
11.6598916356452
4.95907664703493
9.28595318691805
10.3364665422016
8.71921294601634
11.5070297266357
7.01085516595642
11.3762726425193
14.0041015692987
4.0332232019864
10.5890291044489
2.96499748947099
9.6148663200438
9.31902599986643
10.22717456799
4.79886030079797
6.97301854379475
13.0000546108931
6.41913649984912
8.56362994527444
9.40437712447678
12.651580630336
14.6836091997102
8.63999740686268
12.1613354422152
12.2830990469083
8.67844745516777
9.58333131664512
6.3324251328595
2.39744157297537
8.4713741671294
9.14186797065439
4.48709841584787
11.3717462751083
11.53099645162
15.4014569940045
8.71294413189525
4.98831026488915
6.64954878123364
3.56522706570104
8.97076081706327
8.54526061080646
8.40598194627091
11.8534832005518
5.57557898573577
4.85009740805253
10.2323107188568
13.1837439211106
8.99108973196569
11.5099404589273
7.13818181538954
6.84127203421667
13.1407833323238
13.713592197746
3.91673555720109
14.1247683903202
12.8131628385745
7.41027735882985
8.08536213589832
12.0049652294256
9.02225935133174
8.54530745418742
6.0499869287014
10.9642413095571
6.70509916963056
8.12321862904355
7.17329598264769
13.1524885538965
6.76425900310278
8.21904989070037
12.2051546582952
9.8458832479082
8.96477239135567
1.85146670178556
14.2550582182594
5.59109347832097
3.99219089886174
10.6135020963848
12.7690809313208
10.6513330247253
11.7277042125352
8.88100692599749
8.34578390931711
9.30398155469447
11.8718193378299
13.8299773796462
13.1545681254694
9.64675798313692
9.32833766564727
3.39607027927303
7.90617729071528
5.84106741007417
9.5677983481437
11.0551969800586
6.6531105116542
11.8514193370893
10.113011172507
17.0458246488124
12.4789853929542
8.77011509146541
12.854951294139
11.1338025308214
10.9423161833547
13.1006889161654
10.2179693290964
6.16525451187044
2.06490471636525
11.0237311749219
11.1586693144901
12.3324370593764
12.568337272387
8.81871212836349
11.6782303783111
8.96978224627674
6.7114844918251
8.91972462691249
11.1440902692266
7.92358393082395
4.05154429608956
11.962218710687
5.14141076033345
6.45321306074038
0.351186181303827
11.5302951214266
9.61956071723879
14.8941058316268
5.40074843447655
4.88731503719464
8.14192149731058
8.27672922750935
8.52127916170449
7.84941412275657
9.48853385785575
10.7007717597298
11.6435507661663
9.55264731310308
3.66143824066967
6.0105366779302
9.61642751935869
7.29857116239145
12.4971077452744
6.70366508420557
7.46574228396639
6.39715279843943
9.84696018276736
12.8766074660234
9.74299025852348
17.4922893926134
11.3578328862786
16.5640525636263
9.31897768750787
10.4800357716158
10.4769208119251
11.3490518648177
10.6253986959854
9.31312951724976
6.42822693334892
9.42901274327211
6.74783344147727
13.0637601949275
4.99193411510068
12.4683603527956
7.29754763888195
5.71314636153103
8.06828776235955
10.506054025609
10.4751011938788
10.1353722275235
7.20767973630124
9.41486185183749
7.45464218780398
9.55430727216963
7.87564611695378
9.78366550989449
7.15691528748721
10.1337354979478
15.7178824883886
9.75161030655727
8.54952878784939
6.15726759215121
10.8537717605941
10.5853442801163
7.77893657796085
10.9238326433115
11.8320124573074
7.94544452799552
6.69649312861506
10.0488975411281
13.8739222311415
10.5081499903463
14.5104831201024
12.3562071705237
14.8317665353346
16.4862930076197
8.95710116019472
9.61306021781638
6.07092500431463
14.4246182171628
8.14953623339534
9.4926357967779
8.59269129578024
7.45439588790759
16.1629766225815
12.1253885212354
11.9717191376724
11.6485735312825
7.78089880477637
9.82570423511788
13.9590747538023
13.4781811502762
9.83902019215748
13.8392697437666
9.55221045296639
12.5383589765988
7.419850199949
10.1005272008479
6.70223311753944
13.1575758801773
6.99391890553203
7.30432082200423
7.1251746499911
17.6670199986641
6.42403326288496
8.13498347997665
11.0198512963991
6.16813498781994
9.24367439102049
11.1448023468256
2.11542662208978
7.34308413229883
4.99371517216787
4.26649327855557
2.98482645303011
3.22702274424955
8.41776295565069
11.6010778467171
6.56029214151204
12.9380464786664
13.8117098598741
7.78113850392401
12.1193365543149
9.46667940588668
12.8692160826176
10.0923373713158
6.49657353571139
7.00725701171905
9.75493435980752
10.2115703630261
12.4382195902417
5.76581430842056
13.2197558784062
4.18954611523077
10.3636188199744
8.24425294995308
4.85989805317363
10.3955359860551
8.67822504369542
9.26005254732445
13.2047219583622
8.41151453787461
12.861377641093
7.2049418970602
10.860176384449
11.2663186271675
14.1620209440589
13.1058754515834
14.6166739752516
9.87856645340246
12.3812284861663
12.0366465882398
9.26731391809881
9.26036331544276
13.1610538810492
7.1617120411247
3.3786298210414
9.84817455755547
15.1921657379717
10.3878899244592
12.0769213535823
14.1288404818976
7.39656012585845
11.6230178042315
4.54615379300424
11.116632213816
12.7034689066932
7.61285534069392
10.4341163299978
11.5625422098674
14.7956163738854
9.94734059786424
12.0795721770264
10.3184446576051
7.1529843728058
11.1533205374144
11.1865846905857
10.827460908331
8.71607569625746
13.8223735266365
8.48222796339542
8.40115011144259
12.4689445372465
9.63169402675703
11.2971124239266
4.47382725160002
6.03769177105278
12.0264192344621
8.28436043811962
10.9812426613644
14.0382542856969
3.64404390500073
8.69124572491273
14.0937318792567
5.21038539009169
7.84164101351053
12.0045263098212
12.846194265876
15.1146384887397
11.5116558969021
5.57020831620321
10.5354513041675
10.6066117412411
9.02468102285638
10.5205407598987
10.4613571427763
6.9634510204196
12.3790932054065
14.026120561175
12.6940059359185
5.8642148738727
10.9428353491239
11.5232824076276
8.02143717211917
7.29094770504162
10.686053277459
9.03977997368202
8.99958366062492
12.5494838110171
9.04207759914211
10.4203680879436
9.45959594100714
9.80904629686847
8.91749732794472
6.10753890359774
5.83442723145708
13.3680698578246
7.05671563350132
7.45244831778109
10.7405668357387
6.19144082738994
10.7636580825783
13.0030325381085
7.48750190250576
17.1662929002196
6.21157172136009
7.95812453143299
12.4545239261352
13.2666338700801
7.71142453886569
4.3982885661535
10.7936253209883
9.96798428241163
9.04434649273753
8.9793476741761
9.07421862939373
18.5324440181479
13.1182945566252
10.4186196345836
12.8451542346738
9.86657300748167
8.90741860877245
8.2588572853791
6.39999940758571
10.1258142618462
9.08314691623673
12.4054214451462
13.8832642720193
8.10968907317147
12.2467054869048
11.6517657064833
6.69763013720512
12.2938401531428
4.91666226880625
10.2120884112082
11.8414777331054
8.4283861797303
8.10261352453381
10.6226238189265
11.7316808085889
6.92312018945813
14.0559156192467
4.71930449560725
3.44905912589447
11.3216145131544
11.6571334307082
5.17154722474515
13.3333967998624
11.8422444909811
10.4929242399521
5.51954249385744
8.42592649505821
5.27627232950181
7.69597965991125
9.08740807790309
8.8462523650378
8.8286315999948
9.26952452864498
12.7457760390826
6.10076226294041
11.9248204282485
7.79194164336344
10.6355949686503
8.31012155395001
10.2932535926811
10.1096082828008
7.4832052574493
9.31677496992052
4.32220327411502
8.46421498572454
10.0820727995597
11.6107906447724
17.1691543888301
12.4783455929725
6.20883695082739
12.0194916496985
5.1247991505079
8.9260921580717
12.9023710032925
11.1542326863855
11.3729578210041
15.5315720825456
11.2346033332869
12.791420198471
8.53314575506374
4.33515809709206
12.1876420569606
10.7030174112879
15.5657073715702
19.407833413102
7.13884470751509
12.556914659217
10.9834884875454
9.77114870970181
3.2992824097164
11.9726705196816
11.8283671909012
10.4640266741626
12.1429956983775
9.97513476759195
6.74755480140448
9.75463807117194
10.2486855583265
11.4097779500298
11.070503432479
10.7147490256466
12.2457765159197
10.5010486216072
13.6145594296977
12.3624563566409
14.5775895100087
7.29202234589536
14.0527980381185
5.019675870426
15.0996127747931
12.7184057698234
6.46677917102352
5.60539064463228
9.72680121194571
11.386465805117
14.6841349080205
11.2954114098102
13.101531600114
9.9539412651211
9.72208990715444
9.65416402573896
7.30156306498277
11.6634055622853
10.8900547027588
14.5802365150303
8.89366382034495
12.1953177032992
15.6652796431445
6.7987498245202
7.56226406727312
10.8995045884512
8.22922893567011
7.30339677538723
13.2163616907621
6.02165507152677
8.95256036892533
13.5256527247762
7.42912805872038
8.55243007066491
12.4307008110918
11.1074100809504
13.0761254695244
11.795681886787
12.8694504965097
9.03919203531366
7.9177348758094
2.89843924110755
4.56242263317108
8.97049567616127
10.3512426489033
12.0385778951459
13.7836946640164
2.70090746074779
12.4398855026811
10.0495943333954
5.38884053239599
3.28315102960914
9.18659275630489
12.179714476224
7.13904135627672
11.854750290513
8.65384577575695
4.92629017680883
16.6533233015798
11.9499640073627
7.73270910140127
8.40324348537251
2.24272090708837
12.1062278398313
12.3398483381607
7.53357100107926
13.3348084404133
6.74978620783914
7.3738518403843
5.9445311781019
13.4526552748866
9.81167507125065
10.739890660625
15.1195679674856
5.97485108731395
9.48307093931362
9.05087455175817
4.68472902430221
6.22954712016508
8.60519484909695
10.8675534359325
8.68382115149871
14.2075055628084
15.3832009411417
3.39149223322475
8.73814724808409
7.99802975961939
13.2229927345179
11.9080043048598
3.95245419965052
9.50360916322097
10.3217463591136
2.75150219677016
5.38346172914416
7.98373982543126
3.57199723366648
7.45164659787362
10.2003510924987
11.0083310864866
9.03240976444726
9.29871074622497
7.86846345976302
13.6714623775333
6.48511312901974
11.9388223974966
6.21177701978013
14.2435535322875
9.35745998285711
8.60582442357852
14.3577475333586
1.82633676200032
9.00148469892118
7.72953149862587
9.20895237941295
12.7112771850079
10.7727494905703
12.5097633938719
10.7993530398716
13.6546552297659
12.2825975646265
14.8042622604407
11.5141051618736
11.0467083170079
3.70784275000915
8.05537139531225
11.2060002982616
9.66670475900173
5.21144542016569
9.13982808124274
8.20014363853261
7.94705068892985
10.8664174447767
11.1851035469105
2.47501789126545
11.2493216045727
11.6265165386721
9.39508341252804
10.2440537535585
6.6116017755121
4.55221398733556
7.45775192346092
3.49908162293846
11.9639511802234
6.98720421642065
8.51767860585824
6.60571150947362
8.00523326478944
15.7429511002807
9.81110050342977
11.0504056181568
2.65350230038166
10.2739548310637
10.7444216497242
4.2313631856814
13.9513105386868
9.20168493175879
12.9804347641766
7.16797220520675
13.2249562069774
14.1750663286075
15.7242514658719
5.00015330035239
2.36069345846772
4.0266815922223
10.7396226763593
7.52459031064063
7.83809050917625
9.75935462629423
14.4222390837967
6.41800200939304
8.12651005932481
12.110624066554
9.96016006795492
13.3391139796004
5.84863903932273
4.7955489368178
9.45270103402436
3.59918651137014
11.2181766424328
10.1716034347191
3.14407368423417
11.2659317092039
12.4192747403868
9.40591355320066
11.541468440555
7.92835409965149
13.8170457910746
5.47717653680593
13.9684722875245
5.47695324057713
8.12064355663318
8.21535945098657
6.89628197578713
10.4339761310257
6.60569801693782
10.3022857336327
6.01155549520627
11.7200768436305
11.2287379568443
7.2237103514817
1.96159846382216
10.2767432574183
13.9398331521079
7.21194816349233
1.75577936461195
13.8256973237731
11.751492053736
11.6856305161491
12.3776705702767
11.6947955435993
8.88714221073315
9.18205349250665
13.161470706109
1.56055645711253
7.69051139941439
9.4526932341978
8.64775555673987
9.3441751669161
9.23403579508886
10.0042608885013
8.01049611764029
10.2398920920677
7.68472942290828
8.57191453687847
7.09704954565783
9.02998632518575
15.0624558213167
11.4707655506209
8.15762110287324
17.1464457991533
14.2473422689363
15.8024362754077
9.52961357543245
9.83119498705491
4.45107534760609
14.1515796654858
7.30651457415196
11.307088805392
8.21308258455247
8.72308457037434
4.54603264806792
17.3665496040408
5.16584827793138
16.3908225833438
7.02511335257441
14.6453915629536
11.2243395507607
11.0670802649111
6.34163403410664
11.207716667559
8.26549927005544
14.0861595747992
10.4847456910647
10.5373044381849
15.3478685999289
8.90503409318626
5.95090551069006
13.0185112265361
13.2068290142342
1.38509689110578
9.12326372639041
13.4828509530053
10.3807501494884
9.87913475837559
12.0575732318684
8.1770552611046
12.1158426976763
6.00445925956592
11.5469373125256
4.9505582471309
11.7872818373144
10.4784238967113
9.24165700562298
10.1248887251131
10.7485209824517
10.5068288510665
7.98468140736431
6.57584696309641
11.8969142090761
6.48127898953603
8.54335274780169
9.26802069880068
6.8197641405277
8.99080851813778
9.08040145877749
12.3796178265999
10.8360047550994
11.1800812301226
13.4781475062482
12.0842294883914
9.29755065590143
9.6544756135042
15.4651046846993
12.6696491148323
10.441019537393
11.8394402205013
5.94886124599725
13.5809013089321
12.1805442031473
4.34626198839396
5.359444511123
17.716887545653
9.50095790557682
10.1383373257704
10.5338018620387
6.05658456696028
8.36875104578212
8.45368949832083
13.1845442345366
5.81370426807553
15.2606792515144
13.8367792591453
8.67112093851086
8.33062508609146
11.2492595566437
11.6211935994215
8.36781166093191
11.9928250089288
10.112639341969
2.76913230677319
9.80744138970852
4.86700193790455
10.0225704023615
7.60022168979049
12.8015414462425
10.4511610754563
5.20834900671616
7.97030088724568
6.33342825887227
3.60152060342535
6.9012794587071
3.3377152020551
10.7085971278138
8.47518345108256
18.8065392919728
7.66048713554216
11.8672967888415
13.4453297476284
6.9275701418519
9.45666515035555
13.9259482268244
12.6401870744303
10.2435638546012
12.075961753726
13.6025871645863
9.00370379677042
13.7665475485846
10.286221280694
14.627347595524
17.0870401198044
7.99901623594854
10.6754072243348
14.757149125055
10.2902104263194
3.10634172639842
11.8886971147731
9.20717855915427
13.5472786379978
16.2289094179869
12.9050003713928
8.39151852402183
8.79876855760813
6.52752099558711
13.1344062276185
7.62024260696868
7.75977466255426
5.59873479651287
1.13453790545464
10.6294205528684
8.38221704339881
5.19060007063672
7.40013829199597
10.2218162966892
12.25840668194
11.2852192118859
3.78617259353036
8.1589780668919
12.4450263101608
7.55034174071625
7.78637475763761
11.5563373430632
8.68893145816401
13.2894433219917
2.96393226674197
11.9895026204176
12.3294436954893
9.46401063119993
10.4891897150454
7.19950919967906
5.54088207427412
6.05214327806607
14.5659047178924
6.71191932937642
9.98711442807689
8.65288628265262
7.70943644456565
10.3720562183298
10.8409903943539
10.9220910700969
7.77601093286648
6.01826744386926
11.7844137595966
3.15741266822442
11.5407779463567
13.3507877937518
7.01889573850996
12.0661559398286
14.4303001696244
12.6921029179357
4.73668387734344
13.0879857693799
12.5837139319628
9.95173904811963
7.46829126728699
11.1653559608385
13.4790061274543
12.0589678641409
14.1991681652144
10.8941505430266
6.6500594385117
6.6257843747735
10.8867045142688
13.4236392215826
5.73238234688234
0.451351694350417
12.5506989192218
7.45571341831237
8.3041342208162
5.78536472748965
6.77920505404472
12.040486978367
10.8809947501868
6.95190445371258
4.92787617646334
5.70405515609309
9.38945301947126
7.41371353505159
8.15982289385784
10.4928464412438
8.59524817205966
12.2448611735503
14.324586908333
11.34802645538
8.46734158694744
3.98802850395441
7.59758140193298
8.26559328706935
13.5153298615478
7.13634549174458
9.93322053223381
6.02607851976121
14.1823297482915
12.2834046487696
12.0742211584002
8.40641352115199
6.15210512336271
8.62754367990419
12.235044548288
9.8963821772486
11.4542317111045
4.87104515777901
11.2904365756549
10.1356734056026
8.59854202717543
6.35982695966959
6.41404299531132
10.7198019977659
6.85633205575868
9.4893210567534
7.71999600900496
9.39822470536456
10.6929008499719
8.10684968018904
10.5532828156366
10.510012647137
11.9846405694261
9.46511984966223
8.94453134387732
9.74607178941369
10.7989293171455
5.49955345923081
13.6639636941254
13.1417676224373
11.1147084316612
5.77738197753206
14.6915324614383
12.3107021601423
11.4510260056704
12.9813824896701
4.59116761339828
1.64294931921694
6.43621458620612
9.14490505163899
6.38511992292479
12.6224178882582
7.13687577517703
9.57304275361821
9.23549096332863
10.7242157449946
10.9580089454539
10.0918291136622
9.45390787060139
5.09542248910293
13.542879302986
11.956992278519
11.1278148552971
9.85256769927219
8.0060578417033
8.93957483087658
10.1334466016851
8.20343364996753
10.4966679005884
15.900692564901
14.0573710436001
11.1294432659633
9.36668894719332
12.9741708980873
8.72020356036064
9.21913854502578
12.0778619407992
10.8849845011719
11.5392816602252
11.3197313212116
14.3460808787495
13.4570971667559
7.72935708519071
7.75730360865133
10.1088226307184
11.9500038679689
16.4400936453603
4.8766553751193
16.0078007727861
2.47402311557548
5.84445486755944
12.4839716145282
12.7237396431156
15.9085070714355
9.8526951027387
11.2942896666937
10.9223653445952
11.3017034833319
13.4277586708777
5.47972857027942
5.610765167512
11.4981865743175
7.36485248198733
11.3088312209584
12.1215922059491
11.1912167049013
8.98240294773132
8.25767345959321
13.0532766925171
4.93960604071617
4.88663328578696
5.25543305557221
9.82243986800313
4.13315775046599
11.0465072770865
1.10687342239544
15.2823735467073
14.4492349470966
12.4109250842594
9.46681791683659
6.79269017418846
6.2292437418364
6.916493922472
10.1595782791264
9.62727786840567
7.6130363624543
8.96835580933839
7.76990411104634
13.1994341965765
5.54590240353718
10.7141533400863
2.89103758643527
9.72724871244282
6.98212675051764
7.24036678439006
8.62386344233528
8.69432237726066
10.6775853550062
10.3882204235376
11.798058426939
11.9863518967398
15.8468624111265
10.8281762106344
14.3475483055227
13.5368010611273
13.3989949943498
6.09628187627911
6.89402853604406
9.90064603417783
10.9519505294079
10.076664481312
9.1178362024948
13.5630660806783
8.98445963393897
9.1535131094821
4.64129872774929
9.69335319241509
4.04474353992954
12.8979530229124
13.8109875842929
13.4249801631086
5.29416099759342
16.4687030250207
5.73228999379867
8.90547487651929
11.3567315452649
5.73818502144886
11.1981368041597
9.47984790710598
11.0466683050618
12.8188117438326
9.89171840483323
13.5095861158334
9.95837123028098
10.1932409701662
14.8202676209621
5.24299596436322
7.44157884487353
3.31153453109806
10.7774890959263
11.5802366053686
13.0899821058847
6.68202727101743
16.9179440592416
3.95695669576526
6.57647723564878
14.7329842438921
12.0021769660525
9.09640387399122
6.77776464726776
10.7493215007707
10.0855664932169
7.34115391969681
10.6303225271404
4.12631493164299
12.3143415548839
10.9225654276088
9.47103482057553
5.01719038002193
7.70232616923749
5.76008481025766
9.87372681694206
9.18646440841258
11.9479259613663
13.3552776882425
4.4478846131824
11.0909534269013
14.8220318136737
10.4426509143026
13.1706238375045
15.5585223343223
10.7700014603324
9.90707023302093
9.29341134615242
11.9185270159505
11.8677680031396
11.6786101367325
13.7849677703343
6.47702438908229
11.3710963109343
10.8373506343924
8.59415867598727
11.559459369164
9.84237582888454
8.7400613236241
6.45010963416677
9.00476392125711
1.2383644961691
6.70147358905524
9.92828824091703
6.67060837081731
11.1609615851194
9.98127190622507
10.5354964383878
5.75786113843809
10.8096753065119
12.9965403233655
15.4096593032591
7.98083643894643
9.29516011383384
6.6317010903731
10.853605135344
11.7734459112398
12.6238032692409
10.952729685232
7.46094985374159
7.33143016924853
13.5927147231996
12.1010048198514
9.06030230689794
6.40522395260632
6.01907813181064
3.92668280983344
8.64229766884819
9.20067018596455
10.9301317159766
4.12973825347745
9.2805229825899
4.17512027779594
10.5369439816217
12.0490411412902
12.9424013430253
10.7595728710294
4.30257000508335
8.46030879765749
13.192853727378
9.30854112375528
7.4561312458645
14.8689807741903
9.91789865074679
3.25279704594549
11.692275677342
9.46285778190941
11.0890441806987
13.3611054392532
12.3500687535852
6.66691014019899
9.79475734526113
8.16477327736035
5.54213230498135
9.09414569614455
8.59195227967575
11.1512220813893
12.2980655520223
3.31134718144313
9.70015143975616
14.6443131612614
15.8458880614489
8.87159781996161
6.95839681429788
7.73384040196493
8.59093601310036
8.93282579490915
5.85311501054093
4.99651826960545
7.87756139179692
7.19147955698589
6.78610426839441
14.8488309280977
6.99113747105002
8.48376370267943
5.69379571825266
12.2889993945137
13.6952491826378
12.3317024786957
9.41047499654815
13.7327034201435
7.3687960695528
9.83659392560627
12.7854357706383
8.69082971476018
3.03541174598547
10.2771507925354
7.03200454590842
6.78086030529812
8.84435427473147
4.8344437032938
9.02321293251589
10.7523492188193
4.53620350454003
12.6615384477191
5.78280877089128
7.70588655723259
5.88055075359457
6.47727749463049
3.04497657209231
14.7438500309363
4.63430043309927
9.2432931571683
8.38000791845843
12.1089344029315
8.0606245319359
11.5234704988643
16.2432885495946
14.3927313853055
11.2165361992083
2.84936486277729
13.3397214463912
9.71640761708841
12.4911194900051
2.54042877530765
11.8886620854028
7.52720502205193
11.3780621322803
7.27149186423048
10.1051238365471
10.4838886181824
10.5558907962404
7.90188832907006
11.0868007061072
10.1573269930668
8.18587538087741
3.2770474446568
6.26740942904852
11.9571827179206
5.2304137032479
7.63579417230042
9.28062398428094
5.27098212866232
9.2656337957823
3.31399425631389
6.72230973141268
6.96400837041438
8.09702065307647
9.94884297825467
10.4787314776331
3.57115344090078
12.4727428192273
8.95284627159946
7.07456915088545
11.7497156374156
12.1320714126341
11.6888936143368
11.8366226437502
7.59226106701853
13.6752470047213
12.194302433636
12.5778577872552
9.92165065836161
7.28562990268055
7.60920437597229
7.80960542615503
8.81534314248711
9.53627190319821
8.95057360301939
11.6056266939268
14.769887260627
7.92991608119455
13.4722173330374
3.57160534160577
9.2488995520398
7.19783026725054
15.3456993299477
8.96855243252348
11.0916511388496
2.90384073367995
5.05821820115671
15.2875827276148
13.2355849491432
13.8617074815556
4.59576982539147
13.1656598155465
7.22295658197254
14.1247815568931
16.3355298689567
4.38407770181507
5.04722850164399
8.32117334939539
13.1743484642357
13.2997852439437
8.09766117017716
14.0515590901487
7.50438047107309
9.09362934762612
12.6394310384057
7.38900308161248
7.74748558016475
12.6422199265991
3.25322851116036
3.44648954924196
6.50987449334934
10.8524813200347
11.6305213317117
4.65429429896176
14.041677955538
7.02919318573549
3.4866809961386
13.5267658042721
11.2773033441044
8.80830744281411
12.6233607064933
12.1299577585198
8.31238866299466
5.55824799719325
3.95443531249072
7.60168284872919
4.78229639965442
6.85087726451457
6.6148959682323
10.1992389303632
6.78519981447607
6.26129998126999
10.9574401314589
7.7751531265676
6.92583037307486
13.2871172210819
15.3723649098538
5.70292852770934
8.62161241238937
12.4778042314574
7.03125311993062
11.1004579928704
13.8123957352547
9.81712238863111
9.65509662637487
8.53388675361441
8.51580555317923
4.61545847211462
12.180856638588
14.0416794340126
6.9562887156364
13.9099116204306
4.5722676461623
3.97387044504285
11.6463702754118
12.2461773222312
8.41928479494527
12.8218760364689
7.26253150496632
7.93125358177349
8.24985941872001
7.38070028520716
9.91696431301534
9.28296304773539
10.2118684444577
7.46758460300043
7.06964460930085
12.7603510274364
12.1049635967304
11.9873878429644
14.4052101648413
11.6901647648774
5.95054072327912
13.7739942525513
10.2083024549226
6.2077523387713
5.42997800512239
9.83708128333092
10.2978664916009
12.6903239171952
6.21434630593285
6.24113609082997
10.4054143419489
12.8553024958819
8.53162198327482
15.1691957958974
12.1670273132622
4.38175678718835
6.72801317414269
5.20589656124536
9.32163411144533
14.4072654288642
11.918322450947
8.36703979875892
15.3164448565803
10.3406269918196
8.16253350729684
13.9625697163865
9.73353401059285
9.49814285528456
5.67943692440167
5.29281140393493
9.35189253650606
14.2538312240504
14.921630138997
14.9337621289305
2.71378606800662
4.988361406404
13.8374226946944
8.56822046916932
8.98012425750494
7.81459726858884
13.8065032131206
11.3548193708993
10.174478974659
12.5865367947576
7.42932625580579
7.4616416473873
5.56280302116647
3.02611102815717
8.75342253129929
5.61512355299587
9.97625983699533
9.5159571734257
8.60076098925012
6.4622841659002
11.5675101405941
7.93316157997048
11.7965609882958
6.84049878036603
6.53339070267975
8.08301965675317
8.18195682950318
11.3336389535107
12.8465680172667
3.08062275871634
1.04002693700708
9.11349540072767
12.6145537011325
5.38864703807276
11.8331485604845
9.67817361233756
6.03297688357779
4.35479036532342
2.63588412199169
12.4624317628331
12.0654239086434
9.28737595677376
4.88276876276359
12.2216312913224
12.9438679781742
6.92082121789644
6.41879783959846
11.3115878310055
11.5041379038761
9.58617082796991
4.68600610038266
10.5345338932239
5.25695339668794
13.3443103601361
9.2866399907507
4.46598578890579
12.2499796794727
14.6267720381729
11.8284992524423
12.8949078498408
10.7968818978406
12.722658413473
6.81984273949605
8.79385116643013
13.1155397859402
12.1023435262032
10.2683679927501
12.378407174101
8.23956067906693
8.73482146998867
9.34044445166364
3.17509724991396
0.365095439293337
11.8712088881959
11.6572462887346
6.3738886572312
9.1658111079596
7.51940837362781
6.57557018566877
1.03904887801036
13.5378774488345
7.00254682451487
12.4740615254268
5.55247691227123
10.2590125752613
7.24636284867302
15.0368372327648
11.3662088558305
19.0922966682094
13.7680473038927
13.6526097892784
6.2902320525609
8.99547730805352
9.6567094001853
9.79291666299105
6.98939844733104
6.48199145181799
8.18287780275568
14.3130043870769
9.91838156636205
8.83497933391482
8.69200930168482
7.93446372263134
7.46641244040802
9.7827751073055
8.46185866316283
4.73480243235826
11.507421429269
14.090459421277
8.67868941277266
7.48001789906994
11.3729844801128
13.3062566164881
4.14601592223471
12.1125565841794
8.75561345601454
11.0122637008317
5.86377228016871
14.800535060931
9.55541270509367
11.8550610961393
14.2531808116473
14.4068210967816
8.90027551213279
10.4332910850644
11.5884336873501
8.17273837376113
12.2068889671937
7.89409673307091
7.02630578307435
10.9106741437441
12.4679401883836
1.44042925676331
11.6122132063741
7.40548148215737
6.47742428118363
12.175222998485
10.3014687891118
6.24081933638081
3.09692058945075
12.8295854316093
5.72297326289117
8.84470583405346
3.1722769663931
10.7705766218929
8.18029082147405
8.32060920074582
11.3429062766954
7.26912736687369
4.65225619263947
8.1942089890349
9.38402654137462
6.16434683324769
16.3405406870879
10.6513338629156
4.86247213557363
9.5536201958904
15.7724309363402
11.3123770803213
6.36963892029598
11.9135432643816
12.3136714450084
13.438851130195
9.67566758627072
5.93651932431385
4.44299775880641
8.53412324795499
9.30457073263824
8.56495408484969
14.8157708346844
11.122812947724
9.37138020688586
3.23385912018599
11.3769049523398
8.74729575907782
10.6603816035204
13.3951841620728
3.97962186645115
9.18888237792999
11.8553560925648
8.31201269757003
5.37596758222207
3.43010806245729
9.45185783784837
6.86161409830675
12.076935172081
11.4939334685914
7.41125324275345
8.49324805894867
8.71059810742736
13.0912566790357
12.6303378772987
6.41375159690351
4.8916328814812
11.2263901624829
5.47953573986888
9.66995992930606
9.09838449442759
11.9293815572746
9.21604776522145
9.82109906724662
6.21040730038658
2.86594524149641
6.97116474378106
8.6345890071243
11.7396905785426
7.34505080617964
11.6182343651777
12.8582734731026
8.76822839443995
8.03201714380595
15.6649611075409
7.86497455555946
11.743074419265
10.770696180407
15.0581207126379
13.5492482339032
2.92482905928297
8.16118556540459
5.67964315414429
13.3627641247585
11.068649077788
15.7382942503318
9.85209686914459
12.4107317533344
9.31225470267236
7.56772046443075
12.2512505506165
9.74147975211963
14.2835206002928
4.86774883186918
5.03784328487682
8.83977350529604
15.9013243624941
10.3814541137371
12.1138922986574
10.2632604422979
11.0065321088769
10.1420317427255
7.96709269052371
10.3312998195179
12.0598379173316
11.1659475766905
7.58708216017112
6.19223426101468
14.7343941032887
13.3511267369613
14.0114454668947
9.03367860009894
14.4637856632471
12.6436221413314
9.88409371485417
9.19712766772136
13.0846639985911
7.28750730631873
10.5214527226053
10.3749276637368
11.547923181206
6.38492107391357
9.56550490809605
8.02361678797752
7.80465474534287
9.86269493587315
3.93415358279205
5.68654424278066
13.0802858620882
11.4407404325902
5.78898395414723
6.70928721083328
9.90234921919182
10.3820057585835
5.64708914607763
8.69930545754736
7.79326778138056
6.57205071765929
12.9918472007614
6.59430841162023
7.11547969840467
11.4850161829963
9.30160589075962
13.1983892642893
8.89851577957532
8.73080379404768
5.79649878200144
13.2269396213815
6.27071240944887
14.4385761581361
10.565625032635
9.88051391905174
7.96843951102346
6.31778768729419
14.6603237721138
16.3075894815847
13.308138307184
6.80354612403365
10.2446671691723
7.31590208556586
0.523148139544411
9.12739825434983
5.39709130534902
5.38125923518988
4.8823838820681
14.0664222883061
5.44035225175321
8.90822240617126
10.9706393443048
14.5878423471004
12.8109706449322
13.6282898951322
8.16311141811583
15.1309527689591
10.3741715312935
3.12511871006496
9.00069335475564
6.87198200030252
12.9009049269371
5.69052752107382
6.06911615417862
9.5115578151308
6.46615122677758
8.27525182394311
8.42916360124946
11.8915921426378
15.5078889569268
6.63393805182943
10.0775182755584
9.91599411936477
11.9729453114607
2.59454422868374
11.8578207911924
10.599111544434
11.1246511107311
11.117478995584
8.43624770462084
9.07641891390085
8.82445878814906
10.4154157075011
5.94772013177188
9.71145843444804
9.32737897383049
7.37893079366848
6.00105337994751
14.0193174942397
11.5169707452878
8.50670859217644
13.878376558698
11.0212382589637
11.7428387980908
15.08601665264
8.2690397859551
3.56938812183216
8.66959750419483
6.65876190178096
13.2290562498383
10.9517396078445
7.01413891511038
3.3309185761027
11.9967452483252
10.7748131500557
11.9661518489011
11.7070462787524
11.5794403012842
3.56275424128398
11.1877822317183
11.0557940788567
7.75369108887389
16.6309113381431
10.9213375137188
14.0211729332805
11.5271279821172
7.41067342460155
10.3269626619294
14.372654305771
9.35627945000306
11.753351194784
8.71418059105054
2.3237782532655
3.04452332202345
8.83082590298727
5.5424494552426
7.74672295665368
4.60955899907276
13.1197465700097
9.19938232982531
14.2251972923987
13.4424561052583
11.5902528050356
9.65618165209889
10.6304499437101
13.6550451628864
9.29091410944238
15.8309281803668
5.8117717737332
9.67370399739593
14.3077441956848
10.3449224696221
4.94372598294603
8.6288426653482
11.5983635683722
7.60969687733613
11.1110761878081
10.2956293383613
9.98486591270193
11.8885417383413
