"x"
0.00165823145078162
0.000893482679302075
1.77817297062285e-05
3.74477915467026e-06
0.000814410555176437
0.000155138890258968
0.00221164422035102
0.000311465061915627
0.00175262975972146
6.82074881644728e-05
0.000815238491632044
0.0003650221555681
0.000623409293105546
0.00133743301499635
0.00168304412363166
0.00047201247420162
3.5712942481041e-05
0.000834076264873147
0.00102748050820082
0.00220959265530126
0.00295813894364983
0.000735935270786285
0.00107505648181883
0.000120933577418327
0.00141127340637579
0.00220217811409384
0.00025056239683181
0.000228974671081601
0.00106390229989186
0.000924529037632175
0.00201371798757464
0.000273124669140699
0.000594599153846502
0.00247002742652784
0.000234547671719346
0.00157811040058732
0.00144678563345224
0.000143795387737419
0.000285865259356797
0.000971015279020591
0.00183192981407046
0.00102162600494921
0.000707533024251461
0.000902432689668289
0.00168367991147053
0.000436375440717676
0.00180029926355928
0.0010782882058993
0.00014201994985342
0.000979514540170242
0.000513133902917082
3.52179631590843e-07
0.00150694765616208
0.000785759492604489
0.000582214025645714
0.00171178535383477
2.90670618414879e-05
0.000331604122184217
0.00182096797041595
1.64192485763569e-05
0.00150303797330707
0.000358060225844383
0.00208648493979126
0.000243347552604973
0.000169791397638619
0.000717149046431264
0.00181824186816812
0.000137875927612185
0.000480485145558074
0.00101742900442332
0.00122551624398498
0.00161409362606127
0.00147241255344088
0.000401019654236734
0.000322816476783838
0.000722662908956409
0.00179665537982617
0.000233785226009786
0.000915498258545995
0.00122899402398616
0.00131019998341799
0.0017660710727796
0.000483478847891092
0.000857766000112174
0.000662283416501257
0.00208261985331774
0.000414174632169306
0.00203621588647366
0.00267553942278028
0.000655210372616621
0.00105875002100934
0.00215525608044118
0.0017478020913809
0.000300694495896788
0.000123818191626103
0.000596918910741806
0.000235443660058081
7.46389245614409e-05
0.000795255424454808
0.000474641192704439
0.00173343572153556
0.00110532544586227
0.000315891522218752
0.00163572488728487
0.0012527015107254
0.000169933247379959
0.00175346481613815
0.00119366991333663
0.00022647637873888
0.000827083303593099
0.000449066609144211
0.000377222184322489
0.000103282919153571
0.000504854044290327
0.000791926348181625
2.98912839088652e-05
0.000936591347725217
4.74752532318234e-05
0.00159750839695334
0.000237500676885247
0.00177454772516584
0.000206004804158801
5.86765014540235e-05
0.0010999323630721
0.000451208750013493
2.25571636110544e-05
0.00147118957590045
0.000473200171254575
0.00100267528142965
0.000147033085925667
9.66403744590251e-05
0.000744223664514721
0.000476319105619256
0.000429816632531583
0.000413859255393318
2.62305061173293e-05
0.000500944405794144
0.000829486512733419
0.000215468534907536
0.000101252705790102
0.000633148614493582
0.000680602248179806
0.00154491701163352
0.00252729145111273
0.00230416480322979
0.000677962549962103
0.00174937436357141
0.00153583203908056
0.00102883942890912
0.000725912656635046
0.000600167131051421
0.00113027134910226
0.000410849908366799
0.000269393525086343
0.000582999922335148
0.000544165875307682
0.000903025824826547
0.000786193467370169
0.000220062563808847
0.00108987914863974
0.00194377885200083
0.000796186695806682
0.00141455439310512
0.00214759160298854
0.000636784122480239
0.000237162655940815
0.000498551695563465
0.00103722602128983
0.000247863959521055
8.02670966574787e-05
0.00135365216527134
0.000437691187717411
0.0011803882336244
0.000246130696340246
6.28677662461996e-05
8.7268717596353e-05
0.00184767327737063
0.000577777327020827
1.41216721385717e-05
0.00053334902971983
0.000672084029027988
0.00267807877156883
0.00175462227780372
0.00108881885651499
0.000861466987989843
0.00134327512437279
0.00160655150920451
0.00107402114197612
0.00102457636213262
0.00134109501726925
0.0012264540445634
0.00126079924404621
0.00060789106041846
0.000585717127794991
0.00176053422503173
0.00171203251634704
0.000254535768181086
0.000729681970731816
0.00137265039621929
0.000945123638957739
0.00294608213938773
0.000477333202997738
0.000976975886151195
0.000684114885008302
0.00035524960482239
0.000328295182865478
0.000228563132695854
0.000479286040220597
0.000900981361046433
0.00133910587988794
0.00056660317350179
0.000429173751287229
0.00148141395766288
0.000979792135222474
0.000529205715283752
0.000763502321206033
0.00136371924541891
0.000155481765978038
0.000765895792283118
0.000585306758945518
0.000880344249613709
0.000203977616449879
6.44793594256043e-05
0.000981858202409576
0.00165583069020938
0.00138373927213252
0.000699635986238718
7.54156848415732e-05
0.00147557149530788
0.000771771995350718
0.00148718680720776
0.0013405863661319
0.000585071401812132
0.00103628538548946
0.0003447156031035
0.000589661933481693
1.46147976231114e-05
0.00173308070643737
0.000603767046982954
0.000396825633943081
0.00203600668348372
0.00237357617536836
0.000661288928240538
0.000265994570497353
0.00144642164930701
0.00095137687226866
0.000716455806978047
0.00222151033580303
0.000718910091031717
0.000129957175813615
0.000381117495708168
0.00191427127923816
0.000929770277266662
0.000562363336794078
0.000418486660346389
0.000622601048089564
0.000446118186227977
0.00121334481053054
2.42024178750614e-05
0.0010351828729244
0.00133402751293033
0.000708293961361051
0.00049255424644798
0.00266081469705783
0.000619172514416277
0.000619761217998529
0.000415565795132347
0.00179966411553323
0.00011069294065237
0.000811997028691806
0.000580832355731833
5.76591779713163e-05
0.000799497747793794
0.00129820207133889
0.00065502047466473
0.00181037581991404
0.00102457750122994
0.00133294457104057
0.000879564056895474
0.000884273662231863
0.00124444865518813
0.00151943743228912
0.000354609792120755
0.000280436663888395
0.00134191278042093
0.000417369402037313
0.00253626795485616
0.00104504798538983
6.78858315326775e-05
0.00150264810305089
0.000301893882045738
0.00171740312129259
0.000426102671134191
0.00241136458961832
1.14354258403182e-05
0.00130257378331433
0.000690254839137197
0.000680517186410725
0.000572037217207253
0.00152472099466943
0.000495220985837051
0.000605583237484098
0.000380230247974396
0.0013487313920632
0.000534846177324653
0.000585514519089285
0.000645224843174219
0.00124292706139386
0.00035938122598942
0.000876965861649618
0.00181479562073946
7.46168708428741e-05
0.000851619321000781
0.00121839620452504
0.000821181745268405
0.000448452228740184
0.00130870339460671
0.00135399684856158
8.35426617413759e-05
0.000287093543890149
0.00111153120640665
0.000399367948650239
0.00141461557288754
0.00088460526894778
0.000328844040632248
0.000394083308055997
0.00252487700432539
0.00204446312505752
6.18161587044597e-05
0.000804608189500868
0.00120372850913554
0.00249282315373421
0.000907273152843118
0.00137377858627588
0.0016423607658045
0.000142931437348765
9.7996755503118e-05
0.00144485909957439
0.000248100301250815
0.000975941186770797
0.00159888480324298
0.000228933640755713
0.000126844863407314
0.001297761159949
0.00148588054347783
0.000873204721137881
0.0018842105101794
0.00134669355582446
0.000886897634114549
0.00127700379118323
0.000197838959831784
0.000189655043511214
0.000635374635457993
0.00042220639064908
0.00156397107988596
0.000103470847260358
0.000176975699141622
0.00083325041127616
0.00209803868085146
0.000420515071600676
0.000798919586736635
0.00104193396322718
9.72990319132805e-05
0.00138546648435295
0.0015323781393294
0.000556046525016427
0.000823721805007797
8.17590625398644e-05
0.000735587176184055
0.000754854450933635
0.000176594909280539
0.000880989553406835
0.000455299866546287
0.000345685997179126
0.000821988666430116
0.00173819443022737
0.000742239220729708
0.00134372367989272
0.00230911161750555
0.000886176681320168
0.000380180337916783
0.000923090745473806
0.000375334792311499
0.00262660018333946
0.0016175310183258
0.000283905042580936
0.000905570078447784
0.00216750238090754
0.000453994907438755
0.000201981775462627
0.00094158680178225
0.000191491742595836
0.000188390095718205
0.00151490676216781
0.00168937656562775
0.000607352312654257
0.00039955033408829
0.000588255339127975
0.000105725109778062
6.7800747270126e-05
0.00101018301179181
0.000898561306499494
0.000935116522014141
0.00152682919055223
0.000594438561238349
0.00135250183753669
0.000602476629500884
0.000750864256369936
0.000266058393754065
0.000306343398988247
8.38873907923699e-05
0.000209643198177218
0.00136866284068674
0.000331945959478617
0.000682934332594373
0.00082705431902862
0.0002839321570267
0.00127621716819704
0.000381372866778663
0.00280189473647624
0.000302257225848734
0.0012848739246773
0.000398102221079171
0.000606861718527467
0.000311523057554159
0.000234574219700586
0.00107055051717907
0.000741711642139593
0.00115725453943014
0.000961680540797363
0.00120338633098074
0.000930457238961902
0.00081024169921875
0.000327922822907567
0.000420291987247765
0.000502754457250923
0.000890759653411806
0.000770388771779835
0.00144040413666517
0.000593533006788758
0.00107703004498035
0.000162092316895723
0.00119878741446882
0.000149149033240974
0.00055179426099953
0.00019766513752981
0.00211319061927497
0.000937828435235246
0.000646604248176647
0.00225670617539436
0.00165863495785743
0.000407221312747974
6.12298120522041e-09
0.00021869249176234
0.000685604526661336
0.00104630571324378
0.000439861632851911
6.57741446048021e-06
0.0008728047600016
0.000475093124687154
0.00034383035300321
0.00250737944038197
0.000581978820215079
0.000588637590408325
0.00108004968147725
0.000549217105634005
0.000395119085465388
0.000616770624223633
8.21169931441545e-05
2.43010930716991e-05
0.00119932129602392
0.00106727729068266
0.000603256391318754
0.000936154897299766
0.00104081381577998
0.00187554837395482
0.000495600074870572
0.00125205582007766
2.9089436866343e-05
0.000806181287515558
0.000206527849659324
0.000489434730261564
0.00128530181013048
0.000663361438836391
0.000310769441866628
0.00188465267419815
0.00204818372456382
0.00194133728292937
0.000124962787260578
3.82867658528231e-05
0.000146897151134908
0.000206109345105963
0.000448687174357474
0.000609681829810143
6.46761944517493e-05
0.00221276185324248
0.000200323347351859
0.000705982202166247
0.00130409345496446
0.00308884552951013
