"x"
10.255360789597
13.7383164372295
21.1638073669747
7.55366133525968
19.3425688307522
14.4175772555172
17.1756477328017
13.33923866041
13.0812088070752
23.2947125884774
26.0720873484388
11.4604013273492
15.5661639058962
6.08682672803276
17.6869175862521
18.6629798728973
22.7774001192302
9.6695299650037
12.2992449511654
17.8832227192033
0.343287241019817
24.4916133622251
17.8534222390734
16.5249067174401
0.921157826499243
11.08953661751
9.2852487434792
6.7765356041491
13.7002183298784
13.4566385997459
21.0455754538998
3.45360196661204
9.85227022320032
10.1764532038942
11.9778332533315
10.9899742870735
17.5890420097858
25.1718019368127
12.4332679435611
14.4186814781278
20.5334333935753
16.4227129193023
17.9474264616147
18.9261415507644
21.1994186742231
16.3853703343778
19.0223351223356
16.5752336615697
9.77722038514912
10.9276534058154
14.7280383622274
11.1265267819452
11.1047037038914
18.7012372004714
9.32686687447131
3.64360625063644
4.71653833717467
22.0179135212675
14.1817842843011
18.0500326910987
16.4351822712326
22.8217652766034
20.6585625186563
2.62937388898384
17.9278616327792
9.69243014696985
12.1530082288255
13.6131785809994
15.5972328735515
19.4712468796856
8.16397404191235
12.9746725782752
15.7941806347794
21.2344423402101
11.7105536861345
19.9612880767989
11.5485792281106
9.48537631036296
5.37178369704634
10.1864209592061
9.86603959075647
8.52440968916227
20.6236653262749
11.354449368082
7.19834742693587
11.6023583104834
14.5044543604671
18.8918194966391
17.5180439604446
15.8059947446488
7.70971695892513
0.0654820585623384
14.2781099770218
5.1004803981522
7.57526881375468
17.5680300919339
22.4544006865472
12.2645924799144
23.4457502267646
9.65684469402344
18.4141655114604
10.7141828397289
23.3876103535295
20.7933410579232
16.9968499103561
6.77527185829582
20.7457843276937
26.590947015211
18.8323225593194
13.4744135197252
7.24255708046257
12.0698020793498
18.6120291706175
18.3618356473744
11.1083305440843
23.7565690651536
18.9325673272833
12.6898573711514
10.231489315629
10.9303846023977
13.0308702438071
4.34066368319189
11.7054002126679
3.81582035014444
17.150857928209
8.20570923388004
10.4039453617116
7.01664962194577
16.0319113755584
12.0508914835389
14.4220386864651
19.9552563593225
2.69452842063232
8.06517564096415
10.3583641350269
24.4629977736622
10.670239245519
15.6416370766237
16.7828423669562
8.12280436057376
8.96506027784199
3.9371608523652
13.3743167807837
21.6481441864744
9.26312890369445
19.1573148127645
14.10067114524
18.1967310374603
7.62687283568084
16.1852833399103
16.5018504251379
9.6334458117238
7.11544966325164
8.91679949127138
16.3088867906481
24.8013662584891
17.5995771318989
18.8073665369302
8.58485188800842
8.07720270760343
15.9455048618838
9.36080128885806
15.3090325416997
5.66671691587695
14.6927181864157
17.480834107846
14.7140721092001
21.1114722769707
2.28477073957839
18.5800194651077
13.166619092226
13.201244501397
10.0648301886395
18.1998518761247
12.1341872494668
9.68408195767552
7.62051602359861
9.80527776554926
10.1370280608535
7.64550280291587
6.64711971767247
15.0281991343945
11.9971542864451
9.2783922329545
19.2268640268594
12.3573391964849
21.3629270438105
14.4925494445488
6.9349538302049
16.1694261012599
11.6457674186677
9.25813892390579
19.8403922608122
4.90448803175241
13.7837486574426
17.6216138526797
12.6930474769324
16.7018043407888
10.5085070953775
13.7168250039746
14.0492664747581
14.9714797269553
14.2842978022799
10.7280436411979
13.6657387801589
3.65412030828529
22.96800496988
17.0168155571446
10.9689493026623
20.8717843389328
19.5347246521359
9.48332359463171
17.3230670609627
14.6112160757184
9.30811046893531
17.2942774137482
18.7560855178162
7.66949424827592
4.05644935090095
24.1553386440501
22.4397133802995
11.5589652908966
16.1777784349397
16.050185440401
11.9147462770343
13.3349456358701
13.1511692414954
9.38488370440039
7.85134616307914
15.2408319525421
16.3802840514109
9.87805079316137
12.9399674706972
17.2589789144695
8.26275930604794
8.22123409156242
11.8950737640262
10.0821250351146
17.7310062805191
21.0274074692279
14.177821483463
16.8784914685025
15.520756226033
16.7056418955326
21.4812184451148
11.7230492411181
11.9486259727258
15.3182485373691
14.4075000891462
22.7210188051686
6.24413122422993
23.7386212133421
12.92111401432
25.5204771645367
15.5460224486887
11.331090371247
19.7551802033558
10.0226543145254
31.7901806905866
13.5684563980483
11.6168291337287
19.3431413499638
11.4132060902193
12.0691889089911
17.9202746367082
9.62444352917373
7.56902238354087
12.2049807338044
10.2043920058749
20.4536596080288
20.377670237686
14.1536965034902
17.8125909759066
12.8748203162104
22.693922650069
14.8201829986647
22.0194690529305
22.4330286029726
9.2676849802956
15.1302906917408
3.55817449744791
13.2786587639374
12.1358761951954
7.99166237655596
14.7409724394927
12.2820883756503
14.9786060443148
15.586892528643
4.66975626735457
17.562467209812
14.1899107722566
16.8494334211573
25.2018027938902
9.04939484316856
19.5700367679819
22.6262134965509
19.1644400266176
18.3801002070798
17.0822301498935
14.3330639826834
16.7240231763572
21.4410660089925
24.3657159386203
7.21249023050199
21.3975565740839
12.8807225922965
19.2586918361485
19.5128580322489
8.73276607315287
23.134326399304
6.19360707407014
20.3895840095356
16.3040174404159
19.3787508876994
19.1290154121816
8.75345896571966
0.754114822484553
15.1489454554394
19.6534910239279
10.2259085979313
13.8956194743514
12.2641204388183
12.4881212366745
15.4480354672672
10.1448261877522
1.85151831299772
20.0002904180678
20.7126720808446
5.47791439501852
12.2769436333328
20.5857613435966
15.4220467930857
13.625932841988
14.741103630513
14.6510723166591
18.5325454855005
8.30913570012067
14.5178086357191
15.7971099717543
17.5984968664125
17.3937875180909
8.55645562820877
9.81134905014187
0.443457718938589
8.16405874211341
6.86635909549419
16.0637951921672
15.3991135535762
15.6992284115404
16.8028237996623
17.7189321955666
13.780107612451
8.81034985650331
2.4233178512559
3.64372837357223
7.12984690908343
21.9935248140246
18.5545237269253
13.5381665313616
18.0058170117754
16.8767576105893
15.5776471365243
16.2190824514255
4.3341473210603
17.2578390920535
11.0510136000812
16.4015261922032
22.3311730194837
13.8212146115044
14.6817848319188
17.0904357677766
4.94579554069787
17.0487730531022
10.8445795795502
3.26629492319591
1.59000143637264
13.269737286599
11.4709160290658
12.0919740060344
10.0649317081971
10.9208055715527
8.57923056464642
20.5104576656595
11.1442792314069
7.73325890768319
13.2749898126349
16.2867052480578
19.0897421212867
12.4866071157157
24.0931448992342
10.3584929835051
3.46999678295106
15.4240370262414
15.0217037415132
9.56730400212109
18.761918717064
13.6877920711413
11.8991868570447
7.57228117436171
16.8958491878584
11.6915830643848
24.1632077144459
13.8717698398978
9.14983081572181
17.5854115979746
24.8297260375693
15.6015502754599
8.44182738421423
15.8750494709238
1.11748884647184
6.29913168445627
10.8070238959044
12.5414420226351
0.590197668514612
8.15401812934386
17.7988135721534
15.7920438611999
5.04598215354995
9.34980355668813
11.853090277873
16.4638221031055
18.9222996822932
19.4742226274684
1.61524973809719
12.0891351252794
8.97646907251328
19.0057502361014
23.2719515683129
13.1360615836456
14.7484264103696
21.0934221278876
13.4603160433471
16.5642556268722
5.87392675224692
8.60343582462519
6.95705638400154
14.2393778837154
12.8766224058759
10.1347276708111
2.01617512214625
23.329092678614
13.7591814622283
19.9302741521939
27.6739281136543
17.2125705052167
8.7596828211843
6.75119210500496
9.84557355028591
10.8580482425168
18.5555500213432
16.908381646918
19.988727918826
25.3329553175718
19.7627786314115
13.4917204669349
17.2821350162849
10.1892931619659
18.1227134540677
1.6866015503183
19.2942171357572
4.18774972204119
3.25903120186546
21.6343090851577
15.109437610954
4.29581745993346
6.12484603188932
19.0507062710822
16.9242139905691
18.1909280596301
9.98041198160779
7.32232116552415
11.1277228048119
7.9442523419857
22.0998803619295
17.5202667567033
17.4746782405455
15.9385164268315
25.7782306522131
21.9953519952879
8.55654848273844
9.74378418177366
20.1365601737052
13.897612830624
21.880327584222
9.61208967957582
4.38519094604999
14.5595495821908
21.2543237385319
21.1875716689974
13.3089850191027
19.3977122660726
18.3445563074201
12.7731447658829
8.2500163000077
11.5721863147617
4.36303406926268
16.0591418622062
22.9659086026579
27.3743423400447
22.5222704699263
18.6379381225635
9.4023873774907
5.09074677247554
24.5058096945286
18.4177712304518
1.8613945493453
1.34090394712985
15.3347784420475
15.1443834183738
14.2273410048131
20.5003173556179
15.6253986759111
1.90025006978783
2.28057924101318
10.5538151692599
7.47058833949268
20.4770243726671
13.6034198553322
8.4720965474844
15.1481579681441
20.9085300099105
13.5244307573885
16.4256893796846
17.9842223109146
12.3201259644702
10.7503049541265
9.26070786081254
5.55050458047047
5.79846180535566
10.3418761398643
13.3575535612181
11.6179332634616
4.80460124090314
11.445933064831
18.2640235172585
3.41660564709339
15.6138870865107
4.67352158609326
21.1565882200375
8.1601167563349
4.26876597237766
13.7124125380069
25.1296115340665
14.4271285971627
12.8312615245361
18.4906760463491
26.1897914796861
14.8543214425445
9.77403538305834
17.2954812413082
10.6026454130188
6.08036443591118
12.7559071406722
11.0396605916321
15.2030623161664
20.4207589151338
17.1382787404582
13.724515461913
14.6685921121389
14.9828054243626
18.9359728246927
22.4016678053886
14.9130230536684
28.85239912411
20.1219206719412
12.512711966792
12.5323197489548
7.26626354735345
16.5412539150566
3.82669547107071
23.9878380903974
21.547978441231
17.7488828543574
9.6385802840814
11.7216601967812
12.0669425697997
13.4271817747504
12.0824336539954
11.9205498835072
12.090076925233
15.3092730324715
18.0240223184228
5.70568424447391
19.2099622217938
6.73663411289454
13.1148304091766
14.9104631040245
24.9143717591477
7.02500354964286
18.4768611513339
13.7002950534225
31.4231619471684
0.67142522893846
9.97968858573586
15.7885489122665
10.7156007317826
15.6593283405527
16.7223558512342
20.3628556337208
10.5519666490335
14.3200509127238
13.8823887292811
8.23937910608947
13.371356180869
14.8244082983494
16.7162456084043
16.6565300663933
3.37324389256537
4.29737260565162
17.5292690517381
18.565862160176
3.7975037681854
16.1142529250146
15.4020659858361
7.23877333712707
18.9018262745561
11.3558634417132
18.6370646132877
19.7247355943546
11.9724079500884
6.1548174313537
12.8089492442086
20.6740097375587
14.4099350320175
13.457554159686
20.6044791964814
15.5652189394459
11.7147678975016
25.3467879404578
15.3409390388671
12.955755321309
9.25029024947435
16.394441947341
7.41698259953409
8.21874050889164
13.4319337353609
14.5636209182885
17.7426459034905
11.8419489701521
6.35746448235012
25.7964646443725
21.37398251798
10.7183357545563
7.57793935481459
14.6825865133591
8.43041058223307
11.506151237412
8.44116082880646
11.5180274704471
18.6805182835087
17.0348488725722
14.520714012906
10.3652015122454
11.6630089678394
18.8715597361428
8.41339331818872
18.4190870262682
20.2125761425123
18.4665559325367
7.87763624723138
11.5374041906797
27.417904487811
18.8479601704713
10.7893165200949
13.4192416216183
3.84871881022986
13.3161523003186
17.1586912972971
8.4398672878534
14.5289478125051
6.70823219697922
11.5009673638269
22.6447411347181
18.2634636526927
20.9813717519864
3.70993048418313
9.76941892313021
14.2917399760336
7.30677983205874
25.0977995572612
17.3606393160298
25.4444384481758
13.4192161494866
15.1402540504932
13.8896387086018
17.5421376945451
12.5005525071174
11.4783721318708
18.7578751558766
12.259863037616
9.56942511256784
14.3936068879115
13.1176623282954
13.9290681341663
14.8641994455829
24.284646083197
9.79960986031669
12.3633713497033
14.7986643016338
22.0122460976795
13.77017297782
8.36353299673647
15.6068516640578
23.0475946795195
15.4467778047547
6.87840669415891
8.79068595822901
8.82795658731191
15.1895942632109
11.6821074625477
13.51259178482
18.3987078727249
17.8007800130624
15.1605611201376
2.38969558849931
15.9828280797228
8.56020760256797
15.7643508398905
4.53446832787372
14.8148438030837
6.71108341775835
11.1003250703009
6.66149682365358
12.6121802488342
12.7173871221693
11.7144699208438
18.5181939776831
14.3471323066547
8.13997659543263
11.0638419166207
13.5166213847697
2.49122369568795
9.03969850866215
18.4685001026865
14.4353039562702
3.09236259638169
17.3321736510843
12.9537128291971
19.6218961849809
11.5138561697677
10.3533357381821
2.18769564152309
23.0702247634627
11.6387486224994
14.5191715564579
7.74697207846013
6.20522231329232
20.2821793267503
15.4238167849207
21.3696702627703
4.54467090312392
16.7341727297753
9.01294851209968
19.609899353236
11.1538779688999
6.06449202168733
12.2819000389427
14.2975768540055
19.8125542949178
17.8279540967196
10.3453467600048
17.3480036668479
13.5238116343811
14.8073093034327
17.0018316013739
12.0841653551906
15.755808715268
18.1881752078855
14.5520404871391
17.5574397887481
27.7325350563852
14.3684110604227
2.17985296621919
13.6441377457231
5.5580991320312
18.019739468582
6.17534329649061
8.32342463055374
6.95333229377866
20.3614130447654
18.5203487053514
19.0772892674431
11.0152377575558
4.28213012930251
11.5775286400711
20.5572794266505
8.26341523484766
12.7160234112788
17.7864682384545
13.3555147564039
4.78652922902256
7.77312394606792
12.7439532109081
13.7656535277529
15.5546966707334
16.276408607697
11.7349815322086
12.6391057273602
2.51741591195225
13.3420538855717
2.55820953185688
10.7837700406004
11.4319925196469
12.8941386239603
13.3694573072717
17.6981564111357
17.4793036654607
2.77731069363654
14.4664263818413
6.92553494591266
8.32369824421572
5.50443085759177
23.1731066480279
13.5495582362637
5.0460887005239
2.44153116364032
15.0077699916437
15.7502870075405
24.3926649447531
11.0156020943039
12.6235746545717
2.33675020281225
2.78258739658575
11.8454388808459
18.6252024490386
8.50483734734408
13.1681205632593
6.07295020313927
12.6075753709301
10.7873621599867
9.93446451611817
18.3441495290026
3.40903797186911
7.74896053032433
19.8943954659626
6.88938518442443
3.03707155399024
15.1397094079901
15.6656502047554
17.0644208280393
9.21828691564398
18.5927720041946
9.57924642134458
19.8517603334039
12.2004326898605
20.0938543304801
22.0242622384931
16.1555232223951
20.1981207355857
4.97096537146717
14.5126422168687
22.6502564968541
7.12657115094525
8.18691759002189
17.1080175193674
20.7939959131181
21.0967870661989
19.0881091170013
15.6006810255349
4.23635152475752
13.7143593514338
10.7364913914353
22.7093238150701
17.276559327729
7.98272045794874
16.0515439627346
14.7803116738365
13.3061156142503
12.199113187946
2.86147247534245
10.5649392595469
9.74244944225457
10.6667507111186
8.62686549009503
14.8126329937207
4.87689005676657
13.1597553612664
11.4933680044487
15.3259251548831
16.3873208453879
7.18319416046143
24.068130669184
19.4198474055156
15.1432309299707
16.2194747012109
16.6089543839917
2.14523885111347
3.58517104759812
10.6491319369525
11.7447905940935
14.4320198155811
15.1033959584311
21.1076931861701
15.7043409766629
14.5334432134405
16.4446886163205
11.7331486660987
22.3340312484652
14.1647094627842
28.4588683396578
8.35633291904073
14.0467991505697
14.5057625137269
12.6224654769267
13.060302013631
15.6829706626013
21.9997330900134
11.8582173390467
17.4789061304182
14.6907206695639
17.7975803519179
12.4642462236807
14.2746265046299
14.2293659271672
16.0430318675935
10.2960793534294
10.2601567981765
11.7207457078621
19.1921446283562
6.52979500591755
14.7878069197759
16.3367887726054
19.3689267639518
17.1457216804922
22.4772097077221
18.1986212963238
6.10165279917077
2.94964860659093
13.3249195991084
13.5096593992785
0.134125024932387
21.363182944817
10.1742037339136
14.9295224075496
15.0359187740833
14.6040193525295
12.4606160679832
9.42938004952076
18.6192217748612
9.58528276272148
10.4144286597148
11.1549878725782
14.9465686175972
12.1457627974451
4.53722858801484
15.4949175426736
3.87070677243173
10.4802775662392
17.3628778895363
12.47793350617
12.1098616393283
20.3987968619913
7.13211228139699
8.07749463710934
15.3112194211446
8.92507687676698
8.42390456236899
13.0579204298556
16.0753410542384
23.1580159679239
11.1476824386045
2.21866591124094
12.9251428520324
26.7888627713546
16.9268284924328
13.7484078295529
9.29180872626603
11.4318481100422
7.4097387958318
19.3577656988055
7.81868956983089
14.1291653839999
23.3088477281854
5.87364313026174
8.40402044447633
6.25925194472075
13.2086865402768
17.9799131816253
7.11428649626428
13.2260018356704
22.1593594279044
16.6466486873105
13.3396165197016
24.3618408450857
13.6872450818907
12.8560394009713
10.4992550332099
12.9739278927445
11.5791470421263
22.9215343948454
19.5884780725464
20.9418755955994
13.1250601261854
13.0027323262766
8.82222701329738
16.2066796087327
26.9161002284167
7.95057686045766
18.7785782318939
18.8714113014574
15.7908658729866
21.4807017636724
13.6084259487689
21.1130021139979
5.48948226496577
20.8166349912062
12.0852454565465
4.72874394617975
21.476422296837
11.4340184722096
16.6961395018884
3.03121539764106
14.8355022639678
8.62795661669225
6.91244383342564
14.045078936033
15.2957607991993
12.095738899486
14.4941289676353
4.501161002554
11.4329794887453
16.6206901660189
2.52843773807148
1.63608914333994
9.38177243806422
14.3364474875852
9.49976486153901
9.79680996819549
6.31879487039993
8.64989897236228
16.0246286308393
10.4124052753639
8.6272019892931
2.66170118821572
7.33617382144241
5.91769230731877
0.744138566594621
19.1009032772854
12.7395635936409
16.3085084092891
5.10526313446462
16.0185014899376
14.1382786212489
10.7938371133059
18.8417897418102
20.5877617932856
8.04798246826977
15.4924163730503
15.591048123315
17.5213829177553
22.7403070311993
17.9366871947423
14.4896472804248
15.7385687576607
10.43920942445
10.0740910507739
20.7354922778904
2.97132891137153
12.9783479496837
26.5290001872927
6.5331696998328
12.9484757678437
9.38140470534563
12.9466855140084
12.7836153609678
17.5478749384334
9.14320107549429
4.34952899813652
21.8279363425229
3.3244805936302
8.22765887714922
14.0503787202761
5.67181475926191
17.1494432717202
17.8357666591182
3.29819649448181
4.30755369460184
13.1530578713864
10.9965846537094
23.7232724697454
16.7789227329195
21.8112359521911
25.310718594119
1.88265320440714
15.0124703533947
5.77778920996934
14.9425497744232
24.5429136240963
17.5256216539747
10.896815968428
19.3526185117662
10.9789463225752
12.0200085220858
3.46340648829937
14.470704854466
20.2096968110282
15.4818321345374
14.1750408569351
25.2074809046462
30.2532479166985
17.4658827975291
6.41298659611493
15.409540059045
19.9852830264717
5.96530777402222
9.97625223826617
10.3938238349282
8.55724534485489
8.66180780582556
24.3589132325724
12.6064016646657
6.58308607561899
16.2026414414868
15.0872260664017
19.0594701562077
27.4565026396886
15.8989392919466
17.2432923456654
15.5482659349218
17.2662006960874
13.1121168844402
13.4302813559771
16.1669120400605
18.8447022344917
17.197240004316
8.64517549052835
4.91142252444685
23.8933734595776
8.63769124262035
7.47341353784073
12.6985881093269
22.0858057495207
9.08278881106526
15.4361179493797
16.0715205843121
21.4541371446103
12.6119647416842
9.80012549553066
12.1878907782957
10.3763435501605
15.4294975567609
27.4429347133264
8.6114052683115
11.8617720669135
16.5877966675907
9.55027416348457
19.6191187016666
24.4940364267677
6.44161489326507
14.3859350122511
13.2349971147828
9.32426066300149
9.55021656118333
13.9347550096039
5.93065379653126
18.932112515904
9.61100459098816
1.21139700058848
9.59300233516842
21.4162802090868
2.19276029431506
11.7041809717193
3.94330227937957
12.1666051203628
13.8315135845914
8.22630753181688
6.18471468333155
17.776957460487
13.9400305372875
11.407718854025
21.2340265978128
13.6868914123625
8.98193756558123
12.1123674978572
15.9895472694188
14.4112016074359
15.5474609928206
8.65550234448165
10.7617931906134
21.7415812890977
16.1217426415533
11.4844746189192
14.118914003484
22.0026274211705
19.1081065451726
8.10175905935466
4.84478746075183
5.2806403953582
10.7621080009267
7.04380001407117
16.4042344549671
5.72267298121005
3.971291705966
12.836720854626
21.2491940706968
15.2418165002018
21.920645879246
10.6338555513749
14.6993330912665
0.503697642125189
13.2869314376637
5.04609290510416
7.26527989867511
12.6562330406159
7.7496183803305
9.28482194431126
8.75767967663705
9.7165435552597
6.38401255235272
23.3896820442942
24.1183541016653
24.8386766994372
24.2399419860022
10.448020271751
16.8435245985165
13.6407453101128
18.5447263997048
29.4938769889995
11.4441803190857
12.2645884579405
10.9940679696421
10.5698976665735
0.674830353818834
22.1542994491756
11.0986596565319
8.45412400085479
21.2138123111799
7.18145980499685
16.2949722958729
8.61605000682175
11.2843301845714
18.0342636071146
22.4727669730783
6.51460510612898
23.183080247854
7.6262270566076
3.60284780617803
2.57817599922419
13.5372442658991
9.10047683864832
8.29278232995421
8.61018544528633
8.73118227223556
3.46490053925663
20.9595636231825
12.855787621811
19.3027749890462
1.73681238666177
26.718700886704
17.3339096829295
17.6721867872402
13.6697291676796
6.68772466932178
15.1283626910299
14.2076454367878
22.8091302176103
19.7216195054352
15.4231538530439
7.96907325275242
5.01213872339576
5.92738629784435
3.69947337047809
22.8494144976139
18.1409182958305
15.0438556214795
17.1685714041814
12.3273795703426
26.7953173635104
9.48344671593802
18.221795837615
19.8482938650843
24.8819301137701
13.6147924698889
13.3081510895863
3.29993688814196
20.1731809020388
8.38137294631451
18.3429991593584
12.7957916818559
17.8501761052758
6.59165394026786
1.8583985733505
13.3426415855056
8.68402533233166
10.5988427826279
12.9903971217573
11.5577734075487
12.1215991346956
8.67023596680125
24.6709504630417
10.5605677701533
27.3602130357176
19.2388434894383
12.1753602007646
6.1706166837019
18.8098890016617
11.5956131006842
26.2601007474586
12.7463800030267
18.3615171583369
8.43127561067957
5.97013428569988
13.0333906738088
13.6874408693984
17.5982844550163
21.4535085018724
14.6739831518458
16.227080505783
14.4721777283398
5.17825278988875
12.4661111505702
19.1842467989773
11.355987470597
14.2787245335057
15.4382383450866
8.24924963526428
23.6720338463783
12.4449277296662
13.3364135632291
9.96685269298618
17.9301928728819
12.1320166857913
21.4525980176404
6.67776858899742
7.40892777685076
18.0343605781369
14.8529947269708
9.80263389647007
24.7926482697949
19.5277894847095
7.08082881756127
12.3337061109611
8.86040667700899
17.2111506085243
21.1345166666433
22.1735867734765
23.3290270203725
18.6033590696752
16.98126023705
13.942341373634
12.0006689801812
20.2713811180638
17.0045960335997
19.2899861319319
11.3177091396934
15.2203151955616
12.5117417712211
15.7541225431487
12.3925540363416
16.7125233908131
5.51448123739927
9.52460716600288
7.7412121463567
23.3663271879777
11.5629788255319
21.4035390643403
17.6167194498703
20.1568677090108
18.9309769310057
23.563097929582
11.8187787709758
7.4186276178807
7.2022568874949
18.7515354818178
15.8135332865641
2.48919272081846
10.9848644351587
7.36339967697859
4.14178270944791
5.98347981062209
30.007062596269
17.160160257481
15.6451144721359
11.3572521135211
14.030101406388
11.0426668077707
8.64974661413683
8.09663232779724
17.9234272334725
22.7227534400299
17.6904493304493
14.3785789230074
16.1986953346059
9.42586245946586
9.13026754379144
18.6261733160878
14.161314771411
16.5569477503551
8.33330706227571
18.2835972402245
6.94903051480651
15.6613700790331
17.9189550690353
15.5602023703977
22.3733119200915
4.78831899818033
18.354924605228
10.1572301471606
14.7011519875377
11.9649498099556
20.9472758928314
23.047393374145
2.79311954509467
15.3371079359204
11.4603522466496
28.8543122820556
21.4235231745988
5.31993599280309
8.25641539413482
10.9953301526603
8.67149962577969
3.99781500454992
18.8529700273648
14.9533307904426
10.8197645682184
5.93980508113998
10.1450557184981
21.3435498299077
17.8905590903014
11.8208060972393
24.0203308640048
14.9830296169966
20.1346531510353
9.47934740907059
16.1786787910387
20.1988043496385
22.1835956932452
20.7302942872047
5.446882173419
22.4954522913322
15.1695822132129
13.9757689454756
14.7173543926328
14.1021807212383
24.6318833669648
8.85846263263375
4.7192377736792
17.4276452156444
11.3446448102221
18.3543056482449
23.3308554394171
9.82772102579474
9.410549281165
16.8731061043218
5.2704417379573
9.68117932789028
3.02723299078612
18.5314172689214
17.1158517245203
3.07531214784831
7.08855788689107
7.75774153880775
8.14598640426993
17.89272534661
10.7020555296913
18.9157716929913
14.0113112617207
20.38846668839
20.9588897339941
18.4916136708461
21.2868647046317
6.91909808665514
11.1427419120446
10.4185204254463
13.2202775664108
10.663938941434
9.18097936037873
15.579423494637
14.0814535785466
16.7414389085025
16.9946121051908
7.98558667302132
21.9640011899173
14.0589952701703
11.6375879850239
20.6235979218036
21.0912967172141
16.6393806925043
13.3549750084057
21.0773632861674
17.5966784125194
7.55995924118906
5.53576828024167
13.0650951427084
19.5456040067789
5.81426667049527
14.1946262679994
19.2981051048264
16.73636550336
18.0516404099762
2.28837547934241
23.1255423976108
9.65116953011602
24.4085525628179
14.086501696147
2.45517249152086
6.85597233097728
22.7331358706579
10.5227306080343
20.407979330048
17.2090252162889
16.0844386089593
15.5447531258687
4.836614895612
14.2144734242462
13.8174223713577
12.9343731561676
17.6265246234834
23.3029121533036
11.5988283597763
20.2059164410457
14.6156389439686
11.4135421346873
15.7340022196158
14.293588930741
17.1644581248984
15.208537154831
14.8622725624591
7.36245203297585
13.9263433404267
10.0418451242149
12.2733108466491
5.85571820768429
22.1224504057318
14.696607645601
9.00717163458467
10.9876878093928
6.7268777046787
11.8855024746123
16.2346960045397
14.6277751773596
13.7232426321134
12.5799220521003
9.80593997519463
13.7376219267026
17.9853200213984
10.2607470704243
11.5000570425764
3.03584143985063
3.95251656882465
2.95409755781293
13.8261942425743
9.17290099896491
12.5779224792495
7.5151234632358
7.78320857789367
16.1869940813631
12.48897238271
4.95632947422564
17.8202517796308
14.1290050232783
9.44745874865702
18.9472735377012
9.28136082366109
19.5786671014503
6.82137048301954
9.19432253576815
22.3375493427739
8.04631079074207
18.9510598778725
12.2248953441158
15.8279175171629
15.6453235307708
10.7425133930519
11.3602684424294
14.3782769795507
26.3473492814228
13.1412342606787
17.3307955730706
12.6825676299632
11.8864694610238
6.71741485130042
13.9431139683038
18.5075116343796
18.6823513358831
19.7670897468925
4.95709986740625
6.72147229779512
9.49941626269233
11.9194683153182
14.0050854533911
8.97349300779766
10.1594829699025
22.7504227077588
12.5276078237221
8.01901549566537
8.73322114912552
12.9216903820634
18.9123767893761
16.5038641076535
4.17296406812966
11.2628541838271
10.8323796524689
8.2623525056988
0.452788406983018
13.8239484280348
12.4388651456684
21.694815158844
7.25376215788017
14.6772817941383
11.338278464973
2.05000699497759
0.0495745101943612
5.76618902228222
14.228325150907
14.9330829037353
5.77744927722961
14.2369757872075
9.54882290679961
21.3160454062745
7.95087304431945
5.95308285625961
19.772367994301
18.1074725080786
6.63246223703027
10.8010423750663
12.9435607464984
17.9525056233205
16.9330672826618
2.67909113317728
10.5167073896155
5.93558843247592
6.50754736270756
12.7528059539899
6.15430197212845
21.2745934491977
8.49208028521389
12.8245021449402
20.1733535042634
4.48022686438363
13.9300415525213
13.9354812912643
13.9648950940919
14.4059737212956
11.4820259168111
23.6709711374715
11.9210695847869
19.0945021575317
13.7229842970083
11.7871693568304
15.6576535897329
10.4399335387942
19.7038441197947
8.58642524108291
9.1325111920014
15.5713608954102
13.7485049199313
14.2144960351288
11.9778938470946
16.7602148838341
13.1876586428501
9.48275988921523
21.9582629855722
20.3613888472319
14.8801101604477
18.9031045558182
15.6015058979392
15.7383338082582
19.4895827472602
3.02458487403852
10.0375598995015
22.948399418965
11.9043314648865
21.3380816625431
15.8418834675103
20.8887132350355
11.5510575350062
21.8285149661824
10.3854963555932
9.75861186161637
14.5688786869869
26.033354527317
6.48647588677704
9.45881474763155
13.0869251675904
4.60204569768613
17.7356919506565
7.80035953503102
16.4623398566619
9.8835133947432
18.4377065626904
18.2587157934904
16.7266102740541
16.6143301641569
17.4180570524186
18.6948152724653
18.0105394134804
16.0205677850172
18.5897493734956
19.5439966861159
17.7575040608644
5.97390027251095
23.7237193388864
11.4935216028243
14.7278102114797
4.15523491852209
14.0235722330203
2.88568553514779
11.443268856965
17.313153645955
15.1186402421445
4.30658378172666
13.9793762704358
5.80755127593875
12.2063433732855
22.3685798800954
3.53999126316961
9.75799562536641
18.4564158786088
19.7763651842251
12.2287982529465
16.1269434262067
24.9425782356411
14.5986409574705
5.36563484929502
17.0572723846602
17.8927823901176
18.5344065306708
8.18415546220227
12.1445260761956
9.57187172025442
19.4102542474866
14.5234366027959
16.7922380941838
7.92884158436209
25.7739834953099
20.5994756892323
4.80480941478163
16.8023919919506
8.96043355552923
4.04843198652742
7.4398850556463
15.3753000078723
17.201068443763
13.8008141340574
7.6945296023041
13.8516699895263
15.8173531992361
2.60746705971497
17.6144309291353
15.6750230584294
15.6412761166296
8.9253623271361
21.3074133020615
19.8809678050998
6.87109703059241
18.9026669831946
8.47279817843626
19.0821149619296
9.45964243224704
8.92157253182737
8.98166138213128
8.22796560823917
18.6875303043053
9.61242815423269
2.47337585315108
10.8868568437174
14.2649557208642
17.6249738084152
15.9499880173265
11.8017524015158
11.3134395464892
14.015042129904
10.0857200333849
18.8110356081646
7.82080300681285
21.9968479359522
11.8630421115085
3.96588895483916
12.0168807916343
14.9002899881452
16.0013470798731
17.0515783510497
9.07254560768356
6.9353935944277
6.01911782287061
7.11901693139225
15.4833779958322
15.6225224258378
5.39707446005195
18.6344923075686
6.24714195728302
19.7641856502742
14.6756466478109
14.6477390313521
9.73242735490203
15.6138346064836
3.02644528232633
14.643557131882
23.3072841307148
12.063823223072
17.8703499259427
11.9660592896311
8.63890464453854
15.7402172684669
12.8129248740152
8.27857253607363
21.1060761474073
13.8819916473331
15.9599330276251
18.8360230298713
7.87516699638218
9.8380422672649
6.63094762712717
2.65724919666255
1.73873132885345
17.807894712314
13.4673059452325
13.7480491982741
26.0905697476119
17.8347144508734
5.02546122297645
3.48873345647007
22.4753229944047
19.3547181068674
11.4238938549533
15.9707957645878
13.3588194088386
5.32029324676841
12.7140630502254
9.75331083464644
13.3855066661142
6.5247412060595
7.30200249236077
11.0123902792111
16.1867051093798
19.2067100200802
17.3677320592105
15.757809488946
13.0340223666281
25.8921126136556
16.5699119446799
9.05385476071388
20.142663968727
13.3714264258742
11.4208599086761
15.3860718244687
16.3534523919225
19.4797277683392
14.0703581841714
13.2656272500753
18.8205904560164
7.28729306720197
7.44391535408795
7.43994077201933
16.0162819495972
14.6380168990383
15.0733649265021
18.7016290379688
17.3692658310756
20.2659498201683
12.5354928895831
5.10272308930058
18.6485728714615
12.1783032825293
8.21482189930975
15.4416016768664
17.8033521170491
21.2459814734757
13.9048299053684
23.7681822152808
13.5905693517998
26.5674390131608
15.8226019470021
12.1827542734899
18.9597417527096
6.51810842292151
5.27264568954706
19.9370083399117
18.1781154676956
18.9045653322607
23.9390006521717
6.19906134471203
21.4895636541769
17.6198875882886
8.98613666649908
16.0360930021852
20.6966494908556
15.0548547814417
5.05675742235403
19.775127642788
11.6824989207089
12.864823709242
19.4488134467974
1.54283109586686
15.690943156369
15.0997389340773
16.818435722962
12.7166894031689
6.86330427415669
11.6156506817788
14.8289143573493
16.9118303107098
6.82594804093242
6.81126534473151
1.25486012548208
9.3372963996113
17.0701465802267
13.8146490091458
19.996192523327
3.53959235756091
4.93511795334546
19.2455273587257
19.2492305766791
6.40439454000443
21.2257200153545
8.64398386329412
18.3499063597992
4.86576472532045
6.80449448005712
16.5540907299146
7.50136103015393
3.34286247380078
6.62846633940594
3.8101026089862
21.3321952614933
9.14935470309655
16.1389653105289
15.283732349053
20.6236590631306
9.45030706461878
21.5070070466027
10.9922455390915
14.3590305699036
16.0317653535923
18.2126720203087
11.7100885137916
14.855838008225
12.1123116929084
15.2436363277957
9.01977177709341
3.71933253481984
10.3129389230162
5.56015104521066
18.5678223380819
25.7490101503208
10.6026008725166
5.19649671591373
14.8068482521921
14.2302561784163
14.1852978616953
10.1887981735749
6.53618632319754
8.83889133110642
0.20863289452955
12.0290133403614
15.4803570857152
21.0073157446459
10.0757695036009
1.94585195676773
3.4386626444757
13.1326450267807
9.61435629618449
13.192323478203
15.4435515455129
6.71324364375323
4.56508873030543
8.64375105593354
7.13521048537659
4.40767851822733
4.71228887327015
19.5860764943063
19.7776477551088
13.4450286626816
17.8353720810264
16.3297282531857
16.8043331607739
14.3076366512105
11.5725813200697
7.86940874531865
12.9667071858421
7.34538341296623
11.1456251333628
13.7922305846587
16.8930251406593
12.3761544850958
7.88250060397766
11.4243036136031
25.1537623815238
7.31901656836271
17.0427755918354
11.4685624107237
19.4534772541374
25.7344667101279
14.3676226958632
18.1779264705256
9.36972663077287
15.1909293606877
19.6321083698422
9.50889571104199
14.8122204467654
11.1797963967547
7.3264073033018
15.7523856498301
14.8042302811518
10.9758057424556
11.331221384324
8.34975182078779
0.152639113366604
9.46594390552491
