"x"
21.4862049557269
18.3632232015952
25.4450677428395
12.0692702708766
18.6087860829274
19.7142329829796
22.6446320535615
22.1668073674664
15.2350683230907
15.4543460346758
17.3738840501755
9.44113924633712
16.3612253166273
11.8818666087463
30.016862321645
27.959496434778
28.9557747077197
25.2041855721955
27.0403544418514
12.0743814622983
0.105894729495049
21.0205316288141
31.8397616967559
29.3977668974549
22.09008699283
19.4838033057749
20.6810474162921
27.4065076839179
19.7094867471606
14.8989382898435
14.1735156299546
26.2870329666087
17.3708112167121
24.0213720287778
19.0070512074567
25.0410693930462
29.4789586681873
28.9819192141294
19.0935813821852
17.8286055102944
15.2623662725091
22.6912991609424
15.9679635893553
14.1913171624765
18.8542144838721
16.6169390547014
19.4261969532818
16.0326258551642
18.5180737869814
30.75402576942
21.5890022460371
22.4856346147135
23.1800536392257
8.99513266049325
23.4334672989128
20.7004738273099
8.50826090722276
17.7823915417523
28.7271584151313
25.2197369933128
18.2278659660369
17.804312123917
16.2859873147681
5.5880811996758
27.7999837649986
33.8333528488874
26.3982042204589
17.0710120582953
26.9796300213784
22.2966464934871
0.675103976391256
17.2458292842417
19.5948996115476
25.8489181287587
28.6119430558756
17.5424916436896
35.2691896704441
18.5910413973033
14.1695307800546
23.9052516026437
10.9943612711504
26.9177603535354
19.7868375806138
19.5100825658005
22.5148879430742
9.80090596665188
13.8443778501824
19.2167576402426
8.5602739541477
17.5893443869427
22.1112048020586
25.9813580429181
19.4027525372803
11.3006296800449
14.9714854781318
13.2633450208232
20.6724751042202
16.2945850286633
22.3978254944086
4.64722483884543
19.1726369550452
21.3482118444517
22.2091637392753
23.0988468276337
21.1787105537951
12.2847209917381
11.7388976505026
14.2097434727475
14.6685199812055
15.3468964784811
23.4839271754026
19.1559670810535
17.6090420456603
24.6736168395728
29.7646539285779
25.6463161601378
25.7918976945803
13.5505788959563
18.8339693238959
21.880966424942
25.3080518294458
13.1030135555193
12.9511493432177
22.2973289666697
21.1825055425527
14.185254694894
17.1333101578057
18.7521721003577
14.1907394863665
15.0796148227528
15.1073839049786
17.0316194415752
24.1908704861999
24.4393933564425
11.9639219716191
22.1433816011995
8.01217283042736
23.8907848330135
24.2612335598096
25.546123390086
19.0734350122511
10.4533333216574
17.8040838084615
18.8640433363616
19.3954468471929
14.5641834611347
30.26126192417
18.348570750095
31.8065070314333
24.1716440534219
16.3095245836303
28.3281172160059
21.2277981219813
20.1346057932824
17.33602960594
23.3914300957155
21.9488211441785
19.6104372385889
23.0684224050492
17.5994905887078
23.4564008656889
16.4075515465811
24.5453692041337
21.9830216607079
15.9199500456452
20.8193126367405
22.2880436573178
2.87717219716917
24.6979887987961
21.7295074602589
25.0258850632235
18.6681442894042
15.4034912586212
22.1383633092046
16.6750290797795
18.6964855296537
12.4489386333153
26.8804815830663
13.5426982073113
17.4133792519569
22.541384678334
14.0792524442077
8.94490605283581
20.779941836372
15.5857196162378
21.6140058124438
8.54519866406918
10.5665022972971
21.9923397991806
19.280676310882
18.7329140491784
10.4672385379672
16.7751788213886
41.1390348782247
26.2502162717283
25.3488608868793
24.7538955649361
24.9826132785529
16.1938292905688
13.4430527919903
21.9683367060497
25.1926486613229
17.8239988861606
30.4943607654423
35.8427511227686
25.7048620609567
20.3130764421076
16.4137536892667
26.5907182358205
17.2967851627618
26.5041529899463
22.0585525501519
16.7922375025228
27.1667427150533
14.0884360298514
20.4957566922531
30.5178276961669
26.7030247021466
21.0865951376036
1.00614046434688
12.1309173991904
19.1608712077141
22.0370881088731
20.2515090180672
27.2534637944773
22.6287702533502
22.0620619598776
22.7996882982552
15.5018445802853
16.4111820748076
19.5530748693272
9.16956001892686
23.1527847470716
10.8024684712291
9.57719853613526
3.76161133329039
13.0757265724242
24.8616341268644
25.5311597604305
18.5423044255003
22.1208471591415
24.7865192359313
17.8525101585665
26.8187258644099
29.045972134918
13.932525832206
24.8878352344036
25.9354860987514
13.102344703949
17.1472811605781
25.3979040542617
21.9186531264475
17.5189508805948
22.4743004422635
23.5561239533126
10.6174486456439
29.2947684181854
14.3848367986206
22.5096065783873
10.3388047078624
16.1732625914738
22.536820739335
15.3730160556734
23.2339702080935
12.3148592654616
13.8471987023262
22.3157983273268
15.8519075252116
15.6472156522796
12.7052293087397
30.5593708064407
24.1061372682452
16.9702254274348
8.78810262069588
11.4230151288211
19.8356827255338
19.3742045434192
19.9398349355839
24.9812125694007
16.2712129298598
11.5770612745619
20.941899693571
23.5677837394178
21.5529548543169
26.3158288784325
19.2383498646082
17.6613647178439
17.009866447188
19.911667640458
11.8644812144339
9.36760743211839
8.21872996331854
30.5143454201888
15.2857434703037
9.64796440675855
22.634571608587
16.6843493236229
3.07050989594509
19.3700531497598
35.1346738410712
14.3875821260735
25.8991027018055
16.6128176541036
5.77358307782561
21.8661618884653
8.45600194297731
2.31411200418716
12.6320278822449
11.6076122969389
18.4398298850283
13.3475561332681
32.6167547376826
16.7503661985682
19.2414134740829
25.2636578399688
20.3362294938415
20.7671602722257
23.3842693502083
30.2111039170995
14.2139734234661
13.321212423034
27.016117493622
11.494565452449
24.1222437936813
13.2763267960399
20.2316481154412
20.4602818470448
25.5191429702067
22.3080415045843
24.7341652970904
20.0391368940473
11.3847811779626
13.1000145900563
22.3138590439848
22.3393220920116
12.7390149049461
23.8800337317486
34.5562630333006
22.0702790422365
17.3979308268251
23.3192126471479
16.1590526811779
20.4654554603621
16.6132312268019
24.1047008968493
26.861079595983
26.0647349525243
11.7249809533186
16.6339175542817
24.5630433782935
30.8969866018742
18.6684203209606
16.6016289498657
31.0557075310498
13.515185075812
24.3008585181087
23.4343092411057
24.5813701301813
18.2828194468974
19.2781582235677
24.9493868090212
17.7875777008012
23.258565470487
14.1997923376039
21.5720042586327
20.0988846831024
14.8684170482374
19.0372458081032
20.4820804380572
16.6862115962431
17.2744464909913
16.8985850177705
28.2634226372465
13.6940342141315
6.430748058483
30.3905226057395
25.6614390993491
9.76884844712913
12.2884794139313
18.2067015208304
22.552461666055
17.0582273742184
25.4146607127041
19.8453569086269
21.7505501795323
10.954927393277
4.9667886620954
10.8127660846215
21.899074385874
15.8002448715155
22.6915714330971
24.3946791859344
14.435940177758
27.8624542839613
10.8486884273589
26.5152979176491
16.7805365025669
11.5619588300629
28.6134831374511
16.1057216580957
15.7416941830888
18.4426998021081
28.9198224665597
20.2934492146596
25.2415317576379
22.3397723751569
19.7970315581188
17.465904657729
21.6856001876295
22.4123181542382
20.2451933824388
17.2279387712479
20.4487935407087
22.1895311726257
15.4531826032326
19.313157661839
15.5687480699271
13.4039972210303
21.4312721742317
17.7700293976294
13.1820202572271
9.5155164351975
17.3022676259279
23.1453061017318
17.3801353899762
18.2185435900465
13.0054437555373
17.2937631141394
18.0872397962958
25.97033707425
12.8049044466818
13.3789598708972
25.5480300169438
9.40326594621455
23.3458744827658
20.5516500165686
25.4435025155544
13.9056955974075
26.6212312504649
21.9814900076017
12.3527167830616
15.1968259371556
14.2629279522225
17.51591602806
10.6140766517379
17.9401240311563
15.1035756124061
4.72234901972115
26.0266238590702
20.844440184542
15.3393923324999
12.6348464982584
25.5261606536806
17.8982519671254
22.4575036205351
20.3874938422814
18.053050735034
14.5275769289583
17.3674531310948
29.0906835580245
15.9977743634954
17.578609116712
21.0035666590557
25.5595006514341
8.88646590910778
26.7457396024838
14.5452982746065
21.0712167434394
26.1253666866807
10.8119260286912
28.8150397827849
17.6247828174382
17.962055924696
18.0653718532994
30.0956155406311
14.6025874803024
20.7296432519311
17.7883840398863
20.6184015842155
28.3983391243964
21.8192508759309
19.3557764170691
17.2068582149222
27.3549949750304
26.53532482218
18.7646959675476
18.6653656186536
25.6297239800915
20.1436323113739
21.67276320979
13.3842555340379
14.1221282968947
16.9939409010112
24.4168109958991
18.4628057293594
21.1238308576867
24.2349456064403
20.4881144920364
21.2381160119548
15.6717346515507
17.0659793720626
21.2098639691249
15.1101825991645
28.9191274438053
31.5117379184812
12.2395736398175
11.8157293880358
28.5585182248905
16.3532848702744
29.2104534804821
17.5831149869492
24.4257071753964
23.0159297818318
20.0511486269534
11.9761460216136
11.6516653914005
22.144398970724
4.0821936680004
18.2360677979887
9.66156669892371
19.5309529313818
26.3668269151822
14.9442525580525
21.3127546012402
17.3534873174503
17.9782330291346
21.0575912613422
24.9734639190137
20.4208606155589
20.2564638108015
17.0690082246438
19.9308694573119
10.7495006872341
15.1545783504844
17.5761199556291
27.6560827448599
34.8821403171402
12.1594433142309
14.7087156772614
13.0268992064563
4.99125888051217
18.1536370655522
14.0206765616313
25.8722258964553
9.96464153664349
14.1632602084428
21.7070362763479
30.6631835643202
17.9277606541291
4.47673586133559
17.0139016174593
26.9856092985719
21.9315848094956
33.0054775811732
16.7170439613983
31.5101978834718
33.398516010493
22.606354393065
19.5219750283286
18.6862827744335
12.5768133206293
33.4698549006134
6.75309964604609
33.4146848646924
24.0884611848742
16.8634837655986
21.427288884297
15.6668526676968
11.762427771464
22.6244539488107
10.4952011987641
24.3109815986827
29.4288633391261
11.1710201716051
25.727082994703
19.3449288839474
23.2263620244339
13.8551243580878
18.0031907046214
18.0707060266286
13.7434665812179
10.8750205761259
16.3837781641632
23.7589331464127
21.7388644814491
15.9226418007165
7.89685272506152
7.6795871835202
14.7908950063848
22.0004285918549
18.8684035039451
20.0577813666314
9.94062901008874
27.5383670814335
10.7638119254261
17.6356429466978
28.9612560067326
18.7364376150072
18.7217258995229
16.6684677179734
19.04060527357
23.3427393250167
14.7827513515949
23.0072119273245
24.8127772989935
28.6440358497202
12.6662302063778
13.4548084362437
15.6022656010464
27.1815849933773
18.3409962104633
21.3813825743273
12.5377687392756
12.2225865337018
13.9029839308932
30.4896485293284
2.58244438507096
25.2928176429123
10.7711498162088
15.7657756747017
22.7596429875121
20.4871023772284
29.93508069776
9.74914873950183
7.22659057343672
15.6852933345363
21.6723762685433
11.5606819046661
3.94610912723324
19.1746426746249
28.2922594575211
26.9161929842085
20.3943803440779
26.9615337252617
22.0199532341212
17.6200318848714
17.4874442206165
19.1169457510114
18.8507928400696
19.8764908593148
11.8464277358726
16.0860371310264
20.2527369605377
20.2771160984412
15.1369642931968
25.690113264136
13.6821188265458
15.4794389614835
12.2428228251992
23.8826781511307
12.2153701872036
25.7719197349726
23.4010920161381
26.2004778487608
15.8451426398646
23.436794616282
22.3261709092185
20.3909687465057
12.5437430804595
18.8889448065311
11.0991167901748
23.5560859320685
29.8551171785221
24.6383335674182
29.2374233249575
15.4895770382141
19.2393063334748
20.3665333101526
24.6892132330686
26.1467605596408
18.2140266522765
15.5090505392353
23.9258586894721
24.5975166646355
10.6304986868054
17.9133681580424
16.7438904056326
27.3607620503753
14.5251004269138
19.1986533944961
21.7574955429882
24.3877434637398
18.9241225132719
9.03089046140657
23.1239607091993
2.40570199675858
18.4742676792666
14.3684690352529
16.8900074437261
21.1044353615457
19.7438222356141
15.6312081031501
12.1750144314649
18.0446144891903
11.7935754125938
14.6907720016316
21.7517968049493
22.5789134623483
18.9137177541852
24.007786763832
24.5241295080632
29.9200359731913
12.5935163581744
25.3299964591861
17.0032428810373
23.7684679386028
15.3315587900579
6.18326519904248
11.4060878986493
20.6707921810448
25.3360729198903
28.1144971959293
9.04465166386217
12.8876210888848
18.2731206761673
20.111693511717
25.157112249234
26.8739060265943
18.9522440545261
13.4819462429732
13.4392520645633
16.4045991608873
14.6050721615448
14.7683900315315
26.5823436202481
24.6432223822922
19.7891696589068
24.0773690864444
11.3783624023199
17.6341822370887
13.5051154298708
7.44909573227189
18.4896614581867
20.6485838973452
16.5493416246211
20.9165814565495
24.3903878610581
14.9056304246187
12.0467008887347
29.254829371348
15.7324358355254
14.792371285148
23.9594535203651
20.4466777853668
21.1678617168218
27.8121199691668
14.9780003353953
5.9880078304559
3.68077468592674
22.8721730178222
16.49954628665
20.0373771134764
6.12184994388372
22.2044812981039
18.0134635185823
29.2747172527015
16.567653009954
19.6271903105499
10.7001522788778
22.6589602418244
18.5906391336922
20.2102405282088
15.4932198347524
8.47956344950944
12.2945134295151
24.3496372597292
14.4582679262385
31.563538662158
25.9315590607002
16.0217041615397
20.0034420238808
21.1406228365377
25.1467567693747
19.2573940710549
20.8267010574868
28.4477819455788
18.7275291187689
16.142548667267
22.2331547383881
25.6951030705607
19.2300768801942
12.0880189644122
29.8282581847161
18.6198431998491
16.8979783968309
15.4412526404485
10.0642167928494
19.9539859080687
20.301450882107
27.0611909450963
20.3608724288642
21.9281942583621
14.628279209137
14.6932206582593
18.1274326518178
12.3660994693637
20.7881815498695
11.0854401740008
21.2847788818181
24.1752391448244
20.5087678041309
17.4736489541829
14.5507886540145
19.7914991394118
18.4219141257927
12.1338139173493
18.9298323355615
17.8759648930281
21.5410480974242
28.4427744103596
30.0953747471794
20.4702168714775
34.3823901610449
20.5175097115458
18.9260594313964
9.99341835405233
15.4215352609754
16.7765140300617
12.4641285075093
15.8938352018595
14.3991566961631
25.930553348735
20.9980462472173
23.757084712959
12.5685826176777
4.17543595526867
10.5830663116649
18.6262103496119
23.4915429959074
20.1980113051832
24.9992181469457
26.9685238832608
18.1972334627062
21.7411177866984
26.9077086778333
18.3918666560203
17.4188613891602
15.7163170166314
24.6407634112984
21.1301967035979
19.1847421228886
18.324281158857
14.7638435009867
26.0458336444572
18.5710097663105
24.0303544560447
10.4811082069573
23.17277896218
17.6062339683995
15.0629854295403
30.956947687082
24.9330957275447
20.6544078188017
20.2404518080885
15.0421215221286
12.6772237243131
22.5525476504117
25.3886737717463
8.35955715925842
14.3671947531402
17.3735674936324
28.5452820360661
27.0033224485815
20.1667709043249
19.2911059129983
27.8330577770248
18.1874308735132
28.4514357563712
11.7035924794354
15.0264935102314
20.7160138059407
14.3473098985851
18.4670353400121
23.8584680017084
26.5723411925137
11.1674378858879
7.92818597588579
28.4011990064755
22.8174322051927
26.0270374264867
24.8645258368924
18.1676991982386
22.0765380421653
20.6908697029576
16.5365958353505
26.1082678101957
6.82739267872759
31.4345522783697
19.1310037393123
27.4617272174634
18.997148796916
22.7524204645306
23.1341185281053
10.9759769635275
13.6887692147866
19.7834661318226
15.4126478824764
23.2192112132907
21.9343342585489
20.0198541861027
20.8935300121084
21.2967111572106
14.8420376237482
16.5530855301768
15.6718104146421
15.9128064056858
11.1777971793548
23.7023090056409
9.61853151675314
12.5133786761702
16.0063003655523
20.5740561475977
24.471371807158
13.3878531364683
7.88497478706701
29.8208381747827
22.9831200791523
19.1343968035653
9.29500667843968
14.0968677820638
22.6443171268329
16.8549945765433
28.203456196934
24.3888527387753
14.3423211346332
25.8616367354989
21.9273716909811
12.0137974387035
9.4461466893252
14.7578104166314
12.8923687851056
21.4627439621836
12.3115675058216
14.9993624965011
27.0956396986705
19.3753214867425
17.8649175912142
14.2902255291119
16.7450836626813
25.9624392725527
32.0212112972513
4.10346039570868
11.4565014373511
7.5693029910326
4.03958958828212
18.0104753235355
16.898114932701
32.7869313070551
16.8342598688887
9.05680935829878
20.712427329272
24.5226131010091
18.4605376794934
31.3386264489964
18.7210882082582
10.5890907114372
24.0623420802876
21.3795096846297
14.7325639380142
20.0849009242282
21.8935298500583
16.8388899094407
25.8135289750291
8.24024276807904
16.5795079199597
12.405074457638
17.1515689903652
22.4797267699614
22.5907474057749
18.5587112326175
13.7778609059751
25.1754363921227
15.0478131109768
17.5489331538765
23.4852036461234
17.9964318871498
19.360670204608
16.3592848926783
30.3719226270914
21.6691525653005
15.3074888279662
29.5538000529632
25.310288855949
19.6380417561159
10.7922317460179
13.6533628916368
5.21955423474881
16.7780919233337
13.4509932715446
14.3527321750298
14.5549232589914
30.957638825848
10.2299213409424
19.3264971952885
22.6022705668584
20.6417101731215
16.9092973927036
21.4462957112119
16.8261873070151
22.7698131334818
28.4990592161193
27.4170619668439
13.5350378695875
22.5782071240246
16.4158495375887
17.8245798218995
24.1907120216638
11.1551907260527
26.1042135767639
24.0262646926567
26.0151426773518
10.9439339954406
20.6312229624018
15.5744171934202
14.957327535376
20.9568000165746
28.0338612385094
21.5502124046907
4.94884007227511
25.9680958231911
23.5455934191123
5.80358933409591
8.72103332076222
22.6460625883192
9.78427366353571
27.9388898983598
19.0158510347828
19.9463625838746
8.07535015046597
29.1486321179823
14.3496857060151
24.3916890816763
20.1677681878209
14.0973711386323
22.3709092708305
18.8408186828247
27.7928965864703
16.732650553162
11.1000858014449
13.6221499160471
21.3709081249327
21.0731671890244
16.0744296154007
26.2560818344355
25.7414541996701
6.49179979311568
13.7285653036088
23.4203240228057
21.5809803688899
16.7533900055622
13.5626136392578
31.0931116575375
11.1352012500879
13.5562711893614
18.3268077205867
16.4278091629967
17.5848712911829
13.5363078443334
10.9244623454288
20.5886855488643
9.51419214252383
12.5948548084125
12.468650516337
28.3621733580073
28.6644353996962
20.3685258299289
18.1099521461874
19.4984194001673
12.1162361439211
20.3540616203099
21.3461908511817
19.8162031333801
16.8848819099367
20.6426215515997
12.0389346033335
10.6637740610858
18.3794878423214
15.6300199339696
21.4995216112584
20.3472037421374
31.0721438378096
7.49042581301183
25.5105243297294
28.3398770727217
6.57396095339209
19.848371273838
26.5556371132858
17.0600555329938
24.565864703618
30.6877968134359
23.3831462450325
25.496658985503
20.8173998864368
19.9768550867616
25.1365659059957
26.2353333178908
25.3789720125496
25.2558257896453
20.1190553139895
20.0483597349375
13.5441743768752
33.9825978269801
8.94664311781526
14.1328387428075
24.1761850425974
8.57919242698699
13.9051859729992
32.5186836766079
13.4714120533317
19.1607363289222
14.5709177013487
34.6642131430513
25.414472236298
19.1139620728791
16.4923638571054
30.5358147248626
9.38180205412209
23.5017161350697
19.85770288117
15.0828190613538
13.1496902089566
25.6710350047797
26.9034277182072
23.5836779233068
19.9984553968534
30.6512925541028
13.6261848299388
25.2863457659259
13.3984197396785
22.7917156940935
25.3981323413738
21.0459003224969
23.7200702540576
17.538932710886
23.1913266470656
16.8854418676347
17.7609256701544
9.61167383651648
24.7297630179673
13.00926245749
22.4275175523582
14.111916301772
18.3401691222094
13.9776544412598
12.8437532810494
21.8514864798635
21.1133373202756
13.1525194363164
17.2208205098286
17.938101827167
20.3882101457566
19.701576908119
20.7338388776407
18.2031675009057
16.7309421347454
16.466466570273
15.8859823131934
17.8399780105322
21.6285207941099
26.4824748039246
16.3088497081992
27.8337446274236
14.1527454135939
28.2549649942666
15.2086286128337
13.49205262959
12.5476286979392
19.2640853114426
21.5467820176855
22.7411484227913
13.0971322378074
11.7799857398495
5.06084349472076
23.0920687085018
24.5176843833178
20.8920726552606
27.7154086389846
15.4278861869801
11.561401927654
10.1876345327899
15.5516421655193
19.2707344191149
11.2855104263872
30.0795170012861
16.845808387734
22.7384267374873
26.2777626281604
9.42799698095769
27.1239566616714
7.93012547940525
26.6234069842048
18.1743101171833
10.5206991387573
17.4573604483157
14.1355491476133
20.7177871897959
2.80333425659891
21.2756284279749
21.242682589218
16.1473211366683
24.1407748544589
22.8570862207562
9.55086294561625
18.6735656578094
11.1788328038529
30.8048418257385
11.6022172849625
19.2151388619095
19.9204037897289
21.5701574459672
18.263616389595
26.010490488261
22.916282271035
32.6720286160707
19.070684700273
16.21499361936
15.5879385536537
17.4879484870127
20.4913870664313
22.5625399965793
25.2530840691179
14.9921561882061
12.0478661265224
13.2397575769573
20.1922780601308
9.85842838417739
10.7944294810295
15.3864277293906
11.7452068720013
25.3599607851356
25.6166097242385
22.5544872346641
18.2641893392429
15.2768598170951
16.6014032205567
27.3525443626568
18.2716019451618
14.0548327633561
19.4309770619409
14.5203583175316
22.8761631296948
19.9376591066156
22.5992293097079
24.4186570402235
22.5878264755011
27.5626701069996
6.96274493820965
17.4495743587613
22.3277864977717
25.3846731735393
25.826366385445
11.1144285683301
24.9909674981609
18.2723959209397
12.0255928874145
20.2900606906042
16.4305762852496
11.9286024710163
22.1321366727352
25.9947955142707
19.4276853464544
16.7791758338007
19.8773390591826
20.905150170438
18.1941224479104
25.051243789494
17.9865073412657
14.5760399056599
27.7552291052416
24.7433168115094
16.8019579257816
15.1355975074694
26.1229397263378
29.9272500677034
14.0194913139567
19.4683677284047
20.8787549752742
16.3076297921494
7.37907255534083
20.3667528927326
22.792972670868
20.4819626873359
11.7200695443898
32.9293608432636
16.3688845233992
22.5839348044246
20.2067124890164
12.8750553354621
8.97747306153178
28.1166800064966
22.1063509350643
18.0790331214666
25.8313121972606
24.8726593796164
24.0173715166748
17.0808651317773
25.7328653242439
27.8099274495617
18.0537058661265
19.9361498467624
19.8830949142575
24.0545198554173
14.7947982884943
13.015851792602
24.2039403645322
23.1442450778559
13.2390049286187
12.5592671101913
13.8862155521879
32.2393628070131
13.7841073330492
14.2262782901525
17.9288449464366
12.2486754553393
18.5962802730501
11.9567015208304
31.1500043608248
23.4806708293036
23.7214732347846
19.5076150819659
22.757707699202
10.9601826407015
18.9814934274182
7.28975042372509
7.90897505357862
12.3920713784173
18.278347235173
5.95099408691736
21.0322275524959
23.856591922231
25.4170114640146
21.0496119689196
15.016172282827
20.652712136507
19.6906877317341
17.8200057242066
21.6600842780651
13.1276506697759
12.9933326272294
24.2039543657009
12.783290608786
26.3252367139385
16.1065535387024
15.5255891149864
16.2370150908828
23.9943747169029
14.0355215277923
20.627737371251
20.9856225989263
24.9703975161538
11.0570919652764
23.1854063691571
16.4171582819178
23.0824126396328
32.3095415020362
26.8160306875327
23.2826105551794
16.4092601975426
13.4706869255751
21.8269516015425
3.64305185777834
18.0615226166042
17.538182483986
10.2201570989564
22.4621643312275
27.8566213091835
20.4959466587752
32.5352544663474
22.192347352393
13.2430115016177
8.44577158308914
16.7901200475171
22.9777154978365
9.19097736477852
26.9856496015564
28.1043626833707
21.136847025259
28.8205133518204
26.8641507718712
24.8659609816968
14.7697706706822
13.1644817302004
11.1762827420992
12.2090687212576
24.8322672443464
25.0847321478829
14.37480259775
15.5837267870083
17.2177691711113
15.6668975168396
15.1563763385639
19.97603145428
20.4122829483822
20.2087706092548
14.9420653038852
16.6062199481919
21.0463538979898
12.3150893487036
7.31949603650719
27.7317742817104
10.9948618803173
12.2462764189946
24.6919635286865
23.5056020129966
11.3540077582002
16.380218276754
10.9304343815893
23.4136714600027
24.7273094486445
24.8165220720693
23.4199768817258
22.9156444547698
11.1606440848642
28.6717187846079
22.4457775475457
15.8227141387297
13.3705154759809
14.2364668194205
22.8952181292698
13.1149201760293
19.5708599566782
14.7219979204237
16.2954332306981
16.5867395000532
26.9702915102243
16.2125703233446
11.9036184296846
23.837982583791
3.63653772510588
15.3453700477257
30.5911946343258
13.3647277951241
18.673299743081
12.5763581777106
11.1033007923648
21.0318568765718
20.6063293476814
19.8444384615868
16.6670958511531
24.6099070878699
20.5478265881538
21.9591062283143
16.3339900412367
16.0476375138387
27.2647651378065
14.9840209023
27.0809516077861
11.2792257219553
16.499445436255
24.0015116287395
21.1901537142694
28.2802154310048
13.0822571227327
23.4186100075021
10.9101390698925
26.7242015572265
10.5452062419225
27.9910430312157
28.8576627657218
14.7303736768663
4.2312299599871
16.8672445574627
16.4844324812293
18.1727562798187
16.715195775032
20.999457873404
3.56454457918844
18.6438319273293
18.1485450835186
18.9483512891456
18.7123963143677
20.9403882501647
24.6143542928621
27.4578292388469
24.9384622555226
25.7976058172062
21.8743173405528
28.2229505013674
2.9339604312554
10.9417417785153
26.4438558137044
8.15127987856877
14.1135832527652
14.4487644746254
9.99369833152741
28.380347492698
22.6505948696285
17.6063010003418
19.4185610860586
6.34895591065288
11.7127163427669
28.2440345734358
21.3795597665012
14.9613104294986
36.6759297882623
9.23504217062145
8.60308718401939
11.0391518566757
23.1385960942134
22.5294420870329
19.6794550307232
19.2662261426449
25.9663881734014
22.2404986387119
23.3064900072615
14.5737091312185
22.4304767807826
20.7491611596197
14.6255812142044
26.780624804087
21.1473256349564
9.16632395483441
21.0768739460036
24.0334661444649
22.4289460107684
11.9285222375765
10.5751439726946
20.2203875873238
14.6030403906479
24.7342030517757
20.139471697621
26.9938628401674
20.4193565994501
21.6194293228909
15.7738447887823
26.7689300933853
22.2620399203151
19.421552750282
15.0380628881976
14.822082943283
7.54032534411494
10.6979605501419
27.2684557363391
25.0239171137431
18.2880552252755
12.5228960144747
22.6047248579562
13.8605410802233
16.8157949578017
20.9243346238509
17.0526867333012
10.2529026639763
26.4237957075238
20.1228967867792
25.0542947091162
21.4573411270976
22.0675510458625
31.8223639391363
18.6093022111876
26.3447495410219
16.8809348251671
14.2815219324505
21.2641365502192
30.124428530266
10.0494018290192
22.6112414617091
23.7863107584417
24.6821888489649
13.5443539054835
26.5100847231224
30.8893724344671
18.3116700965911
18.016691878438
7.39332403991538
17.8954402217641
7.87623028736562
29.3569168774411
12.6689142314717
17.3438847064972
16.9843819690868
21.5589099097997
18.6540715862066
21.960401465185
17.0114429201931
33.8304779026657
28.4893149975687
25.9194795740768
21.2484738626231
10.7452282059399
13.6083056199187
30.988675635308
23.8763767061755
21.4314015349373
12.728738039732
19.3098673131317
11.7062274109546
25.2579130697995
20.8642725674676
11.7914459900931
15.7968466402963
15.9420960582793
10.5621458147926
19.3796480895174
25.5741223925725
13.7652447049804
21.6564682777971
25.5744735477492
15.509968274273
8.17733587488017
17.8508762735873
13.3362691383809
17.3614813946187
20.6254179123789
24.32933205273
11.6587744094431
15.0960767176002
20.6964677325947
29.2096158023924
31.1205828329548
27.8745081275702
18.5712052742019
19.5748024154454
8.24157672468573
24.9956429935992
21.0970310028642
31.7259270930663
17.8931791568175
22.7839333470911
30.6936273118481
18.8776371302083
7.93196882586926
16.5031887823716
21.5750978561118
6.98897051111079
16.6545810419066
19.4519434589893
19.1090427339077
6.73595301341265
23.0996463214979
25.3918319474906
28.9873141562566
21.7737538740039
26.2715495424345
18.8074302551341
16.2988224765286
6.90616617143575
18.1239787023515
24.168337113224
23.9003108115867
18.487852695398
20.1890940312296
15.0670069968328
12.0452426702588
18.796549201943
16.8861873680726
21.3691330514848
27.2724470123649
19.1865430769381
16.8035650445628
24.7562976954375
16.1181990988553
14.9448580108583
28.9401805493981
26.4953059609979
21.9676489010453
21.4367173844948
18.966859485954
13.4218101831844
10.7474905438721
19.1289788632744
12.415018863976
19.0176101545948
33.5273369448259
14.0652366215363
20.4151093261316
13.8678642222658
7.56414672359824
11.5222615422681
4.58274444099516
14.2725622281432
22.5941389363264
11.8873334541805
14.9112706305459
21.2923082755879
16.5100476238877
25.227522989735
27.3119172779843
7.41755580258941
26.1206254595891
15.5506919138134
27.1315069869161
19.4384525762871
24.7109963332191
18.5535226482898
23.18736585054
17.0519041595981
18.6688772932176
14.8971642367542
28.5133027238771
18.9562289302873
24.6185380034149
15.1313378242776
14.9628719654451
17.6854583900422
18.3390758931637
4.58507556468248
11.6663844347186
25.1887432299554
12.2803967801765
13.0464614136145
15.9329926827922
3.70073972735554
1.69112360067818
25.9859120938927
14.2672424437478
28.459644690156
15.1606336934492
13.3719635894522
20.6864268751815
22.6624763934011
8.65408987738192
13.4471661178395
10.6246259076525
20.3164031496271
25.3749838098884
27.221597591415
23.8056180377106
21.5966956457123
31.635619327426
11.8289583362639
25.4634031757742
16.5878215804696
27.5005046511069
9.76301650516689
21.4788990266374
7.96322817914188
24.5409433962777
17.4143564743526
32.0420013740659
13.9350288169289
21.402254072018
8.39004886802286
21.7014900175855
10.5870870702479
15.1169213000685
22.1647724509239
16.284146416001
25.1500783953816
25.8209341438487
29.6498919138685
14.7975241532549
14.9521400220692
20.3280062352203
18.1724454974756
12.6060835784301
19.4370122250064
13.070384880421
24.4494448881596
29.2776294751093
28.7533964728937
31.8137419875711
14.2931845655103
9.62277264334261
17.719242463973
24.2679309819811
21.3032945292071
18.0155366891995
14.6094331517816
21.4228681754321
17.4211938166991
17.9668536409736
15.1176255661994
27.9813125962391
26.6355263069272
26.318911393173
11.713507997112
30.1922867773101
20.7849358674139
15.226995579472
1.83960867074233
26.5879153274
10.5447921256923
21.6981115518138
21.8996973708272
19.9007349639123
17.0699082314968
17.8778578240751
20.49022389009
12.3669158900157
13.8383459998295
17.6060842582956
18.3162336936221
19.8856008797068
30.6619165930897
13.0946776596829
15.3313151213115
10.8350631207988
26.7612282627782
18.0403526673046
22.3910022889124
13.0107996053994
14.6980785764754
18.3179569896311
24.7637929860502
18.0817655986175
12.4019863782451
15.2768270811066
16.3955862866715
22.4588654004037
23.220998281613
24.9040448339656
20.668610056326
23.7507569603622
16.2245137849823
12.5998936328317
15.7349185086787
21.040262049064
13.5650678770617
18.6070340219885
5.6209412869066
11.4017616491765
19.2222834459649
18.7551481859762
14.6933898795396
26.7659023171291
21.993491332978
15.5028572771698
23.0356093913662
22.7656750706956
27.0356336142868
11.609699530527
22.7493786253035
18.4398574987426
30.4952291952823
20.0590341584757
15.9815172664821
10.7087177760019
27.0481651416048
20.7728286739439
15.8891469007358
10.2886928943917
20.1121736085042
13.2362585473565
19.251488125883
10.7214691815898
15.1988093042746
17.6487017888576
12.2939901659265
10.2642971301483
13.9099418651313
20.4656234942377
18.0678922915831
24.0357446781486
14.2683915793896
27.2579937009141
18.8787249878638
23.9394644042477
15.5494987610277
22.002884093672
10.4946934867787
19.0101437270641
26.0361767373979
22.6895540996641
7.29059423799448
22.1651160158217
27.3658663034439
21.5501660015434
13.7598194880411
12.3764038085938
29.6060046181083
18.2748679770157
28.277309193552
18.5407500015572
19.3633918650448
15.8937629312277
20.1798467128021
20.8015424199402
15.446691471152
24.7353085316718
15.4314193874598
13.2340259831736
21.048204228282
19.2658970747437
6.03913431260426
16.4811622584239
29.0437929216005
17.7894268883392
15.1652064407244
19.2211164627224
18.1307743070647
24.4601760758087
29.0373510215431
27.5972527684644
10.3516218889999
13.5611748090014
13.6532620278362
7.00299368737543
33.3176109939814
13.4526064304818
14.3428016530936
20.9569379221648
17.4095867900178
14.7759755374864
23.0107935611159
26.3429877813905
14.6508508629213
24.8466729186475
12.9412581948125
21.8414417700842
24.0579573204741
14.6570748882368
19.9538756867735
25.3318691127714
14.1495968314019
27.857410069555
19.4365707691759
25.4268664401025
28.844179213047
26.6249131178483
16.5668619796634
23.8017259099977
23.7839125329629
21.6857485705987
14.7921656218164
11.6361864143983
28.058771174598
20.1882508192088
25.8625010261312
22.0807484351099
8.38816208454071
11.916167777963
20.6145253146875
15.2233363558267
19.8205118533224
4.33497731541188
17.1264638658613
16.3266071816906
15.3171328588918
21.4580748950533
17.0639894669876
23.0471544666216
8.69244867884364
14.0487288983112
30.4351934231818
11.9666015543385
13.1938395777335
10.5812912806869
26.2880059890449
32.7713867649436
19.9170175241306
20.64901557751
12.4255302281287
21.097324625589
15.7919680699706
18.2672827970237
11.8804247817025
27.2526853252202
17.1551829129872
22.5770556600764
16.5480423951522
25.9500986430794
15.3569230377292
15.5796187231317
12.632003496401
28.3999193226919
20.2854430070147
35.402401783328
20.2151398734191
21.4597964426503
24.7554953908548
18.8964277040213
23.7885895418003
24.9954606406391
15.127213508822
22.8920026682317
15.3308879651003
11.3516566727105
23.7880961736664
10.6270524673164
3.63776131998748
23.4315670328215
22.3047130275518
15.816146787256
25.65574538894
11.5932986838743
22.3250582581386
16.60314081811
16.3135755108669
31.6368395695463
22.4590961821377
33.5831699427217
17.4551847158
20.5760773271322
27.9634432168677
20.0465672882274
17.9842041572556
24.1112450370565
5.92340351238943
22.6578314555809
22.2562664421275
28.7000901065767
18.0159174776983
23.2950238045305
23.2226781081408
24.7283885721117
20.0855307048187
16.8899548240006
7.30213786009699
15.9661697946141
18.6160785874338
