"x"
44.8718401137739
51.2110731098801
35.0808746181428
34.029033780098
48.4998488798738
44.13784253411
46.5680934954435
52.5187755003572
49.0168680436909
76.0475448969824
39.0169133432209
34.7732860896102
64.1807609703392
61.8610413279384
40.835739220967
63.6559300590307
47.5528765935451
73.7081170364484
47.8716496937973
30.2378988359123
49.9482236196979
33.7780115194619
37.2191687580198
37.197455396758
53.6699075251818
51.8398425541818
46.714349091053
46.9041532371193
49.5552445761859
49.128970131278
59.9588612094522
72.3799870307458
36.3071690718033
55.2951803818169
51.6406883485615
36.3678754772991
70.940262075038
53.0903046485037
57.0915452073028
53.4599866718054
51.9800018053502
43.7083534605983
42.2987876459956
38.6781296692789
40.5956067144871
58.9266325812787
40.0342435576022
41.2060303147882
53.0536494683474
57.0537243883771
57.5770756229758
59.5523400232196
55.5257948115468
34.6499090548605
64.3735561985523
35.9851779881865
50.1678463537246
44.2182143218815
37.0905446751179
38.7592203449458
44.7696277406067
28.5765401553363
75.0499901385309
55.6036253459752
34.5744185512427
57.6884707435966
41.9962774496526
51.7829996999353
50.2881298772991
48.931754892692
36.8669056333601
50.5298285279423
34.3450716231018
49.7365494258702
66.4100625086576
53.3119699917734
47.5474217906594
57.5694107916206
29.1909062841027
41.9882330112159
32.1637281682342
28.7010499741882
33.749631838873
56.2865276355296
51.8273525871336
66.7959234211594
33.2676492631435
39.1279586590827
57.9694304149598
49.5736176613718
39.6424224134535
62.7670581452549
52.1703413687646
56.2541913706809
43.3249347014844
44.1431380808353
73.1592552694392
68.8599421642721
52.3181922268122
44.6529205465109
39.7622301243246
41.5691538713872
68.2147325016558
36.1088671426143
66.7650881223381
30.0505614373833
35.4480686131865
45.0690850615501
64.6650839131325
57.2588983923197
31.5957376267761
34.2867186433918
53.8211250212044
35.9684580937028
47.3424469966364
38.8643890619278
63.3761659730226
48.5069083160181
54.959767498076
45.6928165629506
35.09102598764
53.9892821572721
65.6971419695765
53.0918246135116
37.9245060496032
73.9470636344218
58.1059626769274
63.4133074432611
31.4345242921263
38.3737676776946
71.2448880034399
51.2229624669999
41.6773808326191
50.1285718834799
46.7861195094883
55.8449801523238
48.8295662682503
59.5828801393509
66.4599544834346
40.2366548941229
36.6999694146216
52.4769318405448
35.2931544184685
44.5523938164115
37.0081096887589
37.5390940888358
36.1032799948882
33.5499641019851
48.2168156653643
17.7771454750654
48.1849126983434
53.8426081184298
47.1483960282058
25.2813555300236
33.1138083711267
54.6084817964584
43.6564905568957
43.5342837590724
32.9889033921063
67.9245674517006
46.9911213498563
55.1811299752444
58.539386279881
60.8729548752308
39.5342187024653
46.0649571847171
61.3863606005907
43.0288941133767
39.8087237495929
48.8274611998349
74.9521156730962
62.0503976009786
59.2400331515819
55.9288604650646
52.2935332264751
54.5825667521543
42.5412565935403
68.6282190028578
67.425711452961
53.4058045595884
54.78634564206
38.8787765055895
51.1884827823476
63.2318874821067
68.8459162134677
35.798436627285
29.1637986432761
45.5708763072156
54.7202473971993
50.3348752128288
50.678407214582
31.8693872075528
28.4380796929494
57.110136637526
49.9774378258735
54.1880510014363
31.7184168379754
64.0758530236781
66.9217878952622
53.4499869216233
51.8085621565176
46.4091745205224
41.0949977114797
14.4150330685079
58.2455534022301
35.9379398170859
46.3657253421843
44.6997822262347
39.7019033785909
60.8523169066757
45.9656668826938
21.9722531455228
39.9301618075299
58.3326459490271
62.8369474317878
51.8114143051207
50.2571983534783
27.5878250598907
48.3972532209009
45.2665758319199
46.8484961427748
35.0739603396505
36.401216359809
53.6032711621374
58.9470592327416
46.2844679597765
43.5911052394658
60.3933176025748
40.4904170892891
20.9024177720607
39.4871360622346
60.2788689546287
57.3627621401101
41.3729792926461
55.5096526630223
54.9386421718762
66.976769749153
59.4088347628713
60.906717274338
30.9986546169966
42.363540455699
22.6011195948502
31.8292799405754
59.8408008925617
47.610628651455
59.7151547204703
38.1648889770802
42.366628954187
45.6713565159589
72.6625652941776
48.8642399664968
55.161104304716
42.7344804629683
53.9154248777777
25.7811563555151
74.8330548363638
71.0771087762742
57.6822844333947
52.5901827495545
50.2309118863195
51.120820781216
40.4109154362231
68.7374570406973
57.1695473976433
42.1515557618875
48.6755797639489
57.605620380491
37.8496471326798
48.8115816377103
33.1840076862962
73.1745511251402
30.6831626933931
64.9830908980221
48.7162068486214
47.1006871034425
36.983373016119
43.7816319521517
41.2299090065062
43.9729726407677
53.9243168663234
37.253455724525
63.1343935150653
52.3981261352101
48.7154484260827
70.1352126854372
47.8905192110687
50.1148464158177
56.5307888668031
24.4288993533701
24.0779352840036
53.2668145373464
36.5917738885064
53.7343661591382
21.6403634208686
37.0623757131398
51.0927313473076
58.3368301857263
53.6885087843984
45.1671565247182
55.2421104628593
65.1938088238239
58.2645453047007
46.9690864905715
35.2156618144363
79.2096911940807
63.3803263772279
49.3037062697113
52.7560747228563
56.2572065275162
39.7210722323507
40.7335761003196
50.8978157623708
45.9934062790126
54.9428672995418
82.3645342625792
54.3394162319601
60.9894759953022
51.0842830874026
44.7740783449262
32.7187048271298
58.1023738918201
55.0709821283817
23.4802506033351
42.7606429904699
42.4829785246402
45.14270122163
37.4933964572847
61.6715285461396
51.9974381197244
64.3306433688849
28.3328530816354
55.2091361023486
28.4765999261067
42.6768112180492
54.844577005133
38.986599445343
60.8307817019522
52.1064068190753
53.149778675288
46.5700621251017
51.0072145145386
33.9909908035382
69.8421838651312
53.8644630161097
59.3148563988507
42.6450629633723
13.7748510576785
50.9280783124268
36.6493153386883
54.7289590351284
59.2688429169357
57.0446885656565
43.2076322380453
62.8411239478737
64.8006598465145
48.4816207425509
40.5311760677094
48.6107847187668
66.2242547608912
54.6024701558053
49.8930725045588
56.0400789603591
45.0848328415304
50.193623220548
62.8598264418542
60.0069436244667
62.9178443457931
37.220561504364
58.6784263607115
39.146147435531
47.5975937698905
46.8574590988167
42.0762138906866
47.0629032235593
57.6612661127001
36.2709811422974
41.4908338803798
46.4002680509184
49.3169537279755
60.259320307523
52.8312660753727
47.674819547683
50.3622100222856
51.5253354329616
46.9916927628219
67.2851511277258
44.2671401891857
55.3230673074722
52.8532944851554
36.7245651781559
40.9381460398436
44.7064974810928
40.3859510086477
43.341658776626
53.4301715437323
42.7100187167525
52.8438389011671
51.9397947005928
45.579108921811
50.0709976069629
38.0013642254952
66.392927011475
32.4990692054446
25.0994299538434
51.4430197887123
53.5566865888066
39.859719062224
39.7752875927836
47.9953731410205
38.6842116291861
48.0793884024024
65.1578991208225
64.2091697547585
54.922871151939
53.5339962691069
69.4527072485319
52.7468204498291
61.5398600697517
24.5869784615934
44.6955634746701
35.0106657595625
57.1054842788726
47.6674730889499
76.9403210836672
36.7090780287981
48.3653392642736
61.8944661226124
48.2114504091442
28.3769427584851
60.40985644795
63.052157079801
56.3733973074704
65.2033040300012
50.9474109858274
23.1814313214272
41.8454019352794
41.4119335822761
34.3234137631953
76.2308880312658
36.3574604038149
41.216611629352
42.2838957048953
24.4155899155885
24.6699983342054
64.8228966165334
41.5076466742903
84.7853505010617
36.8891462683678
42.3731176648289
60.7269096188247
50.2443364821374
43.239368540623
43.9936375711113
59.2478720471263
44.5005073212087
36.3090460188687
46.3351136564479
61.815697606653
61.7080260533839
57.2005865629762
47.2597943618894
30.602059699595
61.0349624417722
59.4648213081763
54.2060702107847
44.443226725255
62.1391942724586
47.2589267571596
31.3468062784523
57.687019649893
52.1706926636398
43.1107532233
49.9312365751641
20.5836007837206
46.9203636050224
75.741126197846
31.4103982876986
44.4950915715041
29.4716286938637
60.9279146417975
36.5246405359358
41.5356626268476
42.7545422222465
53.476266330108
43.2309062685817
67.3770021181554
60.1793231442571
65.2662267908454
35.6963815167546
36.1691148485988
33.9958250522614
68.6055405065417
39.4610762130469
62.9341583698988
46.4888880960643
36.1094169784337
47.8751867543906
48.780411388725
46.5700601227582
36.8631970137358
55.0469902809709
57.6596490573138
42.2146813943982
59.7900612279773
22.2922777785004
58.3105189260095
67.9983363021165
43.3821150991215
53.320147562772
56.0153772123158
65.1987666264176
29.8594395630062
18.0600190535188
63.4656718932092
43.8032982405275
65.4783040750772
41.2218689918518
23.7453300971538
49.1575662512332
45.104885337842
43.2300818631221
59.263570792973
57.0278557483107
52.065318217501
49.5522670447826
71.6149210887861
54.7488645650446
67.0134101994336
37.1370146051049
77.5992391699378
41.4949628058821
54.7707273159176
61.3005983177572
22.2789567429572
27.6593251619488
46.8043455291339
27.9744414612651
41.9352107215673
52.6955807719614
57.5064953882247
56.7636034451425
27.7910047210753
21.028604824096
60.4500154964626
50.1246141735464
55.2270861808211
55.6279363576323
46.7994312290102
69.7005602826774
56.2119113281369
60.4476251639426
42.3434735874783
62.595382751897
48.1863485649228
50.9365817066282
49.2896399250207
48.9966231398284
33.608369436115
61.2991942086524
37.7244637347758
46.1716127116233
50.9467497933656
48.3629092108458
54.8151622526348
38.4798657614738
49.5423131622374
25.8831731011464
52.9949504416436
53.4894038457423
41.4534129202366
41.4958467241377
39.2382411107805
71.5444805150283
39.6912563126534
34.6180546563119
69.2288770340383
27.6567072607577
31.8435504566878
47.1313604619354
38.4311025496572
53.4378722310066
32.1164014283568
51.2141076847911
52.1940772887319
52.4958503898233
62.0208690408617
50.8154453651842
56.666823476553
40.070066601038
57.9567363485694
60.1883878465742
51.9100483972579
29.5179301107752
66.0521286580598
20.6395296720314
69.012870779261
58.1909317988902
52.2542089223862
57.7903224155307
47.7813461329788
39.0918716322631
12.8872288811628
58.0251494888216
42.3663792200387
44.4935964924876
54.6658824197948
43.12276490964
40.0906306225806
56.3773159403354
61.6394631055911
40.7985583879054
55.698427092284
48.9338243527431
42.0428023673594
49.6094367932528
29.8134958837181
40.0515608955175
68.2144331280142
35.6227484783182
39.6333858791987
43.3133787009865
49.8994302470237
37.989802332595
55.886291153729
52.5140219368041
43.7070025131106
39.8070546798408
53.3496483229101
31.4963788725436
74.5810345704568
45.3260660267693
48.5249347826065
50.1959276385605
51.7429916284932
52.9662016779184
61.0386728309095
59.2899037525058
47.8215568233281
43.03046743079
50.7581928764638
48.058885615319
62.8640420269221
50.8771937806159
29.8878623638302
45.8299280144274
35.9957452397794
53.6213263869286
62.7093034174618
42.773768108999
41.917599684091
50.0931436661631
32.1496076705713
37.9532630276407
57.9192217905074
52.1464868914336
36.3626381848007
53.1348914373666
41.7897626757622
56.6648284438998
49.1753351408988
67.5366402138025
47.6597166620195
43.7393134459853
63.3862634655088
32.021763776961
40.0935162969859
23.8684222102165
45.4886276740581
49.8651195783168
45.1890401076525
36.8632001336664
60.9440077096224
49.3096734397113
43.6802200041711
50.8506496436894
34.3585387337953
60.2816045284271
49.722613097502
41.6453029310943
51.5169091522694
49.0097085374699
29.8671984667212
68.6648060567677
30.1054782699794
32.9691505166987
57.3188164271414
30.0068018410724
26.7487630713731
60.2917193435133
59.3970849974561
63.816593028605
85.9946104354427
34.750914791709
48.0617709457874
46.2385985068977
36.1716440413147
43.5919042211026
43.7920653135591
76.2958986642671
47.2479430958629
40.1292222552001
51.0155743764718
56.1853936407715
31.2061384929651
36.7513554170728
55.3150832653046
54.9583043903112
52.7954742312431
48.237636564271
46.0405440069735
53.6686333827674
43.7923680059612
47.4443342071027
42.9515322670341
18.8194696355179
48.5790739301592
41.8054018169641
51.6473677475005
50.3048513550311
17.7203312297678
55.4870414081961
69.1888527944684
49.7770832448184
36.9475131388754
58.4930142387748
44.2421010229737
65.6974698416889
45.6224706023932
45.8580550031504
41.4155495818704
51.676284102723
47.5626014638692
29.2756458744407
68.2101844809949
51.7861997708678
34.9977056961507
49.2577752465525
46.222795592621
73.3165844234766
37.3543791938573
59.9113577511162
15.305944990885
43.146196147427
43.439080612734
48.5113740433007
51.9305839203298
57.06309042871
36.0718690324575
59.0088264687385
36.6253974381834
43.5508898925036
71.7235753590468
59.9923547822982
61.8838991038501
70.6615673336101
60.4538402054459
64.2660064157099
43.8612870040029
24.3003406929249
24.6493446175009
62.026880774647
53.54533259015
33.9912637393794
41.5890777017921
12.4236565700582
47.2380905877799
53.2062243204564
50.5806341767311
46.7540832287748
53.9430261100146
60.114919859916
62.3618078418076
37.9800528753549
48.4572617802769
54.0358237311642
28.4285036846995
60.5823333375156
38.8463000766933
45.2609464060515
50.4359142389148
46.1279876995832
46.7612233446412
42.9814422968775
39.9880236946046
43.4349066577852
43.2797163724899
36.8356707408735
36.6450487472619
40.3577086050063
55.7455756701529
29.7959084061134
56.9618749432266
28.9794325699866
53.499070691307
54.8552058171481
73.0289601249217
61.4770602434874
57.7991981990635
34.5456961531608
45.5186800099909
49.3947191629559
49.7736391243755
50.3798236139119
54.4534714892507
41.5178654715419
58.5964094847441
61.543981032446
54.105263389647
37.6196360681206
36.3152152858675
60.5790222529322
75.4615422296238
53.8428257685155
40.4604272451252
34.6500093583018
69.523347910018
66.6874818969518
32.7401960301521
31.3210522286241
32.5061519647607
52.627711230889
69.6227452675712
43.2293078886027
61.0162674449384
58.3747059076369
49.5756957214326
21.4046142064035
51.1865985114127
55.6512278039008
55.1683215424418
46.6647440107206
60.3160590399057
56.925701815635
64.1590788029134
30.7026983238757
41.8795705772936
73.4644139143539
45.861027482897
61.2805657554418
69.9915655846608
47.1579019911587
54.0280843153596
64.0438083093613
68.5364975128323
60.0937239725006
62.2116924263537
45.1062964800497
37.4883341389026
58.0528296530247
66.373818507418
58.3523955196142
52.7930666226894
50.3734016270662
34.516711300239
43.477653618902
17.3897739965469
45.4316611867398
51.4157864730805
53.8517645560205
41.4110499899834
32.6327335089445
59.5454586669803
49.6470107231289
55.3732144646347
44.7802184615284
73.8685349891794
47.5850782822818
57.3636180721223
48.9013231359422
44.3723407108337
34.8769367206842
47.371329786256
47.7234059013426
49.5202209800482
32.3866529855877
54.2825439013541
32.8410102985799
22.8202169047244
47.4208725897509
56.7310996819288
57.9645610880107
68.0521775968373
39.3504570238292
28.9611656222624
41.2742329761386
53.7540829740465
35.0445028394461
19.716570770772
64.8955637589097
56.6346901003271
48.4233084600419
49.709144840017
48.2809710841978
24.7041030786932
59.7964753396809
34.8057610327365
47.0880655571818
51.0142960585654
38.8273449148983
18.5401234493943
45.6400552303948
35.6341516133398
50.9395642206073
54.1908917482942
59.8431197460741
47.3786599934101
62.8713702317327
44.4799962453544
59.4676828943193
50.6388285197318
50.9440934751183
63.6072569526732
44.6863767690957
33.8580256671686
53.5986009985209
29.9544515460234
34.4035509973764
75.4589303515643
34.6458218991756
47.7789350319654
62.043199269101
49.9548630842123
72.5181342060578
52.6252931449562
59.2998880611125
44.167612446472
41.0348562523723
64.0608735852611
49.8639008961618
61.7768285330385
42.6964978687465
41.7959624901414
50.3945703579023
53.9993998128921
49.8944755177945
42.2740201000124
44.5799437817186
48.5940896905959
54.9410051200539
74.218765502837
58.8453570846468
18.6830353154745
33.868595585227
38.3466730825603
40.1401684619486
56.6713535240778
21.4259433165768
43.1068409234285
56.4015272539109
54.5559656340629
61.0625935323211
44.4760075304657
41.4849837310612
59.0270271524787
50.086612906307
56.3620469532907
48.4947412740439
23.4602510929108
39.8679816423036
37.4581336509436
64.1566427890211
45.8977727219462
49.445923557505
47.5761206820607
39.7451754659414
44.4171270355582
54.6804735928133
43.0314142722636
59.6559452280886
57.8123794402927
63.3601424284279
48.0738311540335
34.4805434346199
53.2251764088869
37.2738824352507
52.7848148252815
67.2066501807421
35.9227960929275
18.8620675820857
35.8202958013862
33.2488844636828
48.8972933962941
58.8131165597588
45.9659881424159
47.8953893296421
56.2005690764636
50.6193038076162
81.0791788269181
28.8788767997175
52.0846628882464
43.081340380013
57.5597878545523
38.1872277706861
44.5805672556162
50.646164920181
39.048184780404
51.9192260690033
55.4400049615651
43.0444870242875
66.3572520017624
57.257661037147
21.076366212219
22.4696566223382
53.015213979567
42.122613824904
46.3882843963802
58.1081390643371
41.0959465894848
55.963743571192
39.0306885354221
56.1680721119046
60.7118312735111
38.1294039543718
14.0383891761303
62.4910581283302
68.7307452782989
58.2971902098507
32.8976610209793
38.5793450754136
56.9633445702493
50.1451196614653
44.4180890917778
58.2319356966764
46.9980529043823
55.4073937237263
68.7982632778585
55.9371371287853
41.8059158138931
31.466357735917
30.9476725291461
74.6379322330368
48.5376600641757
21.6596202613133
55.1743229385465
57.5954276987667
51.1564263142645
30.9268967396601
52.1013910416514
57.2687617968768
57.310048956424
64.123472198844
61.8668939452618
55.0544233992696
46.7742867266564
41.6189322713763
56.7116045858711
39.886568300426
59.4625391066074
41.6328264611969
50.3107340540737
41.2439432460815
58.9833749458194
72.5685375825093
54.5171699952334
30.8147852774709
38.6593823321164
40.3353046102376
58.6789494380355
78.2025610054744
72.3468684549344
39.7992454469204
41.3731403648853
55.6198975536972
45.2182099223137
34.9880905821919
55.3438429255038
35.3700687643141
56.9063468370587
53.8700261153281
40.5070946086198
54.5010947156698
62.0461135171354
65.5705633107573
44.8064433876425
46.0882962681353
49.6892453636974
61.110111977905
54.1797205340117
57.3808016176453
51.7554119229317
43.8089067718688
47.2688725992477
65.3588530607522
40.6018479261547
29.764970485121
64.5883589517325
50.1168983057141
20.0918729882687
18.1279576383531
66.0011369735003
75.4990665417803
44.1547414006241
45.7384145818651
45.8021004218608
36.7898827418685
44.7502383496612
31.5873273648322
56.3674841042679
68.9670975320041
46.873108125096
33.2179866265506
50.7994750514627
45.3627657145262
62.654778547585
23.7137677613646
49.0261701866984
57.5990085490048
48.2939817011356
34.6740724984556
63.9212929179066
66.2010801490396
52.0949136465788
53.5327927675098
74.9868995954191
58.5947463288903
48.5514037311077
45.4294114839286
58.4804045967758
40.3052361568831
43.9717899015144
37.8434459678829
59.1579005122185
71.0976289543224
45.9926415234804
43.4450926559618
60.1390613242984
58.4974328521639
41.8803937267512
48.530083993543
49.9569694511592
43.313712264617
47.5988174322993
57.8437074553221
56.4810018055141
50.6823150441051
60.6824290938675
43.0422301404178
83.9179345364583
34.2918196160815
43.3772622607648
46.8998353462666
46.9746485352516
58.2220059353858
75.3303951541794
42.0192317471609
62.7222090493888
49.9324567150325
67.30852201581
37.8505550790578
53.2262389278993
39.9572004098445
62.4905211851001
53.2787305302918
61.8087214883417
30.5880120024085
52.4784477893263
56.2677208799869
45.1117929071188
64.5421229768544
72.4862800747627
27.3505954474991
53.4688409417868
29.434052901817
25.9671008214355
47.1948377322406
76.4204091470706
66.6103607509285
70.3143132164328
56.9036247208714
40.2037090430667
35.3697657447921
34.4807299346546
62.5137768255287
38.7275908207312
52.250484470278
52.9706142909829
47.2665332723409
35.5427748989314
44.8640966787934
61.8402891792357
38.4031057823449
64.8898842744529
67.7641614805907
78.0016157734108
65.4512188863009
38.8686119113117
46.6656203847378
59.1986544430256
41.5348005946726
33.5764045361429
46.64884544909
40.8542026765645
40.6523280777037
67.5744571257383
23.2424670167417
31.5486412029713
69.5542178202931
60.8705185353756
38.1244711577892
39.5113061647862
72.7460188749147
66.5467821992934
46.8918408732861
64.0990854706615
58.3001453895122
28.7572036962956
59.9414474796504
54.757157433778
48.4156181521838
41.358091449365
57.9550642985851
31.7570296116173
57.4081724975258
39.3463550773065
36.9931640569121
37.162533774972
33.3290903829038
49.3444935884327
44.3728564997468
43.8400185201317
37.2608803637405
18.9657231792808
50.785460928455
60.7365720439702
66.2680434063077
47.8010746372995
64.3527710344642
35.3093432728201
40.2192607522011
38.6198832653463
26.7318886704743
32.651257282123
58.8027860969305
59.3093754723668
40.2715996373445
69.4858553777349
40.8005522564054
54.3588684871793
48.8897230476141
64.7380828857422
39.4693327601999
32.793239178136
40.347489900887
55.1350499503314
51.1784437578171
47.4360320717096
56.3363919965923
31.469731265679
47.041088854894
55.237755086273
46.4688628446311
31.0248999390751
68.0026513058692
49.7369249124563
47.6046558003873
44.8662681039423
61.6353664081544
50.4380673635751
59.8130812868476
61.3316270623349
67.2177613247186
46.4408400002867
52.6944978162646
55.6745811365545
28.5369042307138
31.4649603621681
36.0745326465454
53.1417037970254
61.617415499398
27.0811855327338
60.1991987787187
51.2899814173579
57.9982442781329
53.5209058006801
52.2484653629363
39.038571389392
25.337479962036
74.9247735751637
38.6884191533716
23.4328215010464
52.748932224467
61.3883438520133
50.4318821243942
26.173699228093
57.9628618296135
80.3203759543466
52.6890654293459
50.2062732353806
40.9108029212803
61.2551950383931
56.6406826023012
66.2116228137165
30.453977547586
49.7298995498568
30.0760442391038
36.0114196062386
51.1860951781273
61.4971368573606
50.9189183823764
54.346461314708
31.1590463388711
41.5757390204817
61.1362141557038
58.4802453406155
53.8301223423332
78.3330767373455
43.6926449183375
34.8022434655687
45.3240823466331
65.2304940856993
55.8143433649093
32.9383005853742
64.6189454942942
52.6351693086326
23.9344766048471
36.1369423568249
58.3118230036294
61.9446223136038
62.9144391510636
47.1142303664237
61.4809559708764
80.483381672725
49.8929914888349
30.8329613963016
34.3976761165796
56.9764749612659
39.0781609341502
68.5212284792215
67.9742262233049
48.693289142102
45.8193003569673
57.909622322768
39.5574730820954
48.6503506079316
60.7538837939501
40.1766341179609
28.8973945658654
61.7909905420282
33.4921200294048
41.4977932814509
63.0089752841741
64.3425209913403
70.9626045967353
51.4626371839332
24.0101617295295
43.0201177950948
31.0220403631447
47.753008781001
47.4554162472486
46.3559308565074
74.3869805645399
35.6569190975279
43.4903631452471
58.7545369751751
36.2461394630373
40.4585248783856
35.3468797169626
58.5946758277714
64.8766495287418
44.4823865307506
23.8957613852404
65.0180329103023
57.658503168435
49.8176753986627
34.7456735558808
50.2430943772197
32.7715932391584
40.4201184399426
50.3009958658367
41.2579117808491
49.7201692778617
40.2689275238797
52.8685179539025
42.4631348345429
44.7874491568655
51.4498973730952
54.6927204821259
57.4914471246302
58.9421865995973
60.6342754326761
68.4314739890397
40.2262282557786
69.8317755903018
59.3273292295635
63.5231632739305
44.4007233716547
34.4342490658164
25.6452511064708
57.1371448691934
83.5646502631617
72.9835777501476
48.9275233820081
52.4318517651409
62.5675892457366
68.5227102134377
41.0336456727237
35.2291009999034
43.1974900420755
59.8804031482952
53.9770093746483
49.6031420305371
57.2794381063432
53.13825677149
64.6054156590253
49.4008154608309
40.9681302495301
41.1005364730954
55.8280758094043
43.1107758078724
45.8478556480259
32.3758490849286
71.4204818988029
24.8020717874169
47.9817638933585
30.1148890983313
49.2515546735376
58.2665383815765
54.0563544724137
20.0037171598524
38.5810795705765
31.1043705325574
59.3945488799363
59.1713015921414
67.0027337502688
35.3178779128939
46.8481790274382
49.6383791789412
64.3823110964149
37.7111270092428
43.8600458204746
33.2457640682767
54.9083159305155
61.0194393899292
30.2231323439628
43.1809854693711
38.2330540101975
46.5296439360827
73.6716606612218
58.5196303203702
50.1927656587213
47.1432610880584
30.6893860921264
29.0674157591194
46.2480498943478
32.9162628389895
54.2054720688611
55.6150301359594
51.1623819824308
42.5969537813216
49.4023303439092
81.3280095304263
52.666985901021
37.0596922413181
30.9243360068649
53.3306766767055
86.8934947955322
31.7589546591931
26.205476699397
48.3350036665797
60.0169450320438
30.9188476176883
53.2518081036307
43.9047738909721
34.1321151593435
53.1614142935723
57.4808303763114
35.2950108237565
60.9362116549164
46.3666687253863
47.9585935361683
61.265957634896
29.3895088136196
42.1108114533126
48.1836343184114
63.9239612078923
49.8394399823624
39.7348569706082
53.462860277765
62.3913834337145
43.5185648500919
40.4730749782175
37.4487697712223
49.0384780336171
44.8047149926424
37.2024810872972
63.1476635113358
46.8516654800624
59.7193746361881
66.2492861971259
63.3965157903731
64.8580484557897
44.2578914109617
38.916540844366
53.7369354162365
40.3719257563353
39.2761650495231
58.6879564449191
20.5780277472061
10.1193265989423
40.6030092388391
46.3447448331863
36.1071674153209
33.7936868425459
29.0364190936089
46.2143763434142
54.5249711256474
38.3156850771538
35.1211585570127
53.6774946379832
31.8260575644672
72.1278930972231
45.3208417166024
45.3854524064809
59.90926977247
27.9237224655122
52.9629257973284
62.2865712735802
32.3762040508402
47.3772269207984
37.9057881422341
61.767335049808
36.4815857727081
59.7630989272147
40.0520738331228
59.0286410879344
56.7571759223938
66.0742538049817
62.008565524593
45.9657719358802
45.8317923359573
36.0906511545181
53.3257335890085
46.9025287777185
16.5326546287603
47.3761963396938
56.5249052364379
63.7527133338153
41.1183719988912
55.6674490217119
43.4889875352383
62.75813751854
50.0179123133421
43.6317927300226
33.8301107311811
41.0357730463147
46.8888514209539
36.1180156469345
56.0875248163939
36.1342466899082
40.4749725945294
50.0959702201416
44.3469615653157
52.02875463292
58.5669124033302
32.0482587907463
45.950317196548
58.1435740925372
37.7646071370691
54.9379773903638
47.0179130316938
66.3799172267318
62.117492267862
53.769132314085
42.2768034506589
41.8174322228879
62.1509656775743
70.6407179183611
49.1798605769873
60.8321458566934
40.7928314059973
49.2832135409117
48.1501060141837
31.1120771337301
52.4406157899648
52.8941716533154
55.4215716198087
26.2610801961273
31.4732182770967
48.7150082255298
34.866259759292
50.9675366804004
58.121518837288
61.8988506495953
47.0203979872167
47.7458824403584
40.0413914583623
71.4955759865585
61.276743048802
59.3465108424425
47.5961363874376
66.183827072382
40.5463524162769
36.6931098513305
68.78039711155
43.0991149041802
52.3929546207417
48.2133111916482
69.7105038815014
51.2125432419536
52.6243800297379
64.1318779904395
61.6275266744196
33.4409283165777
50.5985389173752
54.4370654504746
57.0592870935798
39.4397387746722
54.5561469920148
74.5211834977281
50.2989956643432
28.370571969224
49.5969410520047
41.1181652918458
43.257890865402
27.2811242379248
36.7871332447976
38.5045166878215
69.5321872725901
40.9771783277392
56.7430453840643
69.772793348403
34.0415600114713
52.2009688429534
54.2798930313438
32.7812255360186
50.3540088888258
32.2312084957957
65.5424473341554
55.0924489740282
33.1832862924784
53.1469528097659
58.3929822780192
22.6032055914402
41.5997793897986
51.0695863515139
48.0951321311295
31.6424663178623
43.2109866291285
56.4191002398729
40.064024599269
54.0505121239874
38.7093738652766
35.6374428141862
49.4137780740857
53.4195724409074
58.0837494693696
64.8261143825948
43.8052544151937
59.0697926934808
24.0185786405085
37.2377542639655
52.4795923847705
27.70551794246
46.1004986427724
59.8139432724565
53.1092784367502
55.4821279365569
46.7001893557608
53.4533134661615
46.8827799428254
40.9759645350277
54.9709846010366
44.6734178474311
49.7382283676416
38.625513558506
49.5521692093462
52.6227421592921
54.7276588156819
48.0473475996405
42.6609323360026
48.0547083692859
51.8075337167829
68.9396754838526
75.4352687816036
31.4657740760595
60.4415423702449
51.1305369436741
51.0347599163651
21.4546374075711
74.1223600651038
48.5982154030353
66.5963919833302
43.9405753277242
33.5863131098449
32.8306996729225
57.3834547773004
39.8204250261188
53.9364892058074
50.8826128672808
47.6466539781541
69.2102535627782
62.0701502077281
50.3828348591924
36.4145461469889
66.27625701949
45.0855661183596
43.305227952078
34.6202124309636
62.3573496937752
40.1458106469363
42.9901297204196
52.2906478494406
61.5199490915984
64.1762915067375
56.7913291044533
36.4868269266872
47.6880117785186
60.0434998981655
49.4054946211942
35.8221146278083
39.5103013043189
53.7084253970534
32.5184667482972
65.6935560517013
40.5113902204092
39.6486999932677
53.3692008815706
65.0099899154156
63.4193535428494
65.7149699050933
43.3633413165808
43.0094494484365
49.0964391944617
44.5755048189312
35.8818313106894
40.6346888281405
63.6269390583038
57.5540161225945
49.3166323146254
62.8491354640573
42.9728085175157
37.6011963468045
44.5769405458122
36.0331890638918
43.5219958424568
32.1552588604391
47.4669522605836
43.3355983812362
55.7086054235697
60.5426478199661
36.1598006915301
42.5083049107343
44.8929554317147
53.6333452644876
41.9254350010306
40.9200727162922
43.4334840159863
56.0709236189723
40.9538388112065
51.6865571960807
41.6594051290303
50.2707356587052
58.8913080748171
40.7752500846982
35.9045265242457
61.7627990897745
53.6422410514206
55.8360811322927
59.9526161327958
49.2566152010113
60.0336092989892
21.836178842932
38.5036685504019
44.4546521175653
35.3336978238076
45.2714602462947
53.5001140553504
34.5656347844964
33.198334556073
42.968805992137
47.1198169048876
43.3225403539836
30.5715383961797
47.2285896539688
53.4131626989619
48.4719055239111
27.5205530226231
32.6791053172201
72.9618033352208
48.670124495402
50.762841431424
56.7681976594031
49.8881178442389
69.7760213458405
50.3833732747604
29.9860910978168
51.1598777491599
43.7107292547712
51.9413769245148
31.0169714094184
54.4762665871531
30.1229494158179
55.5741240270436
39.3823962192982
46.3784854726572
64.7264383733273
50.9921512566507
64.579687314108
40.5988367740065
42.4446547544704
30.9958403930068
52.5530016515404
52.0392599981278
54.9866326153278
46.5351357124746
41.3331062532961
37.9744576755911
54.2587259784341
43.8644722104073
55.3584699621644
40.5071687884629
67.7128351293504
45.6563032697886
18.8510782085359
40.9155654720962
45.9295087959617
57.5423297472298
48.5177738126367
80.7930944242453
69.931018885851
28.1490916386247
47.2258082125336
66.402015928179
15.7722273586473
40.5804478097707
12.5714339315891
65.2074813842773
41.81565977633
50.0061281491071
32.6934847845361
61.2075505312532
41.8930803559436
32.9136631540282
53.3311801031232
44.0184056293219
46.0157216992229
39.460979681462
64.3195230459027
54.0225795004517
76.2763786087644
51.6607850324363
47.8308039251715
51.3900885358453
57.7757386025041
49.1784075793608
66.6213603224605
36.6659708321095
58.5293915122747
31.9093538790512
57.9614940099418
34.0719422791153
47.1048147883266
45.5412119803038
64.3845969811082
73.5058575375623
45.1465110294521
63.2005271036178
41.0741458181292
22.2296064514134
65.1540968101472
72.2594840410066
39.4743609242141
64.91953805089
73.5444814856065
53.05728437379
50.2442602533847
61.4397377241403
50.0925832428038
33.0336350466966
53.8689896930009
36.7995098243883
53.4981581848115
56.4223737455904
55.1668804138899
54.7612679656595
51.4525966718793
71.0066804518405
52.1622945088893
59.0998906642199
54.7151334583759
26.2505162972957
48.6250383313745
42.0441307593137
45.0827652122825
56.6490746196068
58.4212589543313
39.2708999104798
16.9967228546739
42.1253140550107
51.3177813962102
43.0855595041066
48.108490948096
72.1016109944947
63.8834093231708
40.450017945841
61.1322410870343
48.3318379614502
56.4682451076806
55.0728812813759
41.2620187271386
50.1794878128895
58.7298418395221
72.5256824916881
58.8263729121536
40.334070734307
54.4857408097272
30.9529110822696
75.5489757242513
41.4762836415321
49.6789586730301
36.1557084168533
46.0046573076397
56.9493272807449
61.046594241634
43.7985454685986
59.5248525962234
58.0760991369155
62.5110044144094
48.5999043099582
42.6345862423524
20.9756057243794
37.9484463017434
57.2093121241778
41.189416218549
38.0114438080821
51.5265646390617
54.2640742845833
37.4818746519485
57.7862943988293
55.2128713577986
42.5375287886709
58.4107898175716
53.0397638580661
59.0214368421584
40.357482386753
49.1633536294103
38.5136310535925
38.7403017375618
17.6428038460417
62.6168561168015
28.5396717954427
53.4203636460006
74.8777501930704
48.3209330122918
64.0274574048817
45.0968227349222
54.5713134575635
80.7859736262716
33.0873672384769
69.597173438394
56.3719125012018
63.5527423582971
51.2046397707603
48.0125434231013
29.4806892517954
38.2299920078367
50.5359243135899
39.1080599743873
35.045826938787
56.742838723585
58.9273039717227
35.7222355451968
13.9383466206246
58.5430574137717
32.398608497406
41.5445220011446
47.8261944837868
77.4480741739644
44.7443584445864
55.3464229218662
54.5680582989007
42.6862783264369
48.1588606023586
69.801557618649
46.9721556641161
39.7373979911208
40.9393534064293
63.2923103514212
51.720919739455
35.4972196742892
41.0707997593375
53.6130030173808
62.4626599252224
45.6546482164413
52.0283727906644
50.002231169492
51.6912828101363
45.9173775727254
44.413873879239
49.6030625887215
62.2213503345847
58.5696066729724
58.0532549414784
47.0391361508518
59.6872793044895
70.3407835871918
21.2463036179543
62.8294295165688
63.0960328970104
33.3673465531319
