"x"
64.1548874787986
56.6072208637668
54.8445440869719
37.3720443140542
50.0204460229725
33.1904868300534
37.3700017817735
53.1723461579531
50.9052443318069
49.3044707458466
61.85881075728
46.8079294097698
73.609286821903
36.6364712361246
55.1942620426416
64.7925331257284
40.5454037245363
53.7874267436564
22.7187948301435
49.7657917439938
31.2579003628343
68.8527281861752
34.913054142138
48.8759114407003
39.9501665495336
61.8175397627056
51.7955150455236
30.8297149837017
54.7195073682815
51.4361206890827
73.4101681928051
33.2954546436667
31.0245449654758
46.7099213041365
44.3963058758527
40.6500005163252
39.5137544300952
42.1246594749391
63.7843869160861
31.2008210457861
39.95126998052
32.6749588285742
71.4243452022684
45.0927608180791
38.6522773653269
57.8809135593474
50.6266804412007
31.9114253856242
45.3468526764772
41.3372232113034
56.3575134146959
46.4816410560161
36.6426570806652
61.7525259498507
45.0669023422212
36.7620744276792
41.1257213912904
38.3515001274645
47.478011297062
42.4196188139051
42.2626171261072
62.9593771416694
42.3512753371361
44.0148411084864
46.3870740495622
52.6832040399313
58.7866706773639
39.8468709085137
30.1254955586046
48.0829819571227
46.8543937895447
35.484377713874
40.2649300111714
68.1489070411772
54.0575417224318
59.0048542774785
49.9294952955097
47.6850020699203
53.2332444097847
54.1752095799893
54.5691424951187
59.5117322169244
58.7370540585445
50.3329174593091
50.8288426324725
32.3858877215268
34.3886502087116
30.5371664464474
42.5712014548481
52.9761452693492
73.9148745864247
21.5221350546926
44.1499533131719
57.630731863901
38.8798639643937
63.9983086381108
36.2794616725296
26.005126828857
27.7428975794464
54.6018682885915
59.3425473663956
77.1057455758465
56.9658506661654
53.0399340233635
53.7422114051878
71.6926217968476
61.5606797393411
52.4226802401245
43.6007192824036
52.8703793417662
32.586499986766
61.8676732759923
52.0226061348211
44.3691831547767
46.5839759446681
60.6087544932961
48.9140226573472
53.5857701208442
38.5812358930707
67.6146143116057
38.0467850249261
54.3204054702073
52.007298823446
28.0960535778701
51.6355647239834
54.4121420010924
42.4569520633668
47.4829832557589
40.5406950041652
76.4158279593003
45.4675750458773
31.7954576108605
13.7683290056884
50.8247262332588
81.2509248185417
50.9294180199504
63.9336092863232
31.5650140400976
56.7556086461991
72.7047289679659
46.1798897404296
32.0381491445005
72.0173663905255
36.4193661138415
62.9190873354673
63.7793910223991
46.2626301217824
54.0305742834427
58.4163657389581
39.8345361463726
42.3773536458611
39.0055226162076
46.9044943340123
49.7651016809348
60.2573384065181
63.0333295091987
40.3317600954324
34.3417763710022
31.700241798535
53.8864952906419
63.1892121135503
65.9482898656279
44.218180730952
25.609544524923
60.3334927465767
51.5308634378016
63.2923047523946
73.2339223804784
42.557475855574
51.6197759192437
67.2595991753042
35.7723949011415
36.6971460636705
27.5750967673957
43.8779056072235
67.8343971725553
49.9513389542699
66.6058658156544
16.1992442292852
41.9813707470894
45.9210420493037
63.8498318381608
45.5958060397174
43.2904887013137
46.1541471071541
50.625737151131
59.3429537024349
45.0814198435104
47.0035222506166
68.609519675374
57.9412979539484
47.1700440626591
47.2591810529289
29.0220321621746
45.2440641820431
51.3141092378646
64.0998196788132
50.8549355437643
33.9900208637118
67.8819632157683
46.4426627848297
25.3884233534336
39.7054501886818
48.3440468087792
40.8106720845064
56.8578186910599
47.1351607237011
35.7402962166816
71.7334950300765
51.0990559123456
17.3594632780963
56.5306719858199
28.8144899532199
45.5752374138683
55.8238344267011
59.5745657887696
61.978498287499
57.6708972919732
38.3445200510323
42.9396733175963
39.7624290082604
56.01307740435
59.1569629497826
36.4540471417264
44.6993763343791
21.4710565835238
37.4862025026232
70.496141163016
38.5391462128609
35.2316189427807
43.4918800368905
44.7638648096472
63.827805314213
31.8883477710187
61.786560760811
80.1394098084917
4.63320237619262
45.2164024114609
59.5374294556677
52.0569957792759
38.3104384698241
66.9905936345458
66.9265904463828
46.7137563508004
17.1018280088902
62.3719612602144
57.6649941504002
46.8780444469303
26.9614472789845
39.0566593036056
42.210071766749
42.8722242359072
68.246566131711
55.4779853671789
51.1133116204292
43.149192770943
52.6232961565256
55.0334369763732
45.9795365575701
56.4957151655108
48.5958070028573
69.4068389902723
62.9807990044355
50.6552454549819
45.7849007565528
63.9237284194678
60.6595681980252
45.9823375617357
53.7667204160243
49.443740490824
59.4498574268073
35.8569032221628
18.2917977683246
59.1275540180504
26.2384520843625
42.6397687755525
56.5484683960676
39.7289693821222
31.0279497662443
42.8913010284305
57.3079440742731
56.5169938374311
58.48174598068
46.1965197697282
39.7306065540761
43.2509463746101
43.9484421629459
49.4275714270771
73.2740609864605
69.3053329363465
66.7673519812524
39.1917353495955
61.8336025159806
43.0237512104213
32.1681234430826
42.2504441812634
33.8966825045645
33.1944880075753
40.5573730822653
48.998533402811
57.6134705450386
55.01339728944
42.7144901361316
52.2986323107034
37.0974481571466
63.4654749650508
52.0170663949102
55.2152211777866
53.2427537254989
50.1037001046563
45.2783403452486
44.1906548318252
21.354567958042
68.7265692744404
36.7860999424011
42.4395737238228
45.6765798386186
56.4472117461264
52.0287273730586
54.9881100188941
40.2262505708196
52.7903050503125
27.1231703925878
67.4965940881521
53.840462025255
44.5851594675332
41.0279822535813
40.3315759729594
47.6594135165215
53.7458752281964
39.3000367563218
67.7147522103041
45.0699422042817
59.4148634467274
32.3510038666427
39.8836933185909
56.5786810126156
51.0619689829438
53.4981417004019
43.9657948993312
36.0986546613276
70.8547462667239
34.1083029758125
48.9258118815102
35.8009160796242
35.1713773127585
41.0296512767673
56.5117025506284
60.4351280722767
49.1156712621701
44.8164228349924
34.9885793868452
54.4558220077306
47.3227276001126
32.321911631152
64.3695858307183
49.5320640970021
33.397454675287
35.8160017989576
65.1605888269842
63.0152006167918
51.3351909350604
47.4776351358742
32.3916204739362
24.9110002536327
70.361117839933
39.9823404382914
23.3719770330936
37.8005077349672
66.9007595162839
57.1171706076711
32.4046045970134
37.011471670121
36.2087198998779
38.8957780320197
31.0377410613
56.0414789244533
50.5562066100538
68.4576492756605
52.9886342585087
52.1698299579054
62.6758051570505
70.2169225509179
40.9023946151137
43.8609685748816
54.5318885240704
55.0127991475165
35.3989836759865
59.9940911418733
42.5375545863062
40.9036629833281
45.3013955284455
56.3364119268954
48.6563263460994
64.4681348931044
57.827013451606
44.2216886207461
32.5296606868505
62.5477503519505
65.4669210780412
54.1151811834425
74.4298822204483
38.2319415919483
48.9322882145643
38.0536656826735
40.9971078084561
76.0792204634481
38.5215541813523
47.3320471437226
52.3141017649323
57.9846729058772
63.9751511625946
55.1250768359751
44.3784226663411
61.9196227286011
42.3109920229763
52.9257749207318
44.7122189681977
43.9035123024716
50.0753408763558
42.7928105462343
62.9590141586959
26.4392827637494
40.4320500791073
46.3725516572595
43.4752056840807
41.2902210373431
53.2862991094589
53.2360994257033
45.2439835295081
32.5496765784919
40.3360089752823
40.0016555096954
78.6398551384819
45.2775094658136
52.2824271582067
55.8310316875577
44.1816529259086
52.8359660878778
24.5254649315029
48.8616631831974
46.6005654539913
45.7903800997883
40.9684413144514
52.1480534691364
54.0378813691656
44.9004248250276
41.9722863938659
34.7700349867087
28.4086758267484
13.1304624956101
40.7058899461111
29.2557564098388
32.1492977128038
28.0500825609808
40.4744426719844
20.4128172552974
53.9593863300979
51.575016323477
38.4724697563797
63.6459731496871
52.3525171391812
61.9529621675611
62.9571116995066
45.283215586096
45.8376496098936
34.3184996594072
61.4115684293211
46.1090465541929
53.7801712751389
32.0199297741055
46.3623136747628
68.3462579734623
67.3707474023104
43.1179921142757
37.5093348324299
67.4279188271612
64.6139117423445
40.4257657937706
55.039928574115
31.8301323952116
61.9715668261051
40.9386842977256
35.3193205781281
43.6611338984221
41.0315370187163
69.8454664750686
75.3376129041326
38.4818354155868
49.965401366353
76.6227661589992
60.9235101845115
56.0989547986537
34.7209885031976
46.2670250795782
45.7495937589556
36.4233085172661
50.7098964415491
49.7971771284938
32.6408556196839
55.6266918312758
53.1554763671011
55.8154448866844
44.7987592313439
40.1354667730629
35.7490332331508
43.8764399784285
47.4330237600952
41.2841376382858
47.8386151604354
45.9283990319818
65.0815645232797
47.2961015644494
59.673189651221
46.8665950931609
47.8957663290203
67.3484779894352
56.0723988339305
45.2703548702655
30.8727425988764
57.7894457615912
50.7918557152152
58.4991572424769
58.5320331621915
40.931023734346
44.455656548962
44.1921688150615
53.8227507378906
67.069737566635
53.5376213490963
66.2736803293228
61.9237393606454
43.0898568786837
49.697048868984
84.1285719494236
45.7081226166338
42.8140153642744
54.8928563017398
56.8126208839328
41.5551836704107
59.6804081357239
44.5959486532956
39.2721048280282
51.0424851905555
24.1399044170976
48.8406682128073
62.3377005569637
58.4400152787566
47.7752362214641
60.6277910992503
35.3575814981014
53.2426199875772
39.8909463081509
44.8902385775
74.0594275857647
31.9251242559403
38.423048844561
44.1473101265728
64.1955842729658
52.41305148229
34.7684387832847
26.1189933400601
52.8090366628021
51.2009339872748
64.0654092654586
57.8138943761587
51.9438301213086
33.6531146301537
37.4991856981069
60.6241676949876
56.9142165593803
49.8961488250643
35.3170545101685
55.7136626914144
73.1702130245877
58.1019264180213
67.2838496975601
40.6075158156455
54.3473389931023
40.951677551493
25.4866456428554
39.119175542146
38.7073068879545
55.4185838904232
36.226156167686
45.1291852165014
65.5250577557232
38.849082775414
54.8480726312846
37.4116524011759
57.6889761257917
48.6833140254021
47.7725594304502
34.0024440083653
43.7458876520395
25.7140678353608
37.1763581875712
64.0216988977045
51.6195438802242
57.4142419733107
54.4805782847106
55.4673625621945
28.3342635724694
55.7981267571449
23.9011331927031
47.3013169597834
46.0369289387017
48.2433075085282
36.0700751033171
33.9973123278469
48.6107141710818
48.2164131011814
50.7609754800797
53.1892389015438
54.3408202938735
44.7903481777757
51.7818770779517
36.4722789265215
59.2636209446937
45.841870456934
73.4669165643764
53.3763471525162
44.7239316534251
42.8514611553557
49.8748046346009
48.0476364959031
54.9661616329104
39.7138214670122
55.6226282380521
40.75262302724
65.0012708734721
33.0995626281947
49.3944259826094
56.3907234929502
61.4868682809174
49.6314570307732
42.7132751327008
69.8862476924665
54.6428917441517
69.7445463659152
63.9507371000946
47.1995781641454
47.5066130515188
28.5884338054472
51.5087166335434
50.9831581730396
65.8919912297279
24.0720441564918
44.7544720955193
51.8953179009259
54.0113216266036
40.3241911437362
41.3325633223864
44.0153731033206
49.4173516985029
39.5493963733315
51.4259787276387
37.5838564221342
52.9017694760114
72.0517548701793
44.2437684499238
55.558067234233
63.820024440065
38.7121688574553
56.0887713900954
39.1374093119938
25.7196502760053
42.0771066851752
66.026415117085
38.92508354038
27.1826336160302
48.8108643796295
64.2671711277217
35.7656646519899
52.3101395461708
40.7026391942054
23.3248434981768
63.161843502894
45.9835008718073
45.0282075442374
40.0521640200168
41.5568088181317
48.8901124335825
63.1060454528779
37.9620331805199
59.4652368687093
57.3914410080761
47.4255358334631
72.8696531616657
39.3354432657361
62.9106926731765
64.6845805924386
63.6148872319609
31.451306771487
34.6459661610425
55.9337381739169
40.7478719484061
48.2216516455094
42.7209204994142
84.3443702659248
55.7293569669127
57.7670713886619
53.7945775780827
47.5284647662193
77.2336087147606
63.0084507167339
38.790814152165
44.7770263068381
43.9944300360548
50.5289167631418
39.5719591528177
31.9080263992962
52.7452623937279
38.5745539329946
29.0364200249314
68.6260863672942
53.4759778995067
54.6839510090649
65.8889131620526
51.1565667111427
47.0411621034145
53.335973341018
50.7917418144643
62.7459807787091
33.2497017923743
56.1017426662147
33.4351499749709
44.2745438311249
50.0825587194413
44.8706875089556
52.5644273031503
34.890404969987
30.0779767800122
61.2287933472544
72.217918928237
42.320251185447
67.1786574646831
66.7065321467817
68.3472031261772
30.5464870368685
34.3615637160838
60.543360048905
56.9795002695173
24.5542760472745
62.9703350830823
37.489357450977
76.4418363374322
56.1028741765767
52.7441902086139
56.3276651781052
50.0063940417022
13.4317264755134
71.215016856314
42.1363491099328
34.1506741009653
68.30037641339
56.4960431307554
50.8742891252041
66.9845106545836
47.7805423550308
60.4104564525187
50.9342744015157
39.9348612409085
48.727797009429
20.8110074512661
54.0496593806893
47.074562124908
54.2196455877274
30.3889553528279
65.5754490755498
43.1666766759008
22.3024506905557
36.634039614144
50.9505197871476
43.0477967020124
36.2097173929214
67.3320743255317
56.4151665195823
51.4825712889433
54.3056695325725
54.9942322075367
45.799372671172
40.4616212937981
64.209998305887
18.1225802283734
30.0319141708314
54.3320655528455
31.037308415398
21.0425365716219
47.0024790614843
52.521951822564
57.7081930007147
47.9440557770431
61.4925114437938
17.7448216360062
67.3691609874368
50.2031839452684
50.1666408655104
58.777664648369
34.8572904244065
27.826829161495
47.6937650702894
47.7838480379432
40.3845974244177
24.9895746371412
32.5189719442278
48.3207145705819
35.197280254215
43.1952211074531
17.51156472601
63.0381441209465
51.9366313237697
65.1795976795256
41.8732697144151
43.3514226227999
34.8646173261571
44.6042615920305
52.1344496811773
50.5068649537861
52.1540878340602
31.2469352502376
59.2332835309207
63.3834964595735
48.464814806357
68.8898792490363
61.9018245022744
46.5501224156469
70.8076724915978
32.3867641855031
52.6190667413175
52.2849296746804
48.912507481873
48.1206077151
38.5061854496598
21.3094149250537
35.8855945523828
18.3378145018672
53.3837880473584
57.7484053559601
52.0682131871581
35.7962975744158
45.2224050182849
31.9161626975983
61.4890518132597
28.4420019946992
46.3391380850226
57.6826065778732
50.9190574557741
48.4810636545483
51.8014121315567
22.9333590427588
26.5502670779824
58.0456067342311
37.068028920694
48.5702442005277
37.30483003892
58.6332430597395
28.641931005563
68.1025962345302
50.4553347360343
43.8056971412152
45.1110917609185
38.4174512233585
52.4811047594994
48.3125156375865
38.7049840763211
35.4839641051537
58.1073434092104
45.8622178062797
40.3280922211707
46.7651477083564
54.1316238697618
46.7599925834587
67.4505339004099
52.7742956764996
32.4614249635488
38.2661628071219
63.6437822133303
43.7958121765405
57.9179991502315
49.6118964627385
41.96867197752
39.4986602012068
58.7779668625444
49.2713023908436
44.1067930310965
47.8074735030532
36.0173398628831
40.2141180355102
44.6690442040563
53.04922349751
33.8762065395713
44.3591690223015
53.8286237511784
59.1808902099729
58.0701717641205
69.3738123774852
30.5682012811303
38.1032475270331
38.8259251601994
64.7302751429379
52.3867122363299
47.820819914341
52.0712083390766
33.7553091553769
38.9460789039731
54.1955920867622
49.7834637295455
33.2897197464101
55.9044948313385
54.593132767995
46.6059327591211
48.7015924882144
25.4974541254342
45.499643497169
44.0548840176497
46.1879255250096
35.673675686121
20.9144751075655
54.8126466106623
38.8226337265223
51.1484981980175
31.4023920315651
46.7681934404576
67.3563884105533
48.7129885237664
50.4937817615179
46.9082709867507
20.5455530434847
35.5750499293208
46.6616433113813
63.9021029230207
57.6298587036062
52.7088720817119
64.9771612603217
39.5917628891766
68.1564989034086
33.7330169975758
33.8030680082738
46.3820602744818
48.5375957097858
44.7967305313796
27.4010854773223
59.3470231545287
37.9955970216542
57.0121058262885
60.1239857263863
61.1636526416987
35.5868394690909
33.1869038209014
53.2269750721753
53.5864682402462
27.8805388137698
56.6771086771041
43.4459003154188
52.5792268570513
46.5620120987296
55.4631586186588
69.3685152525914
64.165289606899
42.6116859540343
37.0786132756621
43.7998514733386
65.1219991035759
63.2850783411413
49.6692356653512
49.6998779475689
71.2170831817103
61.1129230353981
47.4139937092476
62.5364350154996
41.4912934415042
57.2845881804824
84.5961494317932
47.7564841508865
50.470970524475
33.3191996415106
55.3809077478945
58.8175430893898
61.2349052913487
57.5311877764761
63.3954127784818
44.0764309402136
22.7223185691025
53.0023721512407
28.5879534203559
62.7745622768998
39.9311516899616
58.6985100992024
39.4309981914889
59.0715985745192
47.1665234770626
52.480389457196
59.695903211832
52.6748550124466
59.5850916113704
60.3664963040501
63.1129011046141
53.0439710244536
65.3097188100219
45.3193672467023
57.7055430971086
57.5457655824721
38.6412716004997
45.7463867031038
38.3986361892394
50.9741338901222
61.8767502252012
38.6999055277556
52.4698422707435
47.0519267488271
64.7671344224364
58.1563599407673
46.3143090717494
51.8050970043987
49.2692202329636
56.1236251145601
54.7105217818171
51.0465642437339
45.6092122010887
61.629000864923
53.5650594625622
30.0425562541932
37.1618437115103
22.841515486659
35.9922321978956
43.9552848843993
54.5262899249792
20.2767109036885
38.5167554952204
53.9319996256381
36.2846557050943
36.8992585462334
49.6575802564621
42.6199984271079
48.1290271505713
46.1342204183496
36.8912184134564
42.6567129325122
59.4017007853836
64.2769457772374
40.1358674280345
21.630645859142
31.1816859524697
39.0401104927288
74.5223733554495
62.989536338436
30.9214916080236
64.5244102459401
35.2292075287551
39.0756411012262
53.1944020651281
44.7413571644574
73.2083996715856
35.8417531204063
52.2653038147837
45.8572589792311
55.099014332518
66.8057497125119
54.6245074365288
35.4325849013675
48.3835115097463
57.633913847221
45.8977481815964
39.6898694336414
67.3837354872376
64.0809860080481
58.9611787814647
45.0689549092203
36.4771576677617
64.5496337674558
72.046932946415
41.2379522342235
49.0001755300909
52.3226969409734
19.3203573580831
34.7809011582285
60.3664921130985
42.5193728879094
43.730168687228
53.1334868632257
39.3282664939761
56.9911350030452
69.3135457113385
45.5217647366226
60.645754635334
38.5254136286676
27.3271190468222
29.4099575839937
60.8255014036342
59.3049075454473
52.0199799444526
45.6174897961318
37.644740473479
62.7870592288673
46.3901875645705
40.529502928257
54.4520298019052
58.5081649944186
48.3860862907022
39.649118296802
44.9156795162708
50.2119765616953
36.4880069624633
39.0820478554815
54.2893623933196
53.5256690345705
49.6172702405602
42.1246991958469
27.4355108384043
62.5984890852123
59.3631362076849
63.4715924039483
55.3279978223145
48.4650974161923
60.7226715423167
37.9151084949423
36.0902531538159
68.9336886163801
63.8874374330044
41.9648998430101
66.3834789767861
25.6897935065898
34.1925084590912
47.0621910411865
55.3955384530127
43.9799281768501
38.4579367469996
35.2766441181302
59.4000749755651
55.1468724850565
59.5820506103337
69.5239770184171
42.5149511459274
48.7578654627835
56.6539717838168
41.0623968113214
66.1309386137873
35.4900243226439
38.6984781269785
48.2876790247514
66.8643879704177
38.0152525315597
56.7813968285918
41.683709109202
62.6108584459871
64.216758357361
61.8499247357249
50.9523327922923
50.5359746515751
51.3553205411881
46.7659931629896
45.6576376687735
49.1232537664473
52.9097985628837
53.9862112607807
38.1695011630654
66.4362370967865
55.912693310529
54.0093020074105
38.949174573645
35.3095968253911
29.9444347909691
59.6793589182198
45.5110304057598
60.1464848499745
64.0427615959197
76.6587433178147
66.7112504132092
42.2324647935729
59.0052848681808
42.1845940407366
43.4072341769934
41.7482650838792
51.2226199731231
35.0393727887422
64.6585512440652
28.4143249504268
43.9729290083051
52.8210224118084
48.5127854160964
37.8360016737133
66.8292066082358
36.5920946933329
29.1507380587847
68.1063368916512
50.4992814734578
55.895928805694
42.2358624171466
55.3184935823083
64.7861129022282
57.7291515190154
58.1661438373114
76.3164019170118
55.0053209066391
38.5304843737661
28.3200116536542
58.7809220422059
44.5724801626056
53.832494514063
58.4356423933059
79.3969264211965
42.5562574485032
35.7302068732679
57.4574815575033
51.8493651878089
64.4837551284581
68.8745976425707
48.5559528693557
49.9774850904942
30.0461145597122
34.9630864802748
57.4363601859659
68.9176521729678
48.9564338233322
57.1920569054782
58.3722036797553
50.5730141419917
54.7949803993106
45.9771988447756
42.8791795878662
57.5920819770545
56.383628770709
28.6689567379653
42.1598637476563
51.7258587758988
50.3938911948353
28.7981946952641
27.4789168033749
43.558424571529
61.3946923986077
69.7819351063595
21.0225791204721
46.9688348472118
39.4738140981644
18.3582411147654
58.6242527235299
38.9465115964413
52.4144720751792
39.4475157838315
66.6070486418903
43.8127113040537
52.2383702918887
52.8926672879606
51.7219526693225
64.969100849703
32.6986099489728
64.6931676194072
39.3567728810012
23.5556217841804
55.9672051338023
65.1556356810033
59.7998936660588
36.4598628599197
64.2664190786811
40.4061001725495
57.6142714358866
55.7377607095987
57.7970884274691
49.0143976174295
52.2149900905788
56.5563896670938
57.2265621740371
56.1955524142832
50.0380532816052
32.4683626182377
33.2915325649083
63.6848376598209
36.5395800676197
41.9950283598155
44.7798395529389
49.0100255701691
33.5682834032923
55.4946148768067
11.6789144929498
46.0798157844692
42.2629761975259
26.2158885890566
34.1245042160153
27.9159350146455
40.3557783458382
57.6733735390007
50.4089854191989
49.6181149035692
61.2259241752326
64.7095242049545
56.544188875705
37.5517390668392
66.8909943662584
66.3969460409135
56.2517866957933
50.2180503681302
44.8311229702085
48.836949467659
68.7256781384349
57.3753744194889
32.7037382405251
39.0212416078591
51.5009243506938
38.8245495837574
32.9179749358445
48.4886966180056
35.9003958518599
55.3396109025925
54.5728321652859
51.7394718826156
60.0779289845377
26.47943822667
44.1803753841668
25.6124750245363
47.9699042726641
63.4865983872325
66.2962837610394
36.5713343955576
57.2433398503814
60.2758977562189
52.3485174868256
30.9772820211947
54.087387237653
57.9784800764173
51.7711945343763
38.8412200380117
58.7299978826195
42.8201647475362
62.9623632412404
39.3784420487192
53.4328643698245
40.4007074421689
64.2064422834665
34.9879308603704
53.1771604899791
58.5433684755117
49.6208354320694
60.0058937445283
48.3079127501696
53.5077333450317
44.6948362980038
57.3423918802291
60.5936965439469
41.4915181230754
35.1553731890742
42.7058493718505
57.496028766036
47.7287691552192
64.9311302695423
45.2430977951735
71.0783681834548
27.3518934743265
30.1178979687393
43.8401750754565
70.7712361055127
50.8565621200155
28.0695913825184
46.9691457692534
52.8751948848367
58.3244170062244
40.2940013911575
40.6403468921781
52.5944815482944
56.7083284258842
25.6454026029499
34.521523071453
55.8015589602292
45.7273942418396
52.5331032928079
37.4504270032048
81.9077787878824
32.7187598667343
68.0714123882353
52.5939363520592
48.862154269591
43.052386213094
55.5310032330453
44.7792634367943
21.9398919027299
42.1540650867575
46.7416779138148
51.0750900954008
42.240386409685
56.4792216685008
55.4171768948436
24.7907474637032
54.9080472131478
45.1525084208697
47.9497393621522
62.6361331902444
51.0759472846985
49.8203880153596
60.6367549858987
27.5895691942424
68.7768266536295
40.1630269363523
37.3127260711044
58.112062048167
49.5460264850408
55.573171749711
44.7080134174771
50.8625312708318
47.588864620775
53.1329551711679
51.2977792415768
47.256823675707
45.973717214356
32.6017826347656
41.0801758058369
23.5152117931471
52.6070362422615
47.3863699007779
47.1411474514753
30.7911083102226
58.609840227291
34.1111591551453
64.824486663565
37.2518761083484
81.4168668310058
60.8940688893199
37.7392491478083
61.7918456438929
68.3078339789063
49.2172964848578
43.7576874692364
13.933223625645
46.2399426847696
54.2688788380474
69.5996773387206
49.5118997991085
55.3935821168125
34.1756488196552
47.4057459738106
65.8593565691262
37.0316758751869
68.9100239891559
51.4032709877938
46.8266044743359
40.7424816861749
46.7092675622553
36.8215677794069
46.6922654304653
52.4355208035558
58.0552409286978
52.6397992391139
39.659850133432
50.0308312057478
36.218385444954
58.1056448630989
29.7142697326165
59.3931844923645
66.0161533392966
68.7960061244667
15.4979738983937
47.5833427651449
44.1144490856844
35.1268267724663
34.1922732070088
34.378520399332
56.4198955893517
26.1521784123033
25.2527615754494
27.3061232175678
43.99871728383
49.7823419049382
50.8922270964831
38.8465087988908
46.568653639406
38.3334810845554
59.5772803295404
44.29772910662
63.4397327434272
44.8149412404746
48.4836823990613
47.7242274467438
51.2480692472309
43.2021566201001
50.8166549727321
34.6390588209033
66.4432321675122
71.0039970422995
40.7909679226577
54.0298802778125
61.8979218881577
45.3712959773839
42.0727105815607
30.8908360544592
39.1635615378618
45.6988500896841
33.9288718532771
61.143013369292
48.3592678590836
43.8862351990522
65.6531389337033
39.1738720201199
44.8152334894985
48.3947882894427
38.2578873541206
74.7399502391827
63.0274037830532
68.7271616887301
23.541457966608
50.3629076760262
62.7503761090338
72.2801811568001
78.1958924564433
53.2647957094014
60.3511143475771
40.1129472889599
47.5933336661774
52.3884607478976
58.544695051387
50.2639717888087
40.7118854578584
43.3579839040737
57.4812803883106
60.5870912317187
40.6182059552521
47.0436121337116
44.6252126712352
80.8503014021408
46.5067930985242
36.9314061943442
40.0646585971117
51.3300251215696
39.4487528130412
32.700253976509
44.9133287907364
66.7853012215346
37.1550567448139
48.6086332704872
43.8263024616506
79.9019417797568
31.6847873851657
36.8660360109061
57.4075723066926
66.1714033958993
59.7855197731405
34.6989924553782
54.4216049369425
48.6706342082471
50.78364899382
39.6816474851221
64.5342548377812
60.5182404164225
33.5411367937922
63.2206173424878
60.0090077612549
52.6267572771758
53.9051153507245
66.3884530775249
52.9821874355588
65.5647029634565
46.2753789033741
53.4389949659943
34.1534519102424
48.5925870481879
69.0879446920007
52.176740532741
39.1680879052728
53.5914666950703
47.8554102371875
24.0474514197558
41.7542750481516
51.4537877868861
43.5113545041531
36.7487526964396
36.0836718697101
21.3990895897409
27.8700435771456
61.8853509891778
44.2941793060077
56.9268983718031
44.9519133660942
52.1717185154557
32.9545279964805
25.4011527635157
51.7745617777109
54.8897706903517
62.0002956129611
28.0374015215784
22.8358015057508
40.5138134025037
57.9687638673931
13.1580465007573
69.4973558209064
44.492896723207
46.3290668558329
44.8624507989734
67.7882523741573
47.70627617836
54.2987596709281
48.1366890016943
36.2569490913302
48.534444719553
53.9468333590776
59.4124106690288
49.8001703526825
37.9140743663454
40.3629858512431
36.7491324897856
13.5163437575102
52.3601127322763
56.9865039549768
46.6222557239234
57.8410671558231
33.0820374656469
57.6582578295835
39.309599250555
32.3024408426136
55.1945029757917
50.6751452106982
51.8734123092145
67.1607680618763
44.3391100969166
33.992127655074
35.5189267545938
57.1881803683937
40.9368603955954
54.1196286678314
57.405036687851
55.0077815540135
64.9009346030653
65.4771766625345
46.6314969118685
37.1943065430969
41.6228550555816
59.0114160906523
53.1402277760208
48.9943352062255
59.6070194616914
31.6558716884288
54.8787254374474
44.774454832077
36.1175668425858
28.2412654254586
66.283218935132
50.659597851336
38.9977721497416
53.1438890751384
64.1935391817242
41.8763929512352
48.7100241705775
49.7165134642273
37.1077108196914
71.5426688452836
31.1733209528029
76.2659216257644
56.0050471685827
55.8827426750213
52.6768973097205
45.482618920505
29.2915184982121
52.5857852306217
37.966412352398
47.4600597284734
66.2533015478402
37.6348666846752
46.8592856545001
52.2751708049327
50.5684405099601
36.7343899328262
43.0248544551432
57.7484962530434
53.1197126489133
84.1366904761989
59.9060763139278
40.6446966234119
45.4986142460257
73.3407995621574
51.1242317035794
59.7096661105752
52.0610811654478
23.8392609171569
32.3109606280923
64.8106859996915
27.7314651291817
59.076426923275
47.2943097352982
63.8442415278405
42.6243050955236
38.5671870788703
44.444426195696
44.5687252562493
36.5464231930673
27.0043785218149
32.2685126571657
36.2940184768455
51.8490690272301
54.5773294288665
29.6654917765409
38.6277802288532
66.4253708906472
71.3689487385464
70.2561080344427
55.9824380265276
48.2067842036486
42.1609273180366
40.6140878796577
47.0467942335055
57.4448845814914
51.9795117899776
39.7067286074162
49.254909530282
20.6504202447832
39.6792505867779
72.5395818365485
59.2149251140654
65.9401128999889
14.1221163462685
67.2225109301507
34.1962325852364
52.9108609072864
71.4890183838916
29.4681350710246
36.7976681045882
48.2144588694224
54.6757906209677
73.3275501437862
56.9235448725522
48.3467712067068
56.1759269796312
54.5509743504226
83.0215798648906
33.4754662588239
73.465934670986
29.9785400275141
39.7399756591767
36.3252555020154
76.0299043202296
61.6786480415612
59.366150572896
42.5888198893517
44.4284108001739
62.2708558104932
46.4378973934799
48.2520527206361
26.4964235015213
58.1655244342983
43.4778330847621
39.5221360493451
20.6508646253496
45.0583633501083
34.576515480876
54.9387100618333
56.4498223830014
64.6160368807614
56.9958531783771
55.4295721050253
58.8932793587446
28.4113674369972
52.298487490043
56.0945648374229
49.1507733706385
47.9667003912782
53.1834273599088
78.0361444615592
59.7692204126623
39.267173409462
56.0292698435527
31.4192919526249
42.1496260911226
36.4826251287013
72.306557926805
59.2844054568559
73.4839631202531
58.3752159494907
26.8645549658686
50.0060426071286
27.9602124355733
58.9133169967681
60.7818305958062
37.2149439994246
62.291854552233
41.6573497932404
37.8963671533527
57.79715096578
76.0124759706569
39.8054338991642
42.5107272807509
65.1008798275143
31.6313054878265
29.1078242719102
43.568186671917
20.3787234501661
41.7952497024089
51.1918115895241
33.1081193406135
38.9627013355494
36.35492650792
41.9832630897033
49.0688434475155
61.0152632463723
16.6647651299357
50.7209402974695
45.5524794277
76.6515611628902
51.3784249313176
49.2532303289957
34.141114866361
36.1626781057566
54.5658669434488
36.4176568575203
51.140731619671
19.249626621604
61.8761663325131
40.8208123408258
50.2003542147577
59.8536569625139
30.9849508644439
38.3456355426461
64.4887601025403
44.8102118643778
33.1384571269155
47.6184837872699
38.8136311979335
58.3899014163762
46.8691899981139
61.4952979143709
33.6898874491453
30.0448681227863
19.5257930085063
53.9733488578349
73.2631743843568
48.01489882414
28.8838576059788
32.9090736616847
44.7710330132395
50.1085565891117
38.8878405358851
75.7941729652098
54.9914141844314
48.595169512555
53.2850192859769
59.5117131713778
55.3232595324516
51.6520379865463
56.3278584741056
62.4676161445677
42.133143497631
47.647443148275
39.9700791575015
53.7919893860817
37.8552100155503
55.143038276583
49.9233758077025
48.8883783575147
52.1937523037195
28.1480900477618
17.2241302672774
36.1549283903626
45.319585704895
45.0410001143993
44.6573670953512
60.4499275796115
43.089302489534
53.0996843241155
68.8096677418798
42.5267268437892
57.4929542839527
56.2346010003533
41.7734368028973
43.7131205573678
64.3130186479539
52.9393679928035
49.9130914415203
44.0260391276665
53.4305320587009
45.757278194651
60.3835433255881
54.1522782987436
71.4839828301305
50.570415565744
38.5665705893189
79.8492479096067
54.1994760278612
56.4193654339761
30.3471869035849
31.5924028865993
47.3729821387678
43.654098873958
65.1940791402012
46.8810316175222
49.3658122140914
63.7020835187286
34.6239097820287
53.0207320582122
38.9373905956745
60.0662607699633
45.8773930557072
67.701887851581
55.1230747718364
40.791041823104
67.9846420884132
32.8618825413287
49.4980766437948
52.1926335524768
48.9783816291117
47.097603417933
38.6242519564771
49.3725629057735
45.2870327048004
36.7846567649394
63.3718822617084
51.2067467905581
53.7831656169146
42.4747567922316
42.776537919417
60.8606438618153
57.3827488347888
40.8038090914488
52.7544644195586
51.7368893139064
48.4771896153688
48.9825980737805
50.8898503147066
58.86774295941
51.1686547003563
34.2449035029858
50.6590881166536
48.9108406598899
32.6474701985717
54.8372608143836
52.0903549157083
45.4804429318756
50.737838447094
35.8905812165119
62.7705853898078
40.1397459208965
69.5729614858397
46.3937974534929
43.6067529488355
31.0941872186959
56.6534192766994
39.8182933684438
60.5873031076044
40.1401739567518
46.5263708960265
66.2915580905974
39.2017341506395
50.4058772232383
50.9983596325658
58.9466722216457
72.89716477814
77.9529822016967
45.6123542506248
59.462219895795
24.8269182869682
67.8882103879005
41.0295475274324
38.2265208289027
70.4760228446147
44.2277503665537
45.0442541856319
63.0030620377511
61.2431369256228
68.8078172970563
42.5472168717533
42.8518840577453
65.1368987280875
55.6567166000605
41.1722401157022
45.3174157261658
58.8877948466688
69.2459480836987
57.5703273527324
39.7658463101834
71.7346835839462
30.5086450651288
56.8621514365077
60.8294958714396
68.054418079555
38.7946044094861
49.4001151528209
34.7822985146195
43.7539792891771
43.3863066136837
54.3607386760414
65.5842192471027
62.4069544952363
32.6915041543543
33.8953587133374
31.7953414749354
42.1521950978786
60.4501540306956
45.7990301307291
53.4435312263668
40.6987817957997
65.8600701484829
52.0742007531226
66.0573648288846
57.2722094808238
41.8729261960834
56.7332084290683
33.9339432306588
51.0138247162104
56.242592446506
71.7606825712037
75.2860651809723
69.9862181167019
32.3500697016723
61.6621258668602
74.1274860550268
38.9710447285324
