"x"
11.6467954701523
32.9142277594656
27.9842002782971
36.6193842608482
20.4951835796237
11.7175088264048
15.2238883078098
15.7139284114468
8.85582965172655
38.1291247438639
3.45542741367407
51.9316460937262
12.6961897049888
31.1409829687933
31.5287923282624
9.41923903301358
25.4375344920125
12.2979016508907
24.7509465552866
5.04990789794671
5.82926026545465
28.1274056062102
40.2426447253674
29.9242784177715
27.1575559861958
28.4345217049122
2.50515709631145
42.416804144159
49.9357389751822
17.2088429797441
24.5138060767204
21.6830682009459
47.16925653629
25.8916684426367
47.1187042419256
38.8797544404026
29.9594753887504
12.3358693439513
27.160719089042
18.3444984722883
10.0202061701566
37.153914058581
20.1629541435766
22.8835943620652
21.6798653360456
14.8500197087719
18.9065729267895
4.87103401683271
12.6046206178963
37.2488870285451
1.45973479375243
12.9055995193305
34.9097800906748
34.502867795527
7.87970828823745
30.4742046631873
28.1680883374065
17.3752404770607
45.7234725379419
37.6638123765588
34.4142038840801
57.4823128525168
35.7297137379646
37.1225961018354
26.7779613020373
22.4960663119973
36.9046570267528
28.1037513627284
23.1670881155878
11.0486197285354
44.644152186811
61.2555000931025
45.8489526063204
33.5805706656247
20.3459438427298
14.5276306109119
15.775531064719
28.6898964084685
22.4266995840414
23.3428468381651
27.1044747903943
20.3489712439477
22.5515788185916
59.0983069967479
32.3985109105706
19.6069735568017
23.6224346328527
1.07817495778421
34.9674604367465
52.8856904245913
24.5498325686503
32.6546766066486
40.891101071611
25.8629448143899
23.7662666477263
16.6715537311642
32.9496182966977
19.6984459071978
20.6403722055256
28.8007479366594
0.570474027411238
7.03240594564345
33.0977793317288
22.0973689072542
37.1593749616295
20.2037538867444
37.1830374867103
35.1848804391921
24.7200790792704
23.6634804285751
21.2932649999857
17.1967652160674
35.9403875656426
22.7857331428328
10.4710863117619
26.4349779579788
16.5321870706975
39.2915622331202
11.1734286807992
17.53976684995
28.1015314834776
28.9377930539345
15.529545629397
23.8550361711532
25.3783145477339
36.1967163160443
37.807249231264
33.257663808763
2.87326509132981
35.0377257214453
32.2713935747743
34.1205873526633
21.6034126172138
25.0709847081453
30.209314217791
32.2958088014275
31.1910525895655
4.90330290049314
23.3972974093713
31.9600068498403
28.8031441159546
33.1491215154529
25.4127726331282
52.8396472800523
33.8707260922852
37.3316286597401
27.9526796657592
25.94340738811
44.8870155614322
21.1994890123606
26.8007798586041
24.8987776227295
49.5772872533441
44.0532144159079
10.4409610182919
43.6749720480293
27.4892303626984
48.0786458123475
27.5655748023647
15.461019705981
26.7310317819859
38.3525690063834
18.5163255315274
7.05796569643804
18.9379216637462
40.3588891589507
44.3519974593073
5.40573024190962
15.5598650214655
35.159449512139
27.6182509194156
20.0435383060412
41.9900949113071
46.8544147443026
37.6303340774029
27.6419952046126
15.695447428152
14.3582860939205
19.3163062282063
44.2201088648289
34.9879491142929
15.2917071245611
26.7948701046407
26.9833140075207
20.0171425278471
35.2964798919857
15.209128344286
36.830381071195
19.9236695189029
32.6267897151411
32.6800044160336
3.70443318970501
20.5465063452721
42.3949333389693
29.2799584567547
11.5534697659314
23.5632908996195
30.2279520314187
13.8684196863323
20.3411913942546
22.9946120642126
20.0887940121873
23.5218450443042
39.970273617655
45.4638468567282
14.7121173329651
22.4384137894958
4.35729819635656
34.3589635565877
19.3813671802382
27.5955524761481
33.9118357747793
25.1592605374753
27.0872820168734
26.9544415491605
18.0262009148901
27.7786797843874
27.0505681168288
45.362513512373
47.8135229088366
31.1508004445332
18.232706701383
28.492207540763
30.4765708744526
24.1633227046204
9.5040449872613
8.98114204604367
57.0421060547233
16.5810736827552
16.0676307510585
26.1689258273691
34.7582285292447
23.7404256593436
16.5125517640263
11.7450539022684
20.1472838409245
36.0500086564571
26.8009152729064
38.6344565163082
46.0203976836056
10.6953659560531
11.733477388601
25.6365756038576
5.20212412811816
41.048592608422
45.9409279560426
15.9183552023023
27.3350644265929
31.6873891744763
27.0713478792459
9.7354426048696
18.5605292208493
36.4880092907697
39.848411269486
37.7914914595488
31.8311772236939
22.7113231085241
18.6866277657019
12.210774468258
39.9507971014827
32.1047998964787
17.1366448979825
28.1249401159585
31.8063753088283
52.822450975996
24.7634747531265
5.9009276330471
30.8354547712952
35.5446226894855
22.5888329631919
43.0686199106276
10.1764177121519
10.8141411095858
24.1714801639318
37.2930099256337
8.14716196618974
16.7034586915541
41.9469252135741
24.9982095323503
5.41482402136189
26.0133974719793
34.994157643838
24.3795601594408
4.40418523963805
34.7668508750961
35.6959069147706
39.7898485450019
18.758717412772
14.7187131457031
16.6490920819342
6.50838352620559
34.4196971747914
42.875395475739
22.4413405294087
34.8366509887591
2.22147295275769
12.9959128949796
20.3557053115219
27.7526464190541
10.1611232385039
6.21191831305623
33.4310234826479
33.0999051664771
30.4303851444274
41.2966836709529
23.6921280622482
13.0777646140087
25.1307662576437
12.460712203756
35.5607694014907
24.7588200494647
30.2121190354228
18.9686725823611
30.7000508066267
15.7292915973812
30.1188203971833
35.4089068714529
33.7676723953336
5.31029738913014
21.1788789753451
18.4307906776667
41.4555811788887
33.8094318285584
43.7450470868498
18.8472292385995
31.6723058465868
28.299457533285
32.4952921942972
23.1918301433325
33.2390890181704
13.6171149555594
27.5378873106092
37.2537163551897
16.7057255748659
7.27856154553592
7.08067044615746
21.0508714848437
35.9369504731148
6.83970199317472
35.6575701851398
31.6729518119246
32.2161268442869
2.99838674516129
30.9797777794302
29.3110427097004
38.8129325117916
21.3690902572125
38.1265469826758
11.2271293066442
36.4476514980197
34.3943388201296
23.3529848101721
6.05249621819575
32.9102130606771
26.7515000887215
38.4173198676454
32.5070761609823
35.9222163446248
34.2457945994687
23.0716075282544
17.8565718233585
14.5947334658195
19.5077753160149
44.1223037053644
24.4708614423871
36.2368293572217
25.4318069200963
39.9986283387989
14.6987235639244
38.220104156062
40.167082996267
21.3468774221838
36.3614486996084
9.5932169859988
30.3222624119371
40.4325055424124
26.8390991725028
31.0911683365703
23.7006035278212
42.2067925799638
32.7752866316587
5.85162392817438
23.0606392025948
30.3544745314866
16.8635512236506
36.16624310769
26.8832485657185
16.415080241859
33.0777249656252
10.2197989210208
11.8092445656657
11.3992366939783
45.1228130608797
20.0991786085069
34.1205065138638
30.5211267751901
27.164343604818
22.6291831117123
21.591596538201
53.6442148964852
10.7543823774904
26.3936545699835
26.4083318548743
3.12803853303194
20.4386659432203
13.0730277117802
1.91447311080992
26.6616989127927
7.49891134910285
32.6938278586912
24.2443358991295
10.77169467116
14.2496850930508
11.4729635883123
53.2281365711242
28.1017364002764
35.6932008815288
46.9336097128689
17.4027229472407
5.71563630364835
37.9718838259578
20.5871831160039
14.1472129151225
48.8055512309074
12.1335965547443
54.1479545179754
21.7579358601905
20.9222384303004
10.4974284302443
27.105219848369
12.357850757524
45.5212997738272
38.4452612139285
12.6561372256413
17.7723225206137
30.6082350201905
13.8851299416274
27.8568041231089
22.1900161651569
50.9064473677427
47.3425545729697
6.4622700378401
23.713055299595
34.7556707449257
6.77762798759625
28.1166330887699
26.1406666133553
12.9381919998108
24.3689264099361
35.8682513237
22.3064964092337
31.694435281679
38.9823387842625
20.3448866494
36.3760864207089
28.8785879965872
1.60424981859728
1.94552205170237
26.186222024262
28.1864777207375
24.047676473856
23.0666605290025
35.2861606981605
38.8807481154799
15.1511707928273
37.7619026694447
5.00596044585109
18.7194098252803
46.9478291459382
16.0252854755292
11.3285176459245
13.1124685984105
15.2891661506146
47.2906650509685
9.56543767824769
33.1646834965795
26.6361901070923
25.7173153872076
21.7527563732584
40.7384220510721
23.4359612688422
46.0953822359443
23.2785064727068
17.9388733721316
27.4225705768913
33.6531667416622
24.0788898430765
28.6044402979314
39.6430680993944
22.5989879775504
26.2869807098529
37.3326711725318
14.6483250282734
14.5646596221758
35.2677787779804
41.4375422522426
22.3555406089872
41.6011925000173
24.5150816323943
40.9881154075265
10.3404690045863
26.6481624764151
23.1928302440792
44.5305209141225
28.3666277945569
21.994200740871
38.2747853640467
29.5016421470791
34.4684926792979
15.4315467339898
26.8674984574318
30.2407646086067
25.1200706232339
25.3449629240988
37.1740333735943
19.6634861053046
35.8796112194758
39.8794388864189
33.3886039443314
18.4209059458226
6.40592039562762
14.9358301271994
25.2125547267497
25.8522137999535
28.0765859410167
6.55868597937759
32.7403896488249
43.8090244308114
61.1014280002564
34.1639177203772
37.3100102413446
22.4440111778677
16.722473083064
33.703526454553
17.6821731496602
4.21251598745584
33.155072061345
24.1193836554885
38.7710949411047
20.4799394442364
8.47184062004089
21.6383738908917
12.2219122480601
26.9832513054324
17.103012977168
29.5278927776963
24.9246385879815
25.1036033034325
32.6157545205206
37.1627516113222
33.3109108731151
3.70776345953345
12.8646219614893
25.2636852208525
22.1448350697756
50.0144123565406
0.430118152871728
28.6951852031052
42.6909608300775
39.847218291834
6.69213669365577
45.387698803097
59.3402870930731
12.7527381799794
15.7592964358628
14.835967031164
24.2925471160561
18.064425047487
22.8959112428129
27.6310536470569
30.2722416352481
35.1429589558393
9.44923992453517
28.4684133250266
38.5034061752761
13.8697847564501
23.7055025994778
28.3047770615667
10.7545422855765
20.9548927215821
45.3613499883897
52.4072595871985
13.0113393999636
42.8428983315825
25.368362831199
27.551226320533
27.4217400699854
28.6126408725977
1.74577403813601
7.85264549776912
38.2482934544478
28.1751155853271
26.6507733130188
25.6952207535505
42.7327246870846
25.5654640961438
20.1752457297822
34.2107886448503
9.37284718054712
19.6654807543875
55.481271026656
3.67456404492259
22.5069716094244
23.2947590760887
19.3005932960659
27.7978439294432
40.0384273845702
12.4476162716746
25.7648188600887
17.2866314656686
20.7924798130989
47.0335708465427
24.1992909926921
26.8838566158454
26.5815154183656
22.4786536766955
38.4020212572068
21.786640505823
20.6193816848099
24.4930208086956
32.3429340496659
10.3406356647611
14.8886042703506
24.6850177645683
37.4546909704804
11.2715890165418
48.5658838879317
44.1200352739543
30.0332713872194
17.7479638252407
28.6635293159634
34.8962506279349
16.4533811155707
41.3116640876979
29.0189289780626
51.1722801540011
20.1364788226783
35.2680569514632
22.8707750327885
24.3471491150558
17.1063767088794
42.9108699050035
20.9350107237697
16.7655437253416
44.3322309292853
3.50317708216608
36.9686639867723
22.9214051738381
19.0765099134296
16.9107838533819
20.5677868798375
3.68205360136926
5.97273170306568
28.2799956388772
28.7523423327124
23.8964563290824
25.2749729901552
27.4110976606607
25.1430267002434
15.5455274041742
33.3958279807121
7.96061418165427
30.9364898083002
44.6879857219756
13.0138758562147
15.0526520330459
28.5542112775147
7.5645549222827
29.3848375789821
49.9470297712833
29.2034567333758
10.0998010952026
0.588877499103546
3.01272215473477
24.7158411784096
22.499900078401
15.9132239290936
10.239528818056
3.28264534068413
18.5672459192574
16.542968624373
41.5722911733834
47.4783195182681
28.5085359588265
42.3430722672492
25.2755495719612
21.7005833052099
16.6340084625314
36.2053743097931
28.4489186480641
26.1820077971803
15.3633402577149
34.0937238652259
28.1604130286723
27.0957849454135
50.9592591525286
15.8640936017036
20.9194612371066
30.1212299149483
38.8902403879911
23.2670341958097
13.9727401355186
27.1237053442746
19.1462989921759
16.650887997821
30.4914052132517
48.911697312408
30.6757153149037
20.5538396257907
21.8572909618153
29.8551154717968
29.4407740235329
25.3978645133965
33.1925753969699
17.0516300590934
8.69093491133946
15.4260532385039
18.4292293619365
13.0464634789793
21.1351120844483
23.9520892500877
7.35038048587739
42.927802586928
24.9857610882251
24.7461842838675
25.4521402064711
7.59973967771506
18.6015713494271
20.439509047517
4.70732976682484
30.0070412456989
24.6146174539545
35.4769868599418
33.6730655282736
34.4811607617885
22.5244633076806
39.9223246145993
21.2727584410459
20.3572010621428
46.0706513014775
24.8787044081837
29.9253119155765
26.4544197358191
2.80361324548721
20.3319805890514
41.5839860681444
29.6036586631089
43.699029320851
29.0096248500049
10.8039688784629
6.38292925432324
28.1375394202769
46.5634248685092
31.6008963156492
19.4100808352232
30.8059989474714
16.8480494713342
38.0281919147819
34.7525541013081
25.5100939888507
42.1383670531213
14.481148129815
23.2827330741948
9.22556830873094
46.2825013836607
23.6036738949506
4.84011078971217
31.9065952673554
41.0510967019945
25.2962967141937
34.0506145514876
26.7611835151911
11.6128815803677
8.26128274202347
48.2789278961718
22.3430632596837
26.5443939221911
22.2644673194736
19.2920974710929
30.7346821738072
41.2678906228393
36.0048472137059
16.0407462157309
33.5323194041848
33.6708454377656
19.101276343414
15.9665265623632
19.2186054307967
41.6219226485201
21.5100551024079
48.9157147705555
30.8304768280294
20.9364769921928
20.130574516952
38.7802478857338
25.1074655447155
35.5465348404067
27.0185022313583
17.7952185738832
13.6115042027086
37.3585456982255
24.7206218075007
37.0733918156475
21.0868906883665
12.5910047907382
19.4714117795229
37.1029126129948
32.3890212386585
33.5115542096353
15.6231453059849
33.0122269805647
39.8090254981071
3.63283356400682
40.5570863280445
38.9195360657871
12.3038100544363
23.686360521242
17.0817416993159
39.5919611355078
14.2826147843152
35.2843729779124
30.2705452702554
32.5474339071661
40.5138217378408
21.5891047846526
21.9290238653441
7.46247605420649
34.095501434058
4.40495605580509
21.0120232310146
4.0343273896724
37.6640862319618
10.6143187063863
22.4997251725242
15.7973450250345
40.0910296477377
18.5181557130852
26.652226125067
26.6934514977038
33.1411871481972
15.4567970428616
38.7349771801382
10.4971834614788
56.5511288121343
17.9776549804956
18.0345161352307
47.773201437667
29.5965346647189
28.4738938789815
10.6860195263975
26.9720572978258
57.6029849704355
31.5570780160876
31.1613359022886
27.296414738521
20.3857325017452
42.3420929349959
33.1217095721513
27.9471830930561
12.6795153599232
0.878025032579899
16.6899665394686
10.7052136678249
16.5296819992363
24.6671673995056
28.2800286670771
35.6590521987528
17.6623237319291
59.7255673259497
26.3550052419305
13.7416172306985
46.8797805719078
21.7314511071891
23.7176026762978
26.9521015696228
15.8838206116047
42.902973620221
21.1454751595086
41.7103825554753
18.4788477607071
26.0895922780037
40.3002527699631
9.12104395204043
22.3766866605729
27.9104152228683
5.36348416345913
17.189815077287
29.9969064537436
12.8224042303718
24.253636226058
32.0385541301221
23.1016446785175
22.9931797832251
47.0645816531032
18.9985332544893
39.5135031845196
21.3971586432308
12.1321204547101
67.7965064067394
22.3029873309643
16.3314279673839
26.0265052483983
13.6729434598237
25.1571403816342
19.6437192615122
14.5325414370745
31.3725240062922
48.6784870150134
36.357512511313
34.3715759812234
22.896423845121
14.7282843012363
20.0979475863278
14.6298553328961
34.9144362510216
33.9843432419002
30.7162768376702
28.560075070709
9.42631379803398
29.5698455534875
25.7865181658417
16.1260140128434
24.4464761617485
39.442479563877
14.3757246599751
36.2755292095244
8.0036049708724
9.10638230852783
29.6248875092715
48.331846576184
31.2571499496698
25.6540356203914
33.5388236504218
20.0351935811341
21.0113472305238
39.7963166702539
0.223090336054493
32.1290449239314
20.9541033347089
27.7008490805287
38.5063917015336
7.53839029930532
24.7836472466588
27.4755608782608
12.6915942877531
24.0651828872701
40.9631181973964
22.9217926040292
32.1954682003707
43.3727950954313
40.5787806026638
39.9467314919768
38.3935602381825
40.4299667105079
38.6506649199873
46.6262001544237
42.2283190302551
8.36351201869547
33.951231604442
23.8172218203545
40.8934176899493
27.5885757058859
4.45377333089709
13.9255720225463
37.6921286806464
6.68047097812528
17.1451882924885
38.0516169592738
46.7304563001233
38.7955957421503
3.70772964739653
17.4732230238474
26.79508109577
20.9296053740552
41.4829699322581
26.7468816368843
37.3632539995015
53.2447075471282
29.4493426568806
41.5525409393013
38.2940618786961
33.0542354844511
8.23357780463994
38.0995512008667
49.4504526257515
29.6470483236237
3.95662200676499
35.9020352744291
40.360304294154
6.04548370465636
34.8817266989499
30.9018985368311
31.6093226429075
34.528483543545
31.0916935833577
22.529911034124
37.0294499211013
14.3905488913138
28.7186456014597
34.9604860565092
15.0334293022752
30.9763566777192
58.4345807787031
13.335500843823
1.39617364895215
36.1921442380878
34.9657244980335
22.2049707081169
8.95750154741108
27.9841240612427
14.2078939359635
42.2854001168162
13.457185828137
11.237499397248
35.4278970975429
39.7545568207195
48.5834579449147
30.9250968508422
28.0622845515609
14.4188433419913
9.77789029518175
25.6678810343146
27.0887838676572
6.29892923390875
20.397168956697
47.8407794609666
34.6844234118539
50.6891677863285
40.3948000166565
9.65899889728054
48.3546580805319
39.2532659694552
22.6966771762818
0.686331257343419
42.7022553035662
19.444603798911
11.238760035485
11.2597704399377
0.842080218717456
7.45107368566096
23.857201241349
14.8888475261629
2.69558294676244
22.4957830474582
22.6912468764132
9.03501138091087
21.4400100347584
35.7339608483016
19.6311687555137
3.41254625902936
41.3512351922691
35.7166946399957
15.1159819681197
12.0437349305181
36.5927799139172
35.0303198210895
38.1011268426666
17.7661896217614
25.4488869570196
26.7047547735274
19.505365844816
32.5640433002263
19.0133091527969
20.3662191412002
21.1125146384737
22.8877253869636
49.4964119978249
27.4223964195698
39.1752582974732
26.8111775629222
36.7333833128214
29.65541286394
35.0697487592697
18.9845994021973
18.7113970052451
33.8886281475425
26.1775185354054
28.4636926371604
37.4547565821558
36.817576863393
29.1130168795163
49.6149978134781
29.1002387180924
17.3453360330313
14.4808299252277
42.6524038594421
33.4818544331938
16.3338040467352
51.405716361478
10.5766393709928
25.6315464153886
28.7925607524812
36.2181454896927
44.7783952113241
31.5422093030065
23.3113373629749
27.0208886358887
30.3747968847678
33.5589420516044
30.4244996763356
18.4017697506537
32.5797125959318
24.0639787167311
13.3976198079255
15.8067697193474
18.2445565435644
16.5784305892885
27.4842751522367
21.4780469425023
7.05489426446373
15.8630684483796
13.3399024605751
13.495915378812
27.2127476520836
29.1231832877196
50.0216220971197
40.4554936569184
10.7451478019357
14.585561864078
57.9549151472747
22.720530256629
43.7168976757675
8.27245125547051
37.8940288443118
14.1393374186009
51.7196112312376
40.5936939641833
34.8027382977307
18.6018581249706
23.2317809946835
21.8291281722486
27.3633030243218
30.9972749557346
16.7375238146633
14.3002246972173
24.4199251464531
22.227844176814
24.9622004084872
15.4262057505548
16.5144140999086
33.7622240185738
17.1310125850141
37.9812233937602
40.0973029434681
1.61194473078656
26.806669216603
31.8921199624997
42.0121990497523
19.8843301273882
36.0614201709382
19.8164572473615
36.2797411661975
29.2198890354484
30.3942286875099
31.9834139198065
43.9406375400722
27.16897088103
27.4560861507067
33.9453275781125
34.0315541983812
13.6201550410239
53.1869236845523
8.27581710411085
21.628674864769
24.9969305936247
19.6825257203223
8.01589574501973
11.1742259110274
37.551600867006
42.5143336877227
24.1722003556788
36.391829373315
37.9299400839955
16.7120674352873
21.1559212300926
24.7138748686914
27.7472620364279
13.5315424145876
18.1397854350507
37.2341809328645
14.460969157517
26.614072965458
20.1720655882628
38.5411685332656
31.6801851365782
29.9102453049272
35.0830610876737
26.0378530659747
4.18713623657823
40.9402925141502
20.9533351939172
34.4904999248683
37.463249778375
32.1520796045661
29.648091893296
37.4179570935667
33.4561404066599
37.196678533431
29.0693159680814
31.4097838010639
34.3284834176302
27.0836356295226
26.7927857270391
23.2716269158713
2.99591305665672
12.2697434853762
13.1156221320889
41.4740080479532
18.9771080299104
17.8748302627355
23.7503489575448
21.007379796356
11.8847098201513
11.9531944526246
25.8492864668369
23.8543967716396
27.1909805760765
17.4195535480976
19.5097136941086
29.843497171445
9.60390922175518
20.6105679739267
32.4491249397397
34.3124365362339
43.6002062633634
24.315044330433
37.0123072527349
28.321337653324
21.1998507846147
32.2032102849334
24.5953038800508
24.2862634826452
26.9779951777309
23.5002682007936
15.2420262806118
28.0540162697434
32.1371250320226
13.8959717471153
15.336354682222
34.9201682955027
42.9800466634333
48.1338803190738
18.1944530146579
12.2589714699607
18.7379630748183
12.6784784719348
43.2179736439139
44.4156159646809
28.1984510365874
14.2803945578635
7.43018948656538
44.3392023909837
34.5795813947916
34.0679766144603
38.6990914741074
27.6594660710543
50.1945927273482
26.6734771430492
15.7208647291934
32.6183538883924
19.4207134994233
3.98892959270867
17.7704215573073
34.8864610306919
29.9939100630581
34.9536959081888
11.9218742009252
30.9253551065922
39.1765417996794
26.5726357937433
0.255550254153142
31.3110056333244
29.205744760111
38.6945488805076
16.6033434681594
13.8888915069401
31.9889537990093
25.9085359051824
38.3578082183451
32.2625472047416
7.81543881371339
20.5954870674759
17.9198496975005
38.0122873000801
35.57781400159
31.4504551423462
9.17430659756064
44.974676379934
24.7005587079345
47.3880702629685
54.3108992744237
30.4762446128579
38.9182773418725
44.7709966916591
40.8137185984971
23.2065286953002
21.5614413240198
31.5622558568835
12.5492871273309
26.2075489401801
19.3622459191829
18.1887956802021
29.8651459161192
4.04905816540122
5.98613917827606
45.3815563750791
52.2685380652547
20.2752988415812
56.8396385759115
32.2630460839719
17.4590004068824
52.1958116198693
21.4003329228854
30.0313828047365
21.1535352395833
14.4806040817934
22.9424871504307
34.223201032728
37.447591824457
20.8520645468833
36.6007247380793
41.0081436993569
23.052227233367
32.1823593694717
21.6411856336347
19.1519401501864
32.2073494549841
19.4752287119627
38.062327573281
13.7235665693879
11.5974459523288
35.207924246788
39.4977040123194
16.9207410394112
36.8976076007106
43.7147329095751
30.3973118774593
12.4290578067303
20.7667109090835
19.2220425233245
29.1790899148306
37.1803346440026
25.5788309499621
37.4832480680197
37.6222138007755
37.2314900055397
24.8160338728771
39.0385198872536
5.43880765326321
20.9003886207938
17.6345686461224
19.9602640993753
33.0168426502496
45.6075634341687
25.6931332405657
37.8159704618156
17.4605094827712
16.0446706227958
41.0953646525741
19.62646888569
21.4014024272725
34.9194438196719
35.8656872529536
40.1830513030291
7.38718379288912
24.5076304767281
28.7468071512474
15.1185095775872
30.2677470259368
43.6150031164289
34.4606596931141
20.9208434913307
34.8409057183216
28.5976418294013
23.6881495453417
47.1606840379536
12.9838671069592
33.6301263378022
36.4473211579025
31.621462199837
39.7752189543098
35.8215989079326
38.8158156070858
13.8427870411105
43.0489337071776
14.1462835017592
27.3392404895276
40.5088678468019
13.075354493054
16.8213133700192
25.8957809302956
19.6572162210941
29.5284383181851
17.2062633833954
10.5888896297584
25.7751117926091
34.5052909487811
13.3708439301699
35.7474064920098
16.3329672068357
27.6872246991843
30.4985184688121
17.4131441861391
14.8137344928633
19.9476574081928
21.6443696059287
6.63267718628049
18.8669527880847
39.8187732324004
19.324774807319
37.2523629572242
30.785728954908
32.6060339913626
32.4025237001479
46.5713873505592
24.0432443097234
12.3150201980025
24.2577507160604
19.2025854252279
26.3764554169029
33.1543788313866
28.8143485318869
30.927450209856
41.4416651707143
20.2573510352522
24.880008213222
35.9878907840781
28.2918233424425
32.9470301046968
23.4080823613296
26.0284914169461
31.3971906900406
23.8024761900306
14.8214218037765
16.1934658419341
30.8784665727784
29.9862465355545
1.32822414745255
36.3512951088972
13.2587513204277
37.0929247699678
23.1242990586907
19.6163025684655
31.7479396704584
24.952677777037
24.7243467252702
36.9895957410336
32.390855345875
28.0026474036276
42.5293112152671
40.2814964298159
15.2554186526686
14.4306751899421
3.45108173787594
43.519908702001
46.6321371495724
24.9388320200541
34.1131465509534
45.9340542721654
34.6530732698739
39.1487601213157
31.2172309334867
32.5285231335531
25.1308402977884
17.7790431305766
18.8430976293164
32.692440925166
29.3496631085873
0.32139178365469
35.5896869674325
28.161189192906
22.7618562758314
25.5281729957042
34.3516635912358
39.3993411678821
55.5350619833916
39.1346426215023
34.8988133948296
23.6455794423819
47.1496479878701
34.34173546932
13.0528131499887
25.8408726452622
23.5398883111652
23.1051731069568
44.3218928646639
43.9840870909393
33.6882643401623
29.2849901993245
24.8070178553462
22.1949578015434
41.2344540069719
10.825446434319
27.5585823868778
25.8660403545946
21.1066072341055
46.5992892626673
16.996972868219
28.7601488755316
22.5746606340746
20.1762028969824
25.3382395227756
33.5459141992033
38.3212290238589
15.303025051859
32.5848596636206
26.1587909888476
48.6096068285406
10.5952190558122
13.1629946175963
26.0034321807325
35.684877121821
27.5982581269705
25.3516384866089
23.33854441531
11.0226875171065
36.0852932557464
39.4313230290369
20.3802908305079
45.9273233825363
30.3458997541674
1.70776168854063
12.0638425461948
39.4868613220751
19.4114000480008
48.7159908283502
33.9199830777943
15.4718362730919
33.2330814278866
10.9169556293637
30.1219430340248
17.551991416761
40.6192680309416
16.998951556161
32.0233297999948
45.4436397645622
17.8634313363666
32.4605518126793
31.1816333793104
14.2631960465941
23.8007899839431
33.2253499887884
34.771572984755
27.6393038686365
37.0135043282062
38.8065547682345
1.35151644243176
21.4086588472128
31.1405180953443
4.93810358457267
0.622661080618087
15.7996613532305
56.1521737836301
1.69777443482955
40.892833378166
32.887825043872
28.1098479405046
32.9307202249765
29.3773611484207
31.5704013220966
30.3752981126308
43.5659497341761
47.1249422989786
26.0224279464989
25.4394130884917
26.5487383585423
19.9102784972638
31.0854883398861
40.1696953456849
19.201012281701
24.3791470760804
29.2842975817621
13.6563166044652
12.8655946813524
22.2879609558731
36.0296359285712
20.7803114378392
36.1800250131637
29.8174931202084
39.4459343515337
45.4818127211183
48.4571350738406
6.72645103186369
37.8996126353741
39.7368609439582
20.6123893149197
25.073744636029
28.7604404147714
16.3418238340658
21.0879856254905
15.4746145959871
33.7341251783073
29.3536508455873
25.7101514507817
30.6423746980727
33.8278068229556
43.074631690979
15.4508790932596
31.125200400129
5.11545436333282
32.6454969123006
33.8824584148824
32.5235309079289
30.8582273311913
52.6974701322615
7.04269167035818
39.9954561144114
23.3376950025558
46.8798811081797
23.1310781428934
51.7489644698799
26.1262433510509
47.3588480614126
4.13917142903295
33.3925124723464
13.9007894787937
29.9353647511452
11.5700299385935
22.4662950992011
2.09098979830742
37.2448811139106
24.722357140854
34.2196138575673
43.8921303953975
41.7240866925567
31.5035238628863
4.31885453872383
19.0494607202709
14.8083922453225
21.3412518673161
8.44135462841577
30.6971043813974
28.1863485928625
30.7316675782204
31.8831774404395
49.5141412131488
27.2051395382732
20.0011571087891
24.411247484386
33.0008933786303
31.7796873860061
29.6589044854045
43.6525288336653
46.936504309997
18.2823502458632
17.753145750612
22.686341078952
33.3881232421845
29.600824508816
38.8620398938656
41.8887200765312
66.1991907749325
5.13138729147613
39.7947605993522
51.9631918054074
17.9305620303427
23.9258808083832
28.5595080815256
31.6800296089823
9.98039594851434
19.7357336362047
29.7208199184487
8.44335746951401
7.92945424315251
13.7611304409802
31.0425920877606
52.4279249832034
13.0447125528008
28.9456768037702
8.32113408848477
20.9899954963475
39.7192935924977
6.84092012234032
34.6121369395405
22.2236753441393
24.5420299936086
40.6431206036359
48.3874276280403
46.0380903445184
21.4960847775658
26.9469372928143
45.2339055482298
43.3448314666748
19.6599951013923
33.4792396519333
16.0297795726648
51.6141013707966
18.2304785445081
9.63597460649908
6.68637012131512
30.6031310930848
21.3672561105341
10.4425752535462
51.0247521102428
5.01053254120052
33.1954592373222
37.571086967364
15.9776153974235
33.6870856690277
21.4665947016329
26.3369211461395
34.8842599918831
22.7875175885856
16.6060384362936
14.1632287297398
44.7949016932398
39.6088574547321
8.05189968086779
11.7218123024756
33.4973883520928
23.0044454989098
20.5845993166706
39.6003008820117
12.8744025714695
12.6467219881291
26.3293583877385
33.7249352307829
45.2793019434082
16.3207505468536
40.9920930862427
25.8373140053817
32.7337590888089
31.5860125236213
10.6408906695721
17.3910127952695
41.9314859434962
26.4154938515276
53.2512880396098
18.2969487021169
43.512893859954
50.8650892414153
21.9254390002542
27.626388752833
19.1498044412583
27.2993128493151
39.6947128778424
23.7191343680024
33.0972958356142
11.8361796177402
45.59436137788
15.1809545291696
19.7864369881014
9.39481609497333
26.6564004360334
38.5294050909579
32.6757400296628
36.791653605178
15.5059109441936
27.6124310214072
15.1199992022633
33.4664524067193
12.7761287614703
20.115381386131
44.091637339443
36.4049172028899
21.2272118311375
27.6659598365528
18.2245983276516
11.6895525716245
18.1265166029334
31.0656543821096
41.1763579118997
26.6369022428989
21.135104727
22.2548135090619
4.58285021616212
19.3267095834017
25.7328297011554
38.3224133684699
19.3097144209493
26.7389548476785
15.3705326840281
27.7877775643619
24.6486278250813
23.1609723317485
32.6173521139327
21.1446340968689
14.9508642498404
11.9678467977792
41.7673943098634
27.06214254722
29.9542326945812
37.6178765669465
19.6976163836503
12.4403211288154
29.1059174328977
27.7195326518267
43.4086807072163
14.0605300664902
14.1336548574293
33.3364541831806
12.5868374016136
34.6511457352401
13.1612387020141
35.7047577388585
23.2751229777932
31.9149024878234
10.2409837904472
17.6580889148298
11.8861213734163
18.7171581700685
23.5689748078585
14.5486548690865
43.7249674927443
37.3802382964641
35.247086873278
43.3047666680068
41.1938624922186
1.96985719011732
54.373333370313
36.5088178776205
14.3250838853419
44.9981458485126
34.6625893376768
12.4486709944904
17.2196789255921
31.6364828497171
27.1790996524428
16.6993416380137
44.2722410429269
17.376189442316
44.9113610200584
18.3793218590024
20.8477707296548
36.3426543784778
4.94935903698206
14.8808231135341
33.2438033539802
33.4239404182881
10.6275884848344
33.3635353511712
14.3228467088193
20.3981204424053
18.0192217696458
33.4364614915103
48.0490594636649
29.0024212335257
25.0906780322661
22.4324023816735
11.2715085502714
36.3030140753835
40.3773065656424
30.0309770740569
30.2021987270564
34.1214833787468
23.5388372093439
27.8040938079357
26.2063644360751
34.7914677113295
13.1666817272305
7.21064312383533
38.9642556197941
12.2502570506185
26.1403085522049
20.2501980122179
16.8758407700807
29.6828620601445
16.0234819166362
27.4874104652554
32.6485783793032
34.7921705966354
50.9032826405019
26.0789585399313
30.1219678483903
28.3602178096771
24.853676231578
26.5850898310001
29.2111717630178
61.7004030849785
25.4048520550291
16.7463527061045
4.59378235206509
30.8876848779619
3.8573074452794
60.7358780689538
63.4805735200644
17.0121509116143
8.3536853082478
41.833382146433
27.5575206290141
48.9124741111807
26.0959147113416
43.8710312266809
34.2882886861607
29.3911774642766
40.8954089973122
49.9350063037127
24.1766487248242
21.9201935226259
51.7690683715045
16.5389304980636
20.2564045868473
21.6916885226965
30.7590486481786
25.0475305598229
28.4978482406586
21.3262577288974
36.7372384115718
54.6098900027573
43.1252378170939
59.6625859849155
22.3049677619491
4.64163819492947
36.6291902959347
27.1056907251477
31.3424757681787
40.6993267126381
24.1996151395142
9.15761635416559
34.0262139549499
32.2453470434994
14.3560661461533
37.5052366871387
33.61830660142
45.2544882427901
34.8067358136177
7.20170495577184
22.3714277148247
11.7443142906819
15.4760293196887
16.3758488726634
12.5926509033889
57.7676224056631
4.31970236822963
37.0772218331695
29.1641112533202
22.0732089597732
36.6316779050976
31.0821224632006
29.1250127367675
14.379364438355
4.41175034914458
39.1305048484355
36.7097592446953
24.4226574432105
27.6811332441866
32.1001978591084
12.6321351554555
38.0623219534755
54.8629822675139
15.031448379159
33.5482951793374
25.758780958131
38.3694741874933
28.9068813435733
4.47291415184736
23.3994428068399
23.7918658203098
29.8361157998443
26.5950919128954
57.8764847014099
36.2919583535012
30.3612242656705
38.0067626014352
22.7722291834652
45.913581782952
35.4546689807749
0.16245162114501
21.5470767520134
20.223433091571
16.9047814328223
14.7548384498805
16.784158712355
19.2816134076566
27.7774915099144
5.56148441397742
29.6700218692422
28.2692230772227
28.74651436494
8.70382853152203
7.7618126757443
24.1728446446359
24.8132643289864
50.2894377801567
14.9008930000257
13.157276979802
15.9560936253391
22.8074808139354
13.2233952172101
17.9443898145109
49.569737771526
10.5103500659183
17.6517776608288
43.6315922532231
24.268148932606
39.8879061918706
35.3961855173111
24.4148327037692
27.9933433048427
20.7588832825422
40.4069388285279
32.2636317461729
25.8098286110908
16.0202721133828
18.425437945681
25.8079351391643
38.9428395932253
24.6995060704648
25.9805054241251
22.0008861739188
