"x"
14.4308567978442
17.4122232245281
14.0016789082438
18.2891678996384
13.0982099890142
13.9197187091177
14.9567414394489
27.8946625767276
8.36920100264251
17.2164579387754
13.3517494425178
18.2422041194513
11.479132482782
7.30840126052499
7.06294102128595
3.48917482816992
16.2552469642833
18.136007408017
18.682147981599
16.8266813270748
16.012428740095
8.39861279822216
8.99566964202117
9.21547079617011
13.0342903314158
7.40804435487038
14.9565371917561
23.4612115425989
11.0813990235329
8.96496647037566
18.6351063428447
9.7564541734755
23.5465001314878
15.6847582198679
16.2911320803687
12.5951457070187
18.4711358411353
14.2999883531523
8.20420410018414
18.2669297559187
7.69745879806578
17.3994233598933
23.4745860099792
7.27606571745127
10.2086577797309
15.7607372551884
10.7027401449159
23.2889419654384
10.1674831705168
20.100782249378
21.2560153855797
8.68480892835642
15.9542363882843
10.5418611317873
3.36848175838073
5.99161938298494
23.6192742362618
14.7145461756736
3.8370352704078
21.3671888224781
4.69171433664802
8.6506012128666
20.4930844633112
12.9882322735122
6.41804608791812
19.6793006965891
7.42299913933628
18.8003328581165
15.6582255614921
16.4195693796501
22.3906466024489
8.4274187699946
16.4226352935657
5.56340182665735
21.1653680944255
12.1826300397515
4.09708647057414
21.2429538602009
17.1367123257369
17.4756968599571
17.5629368051887
13.9432747615501
14.7073295433074
18.9366910362904
8.89395059194895
13.2869272739073
16.7714037233964
5.81788418739167
11.7260488841931
13.037602044642
5.73260236997157
10.6520960805938
19.3339286837727
11.6106154213682
10.1290175691247
12.4637576669093
8.771833893843
10.2979722199962
18.6509418068454
8.5056091835002
14.2870728006254
15.5168023076786
17.1313914237544
13.6084698865613
10.4321380751174
8.45726657654087
16.4862115581013
9.9558183271822
9.51615344149996
6.48812749423087
15.0608099997044
12.1546763228253
7.90806086313785
6.5357947954908
16.2811251510936
9.96051146648824
17.1217438997701
17.7875060820952
17.2084322199225
23.0156736448407
17.9262234596536
14.9450092490645
16.2574531976134
5.94331293832511
16.180542903021
14.2318956088275
14.4827513722703
7.20487104864826
13.3079242194071
0.216775317676365
19.0851823842662
5.49731617793441
21.8277492327616
11.6322879183041
5.6331583390276
11.4892895100638
14.8137232521549
9.17124794796109
22.1905360696837
12.1132561047843
11.1330234764195
10.1995195494965
12.7754849148914
24.9648271361366
8.15575814340264
17.2882097310494
10.8499302000951
4.64067752112686
13.0518227582797
4.4189986307174
5.90308003593236
18.9388172794396
24.2249224102125
6.08405047096312
7.73075360339135
17.5521469907835
15.2184633538127
7.30486611800678
13.2743752108524
13.534978021924
11.832849718171
16.0972667392343
17.4317870987579
7.66712749978299
6.27524885348976
9.20226251382083
5.30491434037685
22.5066701415926
14.3794719362631
18.5792624484748
14.4543281756341
20.1952838958743
8.33679881761254
6.45024464154492
16.8741814559326
9.92754397671678
14.43148071412
7.3032516753301
7.45697218746479
12.0548444101587
11.1633065156639
11.8645681068301
6.67348403362053
17.7726505789906
9.45029205176979
19.3730994127691
17.2387255770353
7.89927707519382
10.7424806570634
14.9372057403003
11.4486835431308
17.3841397976503
22.6288496516645
14.7030891850591
23.8000213634223
4.84355723019689
18.0191498948261
12.9956342279911
10.7240822870014
12.750985333696
17.9978287080303
14.148416579701
14.9769665388338
15.903558438529
15.0131924131455
2.86036734469235
16.4257572779424
14.2656844109297
18.1794995209202
9.31949717923999
13.4745785806954
20.145256863907
24.7165475040674
11.3155693747103
13.2032952737063
15.5156764434651
8.20004247620518
12.3770251404494
10.8330105431378
14.7778980899602
5.00811028019349
8.47561180125922
14.945146930404
5.73661492671818
30.5223249830306
9.76152034192983
8.62370145041496
4.33117754078264
6.81659765541553
2.8400344774127
15.4043633522367
12.2993971057958
5.54289496880086
11.7147763958201
13.3933859877288
16.7434595758095
9.35557275079191
14.6481944946572
10.0903456099331
8.99325363855028
17.4117626622319
4.05438854658823
5.28849788955686
15.2121181599796
7.62597955712571
8.56675340453811
16.7077308520675
14.3306855577976
13.6759710499497
0.151568162254989
7.32902060262859
0.611963858037269
12.5313619384542
10.3239384126762
15.9703217455635
5.47834131722018
8.13454380258918
8.04514933843166
6.47640677634627
16.4696089690551
15.6744538308144
16.8966981582344
9.53725411590018
4.95494528489228
18.9003946725279
1.54271142091602
12.924389122054
19.313702150248
14.2725520767272
2.54930171583531
12.1176237473264
7.29023790918291
29.9305786378682
14.4648128261167
17.2027821038481
12.2700961772352
16.7219057213515
14.6479283820673
21.9536311730172
13.2701366906986
12.8532833885401
22.3435048479587
10.3102898211645
22.453203308396
13.2576100062579
18.478266405873
12.1998551068828
9.70897539127254
19.440828218919
6.06264639645815
6.66875393380796
9.86076951958239
24.9704283196479
17.8971117828041
16.0540858982131
9.9135011678569
13.7560148257762
19.8393237460345
22.6789020234719
17.3227658825883
8.72725869994611
22.0071827198362
9.90360986907035
12.4855273170397
10.9733050921932
10.8603242319077
16.291903750971
13.5560517664999
13.0334286252037
1.48096175398678
12.8183046168712
5.12091729232847
10.1725755026564
18.9568655565381
17.7783946273848
17.7183396648616
7.87492610979825
19.4692281773314
18.7560609076172
12.4907755393483
16.8584756947047
19.2142915514347
7.277907198295
3.75732874852086
0.040030968375504
14.0136396279559
15.631979284808
22.1224722918123
17.5921849207953
16.0685906232214
14.4822052679956
12.7026293659583
4.05043400287686
9.83624320942909
9.9123260202569
19.0090342191979
14.4240994239226
19.6892883464895
16.0507256635767
11.6396555640876
16.1002113251016
11.5720873931423
6.95090203080326
21.9499514210849
10.8005500165746
9.74718895893466
9.65411858633161
16.8713943799958
14.6300733555108
7.46661924775912
10.0115585331488
22.8663586778566
6.79344315259461
12.9987289896235
15.2483970159665
19.0324969822541
25.9210675721988
8.21278593487319
17.9324991069734
25.0169505365193
13.1440939140003
16.8609482934698
12.1173298452049
18.3070937171578
18.172889663009
19.5294461213052
15.3743990464136
15.2373973047361
18.6739697121084
9.6675906954938
9.64613168034703
2.21663620913963
8.2401188164586
25.3684991039336
15.5715999150638
19.9901403393596
11.1349402406651
21.9207915710285
17.9398158565164
16.8955601286143
4.40797149819781
18.7118320801811
10.1107931463048
18.2295097852717
14.4227534727041
15.8166966401041
10.2298837163723
16.5702959056944
16.7723970022053
13.8459897201714
8.21315637200839
7.70846668473675
12.5113881193101
14.7882273420691
16.3568798685446
17.4600692233071
14.8266301956028
14.9173692985192
10.3939805878326
20.7183338003233
15.0934857333985
14.2802405606484
8.10364144854248
12.6071257982403
21.1696853771644
8.840294273401
20.0535436107656
23.3775643998162
19.5600892882794
15.5650248983875
12.2766977991137
21.1857035172145
16.4864971708052
18.6744542559609
12.7333088099337
10.42343408335
10.6735720736856
12.0734782423824
24.3856024557632
8.01912344696507
23.3797203050926
4.59182097110897
20.878359095769
21.3835841044784
21.9114050734788
14.5090434001759
12.7333944896236
4.05052283774783
26.5191151993349
11.6011580298577
10.4049219051376
12.8964516567066
9.55041334964335
7.84446113942899
16.4897541239457
21.4109458727762
17.0392401749268
21.8644949864997
5.71964331902564
16.6430999524891
6.35582802351564
10.6876252596591
12.1709016384557
19.4348582476895
22.7507076459005
9.49556829873472
13.9182899147272
7.9784648344386
10.7639521127567
10.5943941278383
15.1675718370825
21.4174302527681
7.97892843838781
10.2726808516309
18.1878724237214
27.9859263449907
12.7861762419343
13.6675705667585
13.9164265738501
7.35187959907491
14.6599615410245
13.8227585470304
6.14922679960728
11.3197453552857
23.6438222375252
15.5456979060546
20.568566210568
11.8345998676091
11.3628152525052
19.3161669521709
6.36650982778519
4.06284329947084
18.7779539497569
20.7714673934577
5.27617079205811
11.3879605771068
13.933942342814
18.7622315020736
20.6314933020622
7.60109045077115
8.47650371176675
18.7056632479653
22.3915545735508
0.737798726186156
11.8636183207855
19.6756281191483
15.4474058421329
11.9424420874566
13.3657078433874
4.09413317684084
13.7679920298979
9.77208719123155
4.31359297300785
11.7591182680897
15.844571380876
14.0258989995345
11.7626581341028
13.7547020567581
14.1961585497484
11.8836974725127
11.0509525065703
12.3350099660456
14.7183929104358
15.8397220908074
25.6402925442338
5.85301747913192
11.9855052098013
8.85772405595508
14.2036325440027
14.4029841271126
17.8037118865177
15.3325577732176
13.1620369153097
21.5264326659963
6.37654441963602
18.5636326204985
17.2949743224308
23.2885681092739
23.2149786548689
15.4488692525774
10.7501093763858
10.1101248853746
12.9825856769457
25.0671604182571
10.7374364277348
10.396474134177
17.0874804956838
13.2795432582498
4.47130377870053
22.2800096264109
17.9361182963476
16.8530165916309
11.7733015068941
16.094312001951
20.1653594616801
9.53035347629339
6.64979664143175
8.29060743634038
25.3528625471517
9.59666147828102
12.3637308610127
21.6630585491657
9.14009502157569
15.8569931099783
14.0961260340201
15.537275467068
12.2450267197564
2.0110635086894
13.9284659642726
9.94772438425571
11.9380403242898
18.6505316989496
14.2246751813218
9.7959952921511
13.6621488723904
14.7499043504297
15.3693710220978
17.7797860233113
10.5436699930578
12.7829950029613
17.4410414882004
11.5325603218739
11.6439199773595
20.3299009706825
7.89462074171752
10.7233648421243
17.1852116473019
9.97751906665141
8.36506955303371
12.5585265039086
7.3367276461795
24.8999963048846
7.42357874067261
2.66560090240091
10.3680154207324
17.4687372054905
10.8794506191961
10.7236517658941
17.4473721068352
11.8468254106119
14.9788942188025
9.70408266875893
16.157904511758
11.9356314186007
9.54783270135522
14.0941868303344
14.7434290964156
18.9766179770231
16.1540787899867
11.6099352948368
16.1568401148543
19.3840634543449
22.2866408109457
16.440987191163
18.0438682436943
23.2923494419083
13.2825284025245
16.4534507552162
10.9213703079149
19.3590857554227
9.21249943785369
12.836674222169
7.04505867315613
10.9189034692166
12.8388806479052
15.1433948003597
12.9549044184387
15.3103926219046
5.42521998487535
8.33256165497005
7.54263638518751
11.26520811021
6.47386559891804
11.7091229883954
6.96545171908433
11.821538163349
5.34803858026862
17.7200548350811
18.4741843491793
6.69965574362524
12.4156046658754
18.162771477364
13.9611672377214
7.13933301158249
18.2765586301684
11.0466519603506
7.3750103951798
21.5910736238584
16.6792967123911
13.9136431738734
13.3259719703346
18.2241244474426
11.0165396472439
18.8466933072619
14.676261995919
6.95496916305274
13.1167218721252
18.4747534804046
21.9845963642001
26.4915880048648
19.6086692390963
5.24776843376458
9.23192340414971
1.16125444428731
7.81779060980229
5.08079619976382
17.5509350653251
15.3342913356023
17.7140866846302
17.730083852075
20.5642380053177
6.83198142869597
3.6412582148391
3.03051594319576
3.54434377645143
16.1379681667313
13.391541046458
10.5594547465444
16.0857088341488
8.4635741751512
5.4839132785327
6.37558962028031
16.2050062225
5.05278879772252
12.5852946890518
0.809316119942331
14.263340067375
19.6511104470119
14.964346960187
12.2590649640188
7.06867959018276
13.0792738404125
1.80142945609987
28.7638529669493
19.3006144836545
13.4971386287361
9.6014359262883
22.0345096196979
5.46398386233218
13.1418341320846
6.32132885503608
9.39912470057607
17.406290746294
18.6082016676664
15.3850689250149
16.3703076075763
12.0871819041429
21.3522618403658
16.0050380484045
14.111777744256
24.1231113247116
23.8618105649948
15.1334520730196
16.313366552678
12.543547100023
6.69266099575907
4.82200534086229
23.1449889542222
19.0979027887806
22.0372632378712
13.8868103036657
14.4973946147809
5.45057945419103
18.1024915016007
24.1767106810585
14.8700398392975
17.6020986400545
14.5163580775261
5.70706360172779
5.15953912598173
14.9018414407767
6.2952930573374
13.8181404036926
11.4017525687814
14.8317697065677
16.8724496616051
4.84786368906498
9.8496511910957
6.01581709925085
0.0159587177601413
11.9054505834356
6.95083788654892
5.41830367091157
13.2645184941299
17.4231929937378
17.1728988410905
21.5155090903863
14.9867336783101
16.715730750002
2.53529625479132
15.0814895750955
4.85146377163751
13.6833464028314
15.3863653307781
5.08262653378838
20.1872896935257
12.2504110913724
22.9098926996812
12.3113313224167
13.0221761763096
10.4355332208797
8.1846481654793
4.38776060473174
13.3247955702245
10.3552498602648
12.6137625891715
7.86176957190037
0.662307149912328
7.82861839979887
15.1283303741366
13.3020607987419
10.909005502257
2.9954026453197
9.44925076328218
15.5164588708431
15.814964659512
20.0696698389947
14.0227337686936
14.2384273232892
3.36756960525021
19.8756302474067
13.0931469378993
20.5884526875586
9.53394846456312
18.7131264247
5.49335859250277
27.6066079735756
6.95849643849399
7.97725862005205
12.4538683565333
17.1921545872465
15.8002416357281
7.58885698238385
8.00726076122373
16.2563116890665
9.91629976779222
21.1250500986353
13.8384273974225
22.0865565119311
6.76409598126175
25.6858330918476
20.7100476371124
15.2929845964536
15.5838393373415
10.4448522422438
17.6014381776611
24.6383167337626
15.764431967594
20.1323757180944
8.75297465469047
16.4981982437894
9.88752490425146
8.12641028314829
4.87995343282819
7.68799891229719
14.4825429316999
11.0862897243351
8.20592801032955
12.122343131341
20.8198667969555
11.03596072644
19.1862059989944
8.39519047294565
21.2142199303976
3.29437509644777
16.9237449394539
18.8344895606861
20.7204434322193
8.31811098351948
2.63474199569148
22.3143790615723
6.39417641796172
25.9336870666845
13.4976264089346
18.18530735616
15.4829169889276
20.6149013247341
17.9894166614885
12.3738175490871
7.78051088564098
18.6024155700579
9.23919058404863
13.4392634266987
19.4176264805719
2.70734350197017
3.1128947647265
14.3442895496264
8.15895257983357
17.4237342551351
11.1454947385937
14.9009441724047
9.08687524497509
13.4650065325693
10.177120543085
15.489969518967
3.32480480428785
8.95878423471004
11.8045682786033
13.4238689905033
16.8073146836832
18.3296444127336
16.9469885281672
13.8198256259784
16.6961091532691
19.3000185172111
21.5434872778133
5.62800268072425
8.2458560122177
16.3824785500765
18.0757887195796
19.9585690390157
11.2159671029076
8.37963121757558
17.3411728814244
20.5068917945027
9.71015574356795
11.5935891168192
11.6333744004884
11.844813474454
15.5181107576936
21.7589282663539
4.53682873390061
1.86911438758748
10.5267253704369
23.9071240182966
23.9302680881383
5.40698944581113
8.6275666472944
8.63162113819271
19.0483683021739
17.9597564972937
15.7211716054007
15.5308658024296
14.6389011162688
5.88965057395399
22.0079356571659
23.4241890022531
0.454339439664105
16.866400744766
7.19081469951101
15.7550877640875
19.7855825070292
13.5606503579766
10.4601190905633
8.15649966243654
21.2742816656828
21.4173238025978
12.1808489595743
10.5686662718654
20.7344708498567
12.8130609169602
12.9886121920692
11.4155543390064
14.0473646577448
11.5629124674401
17.2279704129323
20.2550064306706
14.4102947320789
8.30700355581939
10.6998895294964
5.60423070564866
11.9049512781203
11.8275732500479
8.22505804244429
5.55986920371652
11.5910092934109
17.1705227112398
19.2136546364054
5.94250375870615
10.5696364305913
13.152650068514
15.8470215187692
18.7905881786719
7.96605115756392
11.7741046939045
10.7907002558932
4.49243635357972
11.3945190794766
10.7031187973917
12.9592570941895
24.4804741349071
16.1068561087289
15.7908271083138
17.46002239119
11.2254147417843
13.280110906234
13.3458838332444
9.6536714816466
17.517559879348
10.409773234278
15.0302163558081
9.58044701255858
15.426189894788
11.4462767262012
6.83588201645762
14.6718009375036
12.0461822487414
17.5143973436207
19.3454728694633
21.5727158356458
12.9131993977353
6.9315223954618
9.13751208440717
19.2435527220368
13.391103874892
13.5560517897829
8.74803526963733
24.3918822146952
18.2838197797537
13.2337893359363
17.6083227153867
16.0068594617769
15.2628189185634
14.8512507039641
8.36765193380415
18.3270288317416
15.076688118279
12.363489371215
21.4785851633309
11.0452664783224
14.1547254519537
6.37464435076225
13.6891356612733
14.8515431210399
11.9311165064573
14.8631239775568
7.30678198656056
21.8592003453523
11.4547669096234
12.1617590077221
9.96241710631018
9.50103849766273
12.9299474959941
6.15034775190543
4.67695123516023
19.201243952961
16.1975799826905
13.0623258735625
8.53278758004308
15.4300151392817
14.6610561292619
26.2095689075068
7.3797662199055
17.2290671151131
12.7856651488848
4.40448536537588
24.3133299584636
11.3679838133976
8.60983701779963
18.7575029907748
11.0638128593564
4.75100096558215
10.4462844130348
6.1453151749447
16.3873421261087
13.6321427766234
17.4040869344026
17.1543159156326
14.6574633894488
9.44050997495651
8.57566726446179
10.7165081193671
24.7403889195994
6.02905689738691
16.307416325435
13.2226098561659
24.3221010314301
3.47068281973301
7.98001862131059
16.2617644993588
11.7897632764652
14.1567840939388
12.3036730801687
14.3731993094848
13.7287578545511
19.2025465192273
18.0074141915842
11.6332068573684
10.6653307411019
9.96313949382525
19.7434391127899
21.8767960555851
5.78481296543032
22.4206691142172
13.9022019458935
15.2139835292473
11.418858473316
19.6206605077574
20.3782834345475
16.6770983254537
11.007196852006
17.8418441908434
10.191387636587
17.1038951259106
14.1885282006115
22.8647024369892
18.3020930271596
10.71815744734
24.0532362833619
13.8171314494684
17.3809047349718
12.3085831059143
3.73779563233256
6.95553225552231
9.38397974241525
21.9786984147504
7.02495018485934
1.32624201942235
7.80985925112478
1.61593527969316
13.2966984994709
17.9291302338243
20.0986817944795
16.1765094822585
15.2806722093374
18.8919836422428
14.0929698711261
19.7727159746652
11.6500586969778
19.9474769858202
15.8908927517282
17.9344135103747
5.7411975273949
10.7708645286039
22.7614778559655
8.16080938093364
13.4940102585594
13.664905494079
14.5392480073497
2.63077795441965
19.1277628066018
4.88980135414749
10.7026729965582
15.7946601849244
7.49934811610729
17.4064343329519
9.06154303811491
18.4781114803627
26.3559389393777
12.0024342788383
9.897650917992
21.5912409359589
14.9735721759498
15.920144575648
17.593512790262
19.6222433820367
18.6399549944326
10.1135557318269
18.2133063208312
10.8980389669485
19.2970650736243
7.43907002029984
9.98930833302438
16.4893962675706
10.9239320270717
17.6130302250385
18.4546616406585
8.00482323565729
24.5049390709028
21.9123822171241
12.2243545716628
18.693061285664
30.6525749852881
13.720998284407
22.4459412973374
4.79115257622129
14.5844502141699
7.07172276348525
9.2431117547676
12.0584265794605
8.06808276101947
1.25201863702387
5.90743578504771
9.48171291489205
15.8800972392783
9.54602251295
10.9681272879243
19.4265926256776
15.6817960905951
16.7513382155448
8.78604391754759
15.6039217952639
5.94562832030534
18.6267913111307
8.00936315208673
9.29718029387108
20.1785231241956
14.861597539857
15.7984799633365
14.208726095967
5.95315780956298
24.1600433830172
6.5129681956023
5.63328877918467
14.1470273258165
4.71460652369355
22.293497575447
7.56156248643575
8.6546286668475
22.0420451834798
14.9017377523705
26.2501859106123
12.0006358716637
8.48613362759352
12.0252509671685
2.0581276784368
14.0642543090507
1.66994375842265
14.4052456133068
18.0046507855877
13.1558894878253
7.89881162345409
18.9940741830389
26.2744241360619
25.6567372009158
10.7295858440921
2.33370729508093
4.37931544147432
7.30677482206374
6.97749983519316
12.0387509465218
18.2066710432991
12.9625306231901
16.4735138649121
21.8604230787605
7.46747732628137
13.0231668104421
14.4351958530024
12.5473399180919
4.62749537546188
2.78407940641046
18.6462056803566
14.5846134964101
10.7276430353522
17.7289287571806
12.238784134388
8.42395180370659
13.1978802848607
17.4675083952025
19.2855621222407
9.03675663284957
17.1696827281266
25.7686304161325
3.54029135778546
17.0106258941814
19.7194320848212
8.05221297989176
4.61117792874575
21.1666638264433
14.0052315803536
30.353257083334
8.4473408108593
11.5290347253904
14.650445598708
15.3224166948348
0.779945775866508
25.2203285200345
15.246900357306
11.7713480757711
5.93314515426755
19.6314550470561
20.8926503080875
12.8961615730077
13.5562096489593
12.4487504130229
13.5932595701888
17.348196920055
15.3924057260156
11.4324348527048
18.9414603690162
12.178702885285
23.5119521852085
13.0858707374818
14.5047738682479
13.3869698271155
6.64633250137567
12.8891964210197
14.0434684930369
4.25987648979481
15.8048897595706
12.1165821095929
13.0790709052235
6.28646190652281
11.6739936172962
11.9147862773389
15.8648196081645
6.38956581242383
10.736196115613
10.9803126778399
4.61210526035158
15.5176312895492
3.33866036962718
18.1858007330447
15.4210414970294
14.1909224679694
2.45259927397139
11.1045845318586
23.9998110104352
20.6024944316596
5.19810770638287
16.8843477731571
13.2807472266464
24.9178564641625
15.0620790664107
13.9385320691671
22.5682135438547
9.31867265608162
17.5623909337446
14.5908316131681
19.9812387581915
10.1474553735769
17.1536896979779
11.5577846067026
20.3361051157117
10.7892019441351
17.0643901889254
12.3440431896597
27.3182317847386
16.6984879877418
19.4407514762133
8.70328487362713
15.4596509191578
23.9055189304054
13.6922711739317
7.30046802127632
15.1706848293543
21.3500728365034
21.6503249714151
8.05898250546306
17.0869589783251
7.16973507790199
17.0109181004563
5.26008745849702
17.7250012522563
19.8726495495066
12.0021407725289
6.3679338522421
9.90839551668614
26.3771158428402
14.8301786277443
14.5277539016734
14.7966653108597
14.0340662561357
11.4076949019571
15.9369345055893
9.73221962340176
3.7713295314461
14.2513102851808
10.1521915523335
8.03327113389969
16.5489784175744
12.0740403145186
10.8781620627269
17.8701116004959
11.3446738338098
5.70293314738084
4.05091380234808
5.56812991432466
6.79792851068347
13.3535704109818
20.7350810756907
22.2929612966254
13.912735786289
19.1165047697723
10.7425906229764
24.3218583753332
15.8584802407389
18.5795898549259
17.5445497967303
6.33143407758325
0.98656519337453
18.5146428178996
9.84940810594708
21.0796126630157
23.1288359500468
13.9394860481843
18.6832447070628
16.3827495183796
19.2567736390848
9.65318055823445
15.4976235860807
10.3881583083421
10.6448441045359
15.4677047394216
5.32118282280862
15.4690466355532
13.1981148759294
29.4028946431354
17.1997076831758
24.8394938418642
16.2753300508484
6.77629639394581
0.866960687562823
8.99456280749291
17.6163781667128
14.0526975970715
22.5378129864112
8.97787316648487
9.82650939654144
11.8171355454251
15.9166553484658
19.7395074181259
12.2682960489412
7.65311969444156
11.1666681244969
15.4548584716395
0.840275455765169
19.9969568146921
5.3024661300597
21.082917827355
23.9864705363289
12.5511162914336
14.4614711171016
5.76914600096643
30.6795069715008
19.4772372255102
7.55058266906739
2.10043902786955
7.98233046662062
15.6142036197707
14.0809811418876
11.4388375479592
15.6046726719258
9.70949076581746
22.632920001382
16.0483028972521
15.9841737011448
14.9219563620048
21.7871475319182
21.1706644622609
13.9983227708344
2.20347604399768
13.6875619308364
23.6986018717289
18.2217807509005
19.4056385429576
3.13228205777705
14.6385395069425
13.9956043567508
6.52055052249311
21.5741409687325
8.00935958977789
3.62654089359263
17.5179574696615
17.6388995256275
6.14616007078439
14.3536223331466
16.3415509276092
3.49844640586525
15.9082945257586
14.2787092365324
7.41593936944227
17.3351272474974
8.22151290185051
17.7865505684167
17.0685700606555
4.4620943833948
15.721936815755
11.2424853956327
13.3770532563138
12.7655121264979
12.2653619386256
1.7132030241023
12.6422444249794
19.5540195098147
12.8611732076232
16.9320123502985
5.58094976004213
3.10874246060848
21.8323266523835
12.1270879171789
7.04715372041005
18.9804692222064
19.3822702858597
13.6947267688811
16.4741039974615
11.261011342395
11.411081533879
22.8486559586599
19.4003787463858
19.2079427884892
16.8825301574543
11.0433083726093
6.94997860118747
21.5633446117863
3.92759335227311
13.365492853336
16.6973687242717
11.8204394122586
11.0290510272442
8.45994268567356
32.9193557146937
21.2247472954914
16.6177317034453
21.9656741712242
4.99536556271543
19.8383946670219
8.61401332076639
25.0256974715739
16.6552690090612
14.876131573692
18.1738851126283
9.90916595328599
23.4261884819716
13.6863295221701
13.5753501672298
23.6788420937955
7.5403269176275
10.6167796766385
18.396798015796
8.73325662687421
9.2255697818473
6.36389087885618
14.4098293183084
12.4526887200773
3.9778379490599
21.8148017767817
8.67778980173171
6.75726807676256
16.6669687721878
12.3437027679756
14.1027093166485
16.652435879223
14.7983647610298
18.3909453398418
19.813780892344
8.71267310040774
4.66733766557062
9.68214885796155
3.93120960798115
10.504519830674
13.803557632491
14.827131270431
1.21396922040731
12.4124140711501
15.4438839294016
18.0001973174512
15.8385151531547
6.72800180036575
20.3948933398351
19.822178198956
22.1660459879786
18.0977581301704
25.2505061751611
27.3794556502253
11.3876382121816
12.5498990761116
1.92345649132743
15.7918707700446
3.88003857726184
8.97338670290257
16.8820324819535
13.5761366483281
9.41576939076185
3.33867168385886
15.1708234160635
24.0816764999181
7.58179563563317
11.67309244629
6.05976657248685
6.57116200309247
18.0079002398998
16.7319059266694
7.34928831437347
13.3262578741053
27.1630106726661
13.8082879129797
14.7099807625636
13.7900109170005
12.0060452027246
8.92624285430103
0.149947986938059
8.21691015972423
14.6410900497724
5.16729711089283
17.2431856859475
19.6188082220033
23.3385962434113
15.7601851737127
12.0443981216835
9.22995393630117
8.20270684451333
13.7764783576131
21.2587651796639
11.239185440354
21.8510906212032
12.3938806122169
19.0394922159612
11.5054125897586
6.00219279670832
23.9854156527875
1.62692648283706
12.970617134124
21.7440671753138
14.6157109140125
12.5490955958251
5.35373762249947
11.6589112207294
18.3748940269191
12.097868300043
21.5609665024818
12.2252691304311
13.8101558844982
22.2611923702061
13.1160020102995
11.6156628821045
6.20340057593393
14.1629432358773
20.1626380207017
12.8762658219784
14.0048460336402
7.15129942542283
5.00988631974906
18.7144272727892
11.6252352493899
18.2383442763239
19.4505100138485
13.5703429992683
14.0969493684183
10.8984126156632
15.7935209572315
14.3542767638019
16.1640105769038
8.72743099407052
8.31036508145377
10.2151344297454
21.4443956967443
13.9741418366509
11.6545228753239
12.0251586625006
27.3635345045477
16.6592557448894
14.2337412573397
12.6238446449861
15.9675443829145
15.8477087737992
12.0244634104893
10.3593168092585
5.62283603940159
7.10672012064606
9.58050903864205
12.3292893404141
18.0222380440682
17.3927010762532
10.3732492541894
17.2533611999825
18.3248065179214
12.2081476596252
17.2163020304477
18.1940944555253
19.1446644999461
17.341626714915
0.988200586289167
14.6965483436361
9.78352667298168
21.707655582577
27.0291428314522
14.4538439103662
9.41708463846928
13.5605813469738
10.8172218445355
18.5267987195402
15.7125835539773
22.1124034607783
4.219626984559
9.76534321895126
14.2043435457423
8.22281409054995
13.8856226112694
6.15678090874922
16.2288091378286
0.694627800044951
10.3552662068978
13.8477636417532
7.32485933694988
9.97993967030197
7.83409662544727
13.3829431142658
0.86619350747496
12.1502294863271
5.08879574481398
13.8343971222639
11.2793885247611
14.9281188379973
22.2210704348981
14.4327615853399
17.6713158842176
15.4200405580923
8.64805448800325
17.6711181153105
11.2088537824621
20.6765913316637
18.7502497574314
14.1945280389104
9.7814814420417
10.3667629531457
10.0853136020572
10.9393989201635
5.63184295315295
17.2196765430272
9.18672228584887
20.9698542021215
10.5484255033851
24.1579947527498
19.2080296808854
13.0503711756319
18.7241461958589
5.46052632853389
15.6638665124774
16.8295973010077
18.6816503339218
3.56826776006756
13.627947634086
7.89005623664707
11.5609772969037
9.27290909457952
15.5990050407127
16.2113434402272
10.4624198967758
6.31049687508494
4.76769146043807
17.7987721981481
19.8008821723669
26.2662214227021
16.8396948138252
20.0417721411213
15.8301803283393
11.5470638731495
2.11318897425091
10.3582575684413
20.7424083724618
8.69013844057918
13.8689296290288
16.5844415314496
10.7449200935662
14.4983092322946
9.66588378940877
1.42271671599171
3.78058515489101
11.509098787792
16.6992489714175
6.31168992258608
3.09858458783914
24.0773828234524
10.9713847283274
8.43066242523491
3.33392036986918
9.55609506927431
22.8769624605775
16.4908517384902
13.0732907447964
16.5640951832756
9.99035781715065
19.9670637393997
0.424212194047868
25.6334335077554
20.6725722416599
20.3470963751897
11.6508715087548
15.0123508017937
9.07896403223276
15.6975103775039
5.01287231827651
19.0073266858235
17.3968114424497
15.0734863243997
21.1676646722481
3.98970888489356
16.6431904071942
12.7410897488792
13.0052749477671
17.4837862961277
10.5101605827282
10.6014575343579
16.2564055761322
0.719860082701334
13.4541213978082
12.1316695353016
8.13568352057932
14.1468056244776
11.9465544587001
20.6014944473282
21.2730801664293
3.42111513018608
8.20792445447296
26.3269146205857
15.6452376861125
15.2081844546174
11.497042956762
18.291776580736
10.0003046098915
9.56683543045074
10.4216318810359
3.23568699711016
11.5025075390907
9.49856666848063
6.71356006059796
8.73625348536454
18.9951769309118
12.77530642692
8.86754456574994
20.904756616801
17.6652693655342
10.6472816085443
20.4486646922305
10.4071505826005
17.8358874283731
5.51167902939035
10.5293701693803
7.72435187827796
11.1148512922227
14.1040741233155
16.0295796316681
13.9011273031024
13.2966839242727
7.50213332939893
9.58940959535539
19.7805586275804
12.6417248269222
29.3405993143097
11.2794072367251
14.7240377264097
11.6983347339556
7.61633550282568
7.39125433024842
15.7656381174262
6.2073613749817
18.5632240027189
23.8035199930891
18.509795400314
7.62571005616337
12.1651357738301
14.9621390504763
14.170280904229
9.02128708827651
23.1030904380017
12.9845122108236
17.5099466461688
20.8367677638307
9.32243182323873
15.1073013897985
13.6325636412948
9.2867687162714
19.5734511606866
6.26851271372288
11.3388194004074
0.0613723884292666
10.4043255142782
11.2494751578197
21.2330453379047
8.20499795143296
22.1279442543164
23.4013855224475
16.6180664906278
15.8659884473309
13.8858987193808
21.7841964913532
16.9532106025144
17.6757420646027
17.3930792841197
7.14703858830035
25.4733622074127
9.01606593957323
16.9154667463296
9.71382546704262
13.9751703478396
9.81057088356465
16.1658790428191
20.5672338060529
22.9062185855582
20.5434442963451
8.39662468060851
13.4308213600889
22.8549967287108
16.1109831336254
14.0271780944163
17.3740449594334
15.0812905281782
6.88620634206159
13.8974317582324
19.1140033071861
20.0584587873891
18.3398101245984
11.7384648263071
4.24408738035709
8.14304631203413
18.0272551020607
11.9872861193927
10.0565182510763
18.2053701020777
18.8084025867283
17.0716085471213
10.0545721361414
19.9413698930573
17.4127510748804
20.9667959716171
21.9320562900975
13.2392841856927
15.4507652623579
10.213055764325
10.4276290255778
15.1138040412124
7.60603381786495
16.5513460778976
21.1615388980135
13.4502306114882
17.783063556999
11.9806507298723
15.2767423307523
12.5002243612672
5.0737245939672
3.89894477557391
7.79067878655916
17.4263551365584
12.6031026709825
21.6604876331985
14.5750123541802
13.5694097261876
13.8332872185856
1.21166466269642
14.5481769228354
8.52822729693393
13.9782259706408
11.4278002045853
20.4623421421275
9.40852573070329
17.3143728170544
11.8863918803996
22.6006448501721
15.0852569378912
13.9760512858629
15.3846035012975
12.1322001796216
16.8031599255968
13.9411227567407
22.8538188617676
15.1873585477884
13.7331893900409
16.9971867930144
16.8307597636757
16.8333518551663
11.3529345585771
12.2142298845574
11.2780168419704
19.1314043011516
7.86898029812121
18.4890060219914
19.3444614065811
8.24162827339023
12.4865295831114
5.91919345315546
10.4978340445086
10.6011635391042
3.82285354784933
19.8532100509137
17.5987697672099
10.5534118134528
13.910797983408
19.9630819053319
10.0784907143934
22.0605877228081
18.6376615194604
15.239907684736
20.8121018717065
14.6876629876686
10.7460622908548
18.5128777753562
12.7097848374197
17.6106743978591
18.5132489539683
25.3996573155746
5.70164839737117
5.75403412804008
5.75758572667837
5.68834866862744
10.7679624284624
8.74471078456524
2.53357088658959
23.9140336425608
6.65402682498097
27.6288155000657
5.56512304478133
10.0602732505649
15.799810946919
15.9808383788913
10.0990750991475
19.7464844211936
13.9852259335212
6.21497712563723
11.3614810476978
15.7139786984771
11.9902095757425
16.5724485414103
1.45721826702356
10.3135166456923
16.0795297713419
14.3677419982851
20.600181655027
18.2561374967918
13.3984823671677
21.1591431871057
13.1944190822383
11.338903917931
14.1509400447831
11.2633393611759
11.830604549749
16.4026767015457
20.361437741667
13.8570572016761
15.5393842626005
14.3616942858991
7.95239801518619
21.7774438904598
13.0711627192795
24.1644828347489
15.8266854100901
13.6890384101275
13.4665275382313
11.6488176839477
13.0547150192215
5.68390749394894
19.2380459979177
14.8602785542607
15.0638738414273
20.4109199577942
18.1153400305617
8.91906708021907
16.0086046930258
16.2576028611511
13.5229837847874
10.8775138156489
15.6202688347548
14.6913560620073
21.9501821060964
17.289995518513
16.0661183064803
25.9990643477067
16.1813482875004
3.08617178816348
14.9102734508063
14.2325954511762
14.6346831694245
12.8605833975598
14.313605055213
21.2133075809106
19.0667295038417
11.4719313103706
14.3428207375109
5.83035424351692
13.0443257612923
26.7665067221969
12.6898237653741
11.6007159696892
11.420800454109
15.1930782014111
17.7224629519684
22.3305084276944
5.71807965170592
7.14993975125253
10.9266109066084
