"x"
23.5270489007235
42.7821406483228
31.6272156313062
61.7283544968814
62.4000595416874
50.6469498388469
55.9318751562387
63.5485048871487
38.7027738808378
60.8591293450445
36.7394449189305
44.7337598074228
36.1942184020057
40.4593341318636
77.682537208767
40.4611745849252
48.7240274902433
50.8491729695603
58.2056364044547
51.4951895922422
38.1221427582204
55.9384333901107
16.2975166458637
69.606070030005
51.5761940740049
48.0036821487494
64.668982848525
69.6777814025891
46.5729831717908
82.3854574286234
37.9585091024637
48.0115901213139
44.7169941850007
35.1310765836388
37.824972672388
22.3304429557174
65.4043625574559
58.8364909403026
34.9394648335874
51.6964484006166
46.9022673625434
43.5465482063591
67.7660590037704
58.6199710145593
45.1612243894488
33.0881206547826
53.0729035981476
59.1023521032184
36.1203143373132
59.3364248052239
62.1599346864969
48.0996357277036
52.7579633519053
39.3728927709162
50.2246937714517
57.4386769905686
48.3923146893
62.9708085674793
69.8939974377763
54.3806527275592
56.6046116087449
55.9804575517774
39.1445309814514
38.1003419402987
55.2643203642219
53.5927916876972
66.4772266987711
60.3183134458959
38.9235908165574
67.804280621931
61.138201225549
31.214005080983
60.3437566198409
70.9244852843595
41.8152642689735
14.1181226745447
38.2463301949233
27.7151410002261
62.8850467503071
64.8907830007374
47.129126964137
45.8385690581053
50.6854925770313
49.6915474534035
28.0006567481905
67.8207537159324
31.2754988204688
51.4256331138313
51.2074273545295
67.0362619683146
27.2821886464953
23.4297334682196
46.8203928787261
36.386598243163
35.7580982366697
38.4068380575627
53.4636220429093
53.1024370572297
60.463838186115
54.2498112244012
42.0686939265579
59.6632638946176
41.8634322937578
42.6113209221512
59.7843802999705
33.2752992864698
54.5436621643603
37.7708568703383
63.3779061492532
38.9087685383856
63.2298997137696
54.9125866964459
46.9382879789919
36.6498380899429
45.3126337379217
52.6991104241461
36.9287276174873
73.0124450246704
55.7708361651748
36.6511899977922
71.6482998761249
50.8870130902401
62.9430948332203
37.3222169466317
71.8496936331403
57.2914346121252
20.7617891486734
62.4580767471343
45.56610933505
55.9722315985709
58.1412588711828
54.299335880205
52.6905458886176
52.2549741901457
15.9101806115359
26.2288577854633
36.4513363223523
53.9781352039427
43.4008583127876
76.1389590374684
54.4498475268483
53.5785349085927
38.7290482409298
39.5713762845844
37.1211817394287
34.3145307619125
27.7238709386438
55.3271922282875
34.4029018655419
54.7967744991183
60.802539717406
56.0980788897723
45.8692671597358
49.8411811888218
45.622870977968
49.7312861029059
32.1639624787305
30.4743432905525
49.2232385985
34.2409098986536
32.5960274320096
27.3422862868756
60.2597119286656
46.7671500053257
52.5130070745945
29.1299717966467
48.3416670316789
38.4781079832464
39.7335277870297
24.4071457552136
63.5371776297688
52.9498480888691
37.1654378715903
45.2226690482348
62.8604728728533
72.6775801698578
53.9711771532893
46.8208480626345
47.9715871725959
42.3911693971604
40.9092586953193
57.5232737232
48.4754272270948
46.2378807471862
42.7447912748903
40.4190598521382
47.7573097683489
49.308466957882
27.3252810817212
50.0317854806781
43.7119923066348
41.4143054746091
21.6004333924502
59.0268990956247
45.1885551679879
51.9433699548244
65.1391387917101
52.1080412436277
64.8816754110157
60.9812871087343
41.0908319521695
13.7414074968547
44.5917351637036
56.899961642921
48.8302752833489
54.4075046200305
34.2492205090821
65.148532576859
54.0694511029869
52.7929447125643
38.3204034529626
37.0649877004325
57.2902076877654
40.5448334757239
37.2063119430095
50.3093666862696
47.9926554951817
46.3630017862367
74.3717008228314
74.8274737230289
58.615158777684
52.4472062010318
28.7431224366986
41.2363819777966
60.1076076272875
70.2006136192082
40.5342299025506
75.1425658056465
47.828083531931
58.3204472437501
55.2692090626806
56.4994337968528
57.1950753219426
51.4281865209341
70.4483119165487
34.505199547857
44.930732762441
53.4920763714665
44.752928474918
59.4188771210611
43.1738996412605
44.1689755767584
58.1584913656116
66.3044651038945
52.5126849766821
31.0509140603244
43.4444530997621
37.8869888838381
55.2471031900495
27.7785073966389
40.5410784296691
40.6677056215749
40.4158325400203
43.9848308917135
36.9697491172701
37.0382572398787
55.0022867042571
64.9836795870215
45.9909294083647
34.4237742479891
40.9873397089541
40.886008599773
25.5813841242343
41.3913671392947
39.5977986045182
39.8232788778841
50.0369968251089
37.4429347459227
68.0998142343014
39.7223403211683
56.1773804947734
40.8235017210245
49.2739209905267
42.5966126393912
39.6426905877888
38.7100623910432
67.2949953470379
65.1411194819957
62.5087066087872
43.2001317863283
47.4749746266752
48.8926658406854
66.4347556419671
54.532331507653
22.1110585472707
43.2076734025031
56.0846152249724
40.0399117730558
54.405445465818
49.1849810816348
50.4722355399281
69.5982919032586
18.9410564024001
67.0264961197972
60.3189966175705
40.5463088303804
68.757312418893
49.2114763706923
37.6247921027243
43.9626685343683
64.7756029386073
41.2487199995667
47.2329039126635
56.3088948372751
30.1259264349937
53.4564799629152
44.7647340130061
75.8197813252819
42.1367807855267
52.5980624835938
32.4234578274503
42.3575229477137
60.4187717661262
77.9304075012815
68.7161759007722
50.3109694924206
38.2009672932327
52.4026021827012
55.7112262118608
47.8093314450234
70.7113726953876
28.4374885847981
49.8588568530698
51.7286622708911
49.7524495236576
54.2384234257042
25.1695131582511
51.6627789009362
45.0458672363311
33.7789540644735
41.3502572104335
49.7508926317096
40.4394020326436
53.954341262579
52.8985593467951
57.9443989787251
41.8895213399082
66.983277676627
46.054563857615
38.1791802123189
67.1829855535179
63.8497603591532
47.0253081992269
54.3277615681291
39.6937523968518
55.8049366809428
53.8415291592237
61.0292560886592
25.1739357132465
52.4533788207918
27.5643563872038
63.1829297635704
54.003434907645
68.9849733375013
57.6298338826746
28.4323486535511
54.6160478610545
27.7501202293572
59.5874867867678
30.9265003539622
39.6675682851914
24.6139652128227
37.9960137419403
40.2964999344241
31.5846459885196
26.428623078391
37.2587221339051
42.5097863189876
50.7149488665164
74.6289470191014
51.1589407920837
32.0297643076628
39.680668769826
62.3332203093759
43.3034411631525
29.0953394422229
69.7017323478066
29.9017555546016
20.5451816487773
61.4250735845417
69.3465058649791
61.8890773039311
48.6767577007413
55.7157328593694
31.6192504018545
43.6227867845446
45.2745884259973
24.6120278723538
64.1341946087778
59.0284233912826
47.3539639264345
41.7748441454023
43.0494844447821
32.8197392169386
31.2853591516614
56.0494893230498
60.3138273581862
58.0536572262645
52.9204740189016
58.8540790136904
45.5784309189767
48.5838293097913
26.1644822079688
66.9897429645061
60.9758583363146
57.5023265555501
51.4303208328784
57.5599302072078
47.1060213433181
65.6879982580578
54.6079914085567
55.8921957854182
62.7989553380758
49.2833861615509
68.0643746629357
52.585760364309
50.2202679868788
64.0858508180827
55.7712384965271
60.3898036497639
65.1405856478959
43.8444048118911
61.6244454868138
59.0386501319535
51.6818724106997
48.6534363590181
45.0456124264747
56.8717238557079
52.8770476579666
48.0712283868343
67.7833071444184
31.7608660086989
45.1368843670934
59.3036910984665
44.073873385787
50.9872632566839
48.1412710621953
61.0534227453172
55.7285227812827
49.6054782997817
56.9552456494421
48.8547876073481
37.6538482494652
69.5039555360727
47.1305963496025
35.9002912415168
31.7538071423769
40.1699343624223
32.8354884030246
45.469739055261
53.8860998582095
56.7313327919692
67.5871317274868
52.6315828319639
78.9807055103493
60.267176758498
52.2657251451164
59.512165049091
48.9758188370615
22.0917128957808
58.4033680614084
43.3252639137208
40.8448679178064
57.3816741505364
48.6045325538203
39.3917292356491
57.9772343393415
42.2983956057578
45.1826069969684
33.4702344611287
56.1813433654606
30.8251175563782
50.1812002464418
61.7482325993478
49.0559206809849
59.2978479806334
36.5000045858324
49.0479768149535
48.4693666454405
62.5574356665685
59.0147777460515
42.5128255039454
55.827658995986
41.040106723085
46.0860351100564
60.6135863810778
44.2442121449858
40.6501085383232
34.2642148025334
29.5084232930094
34.6449986429807
61.3669694401324
58.3274053875357
48.7126010935754
49.6016999706626
42.3663323745131
31.4359661095305
74.8113500608054
39.6555364597589
44.0209158514448
62.1290978044271
62.9666331224144
40.0961386039853
54.0364125277847
43.5330817475915
51.8934272247341
35.2324288256637
57.570457784459
68.2265827897936
49.0032579284161
59.2284811660647
43.9062589779496
39.9619449861348
53.0081009026617
43.9256133046001
53.6697132047266
43.6668789479882
44.7688201241043
64.8208600468934
50.6898496299982
55.9481504838914
30.8517678640783
46.2686211802065
67.1253784559667
57.2258196771145
63.3952009491622
57.7645951882005
49.3586312513798
58.2180127967149
70.1168229776489
51.3254301156849
55.7430043350905
16.8073112610728
54.9574906006455
48.2673143502325
59.4967051874846
48.3157446607947
28.8616685662419
29.1274015279291
49.1259313654155
51.635921979323
21.5575425633462
27.334451675415
63.4567303583026
41.5436998475343
34.5656882193693
52.8880451340228
58.0909107317379
44.0960223320872
35.9648966334183
58.1265174783766
34.9937069229782
43.7884516548365
34.116358589381
45.8085000049323
54.766779160127
54.8778771422803
46.9168014358729
62.5207324977964
40.0795174762607
48.9734801463783
55.2104108966887
74.5658786630026
67.4755092244595
43.3690911624581
58.2442486193031
34.4830465324778
51.2301973067224
67.558777006343
39.0638532641824
32.5912997592241
53.9136414416134
52.978929458186
58.994393190369
63.1908881943673
55.1336159463972
45.1134663075209
65.8428736031055
37.7798309549689
52.5083974278105
46.4232114609331
44.7443557437509
40.7555895391852
46.8408497981727
38.9733923818168
53.0701369047165
57.8624797984958
48.7324502330661
43.9914053771645
24.4937627319744
57.5258542783558
27.1191974636167
44.7191368788481
44.8000421747565
65.4865507036448
64.1134990379214
30.5040101055056
72.3459876100433
52.0183547865599
43.9975245390087
63.5028822347522
49.8019979801029
37.5899895559996
35.8128772582859
42.9713991470635
64.5274034701288
13.0461719352752
46.9442973844707
25.6712816655636
42.6575104705989
35.7282586395741
43.5970690567046
46.0445977281779
20.7061135675758
62.6156608108431
28.6009549792401
72.0935314851713
36.2217130406829
36.0812680330127
54.4043923242246
67.1723764389753
58.7487627511413
59.8444235511124
44.9816639722698
39.5907210623586
51.4422567095608
45.5524469725788
34.9132774840908
58.6533677764237
47.6406818721443
68.7833508010954
55.6946591939777
45.2350130770355
51.6207084153207
63.6199007742107
57.3669389821589
49.224499380216
60.2848227601498
49.6863975189626
59.1204681433737
41.9210819077459
52.2271832916886
60.4450474326892
39.5498968660831
41.9432828668505
42.5766072701663
58.4947337862104
26.5927624396574
51.6944902949035
37.4845371320416
36.1238479148597
25.9447330143303
59.7863235045224
60.8675952535123
41.6591169512271
40.3373162727803
36.6165324579924
55.3650481626391
48.5786999962933
42.0713588129729
56.0052681248635
51.6083902004409
58.3099609706551
33.7253493470131
54.033378046006
47.8189154528081
18.7063452983488
40.1762535329908
45.3101422248496
48.8166780676693
46.3351591024548
47.1688766032457
25.2916019409895
67.9258711170405
18.0692941416055
35.1874434389174
61.2382079008967
46.439022058621
42.1850892715156
41.4837757980929
30.3786937572263
55.836542416364
48.3482607640326
58.0286191295448
41.6746865492314
48.4591461252421
62.3813984449953
68.7009293120354
35.8960585668683
47.2612984944135
50.2166043501347
60.7095993123949
59.5537984278053
57.2487653233111
49.2615783587098
45.3433260787278
47.462515393272
69.1285578534007
33.2430347582807
67.7279992960393
52.7259060181677
35.5405182112008
46.3337670524633
47.0455066300929
54.2586555238813
39.2744984477758
42.0088590588421
57.5655539520085
41.6468267794698
29.2876016653333
39.414240750681
53.4082199912518
44.9176939204335
39.0412290580571
61.0376895871013
76.3434649313093
46.8319130130112
53.4374417271465
62.9276190884411
67.0746915508062
48.8706210162491
62.1199329849333
33.7249062458745
51.3978916220367
18.6071399599314
42.0024910476059
41.2653924897313
49.8034129850566
26.6557842162354
41.1851585842669
53.9729689247906
49.2958200629801
51.7198689662379
67.3176251817495
28.8964200764894
56.9301756564528
44.7853284887969
47.960574971512
61.9963776320219
62.2685597278178
69.9919323394907
48.5483183991164
59.9264910444617
43.9178918510898
48.9352159202099
60.9382844064385
54.1292690746404
59.9538054437557
46.0531077813357
40.1086968684011
27.3775688372552
49.4665337260813
46.4191406960796
68.3100163470954
61.7296882439405
45.0962330214679
71.7268685998079
78.1703612725151
32.9619824886322
55.2931679412723
56.9798823446035
54.0091573088088
58.0646758230131
58.9332929812372
34.7428063396364
61.0188282895546
50.966058857739
48.1722423341125
32.573666353724
55.1873123273253
43.5925920959562
53.0454092659056
35.8673353522573
68.9234190154821
61.5909013897181
39.5951665472239
78.7451785947097
43.142114957827
51.7896462697536
47.354316804558
58.0796046324178
53.7359170150012
54.9785922747105
42.120447428897
51.2609623372555
56.4788810908794
58.1634417641908
38.4955831803381
60.0592630915344
53.7768684327602
46.3750171009451
67.2679618000984
74.5154424528492
60.3894533123821
42.4318523011851
43.7651504296809
44.4959147833288
53.4266146831214
67.0790140982717
37.9643512889743
46.7079780995846
58.5546601563692
40.5042283702642
54.1462269145995
37.2969080228359
49.0105016622692
47.0343047752976
34.761420590803
39.2323814332485
54.8596773239014
32.2093804832548
40.2819545008242
35.0337010808289
41.7398186400533
20.2953925356269
62.1377881150693
66.321367258206
18.7755192669807
53.1728158239275
51.5334712341428
67.8296941332519
59.4854198396206
60.2528835181147
54.8017863184214
53.607814759016
77.5238849603819
43.7360650394112
23.9320788944685
83.5064231488073
29.1919215144102
54.8162648454309
49.587044166401
43.9445922290395
53.5788063891232
25.9968046742124
55.9943554457277
59.5557048118092
41.6847312827345
45.1588642317802
46.9428946823431
50.7402354851365
66.1229167923669
50.4340741783381
47.2608887124807
47.6026165299118
40.3916533570737
20.5520166000375
58.4795466158539
48.8217576872557
49.5040310928199
53.7981381174177
67.3715254291892
63.0786823574454
37.7996388493976
48.8987046759576
46.5217257849872
45.2146560885012
48.0004115030169
51.7278855200857
33.9384441663982
46.8193563167006
54.6727406326681
28.0275507486593
31.0438911915048
56.5901843365282
58.0761607270688
52.3217558860779
64.0018425881863
42.5737683661282
59.8946150857955
43.6055623926222
29.8847792204469
79.0449066045594
39.1401576809585
66.5472446475178
57.7602699398994
41.288269078359
59.4117993954569
51.9342217594385
54.2815230321139
42.0546831789341
44.2717213649303
44.7110804263502
31.2033280704136
61.0990678425878
41.7206325102597
58.2739103585482
66.0593177657574
60.6203690636903
42.6714418455958
48.0942685157061
38.2597475778311
56.8868827074766
58.3414599299431
47.3430145066231
48.9413179922849
35.9783645130638
52.0119335502386
37.3793130740523
50.725394612817
47.9240249376744
47.4304046016186
55.9168784413487
58.5165633819997
46.0469389351282
37.9207632504404
49.7698209114067
57.4627154041082
61.6361317690462
68.9419187605381
59.8370416089892
34.7546987908662
55.4979487787932
36.687943758443
68.8457769341767
74.202239416064
57.1215654257685
31.9545718854501
41.1820037290454
45.1517663430423
39.9435834959149
57.6482023578137
21.3056574575603
51.206203084439
41.1536952417019
52.5949598755687
48.9494630601257
62.7486607059836
57.3514279909432
32.3702866107225
60.91821170412
39.0777888079011
63.7347880750895
36.8399084080011
47.0751126988078
21.5035219211131
50.2169270068407
64.1253841575235
57.2809282224625
53.8683679886162
47.9216560255736
20.4145803801622
54.6696441790384
47.7421492061575
48.0309065897018
60.4519375940672
47.3032835870981
36.435779096578
41.1608882921449
30.3688798565418
63.9038824476302
57.5196786783636
50.4693799652159
60.2865123655647
43.6865610536188
45.4868251923472
55.3190157748759
45.7245531456792
69.1926210187376
56.4212148543447
49.3244467814925
73.5474262536183
39.1665401868522
64.6185516379774
41.0848417319357
40.3695003129542
50.6058072205633
17.7736290730536
32.9648366663605
58.9629856403917
43.1669959332794
62.7539356704801
48.9509704522789
61.3333348650485
7.8454575440708
45.0803161598742
23.9242050331086
60.9522528115047
25.8102470070735
53.8768559688017
53.2913880888373
61.1359022092074
76.1747684287739
59.8646591417491
30.4858269009196
65.8854297827929
54.9404833000153
40.2805299963802
44.3584818392992
34.401050535962
30.9277341235429
32.2086971718818
63.1643085740507
35.9967238735408
38.3528614660254
46.4321053121239
58.5541627835482
26.0757797397673
47.3080220166594
58.4919699002057
43.3642908930779
58.2424379885197
21.3580464430205
57.4745264369994
42.2193977516145
34.8525332286954
43.3542844839394
53.4712807275355
32.8747098334134
53.5676629748195
32.7280883677304
38.1418559324174
49.0537446457893
47.932298714295
29.8612206242979
18.4482298798028
46.5746208559722
63.5500522330403
23.082258598879
25.6393267773092
49.060766534891
65.71916914545
51.800042251125
53.8373122423786
42.8965006023645
54.5970455277711
60.2273520082235
31.9313731458795
55.8299914933741
32.4942769017071
30.3619840648025
63.3745642378926
49.7572479327386
36.2675457337136
42.3582356888801
34.733578003943
47.7331495050714
63.7723967898637
49.1283573210239
51.7835021950305
74.8885713600256
61.0581812914461
42.8313642274588
35.0960431634704
35.904573276639
52.3667030967772
38.0481658969074
47.8984584423816
63.1267564141698
45.3302805777639
45.707668736577
39.3916183151305
36.2838147673756
35.9711535274982
29.6905334573239
31.5309253521264
42.3687321133912
36.6087935399264
64.2154872204827
22.6009593345225
31.011140052542
42.7156570367515
38.2405364732398
49.6965270023793
33.0395886674523
54.0599757805467
36.0700838733464
34.2661941166695
55.938341608271
35.1614428684115
62.7114466857165
30.272802291438
59.6408802089808
39.6893922239542
62.0726931840181
29.4183304533362
40.8030533626025
53.3371371682733
32.1652732323855
50.9646731654567
37.3831074219197
39.1984227539643
62.1509111952037
52.3216878529638
43.8755325507373
52.673867251724
50.9105348493904
45.519995091914
60.2894709911197
38.3083061780781
51.0335562285036
56.269974866882
55.7111612986773
60.8167835045606
35.8681802637875
27.4097180459648
65.664650965482
44.2418670747429
46.6374819166958
55.0984071567655
45.2211478725076
61.082923039794
52.8543356340379
53.775106696412
41.965303150937
28.9554185699672
42.9888537042053
40.2365759602772
34.8910649772733
57.3723165784031
48.615408591983
57.9383199103177
76.7390587721445
65.9240561071783
47.553350077942
43.9470588229597
31.9839403498918
55.0254163332283
51.1513259261847
45.167845254764
63.563439482823
54.5565313193947
49.6947356499732
56.6330539062619
43.5874069109559
64.2809469718486
72.959077526923
49.0627908613533
42.9657246917486
36.7579273259761
77.4361542384041
50.6450755521655
49.9347731535914
48.5831450205296
64.8170866072178
72.5791396196838
62.5119783915579
28.1336981337517
30.6961909402162
43.9245086163282
58.4833523258567
43.9498492050916
39.840009668842
74.9018298414604
49.4753335602582
34.8713704850525
66.0484329331666
54.7455038008305
38.6833928700784
59.4985799863935
53.8230562116951
47.4692612420768
76.1348512013559
21.5679984333073
25.1866848673671
43.8635190948844
47.4757945207674
32.3093000799417
40.7373034395278
61.3964294549078
44.196309056133
46.5877945069224
16.7329017583912
41.8200361273888
51.0181132349623
60.7988624833524
57.7253408264369
55.149767594412
52.8714027098428
63.3840332739055
60.0236437283456
54.7971518710256
36.8068885058165
46.9433516626694
32.5048773083836
26.0696017563936
27.551350183785
90.1508311699045
34.3552800556857
39.5046231833586
50.7897037486142
40.2277313172817
63.0361496005207
54.4317650143057
62.9101361613721
58.746568672359
66.4879477117211
63.7829276155195
62.6621881034225
48.9533900858086
36.0324255656451
57.8305186703801
63.3888444397599
44.3365855608135
59.5770037733018
53.9442770767124
66.8738423846662
44.4462839979678
42.7763403393328
45.1456340521188
39.9700213500289
65.676441648975
17.8544878782681
40.2742438018322
37.2711356729269
66.5705414954573
41.6202328167856
54.3208776041865
46.521527832374
45.4562543425709
47.12786488235
47.3450619485807
56.4242756925523
49.1745698731393
59.4228487927467
58.4437974728644
44.0530661959201
42.9051982238889
45.9210613835132
40.9089730121195
35.523358406499
50.9615549961245
63.5359435342252
38.5280415883044
44.6639431174845
54.5123478397727
46.4974610333074
66.8441601563245
38.257923674123
45.271489629522
35.4601360089725
45.8736144937575
58.0295365303755
59.253069665283
44.8904635712754
42.5092658959329
59.313534386456
59.4496170524508
47.8929046369833
62.1103163808584
68.670146772638
53.2622365280986
55.4544561076909
47.5351957604289
57.1508604101837
56.8377198185772
44.9204152915627
45.936278346926
49.3839848335268
56.7934573628008
39.4852708559483
62.679428467527
54.5343007426709
43.9051936530987
74.6344862463784
54.0264047682285
65.4911063611507
54.5659742318094
40.5214917846024
48.0844000354409
46.6058881953359
53.9196192286909
30.9435630217195
62.5366671942174
74.2140721748027
37.865384013109
39.3034653738141
42.4201125279069
54.7414070926607
38.3942822460085
51.7982872202992
47.936292866139
50.4322878085077
61.549401236698
58.4776045288891
19.9611831759612
59.5852160360664
56.1532574209823
40.5670979060233
36.8621240369976
28.0580589786028
40.1200689375401
54.6272286679596
48.1561129447073
51.1211975477636
76.9635072867286
54.3202761095017
22.9204040020704
47.8569058235735
43.1612160931514
76.0452022353357
55.0130014307797
69.3936234298063
26.8080999143422
45.3970847185701
50.6188992410898
32.8590843826532
53.4645756240934
58.825336676091
61.0643295571208
67.9834878537804
60.3488585288417
37.4065610580146
55.1543884809743
36.0951831564307
49.6804487425834
59.1124495491385
46.6278255917132
48.8620320269244
64.7411833982915
76.2838731477869
60.0429540965706
40.7011139400781
59.9306811578572
38.691078312695
15.8976025159425
40.1862264953913
33.7929507251829
65.1670912280679
58.961252309382
59.9962926469743
51.4277211856097
64.7018685471267
60.7853318710905
41.0824739153507
53.9977625478059
46.4766593649983
20.1973859686404
56.1225886282027
64.8404469247907
26.8334611784667
59.6846848944623
35.0356431212276
36.0360069666058
56.7603393923491
58.668824378401
35.6642205733806
71.2512088897538
48.2526468113065
71.4011140125704
61.8754581548274
56.9828693754971
56.9492082623677
41.6149675380439
33.5330707916492
65.4751148540527
67.0632581692189
36.7072716355324
26.6601156041024
48.0968955968198
58.2839835435152
26.9024432636797
48.2214483432472
39.8845021612942
49.6556208934635
73.259807764956
59.1787225101143
23.2429110910743
33.7153826374561
34.3565909449697
60.593355121091
45.1315686572343
67.7521926816553
36.3357726018876
55.1271631382406
50.3481845837086
62.0599442627281
37.5905471853912
38.3292660560409
40.4562751762569
39.1309745144099
59.5465347636491
35.436267638579
42.8115925752461
60.4043794330209
50.5332295317203
67.4759306479245
38.7087649613436
48.4198950231075
59.5808806829154
53.7195937488133
31.5394325654804
43.096467666328
50.9562432765961
51.0032748500798
64.055436803028
74.3333459789765
52.4401534777287
60.6361561454833
71.3259356936585
56.8947163410485
53.8175490219146
58.9415193535388
50.2759914379567
57.3295042384416
51.703939633444
26.691864663735
71.3246397809864
49.7847300488502
49.1309984587133
52.6502553632433
43.1064231321216
47.6330476347357
59.886427083984
61.5115278866142
25.7420279551297
69.4132273663725
53.5142348981915
42.0532065443695
41.7814430780709
34.3292688950896
45.6321678590029
42.8344660415267
56.4024232327938
41.7358456645161
31.403040047735
57.6690867077559
44.4021599354996
62.958319298923
42.6777484826744
52.2549644578248
31.4626662454013
53.090731613338
38.9027044642717
53.5477485507727
40.3952898457646
54.0767400991172
69.8882870293063
22.3823872860521
16.6996801795177
62.0552553329617
41.066338820383
37.9262520000339
60.9320027753711
38.453449960798
54.0860190056264
63.5810298845172
56.9675019476563
38.9176847878844
35.085744128331
45.5354602541775
34.324999702639
62.0804163161665
57.5409146491438
47.0797264948487
41.9337232131511
60.0050525274128
51.0970584582537
52.9600846581161
39.3724643625319
40.3427688212768
32.4950966984034
17.5298852380365
63.8928834814578
45.6286753062159
55.2434696106905
42.9060711525381
42.7090908400714
40.4538424116227
33.2010005407226
48.5203298740089
50.1980534289032
42.2245164867491
60.2260028943419
48.6703508737621
66.3845451548696
53.8760520983487
56.3166786450893
39.7006395738572
26.8351634033024
52.408991754055
56.8472377024591
43.5246814507991
49.6924669481814
46.9245276879519
49.230035347864
32.7432131394744
49.0812053903937
28.1748489011079
54.5376726956809
70.9085908676398
56.7633611935035
35.6545003319008
28.0111336614937
31.6397142965513
37.1205069124699
51.2989020440727
54.0008368901908
51.5803076974691
42.9439147468656
54.8363259993494
46.6146731749177
67.3277558758855
57.0528136566281
45.6549728396177
60.3921526577324
28.3710530027747
52.0453159231693
48.9036601502448
34.4362664036453
42.8649399769655
51.2072507757694
50.758957490325
61.1047958023846
31.4306452870369
48.7753125838935
65.4660029802471
20.8633270881479
51.2461706418218
36.7836923804134
39.4299870119676
55.669024400413
17.1273742576869
48.2675384264439
53.8067444693297
25.3504086751491
42.2628632746637
59.6297239884734
40.5255279969424
55.2169862668961
55.5721640586853
37.1702142059803
42.6001439336687
60.4506823699921
50.6080933846533
27.0155725930394
50.4279713333469
62.1134515386075
47.0351374242455
44.9270142707974
58.6510722525418
54.0726880542934
53.4920669626445
58.5087653249502
53.9794410113245
42.7303261123598
68.885605270043
57.5915570370853
33.530742675066
49.0431610494852
36.4574532490224
46.0259812486391
54.6819570939988
39.009356326806
49.1492607630789
49.6202957816422
54.2027442716062
73.7880503450957
37.1541881586147
53.1186954583973
42.8821722511202
52.0311574917287
53.2789839431643
31.5998348407447
37.7074267715216
52.4957778397948
65.0375734549016
40.3343731537461
49.5428940746933
59.5863855443895
59.3248731456697
34.7033416386694
47.7986198849976
50.9981237351894
66.9488892424852
33.6900208590217
48.5392524881463
42.9695647675544
49.2464320268482
45.4326457343996
63.6942176148295
69.1118271555752
48.0979942716658
43.7859524507076
57.958435639739
56.8546878628294
65.3177099302411
54.0721155237406
33.8493911083788
34.7204708579098
59.972654748708
58.7679402902722
78.7050507920695
52.4079022463411
71.9622299937809
74.3143330286157
39.7942373529077
38.6331011075526
47.2222806662306
53.6691107787192
63.1660317070782
63.4067616425455
28.9641139097512
55.466515943408
32.1791339318421
37.2965557966381
63.8299123384058
65.1798485312611
36.623405009294
60.3517587296665
52.8981746174395
29.0271562989801
52.5325193535537
65.0766503065825
49.2975070141256
49.9767890054336
62.6832384616137
52.8442909941077
59.0148533694446
47.6159279700369
35.6996271714024
62.282550893724
34.2470342759043
65.9558473154902
69.5970253506883
64.6515920292586
62.9790893755853
55.5307172704488
44.9467189144343
31.9917812012136
39.1068167053163
34.5772071060042
64.3449827097356
56.8771732971072
61.7947394959629
40.5511781721211
59.8816637415439
47.7188191791539
18.6944607273936
69.5718987802875
36.2002039793879
44.1441650502384
29.5177519321442
66.5181330870178
28.3901080023497
26.9900486338884
37.1449691709131
33.0286108888686
46.1786137589166
38.8041667640209
40.8121403306723
51.3180176451849
61.3031283486634
74.1757327648711
28.9054047316313
45.7694786600769
56.7256557755172
35.8725069090724
50.9690436534584
25.1594802830368
25.2208101563156
44.7725862730294
49.5176903437823
61.7303584549494
50.8376690559089
46.8851631972939
53.7421422544867
30.2979770116508
33.014374930118
59.2628646176308
65.2115894015878
58.5518711712211
54.2777030728757
53.135981829837
59.0197860241066
58.8414990808815
43.3218410704285
64.1085298266262
44.3884341977537
48.5388627741486
49.1418571677059
54.7473408747464
31.2888033688068
56.6387393977493
38.5033568833023
52.7410940732807
59.1060352977365
47.5303173996508
52.0581429358572
41.2083264905959
62.2765365988016
54.5108380261809
54.4318988731815
36.9468592107296
41.7337731458247
45.9405325353146
45.7738920580596
56.5588093362749
45.7214352829803
30.4590045152263
41.6759206913412
49.2165050935
53.8536771200597
59.373909747228
43.1139946449548
61.3715992774814
53.0764653850532
56.8689407315105
39.545011296971
45.1498538255692
66.8788502458483
46.6711690183729
78.6169832530332
49.6888993307948
39.5590879488736
46.3694701494155
42.0199791435152
50.6952442228794
53.237421518587
60.2406547870487
40.9953206048145
51.4399750847712
55.3737876936793
32.2557807900012
39.614374474437
58.2549358252436
61.840500170365
55.2556382957846
52.8073761146516
50.8288587909192
66.3836103398353
56.5142157953233
60.8951827511191
55.488604074344
35.9912890225085
24.032996268943
29.6492614783347
31.9855478126556
45.6195166800171
58.3990438375622
52.4302741978317
36.4897935651243
53.240637374807
47.8820643853396
44.1084428224713
57.2935579810292
42.5457659283959
35.5828719213605
66.0678515210748
23.1426161214807
29.4232563115656
43.9005494832108
54.4391681440175
41.1717613227665
51.2802388672873
56.4979209564626
39.1437020873088
34.1923845931888
55.4484351538122
29.1505323563112
16.183589683608
56.4625234808773
49.1271342150867
51.1471589561552
47.1681484486908
29.2486602440476
39.438652805984
60.5481499806046
11.3543612882495
65.3510516975075
41.0942022223026
69.0044046379626
63.6290242895484
41.3983927618169
19.8221262865588
50.0406837556511
42.9652801249176
53.0950512737036
52.1709671244025
74.1518614753634
52.6873969472945
32.3602683842182
37.1088592316839
43.2939831633121
51.5802302863449
33.2227950450033
48.141644988209
54.2549049016088
42.8820727393031
58.5367258172482
45.0612744316459
41.6033474262804
33.0238608707948
34.3631897240977
53.5307032056153
54.0722229662142
41.5275125298649
64.4686000421643
37.6007702667266
52.4090362712741
71.8042789787534
27.4405820295215
65.8435742836446
34.839066490531
50.8826274890453
43.0688322521746
55.2741037681699
67.0666388701648
47.8024024982005
60.8321118634194
54.4672240968794
50.9575977455825
55.2595691295828
41.1891894880682
43.2353022508323
54.6521044801921
42.8774774074554
34.5198465976864
58.4671734784738
45.3514523338526
47.609849460423
79.9910374875081
76.4645276549173
48.6980765592307
44.7667119558901
55.8272722255733
36.7116630077362
48.4520578756928
73.5284874173713
57.5652611907572
69.4302218830737
55.1644720137119
65.3942306060344
55.1233276724815
41.553828632459
37.6554808113724
44.1161530303381
28.4476071259423
36.1612248234451
54.9893220420927
25.0085323003968
37.5393854919821
43.8906034797368
38.3672544267029
54.4019883498549
40.3357700910419
59.4122074078768
48.4212757553905
51.9187681376934
53.1120915897191
47.7563229389489
55.9595264028758
52.34773057851
59.3977832701057
51.8949392976863
87.6783473629393
53.7788853980601
42.005426203832
46.4378551580012
38.7084464542568
52.9884612187743
47.7834122721106
44.3771554329084
79.6689411583257
42.276427289471
66.4761546533555
48.0643147602677
47.8758303448558
57.4271651450545
60.0477867759764
46.0244884714484
55.1720573101193
52.4602186400443
60.158596932888
50.4242227583957
46.9148874282837
69.8761885943723
73.5695484200992
55.5247705895454
38.7050271499902
32.3863647943982
52.2920461371541
26.4380481094122
47.278763866052
53.5535021685064
53.4235995728523
24.4792575482279
52.6533210982952
51.8079625908285
56.5354004967958
41.1110986024141
44.5071461144835
33.6934427730739
50.3929938655347
60.2507094852626
45.6098810769618
38.4643690660596
43.729989403627
56.1761320008257
65.2123623527586
52.8122167568654
67.1990370377898
41.9554522153469
45.6549313850701
44.814801774919
61.5203951951116
26.3148267287761
61.576565541327
38.021627580747
42.3647022806108
39.1938253771514
53.6473992280662
32.0762700424427
35.2246273180847
32.955838051679
57.1392981801182
60.6680138889236
56.4189821687725
62.7594340126961
42.3029384674457
46.7616982292384
44.8916491121054
49.4583544321358
54.765035957098
48.134500393644
52.9842705931515
42.7647590171546
67.0800055842847
37.7618532627821
33.8459623613245
38.2260739337653
52.3315786384046
43.6637968297734
41.1561257671565
55.5656718555838
15.4175558026288
78.2019507740875
50.6244486012259
45.1367716904372
46.8423090409487
44.0900166984648
31.118304328993
46.1429118178785
37.7895215991884
38.3222116623074
47.0045659691095
20.3254536725581
45.6105906516314
45.6585175841718
25.5103766452521
57.9783967230469
59.395001642406
36.7758523672819
70.19049077806
38.351440737495
52.387921186164
57.6719284523278
54.2600346729159
39.1597586775506
45.2510458537579
60.2468830042905
54.8965914174914
62.9514996893704
28.7795798387378
41.4661614224315
37.3353251256049
71.3418157438596
35.5563072487712
36.1250077839941
43.1137596803999
38.8118293136358
45.4329449217767
36.1373087856919
26.1378998675848
47.412467841059
60.6725300636509
50.2069680485874
42.9805292747915
44.62133878842
53.0203988775611
44.1843129694462
31.3698992230191
42.001284705475
54.873483767733
53.6276810336858
45.5126952685568
40.5047267209738
51.3501684181392
41.7696769814938
45.4140184912831
73.470094237001
30.7526311751616
37.0886521413922
44.0000321250409
35.1969997398555
75.6212307098222
67.8159117233008
37.3649472370744
42.1208994463086
51.3983343727887
54.6551720704883
48.7517967354506
49.5425006840378
69.1468466538936
39.1398030333221
32.8398038167506
47.2371133703293
56.4077349379659
35.1942497305572
30.7493233935306
