"x"
7.3729395866394
31.9961574859917
28.146591829136
42.5670250318944
45.4339239868355
34.3237257562578
27.2475955076516
11.6678340826184
43.2331333402544
25.0612273964301
17.4922273028642
25.324185192585
34.237746335566
2.7581274342432
31.8036702461541
19.2705746434444
28.1902644392442
17.5154939293861
17.0759911183268
28.5808334127069
26.5868565067649
23.2789476867765
11.9370116852224
35.3801113553345
22.3387064373982
17.3228885512799
39.3988449388854
19.1954501667231
27.0367045886815
18.0620919447392
20.7838985623318
25.0796510372311
33.511204784736
19.5809246917618
29.5423890967331
26.9902853760868
43.6494120683905
40.7868731301278
32.532830350101
46.5392318367927
12.9816902801394
9.51690236892697
15.9337960969348
51.6798703465611
43.7573164701462
24.890526663512
38.798749787569
39.6372707560658
23.8157945244636
12.0643991511315
33.6991072888927
27.0749322604388
13.6527453549206
23.7778327188121
16.6735355823449
32.0857543963939
43.8550726044923
28.8413788715033
37.3855617363006
36.9159065652639
34.1555956285447
32.2919935961283
23.5952003119122
37.1217898253771
35.0616686977446
44.8981600347906
23.9352630706354
55.6246358901262
36.2957919947803
31.3850279897451
25.2764049816018
53.8786916527897
21.4961798395962
37.4116994440556
37.5341154305229
18.7392335991915
37.2948918957263
26.8564360681921
35.256770806841
40.4994092416018
7.41413156501949
32.4129227083176
10.6117151321483
12.0853243861347
43.2424320839345
34.7836921457201
28.1983087357774
26.5615289565176
40.0251923128963
31.7564564757049
23.1432944070548
28.9418405387551
22.7832024451345
17.4709840849213
36.0866007395089
10.0818692240864
23.5194272827357
0.355268083512783
20.5949538846996
32.7649132814258
9.58636314608157
21.6346427798271
16.1112965773285
55.9579262509942
21.8709463557428
27.2283307276666
14.413398783654
17.9766566492617
8.0123525013545
46.6993523295969
40.3634673220037
27.9400061579983
54.3884727172554
35.7108141295612
31.4012511633337
15.6188281362161
10.5585690270672
8.83579343033463
40.1210863143206
11.2188563216478
25.0756893772632
35.904545057565
24.5734443593041
33.8934402545398
24.956322588609
16.2174477684877
36.4782674702091
20.4787817585912
13.0101247690618
16.0173631706009
12.5732664514588
12.9356338234276
68.8302844762802
39.9014357477427
24.820125522092
11.1503184773028
19.9021399021149
25.9498563129455
25.3029097337276
37.1264804582668
9.94160580448806
37.0431381743401
22.71806017608
17.6210032310337
46.0471585392952
30.8552369009703
23.9548525112902
28.4734969270495
28.7450035568327
12.3406809289008
48.2373981270939
22.2287152461732
41.4759099298153
18.8307632758463
43.5676033425663
26.5754822537672
12.507040632109
15.7424923032522
12.2965124901384
21.4375525631794
2.06103712737906
38.363227667287
13.2068481761962
8.04298648319448
24.5814044494182
34.5235572671003
32.2184882126749
40.0709433015436
32.1750645991415
34.4734880811142
20.8957772236317
12.1718812613129
19.7661635931581
23.0986001435667
31.1094440316341
29.2586649768054
29.5930355321616
41.5665620472282
11.9973524007946
41.649059439078
28.2507158815861
35.7882463373244
25.2950857859105
24.7068088501692
38.1755081471056
12.685793126002
10.5338698343295
44.2015085369349
20.1431718189269
32.7415822073817
48.1943978462368
30.39730200544
24.9186009090443
35.469843290417
48.6836271360517
33.5228979587555
21.9350422732532
51.1898035484489
38.2050607851652
53.6011908203363
44.7872397955507
36.9748457800597
31.7091203760356
28.6011780146509
30.8786334469914
10.5017346795648
35.6137304566801
20.1423519756645
25.7369118276983
47.4491376895458
48.6744573380943
39.7906089953825
34.0909869410098
25.0665853761722
25.8338708048385
32.3384980671108
36.9874463882297
25.2791699578826
18.9294612624849
44.6559409145266
4.51336317501465
31.346527626738
25.264448300004
18.3995686937124
21.9755177851766
56.1105945613235
41.7868360877037
27.2319576836849
44.1337914206088
14.320507699387
27.5672980487725
31.7157198209316
28.2502775080502
15.5012162867934
19.3821666296571
32.8377817757428
20.2082112860573
41.7005587369204
28.885404833198
17.637344636023
38.8136526104063
27.3313387297094
9.67367859557271
28.875268281387
15.1487285238005
17.4544714391232
3.99436941370368
41.2218783516437
6.28306798516544
24.1074185352772
32.7883223071694
18.6448461332225
28.1780620105565
47.3556389566511
25.4912545904517
26.6030576983666
28.142766514793
10.1596047061772
14.1199589706957
16.8166843708605
51.8460859078914
30.9454412665218
27.1548285149038
30.3260895889252
37.7604563720524
22.8588198481576
17.5046327070359
33.2537309266627
9.83699697883271
11.304765753448
25.4753459344171
29.8758289776742
30.9987681768491
31.3451963942498
18.7207869719714
8.01527155563235
11.0141917913029
33.5561394225806
6.12362194806337
25.7749274373055
28.8893396500498
8.11772139048166
16.6982085909694
14.6394954994321
29.4625121168792
20.0478599784767
20.1648734509945
21.9417029991746
44.2355329636484
23.2145658694208
17.6306481007487
24.9458373786906
19.9124449556656
38.1056793499738
16.4578941256687
6.52139270678163
22.6956195197999
14.4831194586348
11.1675957217813
7.13572385720909
26.3967664446682
35.3017789311707
31.0740227811038
30.1374473939796
43.3984223287553
26.3813455123454
8.95035221383601
18.3468109928071
33.8088052812964
13.0250289104879
24.5103559922427
24.8132867781544
35.2318245917559
30.8323662728071
20.9630945953122
51.4573645312339
20.6677237525582
4.87638618797064
32.2202316019684
27.3334369063377
16.109852399677
40.5892405193299
44.2963181529194
22.8301491122693
29.9776709172875
11.2637621350586
27.2637561894953
21.9064183998853
44.464226346463
43.3643335942179
35.7934513360115
24.4867084572704
18.8948070448012
6.4353555906564
20.5088193226836
44.0347477328032
14.5355546846986
9.21594286337495
42.0078211929649
24.4999358073643
11.6911523044109
53.3990825526416
21.0500153971763
20.9586235118066
8.71631349436939
27.5664158165455
19.9191430194018
46.3725372683257
1.89474783837795
8.00621770322323
37.8186306450516
17.4493562596036
25.0224153511226
25.2571495249867
38.3168108761311
31.5958803053945
37.5747675714746
32.0378709118813
36.3934330176562
23.8402041140944
31.7005496814536
25.6604968974607
19.594605313614
31.5997977741063
35.1206390187144
27.1681071097959
23.3998313778688
21.4739922899753
22.1637828741223
10.3789412882179
15.5199246481061
28.8801830727607
20.0969868805259
10.9499663179584
35.6949854642153
29.8369065392762
12.2410337978968
24.5325430546549
28.4788669086993
17.9495539050549
0.394750945270061
32.2116684747829
9.71374362707138
30.339387897402
21.1575796348968
32.4712385423481
31.5810427738524
28.9360419523196
44.4164354819804
28.9618853013963
7.05015474778365
17.7929093129933
48.5870379488915
16.2025419081586
19.9619635939598
27.153004007414
18.4962818399072
46.1477856621111
0.570841692388058
26.6919588182453
22.9994800873101
25.4388145636767
40.0150179188286
22.8855409659445
26.2548133730888
30.7955832220614
13.3277431596071
24.1793133525817
0.0217175576835871
36.1162235494703
55.8467444498092
30.1838851068169
35.6070824898779
36.4210495725274
6.70840145557534
25.6129315492239
20.0365168508142
23.2184910681099
27.0920614246279
41.7036518920213
9.21510837184506
8.16125444734778
24.0534652024508
2.80547966249287
22.2295834217221
33.1176981238007
50.3424030262977
27.8726865537465
17.168552428484
25.9813581593335
7.30284815654159
15.6519361771643
21.1837723385543
26.6722208218658
36.8288582190871
8.74155309989443
22.4943413226217
50.4849368240684
35.5716932564974
30.5600317195058
29.7401362618764
17.7872134838253
28.5102113615721
35.0308599881828
41.2299524527043
26.1994986329228
8.23358302004635
8.36928092627301
21.7109606033738
32.4706499869223
20.617881976068
48.7903829198331
30.2481273479665
14.9972415994853
32.2421678807586
25.2029165222071
48.2854976844545
20.0833073351532
27.0040635485202
34.740508813411
19.4446363020688
12.5894202850759
14.8954254109412
24.2432814557105
26.9517286214978
25.5275442730635
34.9626545666268
37.8586352741988
21.4858554769307
43.9233744046115
6.74630283834437
21.1579041980888
33.5910706100763
26.5283188782632
26.4697795268148
41.096912805566
14.1785415355116
37.8921751544912
6.52560545178436
51.89283429645
48.5502402298152
31.9675030278554
23.3276529362743
34.3010790180415
12.4511411059778
51.7105845268816
44.387647183612
3.93124254016398
33.7187252938747
33.3106783684343
34.1348847839981
43.3439679443836
30.717327282382
33.7057372089475
7.47826159931719
15.8587985206395
8.47644326277077
35.3405525907874
23.0487960390747
18.8307857140899
28.4167482983321
9.37882388156877
23.5181469004601
15.1286034594683
6.75473501905799
28.2225788105279
26.0869729798287
41.1032837815583
32.36138750799
66.5212521795183
9.74531122587004
36.9611028581858
23.9485556367732
24.9314553124522
29.1420677211136
34.8988862708211
17.6262503024191
20.9980389525744
5.84014793857932
18.2924135161301
54.0593974292278
29.7312199138105
46.346806595102
14.2509994844089
45.6384898163378
30.3864339366555
33.3546610549092
12.8246869891882
35.0653673987836
48.2023041229695
22.2802184056491
50.2850322518498
10.5414442396641
48.5340772662312
16.8449069488691
8.43015528587122
9.49799036607146
28.8393321593277
7.1230156580899
15.9317388664931
29.9172545481718
37.3510432793112
51.7416419927031
32.2052215691656
35.3385713882744
13.5422749322656
50.2156346105039
23.0865694116801
14.9834879674017
31.5538248978555
38.7291741557419
24.2563028209505
32.3821746278554
6.36641085147858
5.77415106042012
7.83894835039973
39.8876262828708
47.0582687390167
44.9985311832279
28.8338121804149
22.1496333368123
36.4993150811642
31.11346011986
40.3385848738253
13.7284002304286
37.9328363976079
4.32322530683842
27.7159127762721
56.5461600665003
26.0953253600746
27.6600907091051
29.95790312998
47.9964422527701
50.9588041342795
39.1123551832371
4.42581339739263
6.23787748627365
2.06843931227922
27.258710982278
18.5161149399109
32.6235116006294
24.0114708663773
2.59953005253081
36.106737377122
11.4295341831557
39.4911439158022
35.8195163309574
3.99290006607771
35.3833720553666
15.639803186059
35.312301453211
11.9039579760283
36.2475308589637
44.1078735981137
24.2175545543432
26.8704040441662
26.0896386878835
25.9943867102265
52.6304662227631
23.5756239853799
28.7619507871568
28.9328755810857
36.917005199939
21.8854568367452
28.1917394257156
21.8517147004604
22.7255035191774
27.3989246226847
42.7901120307045
31.4418897032738
34.4274101778865
48.4514282550663
35.0162136834115
18.5194785610647
9.98011792035176
35.993324663611
51.3600465841591
22.821302851662
21.7566737439483
41.6877015028149
25.1428199466318
6.3563260984591
16.8647053197154
21.69324378483
43.3628034312278
40.6429701170088
41.2962335161865
21.917426539585
12.7073803450912
17.2292518895119
30.6479606311768
30.465088666983
10.5718000890368
40.3463031887173
15.750695252791
20.2442887704819
53.4666278399527
21.7959749046713
39.7277721203864
25.2469020429999
18.4111688751727
40.2861610208278
25.6091739516705
24.6563150081784
32.9130427704739
45.794630939929
37.7643158193678
31.1822542920709
29.5656130183488
27.3804806172848
21.5960700064898
27.8425854278213
26.9696261713619
12.2977978084236
43.4162410907447
27.8928306419402
10.7607912296708
21.5427693445235
24.7538920491934
14.4484098535031
25.0250865705311
24.5452515813439
10.148619974608
10.784398275579
28.1722248531878
5.31253582775994
28.1290715094656
36.2927593290806
50.9992535975049
25.7125594187528
14.3242900259793
3.23031591251493
17.0964130497876
25.4780978430063
14.1002374235541
20.4561413335562
44.7720986325294
12.2645505806687
43.3304304257035
34.0904075384397
45.8043929189444
23.8436800559394
44.4012793246657
9.28364526480436
41.727560851723
18.0766960144159
27.9601809614662
3.51231419481337
16.7077524587512
39.7291900124401
36.7733174003661
23.0072472710162
36.1696566455066
14.8379734251648
42.4744278658181
17.575731138021
19.1254038363695
32.8659805469215
14.4921187723947
37.5806835480034
22.3125661492291
15.8773839008063
43.2833312544972
31.4642409199458
21.5941874776036
25.1522363629192
35.7790145760901
16.6522770241146
31.1953445679505
44.8390039488931
35.2008824324758
48.6605746805365
16.5546892433882
5.64553956501186
12.9154060501605
33.4455578649027
27.4836330784169
29.7201369978565
37.9018758423626
10.8467783495247
11.7179011312259
45.8563649561256
21.4590954594314
4.10266420803964
46.5631353668869
11.4970129703886
41.0415888763964
20.1663824729621
34.6122740767896
26.238707216407
25.1157532911748
29.6388412209903
12.0996502401908
26.8424893729389
29.9703762400895
18.6508479062468
37.3730614315718
49.6048420667648
7.15703633613884
27.8147094883025
54.7543056309223
15.2428382446284
19.914290839222
22.7738562040031
31.913569585502
14.284764643285
38.6655297130346
37.2866736076613
22.2756311763078
34.9031572695822
47.5417355262735
35.0348671432585
24.3463192949517
37.6625598410827
15.7380631193519
25.2462326280022
42.6342199447656
35.0755133200437
10.3300185408443
17.2122440300882
28.7599588920452
44.1492951940745
6.65964219055785
36.777059963829
20.9084308656038
27.7066978832213
36.3020779564977
23.4003584965091
14.6924982061899
15.9862977452576
25.7534733973444
52.050684671849
14.8209542501718
18.682642839849
13.2923306918508
21.452732430771
30.2661798428744
31.8331563379616
25.0549322925508
44.8973088059574
28.0312966123273
16.1787450313568
6.67143620788218
26.4417719561607
4.46341780429428
41.17047698237
27.211602171883
11.2455328848779
30.7614929881312
33.391159074381
5.68359094186204
26.1180026922375
35.9496843535453
22.738216258783
38.9698223676533
21.7065564356744
27.6283374254578
27.6924811769277
31.1969155911356
44.7893089614809
17.3776316922158
20.4693824518472
32.0638861757771
39.0524194575846
20.499754115059
38.3172601461411
13.3474599391999
34.194029344461
33.3026258740574
24.2624405771494
35.4992963373661
29.1214411146939
25.6773623172194
56.4138372894377
18.4805658645928
9.7982875071466
13.435169775039
8.40234523639083
7.93524328619242
27.6781338267028
24.3383337277919
42.2197676729411
32.6617327518761
16.979947173968
39.6029647653664
24.9232311733067
44.8068278841674
46.6358828358352
9.64000112962777
3.93119226209819
40.6238005056452
22.2309421282262
33.279259968549
24.0022940095514
32.3145383503288
34.16311280818
39.7936680819839
33.5457028821111
10.3420589591774
18.7348105925468
44.6131780572082
19.5116097041268
18.5933039989322
30.9250419028103
16.1756763194588
9.10271950997412
28.8413237098013
0.125609215272119
21.0592054296285
39.1331053920077
25.9565449915025
38.9064430049041
5.89911662973464
43.1011122185737
31.7871755920351
25.4746068734676
20.525364484638
6.0446972027421
8.00946038216352
24.4233716554074
19.659131532535
35.7199794612825
25.0195108024701
36.5198703482747
12.526322051627
31.6135589964688
11.2685812450629
55.2720305509865
20.0302819721401
39.6977458999715
12.1699609328061
32.2521771769971
18.2772016618401
20.4192747894821
22.7131298205682
12.8819702989991
30.0781132187694
33.2607968908965
5.17845591530204
9.74335609935224
26.4402599539608
26.7323222011328
19.540652167052
41.3985954131931
18.3807336259633
37.0405379454768
7.76775821980237
27.6197354760711
47.3951136227697
39.0633628446968
31.3335097860545
13.4281426271547
24.6296361554414
12.9006565082818
6.08917536095794
41.2565527949482
30.3236394654959
25.133388582617
2.74405828677118
9.9508642219007
6.07764248216519
18.5925667639822
23.477256949991
15.5286244582385
24.2521327920258
28.8965066986564
27.964442782104
31.4892306458205
31.8481724827702
16.1310912575573
25.6019362791552
19.1453943029046
14.1858483660723
26.9713493370768
5.39191453717649
26.2522707978937
40.9984156955034
42.6815576904617
35.1364224331353
38.7988795256973
0.00650068877540222
28.8230582140386
15.0759971579595
43.3908389881253
23.2875279139628
41.466215858236
19.2184584547881
37.7217842234736
39.2899056430906
43.8014197408627
25.9714727755636
35.6202701572329
33.9093736750595
40.0244017022282
4.96976632079008
6.74493224360049
34.6815776079893
42.6093503832817
22.8186754272605
20.5496096052229
35.1045611114939
37.9026643000543
35.5536154471338
16.079952288419
35.0202215835452
2.1574029585933
29.9026541877538
50.4032526165247
25.233641685918
19.8714077472687
22.0884464616004
23.9608430769295
19.7092232294381
36.063144961372
16.9080967083573
12.0904098730534
28.1761507503688
19.6296523325145
18.7721539674134
27.0758964587003
32.1993589401245
29.7259130049497
23.4352582144302
13.3313057012856
26.2914161663502
35.2630177512765
41.6750113014132
47.3828325979412
2.51355282962322
12.6763090757471
35.1106831338257
21.8396233394742
17.9343945421026
25.8689891081303
26.8598957918584
21.1250035557896
11.5877645087676
46.4758553076535
15.738944336772
30.7226882781833
29.7910753637552
46.0644671693444
22.6169253107038
33.9780634269118
25.2102564554662
14.7709790617228
35.5784562416375
41.3438043091446
34.8081517033279
26.3638997450471
30.1695653703064
48.5582901630551
37.3284140221808
15.5023364982945
28.3247397281229
35.048668179661
39.4278098999814
20.681137451902
28.4160781186074
11.9564208667725
42.5684194080532
49.243920508756
25.8843226358294
28.7936686072499
33.664471283555
37.9919215105474
44.189895875752
5.272453459743
44.0818916540593
13.3147416099914
25.8879620116204
31.7051665125693
38.3387987967581
34.2380833346397
34.2496980403335
33.953336050708
28.6756242992958
38.6111914794082
35.6622007209808
35.2446663659066
36.9190228171647
0.975821120664477
50.0660307239741
11.5124716889113
23.3495498541743
33.1653901922495
30.1544320303947
39.5705387461931
35.4630989953876
31.7445418797433
21.5776694674777
42.3102395609021
29.8687585629523
36.5266092121601
25.4953481256962
26.3516854347785
2.74085831942605
20.0430216733366
28.6474809981883
20.3891273054503
13.0538609344512
4.20727925375104
22.6142517756671
47.3984386771917
5.34414262510836
32.9273901414126
33.0772020388395
21.3699218817055
15.1013392023742
10.5326104909182
41.6632612235844
20.2277512296552
43.4992189053446
38.0810859613121
31.9384580478072
22.0898112699151
22.2030194010586
24.2240462006754
41.3416768424213
30.0632369704545
40.0814006570727
22.0282237511128
30.1880994811654
23.8806928507984
37.254877098599
24.805569043383
35.5315871488512
27.0705216098577
17.276275344193
34.1015329118818
28.586217481643
28.9911055006087
19.8198596015573
15.4247066006064
30.9270423371345
19.9233676772565
40.9703267738223
26.4180982035597
27.3797820787877
49.8542485293001
16.3809681303761
22.8288225821255
17.0998178888112
31.6676657181233
11.8950146250427
34.1318680129698
24.0282311637157
37.0134150609374
27.6692307415047
37.1490065008402
13.0798242986202
35.560601670295
45.0554552723137
21.0638075172419
0.17619735377173
35.8461063355207
31.6150339785963
21.5497204568237
18.6737883873217
38.5427441913635
23.6038024071604
18.0954909845415
7.49274622966048
50.3064563816327
5.6444692718556
32.8293753787875
10.3503369726241
25.7363200187683
38.8221730478108
17.9930178448558
20.349982008338
29.6485055253685
51.6434525307991
34.2722299494865
39.5207168534398
13.2959284354001
14.8409362806787
24.7440642162268
47.4918393883854
28.3823548186437
19.749976184329
1.5590466093272
18.1232651695609
35.0438060160789
13.7649087700993
17.9960017558187
41.6269374895527
29.7579674981534
18.1539230514318
37.1732037048787
26.9444653298706
49.1644144058228
20.1524533797055
23.835536507075
33.3265385124832
18.502559169502
9.39032727515683
30.0358123614091
24.0781384985894
48.7904080655426
32.2130806744099
18.538331752643
25.5650233477354
50.0938485376537
20.6385987335816
18.165215779403
17.9150321986526
16.1895105615258
33.4140135440975
49.1005510091782
32.9192087519914
31.2131932005286
17.2518490107455
38.0688936394862
37.110041270462
19.0194349046671
31.932476349175
30.6435526696406
40.72916495666
19.5390549022704
16.8322740122676
8.70310543105006
16.0446135839893
21.1623762734234
19.4986520335078
36.8412530515343
21.1415899451822
17.4462039023638
16.3780643783562
25.1428294461221
5.15995346941054
10.8251932753331
37.3552007600665
35.0540162064135
43.009626166895
30.8709308505058
30.4058355279267
31.5189294062519
18.3691064379
20.0027836689017
22.8445379702885
14.3758579808705
11.9351389817894
36.9533728808165
37.6435618381947
38.6847355201083
36.8103429661776
48.130922857672
39.7681846749038
8.8719456965354
7.60583538470247
10.7880735769868
41.0194933567326
20.0933474347812
41.5855831932276
23.0538723990321
17.4287213012576
19.7304902132601
40.3469556880665
30.1496997472718
10.1047101946258
30.8089661411941
32.1198092773557
39.3572575412691
21.1067551746964
34.0086395386606
41.4948705583811
11.4853916037046
35.4530773122948
41.5259005854204
47.2360907588154
47.5375954129802
2.26917588151991
14.0278448816389
0.528632057830691
24.7984280747866
43.9292554743588
23.5428392040076
20.9674061276019
26.6792959153514
32.3277411982417
12.8364033065736
24.2824265733361
26.4299302361906
47.7808827068657
26.0649484582245
10.5014487635344
33.954521920532
26.9043926149607
4.24228866202476
22.8469265624881
23.7948874011636
34.99521793309
15.9036011435091
25.0982807949185
25.7897464945738
18.7577354925151
51.048324489966
18.7384081264302
38.2592231500894
24.954130128026
25.4235978508697
39.585140440613
34.0682544988354
31.8966440856457
43.6528797727078
16.653130762279
37.6758021302521
32.740744901821
41.0027432721108
33.2445973611594
37.3004157561809
11.638301471797
21.5383053958432
29.9131081905216
23.4572479153609
29.6124802860129
19.312294665724
26.773994484928
33.3328690379858
35.7059122163326
31.900189910084
20.3506394463054
37.1014973614365
35.9846127685159
49.2359130177647
19.9655280879669
13.2026304373903
29.6631702687591
28.4258794505149
9.35045516069587
27.0674447063357
29.8613679595292
18.2819982670011
27.984652062878
42.9935860913247
30.8316135779023
33.3897903561592
35.6332737486809
13.332771772317
2.14658058124378
20.1438815896959
8.88928590184335
31.9838679861277
30.7216735661679
29.3961019735754
22.4018110533609
8.26155420522413
22.3880785517395
13.2300384441141
26.4448675327003
22.9586024302989
48.8057840615511
17.1553355176002
1.70308351516724
49.19628133066
23.4328527934849
32.555531617254
17.5144263077527
32.4474266264588
23.5052088275552
18.5540396752202
32.8298020836604
10.1497803814709
24.6366125531495
42.7298212889582
33.9467570651323
2.98359753456379
20.3497386537492
40.6367051162079
38.7229585449844
12.2470707632601
18.4179004747421
28.2705748919398
29.5380116170519
5.01096428500837
43.5926991514862
35.9974947758019
17.9022421125672
41.1745873745531
9.67326034369414
43.6124679299736
19.3318642973899
22.3015783997435
21.3456375524402
13.5849180165678
30.1604754356793
33.0246150959283
3.66944056004286
45.5189533943182
6.35325205512345
17.3695479054004
18.8041007611901
9.49724446982145
19.1000882536173
31.4522936989826
8.98138610646129
55.5024583358318
27.6574281044304
11.0848677946837
59.111973106242
19.7521578958134
43.3283396535684
34.010810079053
43.8572910614312
39.5124035421759
40.9143486060202
30.8455020654947
14.864582962965
23.1556831669559
5.66410049796104
45.6858153454959
27.1253268536185
24.7652303427458
28.0546347570419
26.2574303895235
30.79638471745
5.87748745546983
38.2215368980649
37.0573644991964
20.9105408750474
7.21435961184607
50.6238045170903
11.955068352774
17.9027653579458
35.2475051302463
35.9283612575382
28.1666287221014
16.3022915367037
33.9061584966603
17.4871460534632
28.75019274652
15.4509830678372
18.6576277838647
16.7449187021703
37.6147831324488
14.825887652114
50.2603798639029
47.1280148718506
42.6653364059048
30.7017692830414
18.2683671358973
39.6162701294063
19.7449975744318
14.0290929301003
29.2624310124665
26.113653184784
41.3438843563199
3.34796701164428
9.8026585765183
22.2082344815135
11.6842728598739
30.4690624398248
20.4719590488821
17.7878794260323
15.0904533453286
24.9801143729617
19.3440977018327
46.9974466684514
2.96577315540466
5.69602007727374
39.8318919938337
40.1273222864957
34.2826353386045
0.510150655428545
39.9865861050785
25.8045592810959
23.8794363618242
27.5499264539062
22.8671896277825
24.579845322296
11.1650789622217
25.246600061655
34.6026840154082
29.6044945716858
28.1180783640593
12.9247630946338
35.0426038202014
12.6117509699155
10.2201654284092
40.6596079468727
27.1600405685604
34.2354611027986
33.7617915123701
46.7130931094289
21.7614324310523
20.1221121009439
4.29843212295017
24.4780315086246
15.9492470381552
24.9801986002651
21.5264624450356
16.8018992031211
15.6986224930733
11.2186712501327
40.6687061302364
28.9472027681768
48.6332600936294
18.5458863619715
24.9160703271627
28.5477277357131
22.2252385903321
19.9982692532808
33.2315271041047
35.5862718425886
28.4237960819155
22.2688758379379
14.3671714235097
37.5479004980244
17.3354823607951
19.8499247897416
1.59446564503014
32.1603217095634
32.3075809050351
12.9910527423361
34.9300640169531
42.058327934333
31.5225287799346
54.3186212424189
29.5463207801311
18.1094581261277
43.2034018915147
10.9116645064205
31.7434177799787
11.5423874463886
30.4372493402916
32.7440042210563
16.1224376875907
37.8321294672787
40.8134172670543
23.792227730155
28.7227910566265
4.08820481970906
9.38468119129539
25.4898302257061
28.6926243919879
27.4812343064696
13.718564203009
48.7489197868854
24.816392082721
36.7241467814893
18.6167592728313
11.8415531389449
26.9544535782188
43.3506798930466
20.640931231901
15.418543945998
25.2623236272484
24.1470864508301
33.4563080221415
26.4247774612159
34.6823931206018
31.1305715236813
45.6063171848655
10.0658220238984
35.6339202722889
16.9726826407963
40.9347312990576
25.1593051943928
45.1333280652761
15.36863271478
14.1320316120982
18.1778231816845
27.5032997583654
34.8594384363529
36.4667910151184
38.4317688178271
15.5870243906975
48.7761311233044
1.0587466770934
40.5721506103873
14.4019869156182
27.2677720058709
41.4604814257473
27.3274681534683
45.786134682171
25.5521694173834
22.1918675582856
23.1324009908729
23.3675650786608
24.026752403006
6.86989058740437
34.2819518875331
21.8115240335464
38.1128116017338
3.59568744897842
38.5444060899317
22.3385811212436
40.7496704254299
55.9396359832532
36.3830035012558
39.8547542281449
36.9237913284451
34.2473578173667
37.4611517173956
31.4821323845536
30.7330603245646
46.4197253808379
52.3719358723611
25.3344294149429
50.8157083299011
0.771515490487218
38.8520510867238
24.2384774144739
32.072937162593
16.8970902450383
12.3887216672301
36.6406341083348
40.861381450668
29.721517348662
33.9789293052163
51.2429855763912
37.3479595407844
29.7501008026302
55.8996037580073
44.0434656571597
35.4017397388816
4.77793383606542
33.9055736083537
25.4532975610346
30.0115832593292
11.7486463240925
27.7721444610506
21.9038122799248
25.8974426814096
42.7038187161088
3.74677559513672
21.9832652320027
14.6229982864472
32.2740709975079
28.3733178395778
30.4196624082133
19.3331812974066
30.6307324208319
35.2159208152443
20.8962218370289
12.5176029279828
44.5855096448213
25.62166294083
23.1281752698123
29.093021620065
46.21318182908
12.1564316918727
26.0873876512051
19.537017849003
22.5621219821883
45.3649926465005
43.5893994290382
23.4746432178166
19.8552858550102
24.576924322173
22.2973656466547
31.4791165849721
45.8402919583023
11.2728221807629
39.4083424005657
47.8933338075876
28.6898845341057
31.0436809540874
30.9699810110033
16.4356164638692
35.5260655283928
28.8413325324655
29.1890499182045
41.9050870153353
17.9591706953943
44.0411237068474
13.1479034766846
11.846675059525
27.7771085966378
43.8787364400923
42.8918121663488
33.0353371333331
50.4291765857488
27.705748998659
10.3025349379732
38.5470603127033
16.4317063055933
19.8641604879782
15.9155909600119
9.53026856295764
23.6472698394209
32.3845688597792
19.9696442031762
16.6544513441247
43.9446040429175
36.1927605234087
25.2019886858761
16.8700418189937
32.8204274669802
36.0499786678702
11.5527632629742
38.7049066601162
8.24797712266445
36.9806056842208
25.7110320031643
24.7667817191696
38.508757436648
26.1874073983471
34.2138908803463
32.929710811004
53.2618331257254
25.2007208298892
21.2951266672462
23.5397940779357
35.3702480304282
6.191289193229
30.8643527137742
43.5362421907485
37.2062870305635
16.806965181604
11.9229277130216
37.1184163261205
10.9386483729128
17.9239953347325
18.2868300005794
31.3908419106156
8.22970435812052
31.5041980363625
21.9657203648239
25.6695088930428
36.4465026650578
20.7914371974766
13.1034641060978
43.7204364221543
50.6235250737518
27.0311118930424
35.4759824586284
19.4217468372292
30.8969538284005
36.0871964599937
29.3051492515281
27.8133790818285
39.9001556975502
16.2904660461891
7.9916136218743
50.2660939004272
28.9501792751253
51.6832172870636
2.95832455158234
36.086758133024
27.5028244768775
22.7116831578314
18.8913580030203
29.2267279996945
15.2487013622507
21.7785826205966
25.1244249287993
44.4629731588066
26.2680583633482
16.6640238836408
27.0987638150733
10.9358887188137
41.2435626145452
39.8733958601952
23.2815838774482
30.8927084319293
35.8158473856747
30.0399527419358
38.7571596074849
29.8035141546279
49.0363320335746
25.373614160344
35.933179454878
30.304745493252
21.1312543600798
33.5960435681045
11.7324082876787
33.199685998261
10.8326957025544
36.3060798496008
12.7064594067633
21.97428541366
22.8930022541503
24.9252336099744
44.531253632158
0.0278238672763109
4.88303040261784
31.2176888342947
28.4675197580087
33.4945930633694
17.9841053672135
19.0227483670819
18.8771626912057
0.573216732437289
31.8036724813282
22.1220648722738
27.1683569513141
30.3051269613206
35.9552810899913
19.8452232405543
22.3541539249604
52.271135430783
58.6955529171973
2.14858396130412
22.4358566525227
23.276364710182
30.2827891669263
28.2894527969527
7.06926789134741
13.3768126368523
39.1425413998859
36.5893532056361
28.8467165548354
29.1412486229092
2.44490834884346
25.87706791237
14.6731950641292
18.0534924380481
29.8876833086496
31.184668559581
23.8382465475941
38.0462958011776
5.83110022433364
5.77329502116849
40.2972864918411
32.8369062859565
28.0488861749958
9.87649025602215
11.6522614844143
37.8294367808849
33.0944996424476
4.90045533515513
10.9913641121238
27.9314390849322
26.3901544734836
12.9449255764484
30.2786190528423
30.0245312042534
36.6679771803319
34.828481497243
37.0408888307097
24.5488504413515
24.922209745273
39.6023977547884
9.10247126594186
15.3285992628306
34.3689680565149
23.7341698724777
41.8318320531398
5.78381720459762
29.9666598248252
10.6028301641345
19.3952636327595
31.2083223368973
32.5147059018408
43.8159749377519
22.5538433995098
33.1527761183679
52.9001565184444
32.0687142666429
36.957286316699
10.8135508800657
48.5428476706147
25.5725980808786
32.3305446862705
26.3947825883174
25.934716174379
27.5425916743621
33.8175037807801
25.5938913207501
18.9615991834275
28.022731654346
32.4674640677876
38.0186270456761
8.54638940654695
11.0382386944929
29.4413809031531
28.6008046474308
9.55228726379573
26.3734820764512
38.4401657046593
28.1552478671074
36.8449877947569
42.8380580153316
28.8321246648463
31.5923258662224
15.0850838515908
32.3196071200073
32.4976278934628
30.3281262051314
47.1625045407563
22.5059621083164
14.8783839307725
9.27872417765927
33.3188444841653
19.0861287431391
43.5399040579796
20.4412636812776
37.9492680648296
30.8288721833378
33.7427574209869
43.0439983960241
9.59471380338073
32.422594493255
31.558541348204
23.6024617683142
31.4605220220983
6.56203823164105
26.6353677696532
40.936909802258
31.8762842565775
5.99769670516253
17.4571042880416
23.3346607536077
19.5574598386884
18.3241685651536
42.6815641458979
43.0888902861625
43.2006225455552
35.9691103920341
28.6684401333332
24.8318468220532
18.264586944133
36.8417685620163
11.2681752626823
44.2005339544266
11.9634440168738
14.1392074525356
25.1628907522268
34.9178948905319
39.5559680119472
16.4691862184554
27.2681880929405
31.5751404967159
13.5392112657428
34.7678110003471
44.5390737615526
52.1209471859038
13.1942229741568
26.2970365118235
12.2944184113294
49.1963201202452
33.868364058435
24.1895530461241
22.4608046002686
21.9093129504472
18.7489733099937
40.3720514543866
25.5018307492145
9.83040379360318
28.0198013364502
26.6052810940892
33.857540880051
29.1433975566179
32.7129210811108
12.4314910266548
28.6437589209527
16.8817551917817
32.1883201599121
24.2206579074264
18.5099490461937
24.2621392942965
33.3870348495128
34.781139716506
8.41900655068457
35.7391677796841
32.8853871673346
22.5627960637212
32.4194624088705
7.5025524944067
15.5763717833906
29.6996435217823
43.5506631620228
15.8203569240868
7.19436599633286
11.6540799848735
10.9331579878926
38.9360026456416
39.0004725661129
33.8491878006607
26.0771380271763
11.8393002077937
19.0688117872924
11.4267182734835
18.1754969991744
41.0931264050305
25.0944736879319
54.2114764917642
26.127190515399
28.3400889486074
33.9222633412874
37.1988523751497
57.5688839424402
15.0288636796176
23.8982463085617
31.2927642837167
10.3016384715526
46.5175776276737
4.9560038150379
50.1640513539314
34.7141091711819
21.1305480450392
42.3358225729316
35.3856155648828
32.2959777899086
37.0441867504269
16.0191242942805
26.9750405102968
48.5550069316982
23.0827150479935
12.5738895963877
0.795860216021538
31.0107702389359
24.073001742363
37.8657702356577
30.8092941530049
48.8391130498187
19.0293080639094
19.0235596217451
12.4064095318317
18.2076872792095
29.2649471997246
26.4067507814616
8.50918353535235
15.6606623437256
20.0234270654619
19.8678814340383
38.0248750094324
31.6405108650972
31.1268619765321
6.4386157784611
6.79563628509641
39.3000960511326
25.5216048099101
16.5867475792766
49.0744714159518
10.321383843268
31.2179841566831
43.2525727897882
28.4454413755237
15.1134377678335
33.8820207977606
26.465405896306
45.5329080461279
24.9842815022554
28.3086005132645
49.0455693565309
38.110564276576
41.4160935208201
15.997152775526
17.0125767122954
28.7941297750843
22.8819801940216
18.0756701156497
35.5470012873411
40.8817818854004
31.9779917237094
30.5138919419365
13.804523833096
26.0807410348207
24.7597434557974
42.9429739713669
20.7369013689458
15.1222229003906
39.1217608936131
33.2774063572288
16.7942203488293
27.9807625542442
9.38197607174516
