"x"
47.6534384302795
31.4248886425048
33.1024869374795
53.1913633923978
70.657360339435
60.8032005373389
56.4003863371909
49.1308350581676
49.3008540943265
10.1137677207589
45.2768586575985
60.3512084111571
36.5557529497892
53.3345361240208
57.4033181648701
71.0069209295225
44.3061669822782
49.2721774053359
50.3612674566716
60.58708159253
52.752128848806
56.3733758678882
42.9104900918901
44.0897451713681
34.9356519989669
62.4639787245542
41.5028165266733
55.2458093967289
52.9511168599129
54.1840423364192
44.1347703803331
61.7608606349677
43.7594154603898
33.1094180699438
40.0975091382861
37.1472792699933
28.3757566008717
49.1733926814049
52.4584528058767
45.0738920302864
54.1039100879106
37.1333705727011
55.3787788773186
29.7671526204795
40.2851182967424
64.9266404368211
33.8218309450895
47.7801908332773
29.4289488345385
44.0245760604739
33.9280692394823
57.3285527061671
54.5996917411685
61.8886672891676
50.1718043815345
37.9612025804818
47.7874408010393
35.393165005371
48.0159148775157
36.7749681442932
68.6432216316462
44.1435071174055
68.628390179947
50.6585907091583
64.1923395451158
60.1057962048799
54.1590421460569
37.2447456233203
22.1795718020108
52.0500740967691
48.4707324299961
4.87687262661168
51.0565557982773
53.1330459751189
68.5466801282018
44.3141411058605
51.2256023939699
42.8548761177808
41.2391308229417
33.0442480258354
43.9347164929883
53.2767401076853
53.5607418976724
33.5888351570857
54.5354242436588
56.4943790649001
39.940164797008
42.2042789403349
47.6186376065016
20.3441761022282
58.6407832513506
13.406969312959
43.7417730115605
66.359683778137
35.3143107611686
21.300510270521
60.2859826292843
37.6474009361118
31.2448829878122
37.2117118444294
54.0285049937665
54.8185182735324
65.0223125703633
49.5968685019761
53.7649367470294
33.4229101892561
40.186991077251
43.9977614209056
43.3357143308967
56.1337735038251
43.5144184622914
50.1181585714221
37.4708172399551
35.130667919293
49.2738047614694
53.2823184505105
46.9323167577386
45.8970957901329
56.943491473794
48.7387016415596
34.9085277877748
49.473005020991
57.9291288275272
51.171664847061
30.6193720743675
60.7762256171554
35.2518718224019
46.9097329769284
69.6055825757694
50.4606092814356
52.134108915925
28.8384542334825
41.0554792824819
73.3467168340649
58.8201818056405
24.7215836600685
36.9009522267435
31.6300444770604
35.8810069970787
30.5431220923503
56.8757046014071
57.3286028113216
55.6825855746865
55.887476913631
41.6538001969457
72.9200318535389
69.9678067220197
56.1107274144888
24.9676797181521
31.7362781614065
58.7461567483842
48.5919633414596
39.5688978489488
56.5750019624829
23.8560769241303
56.6819604351066
32.8065858688205
60.6240866705775
48.1654165312648
42.2284460160881
47.4450204987079
48.159912135452
45.6232879310846
30.7588338386267
54.0487167425454
66.548291919753
54.6418307349086
49.9036229466597
41.3859454220752
53.5740865860134
45.0148247182369
51.2303082738072
43.0625655222684
71.9393414379182
42.7433590404689
60.3637508582324
77.8818806787006
52.2051286883652
36.9034164585173
40.6755206175148
59.6697872504592
59.3077663797885
24.0357623660437
20.9376342128962
56.1604742435689
44.2441578488797
65.5067359562963
42.9070738180422
21.2110450491309
45.8014473319054
37.5981548420584
74.0149242122882
58.9254961814731
43.8053973484784
13.7889170087874
58.3190202713013
40.2622149325907
67.7031534723938
56.4430929720402
77.7846002574287
44.2649189848453
36.7814066819847
44.4697285071015
36.788321504501
32.5680794194341
74.4023970660084
46.5329012487603
23.9013488870114
62.1706695761532
22.670546810243
89.4074737052334
46.4445051271468
46.6631462797523
58.7543330155313
27.569247270003
43.5352492613436
39.2712618224323
57.9530506156467
52.0317488076798
45.5898265354335
34.8092258442193
68.0330822244287
58.7088725529611
36.3713060088407
52.3533900734037
48.8105082884431
51.519161881879
38.5108138434589
48.6580415163189
64.4860941916704
67.7039492409676
50.7678108755499
43.8654085417787
37.2830253560096
66.1450011190027
57.7936738263816
53.8464354816824
51.7187805380672
42.8680128417909
86.0492249908757
73.3771072038825
50.7239083293825
26.4358761720359
45.2471006195992
47.2046468872577
43.9504626897205
36.3099836744368
63.592371577397
59.9581735208631
71.187564968705
47.618380934
15.202282788232
19.9273536913097
56.9333067163825
34.9224160425365
56.1058402992785
41.091365923623
42.1006032731384
48.8068419370894
52.1321930543561
57.842307527494
43.918619298053
55.9366672765464
59.3972001224756
42.9359535686672
59.3115161091729
56.3322952948511
52.5195917580277
35.2491328027099
55.5885335896164
50.7660682313144
38.3105981163681
62.4978994950652
54.7639413736761
50.360044836998
48.863846808672
37.7434271853417
46.2342621685809
48.9504185505211
33.1619517877698
23.7899724570204
28.9564514270307
45.7911658566445
62.0849843136966
48.8777451682836
32.9443315975368
49.71978738904
57.4480885639787
45.6754285376519
34.5112835522741
63.0451963283122
72.3077344666136
35.9314073808491
68.5555411037058
65.0765056256205
23.6957996020267
32.5733198097719
50.6683230865747
55.4691170807928
60.651593003422
26.8684040123501
42.4913186114281
47.9296145560375
53.6938237957656
31.8592237774283
41.9156111311167
51.3924747239798
40.7767605502158
57.4266629293561
47.4790879059583
59.2371645849198
61.45951282233
44.3831172306091
53.7464402150363
63.4894709102809
68.4564231429249
64.4603289663792
47.6306213065982
75.6709521594358
40.1953839231282
36.7156412452459
53.6783728355195
26.6618490684777
42.6510939840227
64.0500041190535
59.9412246607244
53.6125970538706
46.5271528810263
60.9944619704038
60.5477599427104
67.361758556217
62.8373181913048
48.2283455785364
46.4004708454013
57.993276988306
51.8695257604122
46.4980423916131
54.7680516261607
64.1039611771703
26.6571491956711
64.4812026526779
36.6804834271782
31.5228953491896
47.3396908957511
42.6133522763848
50.155494781211
38.8471368700266
34.5961450599134
38.5188473042336
48.8200865220279
59.6116877626628
51.7271223265933
41.2700806744397
44.6277558337897
57.4686855077744
71.0612264505318
47.3395380657166
63.6011486407369
42.1347327530384
54.2577204294503
51.5484628267586
56.1543540220627
54.4231080450118
51.3934878166765
36.5580899640918
64.8361989762634
36.2762089353055
43.9374959455847
50.2144750207663
62.8660388756543
47.338155657053
44.3419159855694
31.7677472252399
41.6455777361989
51.4325057156384
18.7906921375543
50.7542958017439
54.5082398224622
48.8855146120232
51.6952271107584
43.2970040012151
51.5176232904196
42.8092697169632
57.2607289534062
54.1586137376726
45.1567537184424
50.9515206795186
36.5052891429514
30.1372282672673
38.643483652998
41.8740017805248
47.7214077487588
69.1258480772376
59.5879616215825
43.3942188966889
65.0167093612254
41.7084842920303
41.5284377493589
34.6818678546697
65.4311592224985
56.7615344654769
45.0785311404616
45.862587261945
31.6710328683257
38.6178059291075
44.6905653458089
42.7440996747464
49.8622227460146
58.4237284492701
21.9198236241937
47.5899539225717
44.3636727053672
72.7747249374998
45.593881001696
47.8158515987069
52.2105970885605
30.3767305333167
50.2085000276566
62.9743728321046
50.9628669824451
43.6051276512444
54.3597277719527
40.0535354856402
19.2471924703568
35.5969072785228
50.7345803547651
37.3259335756302
61.0118403099477
50.8322509936988
41.7545321397483
40.8315472770482
52.5392706642534
69.0335095860064
46.5108896140009
67.0115648768842
48.9397657569498
83.3727695937169
46.2874745484442
49.9108054209501
37.0685246773064
61.9260144419968
65.19237565808
28.1488632783294
49.7215948998928
59.4983641058207
60.3122972417623
44.1279526334256
47.9722741059959
45.8656131289899
42.2802509822811
66.432360233739
57.3834099341184
46.4684795122594
64.5292801782489
64.0346390660852
61.5543258842081
53.1056808307767
45.0245509855449
37.8654534928501
36.4966011140496
56.4222551882267
58.1946581602097
47.8025538381189
66.2319533992559
68.7247933354229
44.7434490546584
56.5461138729006
76.4780264002117
49.765884783119
81.5560751552594
54.1409808981237
47.7248279377818
56.0540563426912
33.6210002191365
54.9220060463995
46.3469034992158
65.8210984896868
40.4702162370086
57.7370543520602
48.1663558632135
72.3112205001426
65.4255864676088
68.6124544590712
49.27275525406
59.898941591382
58.4286916535348
41.502248076722
58.8075807783753
31.8038583733141
53.3696362283081
38.0357450715957
49.429373908788
65.8729559276253
45.9873514249921
56.4164386130869
21.2285553105175
51.7447248566896
42.3802080210513
30.3169769700617
68.7842317391187
61.7722596041858
51.7777665052563
32.7263469807804
68.7633608002216
26.9205110613257
32.51892644912
39.8933935910463
40.6600582698115
49.17066488415
43.256451189518
71.8527924691774
48.5700447112322
61.5556593984365
41.1587492510935
46.8435209710151
48.9607041272639
64.1936594154686
36.0785763245076
66.9160462450236
64.1191616654396
46.0237547755241
48.1699180789292
56.1020056251436
30.8933798084433
54.239663342014
29.641549857452
61.0059514641762
50.0260749831796
51.9182736519724
58.1751056015491
63.4106460958719
47.5339959841222
59.922798583284
42.7645775045268
44.9161981698126
39.9341240059584
46.0799540858716
40.1731205172837
40.909117506817
51.8191318958998
63.0029778461903
54.4416065327823
48.9834906067699
36.5253569558263
54.7633389476687
56.1885299161077
63.6562632753443
56.6358257550746
60.0548874121159
36.4498402457684
52.4226262234151
34.6052388194948
40.701260365509
48.8032359164208
59.2720418702811
57.1376434527338
63.0250218324363
57.8525641001761
63.493825821206
31.9494757335633
52.6893793605268
52.8374350629747
41.3480484858155
30.070824581444
47.9240275919437
57.0086837746203
41.4392249193043
47.3703300750464
57.0490988437086
61.5569549612701
39.3402466550469
40.2094749268144
30.1386282779276
25.2819526474923
51.1871828511664
46.7289805877954
54.0772843640298
64.3589063547552
40.4141660779715
30.3266851806909
41.5767572354525
63.5432098526508
58.3967211656272
41.344257351011
65.6138694379479
30.2646403536839
37.6158785540611
25.3612399997629
33.5931880899709
44.0801572985947
63.6108089238405
21.4716065866853
68.2381999213248
33.076401552795
40.9141555428505
75.9143921494992
43.6166726518422
46.7704681425001
48.9047072692939
56.0530318037903
65.331560652703
42.6567845512182
61.2579336389899
49.543314659968
64.7408035118133
45.3113953863957
53.609816217795
36.3578104879707
43.6343385837972
52.5582925416529
57.9908415209502
65.625495556742
67.1714743133634
62.656674394384
20.2560859266669
46.7553236056119
50.4728527048882
31.0534624382854
37.5525152311234
28.5459421879595
63.647888135165
33.0369777522373
47.2344594541937
48.8518994767219
45.0070740189403
52.5340272113681
70.2286245259357
40.0481588207185
50.216191355139
42.6239052787423
50.6904644090986
62.9325323738158
46.445615356788
39.6734638139606
62.3002659063786
41.0103962756693
47.5539088166113
38.5169539134949
51.0865627322346
49.8466876335442
53.5888748709112
41.7587386139498
47.4357549566776
40.9083650081494
43.9414104446769
40.676676676663
38.7464040113253
53.3488933928311
59.9845261778682
54.2631772812456
63.96923372522
66.0674731247127
34.226499684155
62.4538366682827
29.1600075084716
70.3774564197652
42.3601696733385
45.7023347727954
41.9775408226997
35.9391977544874
60.4378518182784
20.5901114038127
43.7084961682558
55.9631795883624
53.3848896622658
67.7839162759483
56.3348316689241
70.0457243852779
38.3338952437043
43.7737280502915
60.941123822704
42.5994116842364
57.2166921105236
46.3309484315079
55.5049632675946
60.1044206414372
46.6603003442287
57.6093211770058
57.6055372668545
56.8732435349375
46.6006954666227
53.2108735534852
74.1869976702047
46.4537417855236
45.6542673055083
38.7703123036772
47.3391400184482
35.1890488993376
44.0105749294162
46.9091251958162
48.0011524632573
46.3782047852874
42.1350879594684
43.6721103265882
42.2922140918672
53.5400833934546
63.2371227256954
44.6712729055434
73.3013970738534
50.0163118354976
54.5877530705184
34.7623618319631
62.9936706274748
37.5085901003331
46.4912680909038
30.92344221659
43.6142865568399
42.1522373591153
60.2187590207905
27.1578693762422
40.9827264200386
41.6295793373138
34.4730980228633
66.7021113913506
23.539574816823
51.0730704292655
63.7134918011725
33.3259531762451
21.4711003005505
35.1313544437289
43.4478149283677
51.9152808612089
38.2965860422701
47.790404362604
41.2037908099592
51.5707368496805
52.9707827605307
61.8940895888954
60.4301257990301
42.3206395800512
43.5839102137834
53.4815045618718
54.0342471096665
50.6158126983792
49.7212905436754
61.63958045654
52.681301508544
77.3637400898051
51.7832552548498
24.3838507216424
60.2639808319509
55.075865238905
34.5407510641962
46.4229713659734
57.9475616104901
46.3155082426965
60.4272963944823
71.5074698398721
69.8541255625797
58.7206926196814
20.6651199247618
50.0683703255777
37.8658024544814
49.4124041404575
58.8334684725851
58.1922953948379
53.0473674181849
54.4190565589815
58.8822107296437
64.7472606506199
76.0714173904259
51.9155231982827
64.523904863745
88.7912587806639
54.5673291198909
56.6990259103477
63.2283878047019
56.093210959807
47.6540172006935
35.8518394812012
57.5696886982769
51.0712384889846
47.031341958791
46.4821302331984
44.8103917128294
25.1830076333135
47.4111740943044
62.7139176242054
45.9554042232333
29.9723538570106
56.1473192181438
73.4783533918572
47.8355264291167
45.5767788924277
64.6326615475118
68.3166701346636
47.4763036239892
68.4021049179137
57.9343991354108
42.9984899703413
54.6966951806098
34.1677552554756
59.4351902604103
44.0987746231258
20.578691503033
21.4852071416826
12.7345584798604
41.2912078201771
40.8292930573225
50.7721688132733
58.6896998342127
60.422259522602
43.8048028387129
54.2862858623266
59.3892783857882
52.1487576887012
53.1666029244661
25.4170432221144
48.1696030590683
52.9287111014128
46.0246018187616
59.2126644682139
62.1191591024399
44.2822786979377
59.3107919674367
43.5558427482627
53.1369879841805
47.2251260653138
31.9249000218165
42.1691287308931
63.1797305308282
46.1227979759311
36.5094803273678
51.8861875499034
59.1141942422837
41.9111824594438
53.4043432679027
52.5070867644667
28.5159319173545
55.5978753603995
32.515582954511
49.7957225423306
27.8779098764062
25.8739389708959
68.3480487670749
43.8017966899191
60.5406392831355
52.7809309773147
58.6717670317739
39.3043904493504
51.8613792024553
34.6212067641318
42.546190880239
66.3873048964888
40.0643986649811
53.3969741273277
29.2199276853353
70.7020120911119
68.8158279750496
29.2778016533703
25.1552700065076
64.0371014829725
50.735327322036
39.4345542881638
45.1505070833574
71.7389131854189
51.2684682849795
27.442687118288
61.6319242864847
51.1160702910274
51.6847390681505
57.5043272227049
44.9867873452604
31.9891840219498
52.8279100544751
43.8720190431923
42.9073663428426
56.6609587986022
36.9678456801921
52.1843619644642
57.7628934755921
50.5670412143145
48.0801816564053
38.6438534595072
67.7591426763684
47.7353261318058
25.6417479868722
51.8295921923076
43.4153450652957
58.3379307761788
42.5381743349135
47.7474941406399
34.4420617911965
25.0232718884945
42.7981194108725
44.1890047863126
53.1055637635291
24.7980082873255
56.9053449202329
43.4513803571463
38.7543432880193
57.5136153493077
32.5778889469802
37.1564948931336
38.2638511713594
21.0789969190955
72.0869868020427
63.5825432371348
43.5598555442162
48.5639758873731
54.4360504020005
65.1495604775846
42.675522621721
40.2567689519364
71.8314994084549
47.3191459545412
64.9945829529315
49.361327290535
23.4234771725326
49.2638812866062
56.8149772938341
28.5523299593478
39.5388661736198
44.0011324826628
42.0164466299192
56.9105111993849
38.1986382883042
69.1282205283642
31.894107721746
29.3113477062434
60.2379478979856
68.9678638707846
56.3093220349401
48.1861661653966
52.8403602540493
47.5718147587031
34.0556995943189
32.2752716763579
63.5121256113052
38.0981403402984
55.9435482136905
64.2621801487987
60.9017990267704
44.3627076689154
63.3925461675972
59.1697633266449
63.1644027773291
64.6277464460582
49.9470487702638
57.4193248364419
49.847339047119
78.5745045128179
51.7556438153631
36.0827514335183
20.7572194747627
42.1325179382533
66.1316249053925
43.7798802581889
41.2944015115499
38.4096052963287
52.9984440188855
48.1141787953675
40.4456039424986
60.9386168420315
58.821331942454
48.6822803099986
34.7838055456175
57.5900903437287
38.6405057273805
67.2737890854478
36.077877599746
28.7361454218626
56.5820495132357
63.9926821017367
56.7694165278226
45.9414586424828
67.2090829350054
45.2511532232165
60.2736029773951
27.0664857234806
40.2951000723988
70.2739352318359
45.0143266233413
26.8052727677133
56.1978586483747
63.9554885898207
35.7614541426301
77.7511353562486
39.7164916473963
48.6746262445817
44.2979061976075
48.9442682359368
44.2648832220584
55.8151345700026
57.6936624478549
51.0180068202317
71.849389649452
43.4548019431531
54.9715698831567
47.8712119162083
46.0976058151573
36.4396821707487
78.1841500620258
65.908547770232
41.2548319146002
35.8136563096195
30.8960602507875
56.1008483637124
51.6304850578308
57.8298197127879
47.5191580597311
51.6024763695896
61.9393538683653
58.9700855780393
62.2312761377543
37.2619321963711
39.9447928760799
35.9823437407613
51.9672019872814
52.7084213768744
46.5502827428281
60.0055684801191
47.2348448354751
48.0676275677979
48.9474379457533
37.9058158490807
48.5325334127992
47.46765634045
56.5799032803625
70.3784842002106
48.9548189804657
59.5362449530512
50.0955090858042
58.3917560521513
67.2717390116304
36.5006655920297
61.7935503367335
52.5650586792709
38.288990361616
29.0492504683763
61.1405012197793
47.019424120192
40.5019734054804
21.6618039645255
47.1376804634929
61.7626304272562
59.7040651831776
54.2396885840551
51.4319697394967
43.1217861827463
37.283198768273
70.8550903169796
42.2379644587636
43.429657863453
45.4310569912195
68.1717087514699
52.3800724651664
53.3093133710929
33.5927120661078
31.9830864667892
48.1315174140036
40.2298334054649
40.5401695054024
48.6374670173973
63.4867264423519
29.9721895717084
37.8601730801165
42.8945385850966
36.1158427316695
44.9938972014934
54.3877070304006
57.1937311906368
60.9136651735753
58.052505645901
64.2257643397897
68.6743483878672
47.6274046115577
50.0760455615819
46.7331317717816
71.6298612723959
37.1517463121563
55.6835451163352
54.2896976694465
44.9696225019386
36.5153463335788
45.7028778735548
66.3686121348292
29.6718879137188
57.822637213394
51.3640081044286
53.180910134688
40.7841066364199
42.0670218300074
52.66736689955
29.3980109505355
40.7441164366901
27.6750903576612
25.8944227360189
56.0668680351228
30.6393403038779
35.0586113054305
70.662124730171
29.2292240425045
64.6917152218521
60.6126144528389
33.456646092236
49.1581902839243
26.168697187677
44.4533447499642
25.1557973213494
49.3365900125355
49.8548032250255
36.7160213645548
41.9762703590095
29.6805827878416
20.2423873011682
54.7194975428283
56.6616810392588
39.8476784240718
59.866314008832
74.4946266894682
58.1808694638312
56.5614398568869
42.4894704949111
58.4643655922264
72.2806867170048
42.8578772779173
32.1386914234608
56.4862579572946
28.3320073388045
70.4684245380276
35.5548228137195
35.2530414238572
41.7314363643527
59.6090483944863
63.2029872387648
46.9862258061767
58.8171079754829
51.9495670683682
59.7977910656482
62.6718521883954
31.4114912878722
46.2574876379222
57.8170494176447
41.0391754936427
42.760857893154
35.7104404363781
50.4110127687454
62.7782257273793
64.1515722963959
50.848503690213
40.3649319428951
41.2281305063516
49.6656264178455
60.003404179588
44.2639267537743
51.7771851737052
58.2192219793797
57.7889880631119
56.2959271017462
51.8563407938927
24.1888099815696
34.2771963682026
40.5032434966415
45.695840800181
19.8742982000113
47.9684796649963
37.3495088890195
41.4169205898553
54.2325196322054
52.9301507864147
49.1521574556828
59.5085160806775
36.5685768425465
56.299049872905
42.7243960089982
50.1268139574677
54.5701967086643
40.4111417941749
68.6318655963987
64.7334531880915
30.960739729926
30.5143305100501
41.1183461608691
53.3227080479264
52.9721549712121
25.696469266794
43.2746584992856
44.1310461610556
37.270367378369
17.6930824786542
71.6109769376827
64.0226793475449
54.4628591276705
33.7671783287078
64.1238727839511
49.552117055282
61.5802614949644
26.5944532584399
54.5245503075421
50.0824267975986
40.5839557293802
51.8434125930071
64.0014753676951
35.3501325473189
54.3719243258238
41.4884002413601
37.2041186172776
69.6462791828092
56.1197600327432
56.1721730977297
61.8005574215204
42.3407946713269
27.9806755017489
65.2581392321736
54.1624164674431
64.2042203340679
45.9954836217496
66.4187083020806
33.4775066003203
54.6376680023968
47.0496180932969
60.931971622631
72.6007725070131
76.8217815975559
24.8812355695561
69.6174123282445
43.4478445909917
44.3886545021087
76.8194800200773
38.1029651895013
55.6827813852578
56.452374951914
57.057830132544
65.7659527380019
48.425173247233
44.3850291892886
60.2727882564068
64.1962771769613
48.9464377518743
29.6266683377326
63.8107506558299
24.6733674313873
42.5143356900662
55.3926715161651
53.9021470118314
47.2429683379634
25.1174106262624
34.6187637988103
57.4789511505514
73.9342106350713
53.1835188623518
33.6433163844049
38.7298061512411
59.0915538031293
72.4287812304595
47.4491548239177
59.5080209430307
44.3240193184465
40.236757809914
63.1970982067287
32.9430390149355
34.3330587726086
34.8539522849023
36.0662440769374
57.2222272399813
47.8740452323109
51.8412706896017
64.032129916517
53.5490696784109
41.8316960168881
62.5460513401777
63.0832879338413
24.0661441348493
48.837170843035
67.4533453769982
20.4914570320398
40.1185096241534
73.9338833796692
46.7402438167483
64.4744988530874
57.1736168581992
44.4416189827388
50.600213278085
33.1477323547006
61.9632312562317
37.1448297450794
59.5746062482158
57.3974049349147
64.1307844780385
38.0022315774113
43.5996174321046
51.4273647684604
48.7904088571668
41.3422021549195
59.1179173905402
53.9939003996551
58.7734608910978
53.6991291213781
58.5368764121085
27.0371890890666
54.6876430045813
38.290033582598
48.2953091566387
40.4202252160758
47.6202963446371
41.0956841427833
41.4661842342391
55.8968588709831
58.0908650066704
75.692526340009
48.1229465454817
57.6772845815867
53.0393501278013
21.7728601346513
42.1724048443139
43.8477617222816
37.7398990094662
39.8930173367262
49.8283089138567
45.8019725512713
57.1209151763469
48.118561739102
80.4611703338933
39.2375516239554
36.2873787526041
39.7794551216066
59.9102398846298
13.5555330663919
32.7291499823332
25.6691180169582
61.0968938563019
36.5008436143398
48.0105629981607
57.4319501873106
50.9641675278544
51.7915615394293
50.2699859905988
56.063305772841
59.5030948054045
58.5692958906293
39.236553478986
33.2097042351961
46.9924370563221
37.3123682932104
77.0242958287609
64.3212126102298
69.2410266492516
60.2417072281241
42.2608331593968
55.5820930749178
33.3615839857878
32.3873541783541
60.1310498081148
19.1980863409138
58.4086968097836
41.7053055483848
60.1791593246162
54.489651042968
36.0136915808592
45.168885262683
61.6937657818198
37.4702133238316
33.5433654952794
66.2390052806586
35.1981440687305
37.7564349552217
54.8086715862155
32.0199236739427
80.3163955646826
51.5410422813147
42.5013239495456
54.5176786370575
50.5129255820066
28.8363699801266
53.2283636275679
29.1996443463609
60.5535022448748
42.8063740490637
44.7881821077317
48.0435061268508
64.1812513116747
34.1978431679308
22.221897309646
43.8219135627151
46.6079066041857
26.2347675282682
69.0950675401837
25.1194501761347
47.4418200605122
47.4618588574231
45.111528551206
68.179163755849
51.7930509056896
36.8871810846031
54.4880189932883
46.6632237192243
52.7029655873775
67.0972173567861
36.5707131568342
45.7413950469345
61.1543252598494
63.2155895233154
46.4439271985915
28.230189345777
46.5001713950187
68.059572018683
56.0070381965488
48.2170917559415
39.1439604107291
17.9703154293325
64.4770947284997
66.1892699543387
48.1772657483816
37.480474030599
26.8571187276393
65.8087844029069
44.4452047348022
45.5388760323107
59.8248871508986
39.4038485363126
52.318006567657
60.6490979436785
57.9831094946712
20.6619855361463
70.2822324906546
32.7163463458419
51.592782093212
61.1693633254617
45.0970868114382
59.7371490672231
51.0188491083682
21.2027757735057
40.5393193941563
59.6544322513753
43.2451820932329
58.9210371021181
28.0116206966341
57.8256738372147
45.2930346895997
53.3575026784092
23.7919924315065
28.8762542201529
29.9609273206443
39.4295911770314
60.1896627806127
49.9776221924412
55.1388598047197
53.2132743624732
44.5231813471764
28.4245955757797
61.0752273350954
50.2472513978275
57.6273016165942
52.7594121638685
74.7583489823055
45.6332274246961
52.5102687533945
39.3445377238095
45.8304489962757
41.6861624922603
60.3377419058233
81.65200035599
34.8576982971281
55.8612609747797
43.185476353392
62.5122656580061
52.6795712902651
52.1750134415925
45.9832576103508
58.5410203319043
32.9708930104971
50.3044022247195
39.1315447166562
48.2265732716769
27.174972044304
62.9789569415152
33.6527273523994
40.1059572584927
41.9608670286834
41.9607932213694
30.9004500280746
46.3382877944117
44.209756469354
39.0863501932472
61.8376774713397
47.657785192132
36.5424291799828
49.9602116178721
50.0648702960461
35.3931905236095
39.8631594609469
62.1728752274066
48.3768545556813
57.0994046982378
47.6942458190024
19.2268521524966
55.6800003163517
55.1899804733694
54.5740721747279
50.8411952294409
16.3641773795175
56.3776231836528
47.0816277433187
33.193218242377
33.6018388585935
47.4053295329213
36.6208758205175
63.0212845746428
63.1058169994503
45.8441118244082
24.2822990752757
61.5884088445455
50.1187786925584
49.1174943745136
34.4955474603921
51.2083611451089
52.9167870059609
50.0701605342329
36.9487384799868
39.1631567385048
42.4986050929874
56.9447612855583
36.1310783941142
40.6514049507678
52.8681721836441
57.9629284329712
46.5908416546881
49.4418130721897
58.0746688414365
73.2972769956005
32.1923011913896
71.0934922698035
58.3425083197653
53.3666847273707
35.153062781319
39.5104861352593
55.4223593324423
29.1861904319376
68.5487035661936
35.0816421021111
61.1029952764511
64.0685657970607
43.9536561723799
49.476288119331
66.5514555759728
38.5630731005222
65.0378870777786
44.6749444585294
49.766790587455
43.7353909481317
51.3640452176332
47.4366210401058
43.9100443646667
33.7313535623252
28.1850387798049
56.499152714699
51.1238761711866
49.4625055696815
61.7590013891459
28.1007281044465
63.1446757205178
60.8700545039028
52.9244471807033
21.7051501943878
48.399639967829
61.7876016534865
58.4553468972445
49.922509258613
65.328901913017
48.26325699687
58.9662184938788
50.9461421985179
43.1587453395125
65.3433762490749
35.4086945299059
46.7973866965622
56.269358375907
46.793209714815
82.5533371465559
46.8628569408772
62.49287170358
38.5221221018583
67.878181533888
80.5414537857187
46.3313821703196
47.6432386320084
79.7925193447354
44.276767782867
42.1473569236696
36.8508298802406
25.1792178954929
42.368124428999
51.5759389381856
59.5127083307974
85.0525996605766
33.0887646652333
52.2006551269442
56.2418626155704
32.3007584083825
69.6778983126242
42.5712385680526
49.7958406340331
54.4074581936002
57.6892867218703
55.1737911999226
70.9241050253523
33.861357705101
54.5254729688168
34.3505946919322
52.9411309864372
54.9588152207434
32.8507458791137
45.6514958292246
66.0212665330619
20.4370204123199
54.5068349223584
64.0769681427628
38.7940550222993
46.245368430391
48.6908984786686
58.7284274864942
77.9027856844378
48.8978181965649
27.665758272633
46.3422684464604
56.1627505347133
61.0714946873486
54.2483625933528
54.222893879242
50.2152750268579
41.1171442829072
58.0934344325215
52.4363869335502
51.9968474758996
53.5820296034217
56.0903312638402
62.5330545473844
57.1558031719178
45.7698771264404
65.824493393302
65.9965628758073
49.827866256237
45.7443570252508
60.8645808550881
39.5140960346907
41.7076550530014
41.3653782568872
31.5502796671505
60.7713468372822
55.2290403284132
41.8673899024725
29.6508787665516
72.941737710954
52.6718043722212
61.687240190804
47.0439332071692
48.6817087512463
71.2775634559703
37.4452543666256
41.6096583008766
71.709025532161
61.3498920574784
43.0737193673849
61.389083461836
30.5933316195186
42.5830986679315
43.6069150928907
34.5043249895901
69.2146231420338
73.9176701712322
65.6279256101698
42.1958186663687
48.4804619569331
61.3286519454683
46.5978657565758
63.7652062345296
51.2712410544163
49.3778362870216
75.8860968914899
56.3137625344098
56.0705070383847
37.2731975279748
41.653965319502
44.403769262135
64.8436044808477
61.3315114285797
40.8373052254319
45.2871009707451
69.5862730955142
54.8922704067081
55.7657718192786
80.2763476925802
53.5876854788512
35.2411172352731
55.5577117949724
43.6743079219013
24.0005227737129
45.8039422519505
56.5355695318431
57.4711543973535
59.4381426461041
69.3030302412808
53.2756548840553
50.7202969864011
46.4392223395407
62.9314707126468
55.0818044692278
30.3152205422521
57.5240195263177
40.6239750445006
52.0443769964657
51.0555499233305
46.4164563804737
43.6420489102602
41.4156873710454
54.2280993424356
51.9485752563924
55.0900292117149
39.4002311397344
61.4085008390248
37.9108200315386
72.9074311400664
57.2355291806161
52.8524052817374
38.3574645034969
60.0804264191538
57.1292364172088
42.8301182568519
32.2826169896871
52.2968045901507
28.906210558489
26.775187401116
38.4299878496677
39.0626289881766
46.811001515016
47.7601810953123
45.6231273710728
38.6217835359275
34.2358076479286
40.0086862966418
53.4725381224205
34.2060192022473
25.056295376271
41.243255045265
62.7010439056903
35.7254134025425
71.2406700010735
21.9886730315734
51.0987836867571
33.0868684221059
42.8371079731733
47.1855265554041
42.9274607915431
19.9874057709415
50.968660088256
61.6574945859611
63.0621451884508
50.55067632858
37.3558311257511
65.6811500433832
49.3029825855047
48.1737712398171
46.6548408381641
13.0720598157495
54.3586967769352
66.7995129246265
47.060012165457
41.3090931251645
39.700635522604
57.6599622145295
52.9341811314225
59.2481665313244
74.2770406133394
44.1099936608225
43.8632542267442
48.4585177153349
67.0371052343398
59.8071380052716
55.839460156858
44.9390104506165
58.3186517003924
33.9937012152448
47.2777253016829
58.7554103229195
25.2970848698169
50.1316337380558
46.1900933180004
75.0138602726937
68.0178984533995
50.2909790258855
39.1069536454394
45.9090582560748
57.3662988375872
48.9936986006796
45.8139554010676
30.071354233843
48.2251992914826
46.6629616450518
52.958448883146
53.0258666258305
37.1937840711325
67.4373019486666
52.5690819136798
45.7746217958629
69.7827548677933
60.2644189726561
55.3662732709199
43.1673331676325
55.7819675188512
41.7245887756325
26.0410647839308
51.583897927776
55.4562370292842
45.9086803719401
67.0956498011947
52.9158520977944
57.6705859042704
58.3769191987813
44.1002804785967
47.012792294845
43.3403867762536
35.4189197067171
43.8652717510863
70.737919300319
49.9081389047205
52.9531167354435
55.6215688586235
62.9260350950062
56.3908644020557
59.4886666629463
47.1612268127501
43.6530861072242
59.2976033692825
58.8868183549494
48.380174068734
48.1413779780269
37.6885773952717
58.2838670350611
71.5865051624023
48.3863483183086
47.7321784477681
44.5395646151155
35.6548011302948
38.6144838002696
44.2771859997008
36.2650714349002
52.7172320988029
33.1560831155703
22.8518701624125
31.3025465235114
54.1379961650819
33.9614397211154
48.5766969390048
54.73776711151
64.7926083765924
42.29367505759
46.1381584442137
40.9980973138505
44.8655940518545
70.7049646462292
68.0131400469691
37.098595732823
48.5626098234206
62.5412578694522
38.5803376254124
30.0936145242304
46.6690826695412
73.1422490918517
56.0625386890024
48.4864742960781
66.7468677740544
65.8067428972572
49.355203891173
62.0872309897095
26.5716014895588
54.0986474388221
45.4323636367917
52.9119218699634
49.3241876829416
26.8921468406916
39.6371444221586
52.1860864944756
45.0377702713013
49.5290170889348
22.6755037438124
47.048772033304
44.9422979727387
46.8427445739508
65.0224790442735
51.6678607556969
55.0057693384588
63.7219383381307
60.4678058065474
63.9401389751583
42.4708661157638
63.8779684901237
53.0325163621455
40.0199115276337
82.6722922692907
65.7549104653299
51.6623870003968
74.5778872589481
44.6250663604587
50.0982927158475
50.2707086503506
27.8232953580189
41.5288771037012
51.2690689880401
62.3518629465252
51.0374034754932
59.0893887789474
49.9463423155248
63.0197716876864
40.4496359848613
52.4112270213664
39.4684660917193
63.3211906068027
45.5605374649167
50.5220121704042
62.1010384056717
56.5056705381721
56.0910031665117
33.0340375658125
58.9391132351011
38.3556663524359
65.6198226381093
46.8894915655255
40.0981596115285
33.3081800024956
66.474871058017
41.1530096083879
51.8682400230318
31.9518664386123
17.8116326685995
33.2910771016032
46.0021816659719
67.8967063315213
48.5829944722354
38.8584489188742
51.8782613333315
43.4460455590331
39.8131548427045
67.7687192801386
47.574214451015
57.0945713669062
30.0472053509001
66.1339639686048
35.6456727255136
46.2647412437946
41.2570532876998
38.8029335532337
40.3469326905906
49.1093697492033
48.6879827195375
68.7594761140645
55.4114221595228
63.8513060752302
65.6360788270831
37.0667082837013
62.5207897741348
41.836668131873
46.567024313156
19.1061366897206
39.5168788127847
59.6324296668172
65.8664338756353
37.2034132963219
48.8757284823805
61.0288795549423
33.5410116398179
68.433068646118
57.8083754982799
48.0639592278749
57.6536361128092
51.1278758756816
52.9603654518723
24.9673362355679
51.5140589290437
49.7938611079007
45.7943588029593
55.1220831705719
53.9784938097
47.4997099954635
64.603551896289
49.3893563747406
61.9902304839343
38.1271310150623
36.9580339174718
54.8428027424961
55.5831881705672
38.8579954393208
57.0988868828863
55.6192960124463
42.1482618432492
38.0602302029729
49.2176210042089
52.272791415453
44.4914890453219
42.2971022044379
39.9622530233918
30.9661175590008
35.9064352698624
29.8382488534247
54.3538642115891
51.3099923729897
52.2828926797956
50.9706129785627
64.4140951801091
63.2899612654001
