"x"
23.9238597918302
23.6457884777337
30.2334614796564
16.3164597798187
23.2444338267669
23.6588389054161
31.0238752746955
30.8608988765627
27.0035519031808
12.183161006315
26.2729840120301
26.306745223701
27.5694529991597
16.147758369334
28.4432134834628
26.6965236049145
32.0460771443322
34.9396567305035
18.9766959752887
26.6046681441367
25.2049284153739
23.5113629733415
21.1888572666794
23.1317662633955
21.8920362181962
23.7273643957451
33.2932347431779
16.6495911269268
17.5997591025752
33.770947996527
32.3722562287003
18.8606972806156
14.3358115938409
24.3996496545151
21.64353991393
31.5119378501549
29.6251209452748
24.568278552033
23.6040245741606
16.2988108117133
30.7609362294897
18.3025608304888
31.2100571813062
30.9735349612311
23.0420953826979
10.8977030341197
29.1406855918467
27.0286831771955
26.4862840762362
24.2779000662267
17.9726162925363
24.9305938137695
32.3496616445482
34.6845131812102
32.8578104730695
24.3274013487672
29.4206905877218
22.1927430480719
23.0304063340228
22.0042583998293
26.1261672945693
25.7129382109269
17.0594532042742
20.0053927954286
27.9791229171678
30.8858841191977
26.4821717049927
17.644412512891
26.530074021803
24.5509981177747
28.3045749180019
23.7858719881744
20.5997702432796
20.2561314450577
28.9625680772588
29.1029082378373
26.5592637239024
21.0953966947272
27.6013682363555
18.4510872233659
18.8695754855871
21.899237530306
21.7147876042873
26.168618125144
16.9760354006788
24.9215372372419
30.5630607996136
28.4449146827683
25.1726282062009
31.854012189433
31.7074380349368
22.4594267783687
13.3349498966709
23.6441377084702
22.0167431980371
19.7561414325025
21.993090538308
15.5356565257534
28.2265951856971
15.4787342296913
27.7990988455713
26.7658487195149
25.9642191464081
26.1226146947592
22.8603249415755
12.0500986187995
24.2453590268269
24.7794213006273
14.7929669823498
27.5926070986316
33.9634362841025
32.9188638599589
28.5153002478182
25.7798957168526
27.1922343186118
26.0897140717134
24.6510659577325
27.1475414279848
29.6849370934069
21.0347834566278
14.4541351823136
23.8609203370288
23.0229372857139
21.82709898334
16.533597977832
17.7515928978743
22.7857476333156
24.8553464887664
35.1264499865809
15.4114735545591
20.9398810053244
30.0478170393035
29.6292866580188
27.3104117251933
11.5474613383412
22.6290110498667
28.036802566805
18.0311075644568
20.2352035325021
35.3868251144189
26.2265564175323
38.0715918240553
32.1071494370699
26.6719047445804
34.2646764591336
29.1598433628678
34.1900452040136
14.5869214786217
14.801291609183
26.9600153099259
25.9457800836735
28.2314369222149
21.4237376554241
34.1878549428657
25.5451079225168
16.0353005630895
24.9498806893826
20.0152574572712
7.38670341670513
14.9197428090815
24.3553462671116
22.7736348646633
29.8237273469567
23.7438893644139
27.3136491887271
38.7391368201979
17.8446334786713
28.0240496387705
19.7925868909806
26.5488165663555
31.7702771862969
21.6927825473249
23.3355712872479
10.397147739011
17.2821914078668
26.7200744245201
23.5845211660489
14.506291016005
20.9204210201278
29.2645061621442
30.8233119314536
20.0421130284667
21.9877541065216
16.7808796744794
30.3410217398778
26.0258202208206
24.0151430713013
22.6782374618444
26.6031252383675
22.1053615445271
27.1864050067961
22.7411312516779
32.2098626289517
12.7124416528676
20.5701111350209
26.2065429240465
13.3997333468869
30.22635605058
17.4721680115908
17.8395500872284
30.1286537898704
27.1355534205213
22.9086152976379
22.0985220279545
33.6379139916971
17.7719114558363
23.23020293843
31.8508321652189
20.3990346053615
16.2382121663541
10.2581311476689
18.506732606329
24.6750673202089
17.5354556180537
23.1764537282288
24.4544812943786
30.010241875425
9.78400106541812
38.7395086211568
23.1315757613629
30.6411732453853
22.1433626487851
28.5188508849341
20.6601730315015
29.6055640326813
24.2794367251918
14.938982558759
20.2290419860477
25.3183236578479
21.814810228534
21.7376507353038
17.9283646633849
28.5710484720767
26.5592125244439
17.7810477297438
26.5015472890809
17.6084057427943
8.74283676967025
18.9557983307168
31.6386737860739
22.6947785355151
14.5029315259308
26.3126399135217
15.859755625124
29.0696032810956
32.3861968936399
28.1010349513963
28.3536901231855
20.7671292359009
33.9713927358389
18.1838478893042
11.4655429963022
24.9655353917123
17.586358031258
26.1301195714623
30.2316591143608
16.6093605663034
34.9398002007461
17.8103534271941
26.0196724758478
18.1760176317766
22.8429771028459
31.7549434956163
22.0512983622029
28.1804831465706
20.5603965325281
29.2715162504464
18.7804691260681
17.9553891617559
16.9600235531107
33.4825429599732
26.6583152813837
20.6194463663019
25.055439141579
25.4043937893584
28.3029870595783
14.4547463394701
23.8453150261194
33.9216362452134
19.6920237503946
26.2438190635294
28.0894265510142
39.6117985940202
14.6357451100114
23.4692886238918
9.33342471253127
16.1344066262245
24.9100878752216
27.3749293526635
23.2750706570573
12.6382864546031
28.2950473483652
15.5589898337764
28.577170544304
34.0793021721765
36.3346585945473
28.0407226411626
25.1846108352765
31.4639331540093
15.4108713148162
31.399280479055
25.8915388723835
33.5938488133252
32.5752582633868
28.0466897645965
34.2842135578394
13.9681446133181
26.6646177042276
12.7941946924855
30.7353717274964
18.8037148909643
26.9948127333916
24.4817608268932
22.640375350602
32.3734112782404
23.1963138561696
22.1776370835834
25.8348036324605
19.1195828607306
34.5621960237622
8.99363912176341
21.6620503537737
36.9699331910765
24.4780509499833
28.6881483858451
34.4598499592394
22.6355773494033
19.4125943351537
26.7152610465269
28.3449880080298
18.5369275975972
12.80651781708
22.171301984815
26.4296452049166
32.3177359532565
23.7066384637728
18.2743465527892
30.5665915831923
12.7645385917276
20.0706702424213
22.0590715529397
13.5539104230702
28.7783732870594
18.8412815332413
30.9947512578219
27.06159055233
22.1661812858656
25.1074706437066
26.8438977422193
32.5501072686166
24.4928517844528
27.6551370043308
24.8810839140788
18.1620049988851
20.4375765053555
26.8930251942948
23.3094179071486
24.6730611426756
20.0820425292477
31.7035534419119
20.1091644586995
32.3484229156747
32.9839166020975
16.4760910905898
19.9883753693846
33.0913123674691
16.0149165894836
22.7424331242219
27.8899419819936
32.6894938247278
25.7691959617659
27.1048093447462
15.8831977285445
28.1818227143958
28.6707255756482
40.0135028620666
24.3403571425006
23.0305258883163
26.4948676805943
27.1175788715482
22.9375965194777
23.5312525415793
22.7352831279859
19.4177188677713
26.3782146386802
30.0685509806499
38.1955069468773
32.2148529812694
26.8054333981127
33.5732846986502
14.9167055962607
22.2601903874845
27.9365310911089
14.8875776381289
19.2010818747804
22.1284578554332
27.7268864447251
32.9041644232348
26.7157381400466
36.2291116806292
27.7438341872767
21.07975599356
19.9298435123637
26.5267034992576
24.7815900482237
20.9100328708511
36.5451128201044
16.1401618504897
20.4261258470555
14.4011756286009
24.1477704614679
28.5713979043067
23.4482920030132
15.7348968554288
24.1803805343807
30.3192383842543
43.269912151382
37.9314851215014
25.0082173384726
24.6712038293481
21.6696442803368
29.9594096606597
24.943528114818
17.926135356538
28.5649252614257
29.805330443196
28.2850890420377
31.8002687534317
36.6462110986418
22.2384970879054
26.4223732985556
20.2755557840792
25.1791782677174
16.9391624163836
32.0831470191479
31.0095967026427
16.806036606431
23.1198462003962
14.7464701713585
22.4823915275533
27.0584162324667
25.3944489639252
17.2170281410217
23.583068093285
18.4489434352145
12.443906869852
29.8250325955451
14.3885894678533
31.990779330954
19.788207681965
29.5095856301486
35.6855328562312
22.2702097380534
26.2238704131064
21.3288554456085
14.917166903615
26.1226329143644
20.5540707198261
20.3262737719342
29.6400473453104
24.0942450240254
28.6469483515248
22.9353612987325
16.0325128769619
26.7673170659691
36.4109166876829
27.1089517511427
22.4465549690649
12.4779559904709
20.6033983733505
33.3987108198926
29.7454545972869
27.7640635846183
27.7010216610506
23.5692714573815
27.5101424893364
38.5926617754108
20.5613918136805
15.3192486119572
23.7457848386839
25.6519072689116
25.4346811212599
26.3519020285457
19.0578229725361
20.4001751728356
26.3708232203498
21.4043033309281
34.6858969781293
29.1959554422647
25.6135730538517
25.9139010095826
31.0746108181775
12.2763511906073
26.6787413740531
27.6975990040228
13.1989943329245
22.5828048074618
22.5048612803221
28.517872095108
26.9276484469396
34.3350710812956
22.4069506628439
25.9290133712454
27.4342914810404
15.3419877406112
23.9501157077029
26.3501966372132
28.9174155099317
15.4548167899914
17.2991584753618
22.3436773521826
29.4856051597083
23.9731812849641
18.6709732748568
18.1180246407166
25.357592896199
32.6013888930902
30.3612238261849
23.4677452826872
35.68441073197
37.2390693250751
17.805967037566
19.1104615805671
16.0439049825072
24.0872017573565
18.7286597561345
19.1295596305281
26.2701971689239
27.1558451699093
26.5241145854816
23.781112395227
15.2307510143146
27.3878469131887
26.2881369097158
23.0697124497965
18.6459961347282
36.9831673314279
24.0256683668122
18.4001873712987
32.4274788621542
14.10951113794
20.2360388124362
18.0249155084403
22.089083888568
21.3474036720438
28.2799558946863
25.4323658766225
29.8066853312775
21.8809316633269
28.6823816830292
20.0671201106161
29.4460318982601
24.5789754902944
29.6548222191632
17.8666482912377
22.2712288610637
23.8827201770619
34.3066405737773
20.2906148508191
19.315567379329
24.5258531533182
28.2734313048422
20.3580342466012
28.8039840871568
23.7147665116936
24.220207007539
18.8750660279766
20.4770205775276
17.4865106586367
17.6096150884405
40.931859796629
25.8780642645434
25.0878731487319
21.7837437754497
22.4438090110198
22.8514048736542
23.9359700819477
25.8407727815211
26.3210605066877
24.5623993920162
26.680908119306
25.6578168133274
27.4505713488907
23.3986058272421
25.3672145059362
23.4481305800892
24.2863815743476
23.4464081004262
24.8706255340949
9.83597622253001
15.0800318922848
21.0920656403547
26.5718770446256
12.4501973696258
25.4513626219705
21.923692401306
22.4950364278496
18.9849571947469
21.7596995411441
36.6484344915903
17.0890631806615
26.3153761392459
30.7603772144053
28.3829608466476
14.5736691032477
32.1274667046964
34.3334151664749
31.3394255703315
27.2210295544937
33.9564386755228
27.4992485996336
23.3004074543715
31.6650252556428
25.5479662506174
25.3232800401747
26.9132470870164
26.1972978245467
13.0214448785409
31.6869793925434
31.9972186349332
21.3920223526657
21.0748256882653
30.2784512750804
34.3918005703017
29.3815382989123
11.1007239436325
19.8074345207702
26.5238440362737
29.4192712754011
14.8260472342372
24.0299506579012
18.1512402523266
31.621274468489
12.6377192791551
13.0173487821594
29.2785246390849
10.81963540301
19.4016414228827
32.6867922674865
16.1939091980457
32.8151663066819
24.1264997050166
21.5520691523361
16.3677289910419
29.1766908019781
17.8719292644687
34.6902809535932
21.0029528010637
19.1377031616867
32.4514268897474
21.2936985306442
29.998769517988
21.424320153892
34.3916609184816
24.3883239304735
29.9025794025511
20.3058460960165
32.2505627117038
15.5972953187302
26.8351055448875
24.780731392093
34.9802588091648
38.4652134475714
23.6843997146934
23.9712150301784
16.6931725188713
29.412595089525
18.348308512941
26.5362075297162
28.654731111601
31.3140191370621
27.8656346723437
27.4107555160299
28.4354937495664
19.5389811880887
21.0713142994791
28.3344206865877
24.8795429943129
24.7276475901714
17.2316809047926
24.3837794056162
31.1197330476716
23.9131865557283
23.4872473170981
14.3302454147488
24.601905210875
26.381430035039
29.8393961740658
23.9904836624063
31.132488977164
29.4388189911842
29.3080339842192
20.558552374132
28.0778075801209
30.4503898601979
27.4282441707328
20.9428542526439
29.3509710114449
21.1132313823327
31.6821127664298
27.3661844898015
27.600482548587
26.4411311829463
30.8893641456962
22.7920158300549
23.596537055218
22.1877097385004
30.1238398067653
25.3880680305883
31.8587604910135
16.5019631618634
28.7832649657503
29.0500522591174
19.245719211176
26.3910714536905
25.5393553201052
18.6271020193428
16.8234183453023
26.5204484574497
24.0473003825173
33.1673257285729
34.844583457098
19.866870273836
22.8966481983662
24.1345915012062
31.1343607492745
21.1183298379183
21.1292646825314
28.4525596303865
15.7792385667562
22.1236100653186
8.91986270435154
21.1994912959993
27.4272508220747
29.2992588598281
31.9972966564819
32.8715910902247
18.2610614225268
22.1329111185985
20.4268554691225
23.4676528954878
35.183385142198
25.5906553938985
19.4244852755219
28.758193552494
31.6875987686217
36.5694572035952
22.2627779003233
24.5621389942244
17.1452873619273
26.2464448576793
20.3302019974217
17.6650437112625
29.9380561336875
25.121500599198
30.0622877664864
28.1873703701422
19.2995579137712
28.0085489153862
27.3346512060545
25.8327001938596
25.3805133514106
31.2903376063332
27.1856559906155
33.4321808374519
24.5824528392404
29.564193659462
14.9901945609599
11.5520751457559
27.0510483998805
26.9088795641437
34.9577877810226
28.7481490289792
26.4478320488706
21.1047435645014
12.8408580785617
21.0185182912435
22.0894555561244
23.5132715553218
31.6449220525101
23.6986858770251
22.4855965236202
37.5489662743972
23.5036496538669
25.7870800094679
26.3058864310552
22.6138284429908
20.2633907002147
26.0937970364466
20.6459946930408
22.0441947452336
25.8323265006766
25.5025629652664
30.8026851853356
28.8639724254608
26.8961301073432
21.5990829723146
26.7440017312765
18.5747353920403
26.0182758094743
21.664794255048
24.6944920665484
25.171072059311
17.3441418679431
20.2111934777349
36.7166315184391
23.7494451459497
16.6742243804038
16.5815131738782
26.6845877747983
33.8798547629267
29.5812892261893
32.9762544482946
32.4666535481811
23.5421557445079
18.7126835109666
24.2636456619948
18.3291226392612
36.6492254638529
15.3246800648049
30.3172716638073
23.6646923935041
28.7882997738496
29.824271867983
23.5739205032587
14.7272594505921
38.784065090483
20.7908743526787
21.5428877549297
32.2586057707667
22.579795820576
26.3373279944062
23.7824725918472
32.0299839760605
21.9005199595686
26.9207356497645
31.8317733006552
26.3447786448523
27.1361894905567
22.6400273801178
20.5618574051186
19.4091352634132
25.0218367669731
21.0687994491309
23.7868027994409
24.4766871677712
33.0274024512619
24.5685486122966
9.37814961933034
23.021079134196
26.6685334965587
39.0154080480652
30.7155216578394
17.4559791336471
25.1905998680741
15.5981536954641
33.1995099084452
36.920459384795
22.2638014703989
37.2710749020285
16.945735528007
20.8887645043433
23.3583419816568
23.2298740418628
17.266049009476
18.3145489310846
32.0469953585416
33.0729754408821
29.4692430179566
28.8158945273608
23.8135984167457
27.9554519802332
21.2202261667699
24.6038338867947
22.2917302511632
28.9131917525083
29.9779076154182
22.9188865516335
17.2489052405581
22.0293048536405
27.1785027347505
35.0129851655005
23.6602034652606
28.8193136686459
18.3215073309839
31.2869403278455
23.9604915492237
29.2529847472906
29.3064822209999
28.2515452010557
19.0926981581018
27.6913628816344
19.2539715673774
19.0522873294233
29.1661978036063
24.4586480548605
23.8767206436023
30.7061226867263
27.511997288093
31.789142312482
16.1520240048045
37.046520130471
22.2792576963233
28.9688329678029
11.5410213591531
17.3730710055679
27.3242279887199
10.0984191542092
20.5294516229127
24.2869115900248
18.7775840705162
22.9928325396031
21.4847068069503
18.2186566758901
16.3767473539338
10.3326500237848
14.3817282801655
14.1774421324953
31.7729521309957
24.0648758364841
17.968790861778
17.7070498233661
21.4753690641373
25.2194785978645
18.9682844327763
29.9850174691528
26.2417075922713
34.4983215676621
22.97798988875
20.0885190628469
30.7613198179752
9.26580296363682
25.0880961539224
16.3553119030879
32.7145934803411
28.2403934979811
11.6237063659355
24.9239124823362
37.9631716864164
28.246443415992
29.9636484589428
14.9836482247338
18.4561530360952
15.7728384947404
26.1620051693171
27.2868032101542
15.703043481335
28.7408947246149
28.3062884584069
33.5205051116645
30.4986351402476
11.648024238219
26.1295360513031
31.7916265899541
29.4725922401994
27.080106572248
31.5514680696651
37.8819478654719
19.5200128713623
24.7551101725549
15.2466378901489
26.0035799816251
13.6048119055875
28.2830646028742
22.2004775656387
38.0993258485994
20.3567086951807
29.3239960446954
15.9852457232773
24.9961658148095
26.3470696751028
18.7430774321726
23.3552006771788
25.4846435273066
25.1728852512315
24.5764982653782
33.9915976393968
19.5023433305323
17.4132698215544
18.6639680711899
25.2126132603735
16.6106769116595
27.5261863833293
28.0912834452465
16.131596616258
16.3846460403875
15.8102315850556
26.8155580852181
29.700090480037
18.259548358026
26.3707730686292
21.8142239609733
30.0065873656422
12.8225652035326
32.3826353996992
30.2131762728095
20.8289579488337
16.1426800303161
32.3655704967678
23.7720678560436
19.1612899835694
30.9188189450651
16.9370180461556
24.4271456263959
24.448537430726
20.4180603381246
23.7824460317151
23.7614859361202
39.5397275665259
18.0934664560482
26.6710326774046
23.1815726263449
40.6492230945598
28.4272310556844
18.4413774101027
8.10607639141381
30.4579115938395
30.6676012929529
22.5638275966048
14.4060469007332
29.2273917235434
28.968667428148
30.1449367776513
21.896184887737
13.7552805943415
35.2714746238148
29.0357130113989
26.0160210542381
18.8199069590411
29.4108639238402
30.1248748321086
31.0537051409483
22.6505693898052
26.2019943678752
34.5821595750749
24.5086390525103
24.6983591699973
23.7587922019884
23.1156904716045
10.5063736221398
23.4202630119398
15.0240093921365
21.7041075695306
12.4172732001171
17.8257732831946
38.2833721560842
24.1750671295449
24.0282116923481
30.9270963305607
19.4170560833001
30.2361109526828
45.0500786749131
25.3602927550673
25.9538015350699
19.0476922318339
15.1661369792073
29.6906819567084
26.7776417176006
22.1250840462744
22.5060955388471
23.3465049182996
14.8510247959754
16.9669337803498
23.5226932680234
15.6607121694833
27.8014020295814
31.9484361447394
19.0321207485673
22.0610317774117
31.3474536714635
12.6076297064958
22.488046150726
20.8820415195078
27.7033015619963
30.0389978569001
30.6423740461469
19.5739710936323
17.5610122736543
32.1561812656
17.205188353546
22.4407924870859
14.0590023482218
15.7062265919408
26.6005407641512
33.3105466328561
30.2530942484736
19.6101850830019
26.153693132516
27.8766911476851
16.9094815402708
15.5865512322634
23.5500545176361
24.5152786374092
31.0339506017044
40.403901898618
28.4351262962446
19.3859349742469
28.6093416640384
24.6965884231031
23.593663261272
29.2214578017592
24.1029673540208
32.2497747838497
31.5298459725454
15.4123522853356
25.9051903383806
34.402246074751
19.00024630595
25.6387331290171
19.9429761385545
27.1943009691313
33.1752497004345
18.4129834873602
22.914273571223
29.7781167086214
30.2185849752277
34.1096170945093
19.5201483787969
21.4261099696159
30.1176171051338
30.2938079694286
23.2770245522261
20.2129824505132
26.6204795567319
33.4591673221439
22.9930782262626
30.4984407033771
26.9143446564122
31.9099371088669
27.6688941055909
15.1883075945079
20.987187356307
28.5295418463647
24.6960809687153
17.8499323315918
23.0935323052108
18.6437352793291
24.8595915036276
22.5859263679013
25.3098677610978
13.1237288446207
39.0486015917218
35.6944488222409
28.3193431328982
22.6344722788781
25.6908214185387
18.1185825960711
19.9977867072448
27.5794270681217
25.2910304348916
28.2636303221807
32.2974040638655
12.9384683408946
29.1125711984932
17.8821993991733
25.5148897180334
32.8146377345547
14.0786532545462
32.1821849793196
21.485927910544
27.6344633894041
24.5786228450015
36.1629114812917
26.0827330872416
24.3011971004307
34.4945357646793
16.6481127432821
16.9122796272859
29.4509871629998
22.0467089442536
43.2930934239724
33.9549753116444
15.6346529256552
23.4582950128242
28.0353936366737
21.5290346881375
13.913585874252
29.1922143194824
28.8530610268936
15.4317819047719
22.7718778885901
27.5481053628027
21.6739660237926
23.5546809388325
23.4138212360136
30.1273290999234
18.5182662215084
30.7984546758235
11.5914096357301
32.1148268645629
29.31849649176
27.3311131400988
28.0680080642924
25.5280135199428
22.6990820248839
22.3549276124686
23.473738390021
28.8507226621732
20.8170216763392
24.456956773065
18.9757764805108
29.1572067188099
27.2749625146389
18.4772132663056
28.9282988291234
31.4362624892965
27.7608479373157
25.5927974823862
29.2826261138543
23.3824896626174
42.5963562426573
29.3169694487005
14.321236894466
22.2000075271353
35.0654719376421
12.1344274841249
18.8857832165224
26.4103726949543
23.8397678127512
26.3217152561992
21.7734665144235
23.999191634357
22.8921560803428
15.3290150574742
25.0329308211803
23.5288653289899
33.0455223564059
14.9163921596482
27.6564425555989
28.6731872474775
26.7715311609209
27.609748672694
39.2367262055057
26.579714845866
18.9895877614617
34.966291865997
24.9254310752124
33.4445195738226
35.4986210332668
35.0689627459242
19.7057262528688
37.1615838704115
37.1992227134711
35.8716661555177
34.0437829261646
25.394576555118
25.1851084409282
23.4637954060485
34.3427817104384
11.1683592590538
22.0281969523057
15.2900920131693
20.0232251081616
35.126313099057
14.201334468089
15.8651895288648
18.4199090098505
27.1438066381961
29.6929646749049
26.9859404535964
33.2081946544349
27.0616859430447
22.9125170735642
17.804988497494
20.9478174801916
23.460673153653
15.4546547215432
18.3419778943062
20.2543994476807
18.6069978060694
25.7597257848829
27.5706506567076
21.4663711143658
37.397116513685
29.3172594858333
21.8454451300204
18.2839254150167
22.1149352379143
26.8399545457214
23.3686412451789
20.1453316904608
29.5939915813506
29.7010843176395
27.3584632202983
27.0292839501053
25.4772960674018
27.9038203181699
29.0962585015222
24.170679715462
8.15093996934593
13.0691233323887
16.7447447078303
18.1976512959529
28.496900643222
27.590290736407
26.8341080984101
25.5557610886171
41.0972287184735
23.4098389977589
32.8013328602538
28.260433813557
20.8356179762632
29.8151154303923
37.789126437885
21.0703031858429
20.5809016479179
26.5617136377841
23.8662878517061
23.8292798632756
25.7087818579748
22.2102265339345
23.4507807763293
26.5627591172233
24.6024824213237
26.6352726972171
14.6681644953787
31.7387193441391
26.1738255387172
28.6574324825779
20.2114617434151
24.7749782633036
20.2611585072194
26.4742740895599
7.29962615296245
25.0488024204969
14.2948499308635
8.74975712504238
23.2781802083822
20.8169532923882
20.2019630465657
13.3196316270965
24.7370810713619
13.1795580964535
31.2737802509218
19.1156446111576
28.7948192795739
28.3347153570503
25.6766736973077
23.7695611263713
25.8976293262094
27.8024163795635
30.7724326383322
26.0078902123496
23.1241300236434
30.0698827020824
14.7965463111177
19.8351957602426
25.0227734928794
24.941264396125
19.4518469041213
11.7618947189083
16.0003970900961
13.8084772693622
15.4714865175604
22.5008192479153
29.4731682632118
24.8689934844151
25.6579183740541
31.2358488561586
32.7396096661687
26.4165850123391
25.8837314555421
25.6860263412818
34.3703491613269
31.8500255933031
18.758193962276
25.0983797468713
23.083657422103
17.8558050421998
35.1692590420729
25.0112880254164
30.3310402436182
14.8113143397495
31.1282675946131
22.6013552828247
20.8428807323799
22.0835456391796
23.6791194882244
29.6652460005134
22.662291279994
30.2140097366646
15.0736048817635
25.8307131938636
24.5187295025412
33.5475062020123
20.5473115311786
28.2781539717689
23.281881888397
29.8609376652166
15.4901169473305
29.2723679216579
19.6994465542957
35.1313395598747
32.8408888075501
33.3572510397062
19.7257762076333
25.3156799823046
28.9270881796256
6.54898285865784
27.1263876464218
22.6955568160935
21.6123315738514
17.7329289028421
16.6728121694177
13.6221944121644
25.9059051750228
30.2904295036569
16.9250378152356
30.5811054538935
16.4755053352565
28.2441198593006
25.7997510023415
28.8395409239456
31.5434666816145
31.0666614677757
19.964743219316
20.0187602924279
30.3189645288512
15.4062054585665
7.94497124769287
18.4328672010452
22.6290735136028
22.2892087269682
28.8297648541629
42.0348754131651
17.6770709222183
28.0633478425443
25.4596153679097
19.5649202913046
31.0336281778291
25.2559997141361
26.7491195118055
22.4283886142075
25.0053097305232
31.2015799339861
21.5341390576214
30.9774489142001
27.6122357230633
29.2021253844723
21.7563501559198
24.2961159407942
31.2420572852716
27.3892767960206
29.1884336154908
34.8895292013086
19.6333568417414
28.9404343580827
21.5946378419176
34.6737421099925
28.1065247021616
21.0467285942286
29.2145196581259
22.3517709733227
25.8585069794208
25.2376272110268
21.8498292764654
21.3152263648713
19.702454446815
30.0755709176883
29.874162375927
28.1054612016305
21.1324679665267
17.9497802862898
17.9262297460809
24.1249171280788
17.6381776787514
21.7017482733354
26.3627753011949
16.8307089246809
21.7427509371191
15.7731147948653
22.3620840115473
16.4880773163318
29.3299207696691
22.7053130976856
19.235914805904
40.9168915336436
27.6388540863991
16.5124404476956
25.8908699732274
15.4558041328147
33.2953825825825
28.3184152969136
30.7462417520583
32.8679339494556
29.3309974716976
27.8870150446892
20.9478637902066
26.2325394432992
20.4777824247952
20.2019299846143
20.8980607567355
24.8402781318873
32.6370086055249
30.9684611158445
38.1949536481357
28.5872432170436
23.2380947094787
33.6506854044273
20.743241137825
15.0280586211011
37.0257632434721
21.5273947222158
31.0547035653144
17.3309962265193
22.7126198587939
23.5943081788719
31.7440467653796
20.2239615609869
26.7066512722522
27.7880191802979
21.1493892828003
25.1179524760156
13.0862617865205
16.3181712450555
15.9186954377219
17.3623887203817
12.9361663479358
24.981274898164
22.0688570451536
11.9444517418742
32.2807875927538
15.6521144323051
20.3104462626573
27.141095791012
24.5206646388397
28.7696000887081
14.7675476735458
13.2002946455032
21.6918808032659
27.2006352699241
24.95094507467
18.0342658190057
32.7866557054222
24.3663776433095
34.2317227739841
34.2113246209919
11.5301492568117
23.4408009098843
37.3988235813981
23.4361470909789
27.5167422601953
20.8147901808843
16.3405125495046
23.3091101516038
9.58778726215294
21.5995605103672
27.1583579247817
24.9348668087345
25.6837074644864
26.9481926225126
21.1346929660067
34.0709320735186
22.7650489192456
27.955915289931
37.6621569485819
32.6187304686755
30.7502461093685
15.5281753512099
23.1198989553377
21.9035993795842
23.167821788229
21.2015086319298
28.9570563472807
22.7292444209733
25.8153716102242
17.2197619220242
23.0081252753735
22.5440551294014
18.2284091599286
20.2465011738241
31.1712153255939
12.9362689092378
33.6600958369672
23.9766909275204
18.513499153778
23.4308499377221
33.7268081493676
30.7586064562201
29.1476786602288
24.9331543687731
18.5644024739304
16.6413443628699
25.588044943288
25.0487168785185
26.7163904616609
20.9159268858047
27.1744568866122
23.8133317790926
29.4396233512089
13.9159964239304
22.1655723406002
14.5248389104381
19.5914725307375
24.7209055810534
17.5717497011647
25.8149140048772
34.8523933885104
21.4590757153928
33.7136985734105
13.8720952905715
25.521920225583
24.3825918063521
23.0976654449478
31.5377515275031
24.3782094214112
29.2934431461617
24.6942919076808
13.2462977592594
20.5058029636491
14.0331549810318
18.782166717574
28.5397504223511
28.997042751871
27.6859572855756
31.7983216606081
35.2104816099113
25.1317084534094
31.4484528964385
20.2484448906034
27.3807433201
30.3306300193071
26.3348523294553
36.0551184487945
27.4206853937358
38.653365529783
15.6827639299319
24.6069262939875
30.3192204097286
15.6055989301843
18.7259136000648
13.438054336124
34.6564438194036
24.5829067425802
22.6916588377208
27.7955672703683
26.6592900268734
31.1013786587864
28.3980444539338
29.2312605073676
19.9044635985047
19.1317474469543
17.1410942915827
32.380369794555
29.8621181165799
29.7369981452465
33.4746939130127
30.0859379814938
11.6477614938977
32.8579374123365
25.5546890664846
23.9125904859975
20.8322267746553
19.333254545927
34.5276058418676
29.9900421639904
21.5517464559525
29.6231662388891
17.9474343080074
29.1690982179716
26.6321198864006
16.0520913777873
13.2781290066375
33.3637627307326
27.8170268749818
36.2954342427593
22.9911732021719
22.3277779761702
19.6035934238844
24.860219634138
16.2960298817214
29.4748989632353
26.9573116442189
11.619112687788
24.2886353516951
22.8094752412289
24.4785747956485
32.3579068295658
29.8402525018901
24.7663141761358
34.9566498750305
22.1108708070483
28.7280516698956
22.5862603168935
21.9511803938076
21.2014147546142
15.3467219880415
29.8159425612539
19.471942380309
24.8839327599853
28.0578539939597
25.068777333945
24.2798151215538
20.9003519266844
20.0755866710097
26.9590087234974
30.7424908271059
21.4164077304304
31.8361992947757
28.3459521541433
17.913094884716
18.1784081505612
17.5939378561452
19.0136736026034
26.4328098390251
21.4523941511288
34.9156791484241
19.1390364198014
23.7445377744734
27.0412578014657
23.4846958166802
12.6362536801025
26.724575413391
28.7376943105732
22.6568864425644
37.4415566363035
27.1611121715978
18.5619254585184
29.6040836023167
14.4686025383348
17.1179323224351
21.3719323510304
13.6841284809634
17.7356250860184
15.1791490889208
36.1860505749887
30.0884375814348
26.8086141441017
29.8880833899602
30.5817934451625
24.980353214778
23.1713240267709
14.9319689720869
25.7934120018035
26.7888705944642
21.5308620128781
13.9216899871826
14.2140051582828
21.3346655713394
20.5503467562253
26.2996516656131
34.8799440970629
27.0068828482181
18.9079946372658
33.9466188568622
18.9338116938885
27.3046489804983
22.7259136270732
17.9271979955956
31.1153328279033
31.4178072148934
25.9834873024374
26.0582122951746
18.7725952127948
29.4612139230594
18.9386303769425
23.6253722338006
21.2840883992612
12.5344066542898
32.2599901257825
29.5939404750243
25.8504827041179
16.9188162544742
18.5979631030932
26.2468822300434
19.1072088166287
39.1131000437393
11.6583181079477
17.2263056971052
18.4608214301988
20.7207444251044
25.12550172396
24.3694995639055
33.8875595014542
16.2740232888609
12.2449686285108
26.1287584202364
28.0295613687485
21.6143453028053
30.1667092368007
27.2424798186983
15.1105577126145
31.1967917019501
23.9781768010249
21.1488703880918
26.3817446073517
24.5895066997036
35.0935013943768
23.3493355801329
26.468869484961
27.7734207222238
27.4349367013201
16.7224105913192
36.0922196393317
24.6652075788006
36.9343423729247
17.1520855044946
17.7605789376436
25.6109999492764
24.0590326255187
30.8894562069327
30.8002885198221
17.7600022573921
35.8483404831445
19.3662555206041
19.1107931007293
31.5777821233496
24.3025396950543
26.6753783682361
20.8494477905333
30.8891440741718
22.0850746845827
26.5034747309983
26.2697526193326
29.7202741494402
22.8330877842382
25.5147017834398
30.7734539033845
26.661718217656
18.8694502459839
21.3526787962627
15.4806143138558
16.7519085071696
22.5749195786193
27.1105178166181
23.8961749710143
30.2424177760258
29.2797438334674
23.1353430775926
22.3231695016987
18.8063892303035
26.9584593363106
38.2309172600832
9.4612475251779
19.1909222630784
24.2001266684383
28.2766293501481
27.0405311603099
35.4771790073669
27.3202562239021
30.3295774152502
25.5901724332944
25.5695897853002
32.3147934861481
20.4792838077992
22.6769164437428
19.6767814876264
26.4998152619228
14.3805515253916
35.2445716948664
24.6011272538453
13.0562453045729
25.8801558753476
38.2916480747467
12.9004852161651
24.329496617429
35.1554664378496
27.6636954396963
19.9121103381318
23.6341948853806
24.8777670552954
21.4455209276447
21.3313594227657
30.9137501055375
33.27578112829
34.55660790205
19.6013763366097
19.4146950030699
18.486414430663
30.23806870915
31.8454202497378
30.8177389437333
25.3626064397395
38.0763587946329
22.6692767112462
22.8427316527814
32.5736446073279
20.9502500481904
9.67591488733888
15.855493536219
10.2374915850742
21.202250616625
22.1814641496167
36.9183398230223
24.3632847944673
27.4689352929341
20.7113862037659
12.3633137833512
24.3403673870489
25.4125825129449
27.4875541450456
15.5215946863116
29.8171927686781
28.8637168432152
31.7292175255716
26.8722877372056
27.9728836612776
29.5699102804065
16.7004534600777
36.7587295591673
16.7602051980793
18.6379501596093
19.549556192942
12.8720255335793
22.977335515466
28.9963056566194
23.3506819000468
21.1874631000683
26.6662187641487
23.8630637060851
17.6812757737935
26.7489762511104
22.0741222379729
30.8019035728648
16.8893002571589
27.7666977141052
13.5638947447732
38.7224858537403
30.1041201688349
21.8216398963705
34.0628811623901
19.9605038622394
21.6981001641331
29.2547383578494
27.0084666088223
28.6899379221722
29.4356210157275
31.691086711362
21.7348931807893
26.3694403227419
31.1782146804035
16.3148870691657
17.74738333188
27.1304328615484
24.7600414610887
28.4978955052793
21.4107840787619
17.5207379506901
26.9728570445403
25.4706603940576
25.6370062706992
26.4674592996016
37.7648629548115
31.137955118902
30.609257449396
29.4222872704268
25.8412896189839
22.3652542103082
12.8064608667046
22.0139356330037
25.4990778164938
25.7870183326304
15.3448108816519
26.8280882076921
28.4568222472444
20.4846211709082
24.9134830432013
29.4658068567514
24.9337119981647
22.9493809165433
31.1849551042542
24.8319538176737
30.6070330319926
30.5506328353658
21.4387687189376
18.0654287445443
9.01497092563659
24.1501006763428
35.7839157318181
28.6769853876654
34.4053952489048
36.6062568013972
19.1928216023371
16.9449505629018
20.178575348109
23.4904546790084
24.86930238083
30.4931847611442
17.1505415113643
30.4040780523792
30.4918975802138
21.2860950875317
29.4837143504992
23.1036371551454
30.6440074309107
26.4758833218366
19.4165788823739
39.2011762575662
14.511233351165
17.8577537157026
20.156277436763
17.4915145151317
14.0100689837709
28.582785371691
14.6406641229987
23.2452485011891
21.211467590183
12.1318629635
24.177536717616
31.5369029140558
