"x"
19.7714044712484
7.27016960107764
20.8642790094018
23.6273197224364
25.2541353693232
29.3221121886745
20.6779219210148
19.2040321882814
16.0567534156144
10.7839294243604
17.3421769434032
13.7252641608939
15.4879140900448
7.15077941583162
11.8514417205006
10.8007706468925
19.0185336628929
17.2625645063818
12.8103066701442
14.0269667143002
19.3589681481694
14.2186875455081
10.3748945675225
6.42094393260777
10.401420003152
3.57875292963955
5.63616483738335
18.9310318091884
6.04252567599505
14.5820630714297
14.7597954665577
14.0235128579661
16.9163265498355
0.890817493200302
20.736907013608
14.7097667679191
14.8871642770246
12.4528377549723
13.2123841904104
4.19298349879682
11.2714046845213
12.7738833427429
2.05218363385285
11.7864564061165
3.84342279285192
15.7741357339546
20.9887576987967
22.7697713533416
8.51068003103137
15.2207194594666
13.999080461516
28.8279049796984
9.33039744850248
17.5598086090758
10.0302038248628
7.80731874983758
2.9079292357611
14.5394113058298
11.9408141283796
3.75759461894631
12.7692460939715
7.87817347669857
17.8324044449255
21.3969077914953
21.5536900800807
8.76194327138364
13.0262513877824
11.4514609100297
18.9121111994609
8.28066831454635
16.5414918949339
13.0576240597293
10.1524478755891
18.3812453178689
18.1226736865938
17.5462878371743
9.96911466168081
11.9719674345106
20.915029826574
12.3778265076177
13.6070258054905
19.6291512138403
12.4552387344318
11.056674295105
11.4048283493881
3.51842906542985
3.31365824048857
6.55867243185639
9.67438279185444
17.4154517939314
6.66318372823298
8.75793891738073
19.3008741363883
7.48205319978297
18.5400185408071
8.12183925672808
20.7152869912988
1.80762369522114
11.0816184750965
19.992743129842
14.3492175964639
23.7655874108896
4.95839864467816
10.4751773411408
6.14487214604701
16.6074180277064
10.3925234870985
14.5210226973417
14.4266786441809
4.34981101203387
14.1911735441295
8.3293073810637
20.8300791065405
1.05898296219574
26.1335247894749
13.6376713402569
26.802351558581
19.2741332808509
18.257461534813
2.02350949822555
21.1704024346545
17.7469554981251
10.6874651971194
12.8847259471746
21.4010057039559
24.6054542250931
6.91271487157792
0.625297613441944
27.6938988827169
6.60777556099449
3.43010960455775
12.6893781125546
1.71382473781705
29.5485415728763
11.954687978141
14.0728934435174
6.9287296718795
21.8621680978686
23.7700215540826
20.9292507497594
15.7713890234293
12.7865424612537
17.5897556589916
16.3688785862178
16.6702373186126
19.4454080684547
14.6745699690655
9.52642726009182
11.9971505366266
12.4857787042856
12.6406846335158
13.4662997339582
16.2327273748815
9.61904941441712
17.470187177465
4.6208320884034
11.0330179100856
11.4346102217233
3.84858758188784
11.2474618983135
3.21691592823701
20.6244258675724
12.8234326459077
10.8626854838803
13.6586653408788
9.04581479262561
16.0334682976534
20.2366524288547
20.9452979499474
10.0873614894226
23.0332989012823
20.1778919203207
17.5408774070133
26.2248730519786
20.7191302673891
17.6958143012598
0.23222838062793
16.4101574569941
21.7518295394257
6.16984036751091
13.5314407758415
15.7547106500715
15.2032250738508
12.6176258606395
20.2942315954715
19.4035209016874
11.2551426980644
9.13063015323132
7.4963798513636
15.7158838585019
27.8414674336091
4.63936370797455
19.0123821608722
12.8386681666598
7.67674306407571
18.4136737836525
16.7042721652735
22.0377294812351
12.4591564759612
28.3081648172811
15.3282501036301
17.7357421876305
20.6314154434949
4.58966738078743
2.03570268744532
16.0990508247198
10.6621020869797
9.34351806022764
15.9628082765266
19.6729788556695
28.9757102262229
14.4171032123268
24.1298415042428
15.090766758658
18.9449290279299
19.5964373469521
17.5868323072791
12.1149780927226
6.89722823444754
9.49157022405416
6.4734119689092
17.3723979467836
5.13097942909909
18.3251623714823
5.850871563041
19.0241282340139
15.4969932511449
20.50765841268
16.8004730483517
17.959430697374
12.0415743906051
5.18019234295934
12.6887967344373
14.6786065190907
14.2769758044994
20.9820649353787
10.5736121535301
13.4804503526539
14.8512736428529
17.8884737426415
6.7271537380293
9.59347208062827
3.71274107601494
4.61206140462309
14.9240363519539
7.00936389564728
11.894712690264
15.1253384305164
16.9814766797554
12.3874503886327
14.4649463240057
22.3871163791046
11.9342690799385
4.86481208354235
14.8214875021949
3.03829193580896
22.4858594927635
3.46775832155518
14.84826116357
9.18293471913785
11.69535710942
9.46682119196821
19.8116598216131
15.3724270872772
28.3218191031576
9.61281177587807
13.3569394238293
21.2464476545266
22.9932427871972
17.8907261462882
13.37466891855
12.2574190101859
19.9662791797891
14.050170574732
5.78605851624161
12.0297396820842
6.55422299169004
25.8898263564333
17.4077145406338
11.3584066623614
4.81844294069024
25.1300665084273
11.3812785129994
11.0481770941988
2.40558856166899
12.159601948224
17.9810076086038
13.3931133663282
8.18845299072564
11.2229730468243
11.9803817477077
11.0692743910477
16.1259353520554
8.95543619990349
10.9402307455649
3.89776399824768
12.5757555244491
18.8170225825161
0.975255656534599
23.4761462546885
8.78646734636277
16.1511584518539
6.51635995600373
13.8550606323406
3.69002807484119
3.48474861801495
3.21143367327934
12.314642732963
16.2298033603429
3.32527821883559
5.21793333928143
14.5214564865455
13.4862026102468
13.906071457109
8.32569301433806
14.0112141147256
6.83845630846918
22.0221659634262
17.4768425142831
14.1213361825997
15.1547197485343
19.7780877125556
20.0597705086693
2.66416000667959
5.78037386687638
12.8797725075856
16.7410296770308
22.5351126398891
15.0943140142746
27.3658299352974
5.91585109941661
20.3931525815278
21.0494342303967
20.5123589141294
8.47613434307277
11.3799209706485
6.8998678847921
1.62311939056963
12.7380296946112
20.7606438081712
27.57976250723
12.8424960411384
9.8676302747826
8.23107056785375
11.4379959413782
12.709203385748
18.9490937627852
16.7811316205189
14.5186932612698
13.6147249490023
13.4093279484659
5.61482606228937
11.6978208918287
17.7939047571272
12.1809924639203
21.8594241887331
11.6703255914693
13.3637496352416
19.0576450912945
13.6044172570109
8.25690350029618
5.31496817711741
5.98834014963359
11.1685673007742
2.2109966725111
6.24059177196226
16.2263908190653
12.9061336396262
19.4508621236309
6.4640082186088
4.69235267438418
19.6652147686109
19.6086409374934
20.7765597384423
5.91446203179657
15.550808981061
5.1660760862391
18.8284276022092
20.973836973669
21.3347895769402
2.14863347355276
8.5680361604318
21.4230714866888
12.3038687622214
6.45403149723253
16.7599596083164
15.975580650499
18.0861867032945
10.7330808503169
25.4442495759577
17.470614164221
14.7375224390998
15.9372841143436
20.7917209774547
14.8998538265005
0.80951685172997
17.892154189758
19.7720422875136
8.03154397243878
21.2230374338105
14.1503727994859
22.1501305000857
19.7089318186045
7.44458788505728
8.20490669577343
13.6241063242778
11.7146415868774
10.6129697989672
7.68129434984884
14.1811311710626
1.26712517095287
6.59195117186755
10.5085455114022
13.6812564141043
27.1991490509938
22.1156377112493
31.1264964519069
0.577484257519245
18.4542950687157
13.2299139429583
9.01349408086389
8.60566352494061
12.1235735621247
15.6841100416895
4.57459022291005
10.584396100603
5.43098598718643
9.5522776184841
5.69201321225224
5.44774752853964
17.1788796249037
9.6413473785634
7.08125911187381
19.0916334046051
10.3019759524614
18.0266496026888
2.8541860754581
29.6588900033385
20.1037479331717
10.877946880646
10.4266874259338
16.7161322431639
17.9135384270921
10.2515664855211
15.8159868791699
14.2665366176516
23.5549191245809
19.065914908424
8.14521398762716
14.2299115433566
16.889420314692
2.28734670672566
1.73743399598539
8.53798342868686
23.8946252526827
18.7359081348404
21.6296672122553
16.1268905952224
13.1993325567845
2.91219012219581
5.04275224868701
1.58326520487006
9.0571238193661
8.72202843954164
10.2325624238181
12.8124195830431
6.36516122613102
11.0858139581978
18.3145167306066
8.82080979645252
15.8365210417442
21.2243381654844
19.4652665173635
12.0354419574142
24.3469170522023
11.3495081663132
12.3149354243651
15.4894202249125
21.449405956082
18.1991388322785
15.5298027675599
8.74842822086066
18.5555111384019
22.426967183128
4.37970422208309
20.0233049194901
20.2823408509564
9.14617623202503
20.1732781854619
12.5331168062985
11.1371885519475
15.8589441794902
26.017433218658
11.2416775664315
8.29860139638186
6.18150628634982
11.8790390256343
18.5023782774806
9.53854345716536
18.4813135769218
13.5677405789395
15.945502780277
21.9429951859638
17.5316590350121
19.9027633345799
14.4910195487934
21.0052606416866
14.7355512948707
24.8386718798429
13.4924045065418
16.0275625580138
13.0052231252193
19.1258454229683
11.1902707954869
17.8690851433203
17.1425710665062
9.74917656276375
16.0959122236818
15.9688319312409
19.0323826778898
3.05641808081418
15.2209024177864
4.76579872156328
23.0541274184361
8.20831770789806
11.4532261987425
7.62054359571465
14.2878141719848
21.8039397615939
11.8223938392475
16.2705298978835
14.3008188810199
3.95173495916058
12.60883922223
12.4557468807325
12.6424920279533
19.2992590997003
15.0731780566275
3.72442328371108
13.9692427124828
14.5446209935471
1.596759702079
12.8322346368805
9.07209876459092
7.96075586233956
15.0910819880664
11.9820174344713
21.7148443916813
14.0151327010244
14.4998661475256
25.8526859804793
2.48312610201538
9.12014679051936
13.8248692266643
8.61400200519711
26.6674832906574
11.1715081159156
7.90801083203405
11.0878916922957
26.5126954065636
16.4806314548699
9.26520123612136
17.4840780906379
13.7492481583643
13.450252218172
16.362959286198
16.394958156161
4.94719237060903
22.9549219831824
9.5394768516815
21.4567852439359
6.92980618041486
19.9271253310144
15.6203893995919
3.97429841104895
19.7283797431737
14.3575797555968
4.08178414273601
24.0375471068546
17.6316420257199
2.89761428721249
8.16759198304333
13.7418742757291
15.0466294260696
19.9079440319063
10.4111851891503
5.75004229322076
10.8791914253647
12.9012289922684
21.0901457350701
6.40482525341213
20.2964677475393
18.4166535269469
13.7641555629671
13.6972341220826
5.75852756539088
12.2340876841918
13.1813189480454
7.65054014357953
8.95632004830986
4.44139286410064
21.405231882818
5.3588698741714
13.6563520918131
19.7714665206149
10.3656538285191
10.2903667877765
4.27814121358097
22.5455599604174
7.41833509477429
16.9087709393352
17.1873901970685
30.73310169857
21.4825311675668
12.8818245675276
5.02264600195126
4.30818115492806
13.2337099492267
7.25127288606018
15.186159773292
3.71993847656995
11.2042540917173
13.1097174249589
14.7223506929274
13.945601102612
7.86609309725463
14.4793162355199
21.7951558064669
16.0583387361839
12.3505731113255
28.9292984176427
14.7647496506982
6.82826072509049
8.50000667990531
3.73833982739598
23.8246924709529
11.4965603686869
15.0770379696041
25.8752421941608
6.85225676279515
12.5130526022986
0.573047972284257
13.7668406824642
19.0517250770717
7.97970318235457
11.806953465566
19.9046454858035
15.4322537593544
7.27227975405219
4.887436167337
18.9012879738584
2.15556352240375
12.0887415375211
5.82120676990598
10.9423272544518
6.3644576119259
7.38237337209284
12.3036031129538
29.1491434909403
5.63774039037526
21.4726005786079
19.4636627100408
19.3829656112939
4.6607743948698
13.6103646539081
7.30037394943276
8.31762002781034
25.448952219449
3.70839688934813
0.136029241423889
27.5187744293362
6.88506312466273
6.81380765712355
5.79820208702003
10.3500894736499
19.8378925919746
0.398356218802971
11.7482175119221
9.81226793956012
24.6354593137802
14.034864353016
10.8424560961
28.4868759568781
15.9826559247449
9.19511669781059
13.6348883314056
8.05763578835162
19.3796929386602
21.3079024106264
5.62491410956691
1.55061718343078
13.8438257853443
23.9938899874687
9.55963514279574
9.65026526506538
15.7268535578623
12.504997686483
14.1836095834151
8.28239427366625
17.2035994706675
5.58941198978573
13.35638766177
5.10022763554905
13.0334744232423
10.057618864812
6.47369269006028
21.9875067938119
15.905927373801
11.8595510022715
10.7353496365249
10.5212736483684
22.1392592412094
11.1540613463148
19.1163668641821
13.6391218871375
17.2589155023624
14.6093815332279
13.7489278234831
15.9055515192449
16.0642491653562
14.7236987249926
20.9375418024138
23.4138823579997
4.82800051104277
2.25808664546644
17.4640848534182
13.2471656193957
8.68515546899289
22.6765221450478
0.322902756915939
6.55617073643953
14.5298498915508
13.6004980765069
11.6495980090024
19.2856014473364
19.7398410877213
1.44951634574682
7.08579584024847
0.669954461045563
16.7680539889261
18.0950606940314
23.8319684341884
9.15394609979376
14.0450053848326
15.9108920722332
7.46096404359721
18.2426966493949
10.9316670335829
17.4494092668038
4.84861901495606
19.0695081371814
16.2470643408597
17.2727938508615
19.6844237390906
18.1484200060368
13.1109609734267
7.41540533541599
8.43726846643023
12.9312510136515
15.3400478901121
15.7643766142428
14.2833087127656
14.7653844863603
16.5939396480098
24.5208522304893
16.8289262342102
19.3311218870804
19.1755552776158
9.47259864595255
14.0500279143453
19.7050095070153
7.27536355625606
13.244237867184
12.4895761354469
3.78329306840897
10.1287004352249
4.01826300658286
15.3680179035291
7.17994515713099
13.1031421246007
13.7727186549455
8.59666378237307
8.26006506104022
16.215580283428
15.5746695233774
18.4489754665416
18.1344677694142
18.2971432044086
12.1073820162565
28.0171063030139
18.8200531993061
21.2285395887069
17.3430770571452
17.6577914971858
18.6875449027866
5.19619565050945
10.9276582833317
21.3956899069068
10.8052090847567
8.9425697689876
8.81476076319814
8.66840917151421
26.0453646536916
9.21491533009575
10.0074810698635
10.2992394706234
9.88730024546385
12.8906336380169
16.4387428800211
24.8056347946157
28.0504985246807
22.867049369961
22.7565056877211
14.9899175623432
14.241647021845
13.8132198015228
17.8914896879379
9.85383158549666
0.0270965043455362
20.2372456667945
14.1580326249823
16.2669120720355
12.8971537511526
5.61554648089641
21.6816429048777
13.2010454311967
13.6658660974987
14.9550416506827
16.3310178322718
4.65228898678565
11.2786825017767
1.67151833884418
21.1588589707389
21.2313656928018
7.27591805625707
4.46710981348599
16.8741565896198
16.3597524281726
12.0729772606865
10.4986835038289
10.5013235472143
5.62103665433824
9.80384161230177
13.8484869975837
16.7052348610014
14.9714337894693
17.049062019214
16.2187034497038
9.27445731187681
6.17981797192095
7.05817774137757
9.9370786801446
17.2247326467186
7.821518180378
0.678462072585496
16.8404893647907
19.8675823863596
10.4129259008914
12.2409297604736
16.0136081976816
14.9148006457835
12.3786387033761
12.1067868136366
7.2424533078447
7.93581539765
16.3317669504064
6.85533531660553
14.3684966955334
15.3027755008353
14.6276426580675
26.5107525745407
20.8751486614347
5.86614921614684
20.5746614793234
7.20285314385654
21.019816189073
9.77590507827699
25.9857018404386
15.1949398846476
1.54220916341592
8.82748768056727
17.7663260372356
10.9040923746905
20.7205298589543
12.7257029525936
14.3366804346442
4.52535489814092
7.94467027299106
5.49222954259173
11.8522501317784
13.243430674117
17.2650405205786
6.24748427343587
14.3608314916492
6.8169723963365
24.4516052538529
20.8122049225494
24.0669398801401
15.4939871904716
25.3807924455032
15.3090486535802
17.2457818448552
14.8652607837626
15.4745868174359
10.4751606925764
3.00280746819552
19.3754099504259
10.5901026062143
25.925891357474
0.939347897656262
19.3128466792709
16.202482082404
20.0785341672599
15.2813411084935
20.8742966642603
13.4528208291158
14.8454420056687
15.0464745936915
5.18491088878363
13.1629042793065
13.015671468062
16.6573484428227
16.2614897126332
5.72220112345301
2.87367657292634
22.7593204998117
19.3543103895884
9.90193437319249
19.668964180164
11.3158348482102
15.5217402483279
25.9572110837325
10.337398045502
26.8782147018127
16.5744489703797
2.53749749892184
16.1644586918913
15.0369755391444
18.7776475446299
14.8030295237591
4.91231857933343
12.8110174219609
18.3039456848249
4.28391976987132
17.2795355785638
15.8224157684701
18.8173665593152
18.9773890915318
17.8688979707658
15.8081939909607
12.8915515703295
12.3238075757399
25.0192668056116
21.6346213594079
19.3300755228847
6.44959092605859
16.0273908870295
7.21082340460271
18.754493817687
20.9059944143519
14.0772696584463
4.73735500127077
18.2003893423826
14.7241738159209
14.4138260402259
12.2726356755586
20.7173086935654
18.301487294957
16.1299556605228
11.3375302740215
2.19296652358025
8.25304235758781
0.497144912389032
12.1708435472101
10.6092778965831
12.9997667016096
9.37560175550642
0.531615782529116
15.2279190054079
23.6752513796091
10.2550449569537
6.81038568727672
2.56806014819216
11.403274233453
9.32707513633913
10.0393016899799
24.2957000620663
8.3025558385998
0.00273664481937885
21.158891702298
15.6457277480513
9.40053122979076
8.71614920906723
1.33482643672393
14.7126680472866
2.94203807134181
1.18469402659684
26.7328567104414
13.8354099122807
18.9720525196299
7.7835000352934
4.90599528420717
19.4476908771321
9.44770670030266
15.5410933151181
13.4080296102803
7.04751403536648
20.3854475857952
9.64379704091698
5.5605984525755
13.5990054346621
3.12177003728048
10.4016480817811
11.046993965283
15.6600186201977
9.36194086638882
10.6158615314226
21.4354648487642
19.5156093453988
11.6229626534335
0.977676548063755
18.0628544537786
17.6939116790891
10.8483543232257
11.1485171122809
13.3478608448058
9.18094981461763
17.5911340750043
17.2707377467304
12.664080341282
11.0621213068325
5.5695842918161
20.5720098922029
20.144431409426
5.19123773028521
15.6477358192205
15.9127318533137
30.7937847916037
14.0444223769009
17.9925251286477
18.3844766346738
13.3832289837301
9.40493558022501
16.7887581745163
13.2968962658197
15.2871327474713
15.2187810046598
17.8752433974296
21.2124758490696
29.8687448026612
7.11037118453532
12.0454295305535
16.7714167851955
14.7398002445698
17.6065278006718
16.3819042732939
24.6797732776031
12.4647031538188
12.0179015444592
9.49924096930772
21.868332196027
22.5640477612615
18.9823905704543
10.0664018208142
19.004376163471
20.0769337592646
6.87712065409869
15.792482548434
12.252438794499
17.5683073000982
8.39191459730791
8.05104842875153
15.3162253133288
7.74735987652093
19.2854044345276
15.4335819417611
16.8723615119234
11.4895482671223
12.0802832619357
13.5582752758637
10.6543863398702
21.7807037988678
16.7428407119587
18.2885874840143
24.2551021976396
13.6720456182957
18.99477806766
10.1682178210467
10.6774077285081
4.99357583466917
15.4432517010719
12.9398693097755
15.8178224461153
11.0128306783736
6.18412589427744
6.71648068819195
3.34774835795198
19.389965175651
14.6194717148319
6.15744094830006
12.4141969718039
11.6130021575053
6.28291927278042
8.87698968872428
15.3669310500845
11.6469515254721
20.9899673471227
7.85413242410868
20.3900412423536
16.0924013704062
9.35795782133937
8.67641496006399
9.00970620524656
11.0276372221691
5.47934165224433
9.6775519894436
16.0368000370218
4.98868860304356
10.265385072875
16.1509343190119
7.79662379945853
6.61348437424749
14.5884039578959
16.5977698517963
8.79772172088231
20.5262596518065
1.71151144160887
21.795041449066
13.8434164458886
21.7326543951799
7.04560673329979
14.8768210085109
13.7584519339725
10.573663023014
13.6711401399225
10.201376886107
19.187016482465
2.21104263825453
10.1135229924694
18.6018784838024
15.6870941631496
20.5549203092232
0.809285324066877
13.6834917590022
9.94849435519427
12.2889349237084
22.568207164295
11.4804541924968
14.1716742655262
22.6870192680508
22.1512660849839
22.9710077634081
14.2961678646423
21.8296118779108
14.7471233736724
17.9235617630184
17.6326880403886
19.9344520224258
17.4496875843033
11.1672137631103
8.52346837054938
7.38148405216634
7.14412165015566
6.20963810943067
13.121492578648
6.63399805914325
8.088922027462
14.3691048258916
18.4326528571546
4.83560212887824
17.7313925465569
4.24252699594945
3.83482160373275
14.4428513944149
21.6347199166194
12.22945577465
12.5095300661663
12.4423122033477
10.8441951917484
15.2579128509387
12.2000961087955
8.62498661925978
3.35125818382949
9.0327040059492
24.3883853545412
13.53114543017
17.06036941614
21.4328960282728
11.7536494741216
11.7276174249128
18.863051943481
8.63602669005548
4.11486730445176
12.0452529285103
12.9531272454187
11.6478321608156
10.5159017723054
2.43946459166372
12.0967353926972
0.612606038339436
16.1840464686975
23.9582072477788
0.00594768207520247
10.424281260589
11.7120187263936
21.3256041752174
3.94077568780631
11.2151146437146
15.4762764228508
16.9852323960328
9.00995233488905
7.020998237758
11.819282545848
5.00103184022009
14.5538263432084
16.329049574898
18.12887222249
9.72121479334598
19.8346114018932
11.5172622492537
14.5411282079294
17.2875983689671
13.2701540831476
20.1432043453678
20.0573648093268
16.8545437743887
12.0312618557364
25.4354941193014
2.16516878374889
11.3325407495722
19.6190877859824
12.7487010322511
18.0732906911444
25.9073885856196
7.53747915844712
6.27511478960514
18.3862483128905
16.5734759586247
14.7451608208939
8.12458451837301
11.758434236981
21.1081787882865
18.0870806332678
16.9154576258734
2.80184930454792
17.4210398116251
13.8781389221549
16.9398288523292
12.454020295063
1.2518274364993
6.68843120802194
18.6709799105301
14.7313685095812
12.9241556627676
16.2754812976345
12.3824561247602
9.10319869872183
11.4931874869848
14.8275844054297
8.2505431259051
8.73125903544089
22.4833049578592
10.3159465128556
13.7737212702632
8.51167151704431
6.01001784242144
20.9801872669203
3.86970584474565
5.00154385893931
20.8187420619652
19.119148561731
7.7868792694062
26.4847646234557
16.6259494798808
24.5286682113723
21.2863378226757
12.7677385695279
2.81026654411107
21.6351144714281
13.5342077119276
13.4387962520123
15.3817130745923
9.39235776804907
11.4207407226786
7.4908017879352
23.0595820816234
11.9696283247322
16.4055266349517
6.65259447414428
23.0789769906551
14.8435404520446
21.5320936404169
15.6828955562753
11.1617777401482
15.5023962026462
8.61508355010301
4.02169591808502
11.9981628273069
21.9989920966327
23.7122820690274
10.2107219967795
8.34747382542364
8.64359154365957
6.21497742831707
14.4123979524982
11.890442064032
9.62764781331386
12.6006893115118
13.764052442275
18.1492595467716
12.5631188124362
15.280091855675
15.6921937130392
15.3603184968233
4.58562469575554
11.0315211350098
16.0519882803783
10.6737339869142
16.2991710240021
5.97817846573889
1.80325565661534
14.2710966523737
14.5915027378884
15.7465941272676
6.02605305612087
14.9717343738303
17.5182078499347
12.7138627460226
27.2479153703898
16.5072069270536
6.71358467079699
15.5439183188859
13.7065044371411
18.5778308892623
23.4023828525096
7.29476499836892
16.9711435446516
7.99929557833821
17.3738499034865
4.07344996929169
17.1741708925848
6.82154945097864
11.925749364309
21.3210435351357
10.2619966724887
8.51679692239823
18.0036310106516
21.0252431919798
18.349323910661
13.2019008509815
22.7773898869813
9.70115198288113
12.4523277394474
12.088294676505
23.1258429819718
14.709471585229
11.6819466697052
8.0847634235397
24.9487498309463
10.1915559116979
9.38615270424634
24.0288131404668
0.0924648717045784
8.87202261947095
11.9840611470863
13.4393457380601
15.9940507262945
5.95126920953754
10.7011874672025
9.84904976231583
16.7838041903451
18.3757734950632
17.0122271869332
18.1998504451843
20.9988217335194
16.6518762141522
4.8368961783126
13.4673180291429
28.3835809212178
9.99940254259855
23.4068554127589
11.2138160038739
9.75106325350517
7.78083603363484
9.00237073656172
12.5179695663974
10.3768561035395
16.8563770595938
24.291814561002
1.20069014374167
7.22429065499455
7.342888135463
8.88335809577256
13.273994717747
8.40872798580676
11.4046371232303
16.4595745806041
6.75501599875759
15.159685166153
9.21077960649904
13.3597798809088
10.9153214842081
2.1694520721212
8.0521248281002
24.9288464197889
9.60697878972229
8.22952499147505
24.9656288418919
7.03831142745912
11.588831915138
13.3028513984755
21.5417125029489
11.0399108945392
10.0135036977008
18.8305916742143
18.3343269163743
12.6207039820595
26.0672406293452
16.1203787429258
20.64704450313
22.151222326407
15.8670832170174
14.0514754927376
5.79035619739443
21.1399868829176
8.99926293641329
17.732758144848
4.15710061788559
14.1973443329334
6.87748002819717
19.2914141342044
17.630378366448
15.121122625681
13.5382072534412
10.6089131906629
13.277452159673
7.93406059965491
15.9257611492649
21.8210159335285
14.340072956364
12.1840338297006
12.0499107575377
5.46575277112424
16.515366155704
11.6404596017674
23.859965402631
20.2122428592607
9.13549230899662
23.3374037596357
17.4450696446002
20.318408543244
15.0862494250759
14.5616470370442
17.1248844591901
2.40208508912474
5.17148273065686
11.9673798093572
10.3793631979624
17.6886531214741
16.6760141029954
15.9661659272388
20.967506384477
21.2718421360478
19.7404730133712
14.8195033127017
11.2609709380195
9.61145740002394
17.0358616556608
9.30807135706143
21.6466844081879
8.24362093092614
2.95518557840716
19.3573963129893
21.1387697374448
18.2502343336836
9.3526232521981
22.3243757849559
12.5470170052722
11.4641270600259
13.0778566443205
8.7299443082884
18.5160994529724
8.60928599722683
5.76769765466452
11.2323580820344
11.2490078784442
25.4475535126403
2.20535595577201
9.02448806446046
3.95261829253286
10.6025243410841
10.6550950660685
18.3495209785178
12.8610013397045
18.6385496053845
13.6049290878925
6.32115139509582
9.38147260351352
14.0353069894406
13.8409652747214
14.4653610186651
3.14775051083416
20.166480448097
6.60556412767619
23.5449286269628
12.451414590531
13.950067339465
19.447510689497
20.0311968103051
13.1806279998273
13.61778404098
11.9165448937565
13.5651697337628
12.6898150425404
10.6309417402372
7.160125952214
21.1699608014897
12.2947674011812
9.5830928068608
9.79162609963608
5.21477349102497
17.4297792940793
9.4493307871744
6.0769593840485
1.95192824096157
27.052080607973
11.1528277055741
10.6263485737145
11.0990854678676
8.24627815745771
5.4478436242789
7.46868857009991
9.90172742060214
25.3481336170807
8.24575107961422
12.7433454617858
20.6518776714802
10.820207725842
27.115252520889
12.5825039343908
21.2791591882706
14.1435970279881
12.2081994544715
14.3020396353677
10.586466290988
9.4495282646609
7.34528244938701
16.5430843830109
13.3126046508551
19.1501994850114
10.8054005449241
8.54523861780763
9.17329075746238
19.4229832850397
9.48329097047118
23.0303399264812
7.52978043165058
4.79402492254418
11.9573466053063
4.46861630771309
14.1941856825724
17.5667030038312
13.6214561760426
9.49247903190553
8.76482873984834
17.9581733913751
17.5928116077557
9.94617997203022
8.91839601099491
17.760048317723
6.9310195511207
10.8981789089739
27.0482383202761
13.7323439819738
11.8503471603617
8.37394262198359
13.027020778458
11.6552028769007
11.3689678022638
12.9127865890041
6.31191969370313
8.62759391311556
11.3106606760994
25.0517680309713
16.6597210336477
8.08690719707177
15.210596518591
16.9880980206328
13.1892766333712
19.4840083131567
26.8251091610786
21.5569241729078
21.6040462721139
6.92161186761434
9.63000911287963
18.0962565669938
10.0809465860948
23.4680908964947
12.856267632917
24.7917386004701
11.3953752588121
14.7708148695529
11.404892988503
14.1467691566973
10.3168105240911
13.9927257624295
6.54353136196733
15.7691130181774
15.5979853322829
14.05826555565
21.3503461331129
19.0296293934807
19.6440929081291
16.5651005227119
13.6689219623804
8.10970780439675
9.17869922704995
3.39469016754006
15.9204180818051
4.07449351837533
8.32568753976375
6.55840000355536
22.0683188643306
7.58890404251351
13.7508346466348
8.22079843838333
18.9414239280791
20.1262976351875
22.1590230707079
9.57489635329694
4.41290110326516
1.5490776264591
6.69427523389459
10.8717548893765
7.34578201194171
8.89047032106354
8.27250075526536
15.1109656551853
1.92477687010261
8.14085325691849
19.2922502523288
15.4941693181172
17.9822153803643
5.11868568137288
6.54911991866858
4.38325519207865
5.86438516620547
8.89966334216297
4.900066787377
10.7052996754646
15.8391684759408
19.8711829958484
23.1130735948682
3.56712627690285
14.1038498608395
12.9460379481316
13.227261020802
3.88597345512642
20.2942821430042
14.4820331828669
11.8485406506807
3.34201593870421
7.45130444411188
14.7640055325711
16.4477245381631
13.1960335886106
14.6413231734186
10.5625461554155
3.09835441876203
7.90087913628668
19.592203409411
5.32110799103975
17.3484049970284
12.2579972800886
9.85534115778137
23.1667319312692
14.3044334777353
1.16421131647753
8.69189589177529
11.6574140032753
9.53015277627856
16.5439106903809
17.2196678817272
14.145155926235
14.8229728352859
17.3354878043074
17.5916983745992
15.0987846136226
15.5585057800636
13.5501113487408
14.1635526437312
17.0442802787296
19.8067612713203
5.63501010183245
6.43350607715547
21.7772615142167
21.0823322180659
20.2670667087659
14.059236459434
9.99698429368436
19.2522964207456
10.3936482470644
6.02973073255271
11.9614219292998
11.7380198692307
21.2739285547286
10.6801116140559
20.8931952016428
2.28933458770176
8.65767386276275
9.32152655441314
11.5413017086818
18.0427270475775
20.2406075616246
10.5895281769335
19.503200147301
17.0092235319316
31.4854667522013
16.1494690924883
16.768587102894
6.31290411110967
25.9154321858659
15.344989229925
11.1986569827422
20.0463927143208
20.403658597165
4.28465501177366
4.89327388065972
7.72446831688285
10.0766629213467
12.1508212992921
8.9774927822873
16.7599930427969
22.9740832586553
13.9718353900011
7.37907627095717
6.33100555278361
10.9787181366906
16.9977757381275
7.36225643028942
10.2642363170162
12.634382979013
24.0734401163653
10.801022942178
17.1988626243547
11.3271972397342
11.2789777572884
6.01411401294172
3.50392305481704
25.0518837245181
17.252798541449
10.1123006083071
11.9614085182548
7.68000591741339
14.2789138713852
14.7373308391881
8.76654128078371
18.9508986193687
16.1185011500493
14.724849156526
24.997404194437
9.9627127405256
15.6146994974606
7.0198227593169
17.0092831831425
28.2147033838555
14.1395441921917
14.9866921456477
2.31501972302794
10.6084994615221
12.6267811780837
13.0222126404914
4.99305000583131
6.81844687246418
9.72656272351742
17.5218120186667
12.2755568241701
8.33858118858188
1.67793349845101
17.9085461655632
9.95252254459318
1.95083157532678
7.92186336838638
16.2649034056813
5.53470751490127
17.6330789225176
18.9511683536693
7.86821168968317
10.9229082707316
13.0631753709167
14.123120505503
11.6395517364661
16.4627969648839
13.6765420413481
18.3139344211668
5.7170447227745
14.5086369477212
4.4739939738065
14.9326435463824
3.03616778246157
12.6617586007342
7.51701553817838
11.9608344044536
18.4770420892164
19.4596709683537
9.00919560808688
13.9498356589364
35.8359697253859
18.7650358968615
15.9732130063143
11.670434373638
6.28726675640792
6.61245271816119
2.47636401811585
12.4263773588785
16.064946167171
13.8171766418964
14.9843060877174
21.5488554211333
16.7194601523709
4.41890347283334
22.3895750707015
5.74130435679418
16.6284680521631
24.3833257351071
12.145558022894
21.4978423435241
6.96180392963036
4.10686971154064
17.7470847440264
15.4748036991805
1.55360084568109
3.91596244206169
11.4420318995074
19.227959564887
11.6324543021619
18.8353711500443
14.1344260424376
14.4978067139164
12.8459642175585
14.9460514774546
10.8012074837461
12.7962155034766
15.6570563325658
13.2506658866274
9.80471109505743
21.5216051321477
26.1631936300546
13.1759406998754
17.8069716720391
5.68274895194918
13.9066429110244
17.2940072836354
16.0037694033235
25.9135643485934
11.8701299265948
2.16567353345454
14.8620231081684
19.414547492736
16.9159726588621
9.27140582352877
18.0465395976743
14.1859227558598
17.1668762806803
11.2892930163071
24.4733466301113
17.4566430738196
14.2461344832554
9.36737002339214
21.0904349340126
7.31073646571757
17.3119958184797
14.892307286061
8.58187999110669
26.5548601746559
19.2739722551778
20.7199836615473
19.4138495955319
7.51256973017007
9.63130719028413
9.79605449829251
19.8189564282075
17.1972815878689
12.1523339068517
13.626076397486
15.5473674100147
6.25447093043476
18.2589644799009
5.39853532591274
0.592745491303504
14.6686867569647
5.69086621981114
22.3431451013312
10.4872789664594
25.1043973027346
13.6112523032352
14.9469823854064
7.49458025675267
3.57573574753694
16.1381243495271
14.2541994602559
6.72868013508042
10.0707384059206
15.5493529280648
7.85032999701798
17.7804064471275
12.4443118460476
26.4746640343219
7.32877603732049
19.0401929430664
20.9275614703074
17.792610577899
19.545836863108
24.2953320033848
17.2728313892779
22.6226150989532
15.4950062045828
12.4408235114594
4.20508061069995
19.7346463799477
21.6408650157973
15.5400061281398
10.5318703921512
2.26662342902273
14.6212856750935
20.0133272446692
24.4047162355855
10.1014968939126
14.3400939879939
13.7738366565103
19.3144517911969
8.12583085464305
21.8342132167891
10.1830995874479
7.71002871915698
19.5542046334594
1.31739561323078
18.9313719263432
13.1628443719819
5.5322420084849
18.6693233670667
10.7697985135019
11.3535278292995
17.1813942674392
20.4341445816681
3.67411640914142
21.2298091874073
27.4931609955674
16.7318841960574
5.3421892458573
18.4500839095563
14.3776655191361
20.5683622808494
22.651539988841
11.9493297201689
9.63615402579308
16.8437023483416
4.8999764258042
12.0509550906718
7.9242092335433
13.311343640089
10.3394528027649
14.8759084753692
15.9238933206752
15.8076462801546
18.1983227097302
14.6584620233625
16.7628848925233
13.3898374857381
9.1746442951262
9.90885347168701
21.7012666864321
17.4866874469444
9.29903802461922
7.01880478300154
22.038418622683
18.6294756267367
16.1293817451224
12.1331413043663
18.7647331506014
22.0669468631968
19.4426898611709
18.0918875616044
4.5360137673616
18.0664546787739
7.09957487415522
10.0916850287927
14.5366230513901
1.60800295416266
13.3919458370656
10.0756445433944
14.1311873681843
7.15888948179781
5.38196903653443
17.1230782214022
23.5839588234387
11.6393332835287
18.7874933239073
7.21341776661575
14.7274085755807
