"x"
16.2299889894202
1.27469967069824
9.36394283501431
4.50744606961138
4.42969554662704
7.24667166732252
8.43731754273176
7.75331778265536
6.07978098141029
6.4797338261269
7.39438229240477
4.67877869851559
8.78447478547927
5.71320782136172
13.1871191156097
7.6375941656136
5.55700100166723
6.06898356461897
0.0253414048652076
2.02591615123674
7.31728056818247
13.2059386423789
3.1956392750144
6.2864401275292
7.5033863405697
15.5385739104822
11.8480257326737
6.61710996693
6.560229104753
8.18748568906206
8.68737970478833
3.18676886195317
5.88101875735447
14.6359061175026
5.05829729725594
13.8531452290254
8.62850294892054
7.54972215089947
8.6053030025214
4.01496126176789
3.15109597658738
3.81717240590629
6.31063604587689
2.49801822239533
7.67426507826895
5.99321243933668
8.56287255976349
10.8498496441171
3.79620621213689
0.972660322207958
1.92503816541284
9.06185793410987
3.34343998460099
6.65678524458781
9.30125370109454
2.16141800628975
6.92139325071802
8.94841285189614
8.25693154678618
8.69975330552952
11.3117341208272
5.9664651871739
4.49882896011695
7.36432607844472
3.40902950508507
8.76234109055775
6.41270424099639
6.90122938824616
9.19322899738483
11.2890471180149
4.57916746761636
7.51456544408575
4.89404948288575
13.9331290000118
6.67776008555666
4.92159262206405
6.30727662937716
6.09117256617174
2.31310893315822
3.5806816695258
6.44102120166644
5.47830845340158
4.66395992925391
6.66098472471274
10.4063216597312
5.63327563321218
7.85772043000907
6.08213474554941
6.80633013602346
8.35784533247352
7.6596158966433
11.2548824250698
9.29595734830946
15.375567514915
6.62384811183438
15.2207165770233
6.33998762676492
7.69924476323649
14.0909910988994
9.38439774545972
5.85861951252446
11.5506898756139
2.9859486036092
6.53103148844093
11.0276641091332
9.85030292047281
6.36942300572991
5.59669236219142
7.97781666554511
4.67232351717606
8.7721746833995
6.8878863346763
4.34673197071418
14.1728955545431
12.2498922916129
6.22488917879643
5.91441491465352
8.51937766140327
7.99133333936334
10.4460804224946
10.5842947779503
8.59226901317015
2.40760920127708
4.03422611905262
4.08573597343639
9.05583550652571
3.87810057029128
11.4519048803486
10.6787751093507
2.28419118762614
7.18760488601401
9.1879674391821
6.21531245810911
11.5373748955317
4.2549529443495
2.99954584054649
7.80385395744815
3.02112493291497
12.707386654336
6.50642022583634
7.8963252507267
2.80483826977766
8.53137298514493
7.97506981969173
9.94507630903873
11.8593227695674
3.39613105868921
11.1066777873784
10.7296482492238
4.98605550918728
2.74224036885425
6.68166454921733
2.26851215986866
10.8319808011875
9.76675779996981
5.28819325526469
1.80185246514156
8.26611365843564
5.11008395897407
1.88536246027797
5.51482990276907
4.11598339537159
1.64655424409059
12.2237061657943
13.7778063663282
5.70209180602767
1.73597273044288
6.97261050296947
8.94581306213513
7.32598637545678
7.58740458090142
5.09008700309542
5.81494913441431
3.31948398710672
7.74931729258632
1.28173848381266
4.30401074143124
6.48558571049944
14.932651037816
4.76886116385856
4.52377864625305
9.34327248344198
0.0225957338890097
5.33863029163331
6.06536719141715
9.82918228199069
9.81069584330544
4.69950116908398
10.4976273165084
5.76379037683364
13.7828495772555
8.12209598313042
13.2931881439872
10.0266983429901
8.57043752034525
9.11491489084437
9.2571022734046
6.55661068624251
4.79886951483786
10.0271934639832
11.7715415619314
3.24332915665582
1.69732715701684
7.11463388636266
10.118273937609
6.68001364065195
6.0062152845785
2.62174176317367
4.23061106773093
8.44410732435063
10.1386427489329
6.34857673805485
8.31605224544182
7.99423409015018
13.0803913199343
7.13924719719216
6.69909153040498
13.31268161349
4.72117266710848
9.70308036636561
12.8508250359446
9.39816686231643
17.6344681698829
12.9558642595075
8.36111979360747
8.9872512892738
5.55913111986592
10.0295894080773
12.8962493268773
2.66490150801837
7.88666689115968
7.63401575257075
8.10988648957691
9.45804001159241
11.38168038195
6.75261305412278
12.4806642495096
10.7967420187779
2.30300363944843
8.69845529599115
8.02239800943062
2.09836579482553
4.52134212758392
11.4524780722737
9.15295477956533
9.91740586096421
3.37743824115023
5.48189041530713
11.8104335758835
5.53295695489747
8.03243302088231
3.08886801498011
5.66027524787933
5.63069132063538
7.00121645528462
7.76616692589596
4.15641914214939
7.23499280540273
7.36738656274974
4.87149760726161
11.3754860130139
11.1868675430305
5.66048862179741
7.62797548575327
3.73077830811962
4.3074379389482
6.21484232135117
2.34817562579698
11.5418476812303
7.3399097902178
9.69734595190421
7.85711508477107
8.74742632638663
4.01907652057707
2.80230448703528
7.09726275063924
8.17976486356929
8.67216691460838
8.21215801918879
4.99614040436124
16.0710628246889
5.45718943281099
3.63392696762457
4.06903686035177
7.59844435192645
7.16210555238649
4.05941846128553
9.1638322642794
7.95201453927914
12.9745771810412
9.40054460288957
3.22480771670468
3.99436241306587
5.32820613922613
9.15154846804217
7.7207580995746
5.8801610837784
9.08402531288721
7.39090495284402
7.5057637039572
13.4894298444958
5.2624609451741
11.0148749509826
0.281153406781719
7.62100105918944
11.2856399654411
10.7035157969221
4.22615883776464
7.39061240991578
2.6147598656903
5.29325600294396
9.87029622919141
5.87049177009612
7.17743977066129
12.0814121151343
9.8850118053721
5.97344070626423
8.1893025431782
0.278109400727969
4.15856253728271
8.54213764658198
18.3834760515019
3.22591032134369
4.58044739440084
8.56262172172167
0.183466692455113
11.3811644045636
9.99018219625577
6.81224497267976
12.7651385162026
2.62476259376854
6.13251306809493
15.5868141436949
9.76269643055275
2.15410164676181
8.52930208202451
9.51492726802826
13.805906759575
10.8201077389531
4.92343902122229
9.52364759892225
10.8946786953591
3.22428605516736
9.19881156191264
1.6298593537156
14.0434175664559
7.009785303846
9.3446889789775
8.53715865779668
6.3930704081431
2.58814720114094
3.66269712068764
6.99936625454575
2.74007412884384
8.10168957291171
8.96796636935323
3.06454016966745
12.0277362093329
7.68612922634929
9.41327756037936
10.8730578012764
5.38907631905749
12.5115894111805
5.2042426681146
12.1373067743986
6.73328446992419
6.0115254172124
7.02766989537121
5.56664545853533
3.6699372519177
3.37372454699713
5.78520475281402
6.59796026961284
15.3566447147168
6.35014096883326
11.0386456017761
6.7142393309623
7.09121982241049
10.0568966679275
5.73088115639985
6.49762702267617
6.12646014383063
7.31154105078552
2.84506503331358
6.53937012494923
7.55009002005681
9.73036781139672
6.73337052460018
4.44463160773739
8.55083486856893
9.53716287715361
2.49822178155104
3.98965300131235
3.54963304242119
3.50283673175931
3.7139967884973
6.26363709289581
6.420431970153
5.56222421815619
11.2556710573845
8.70698261292976
8.28801226476207
8.63518963381648
7.26900055445731
10.0100914500654
1.89532319130376
9.40752364369109
8.23206627974287
10.1721171000972
14.3144224081188
11.4651755411178
8.56685386737809
10.5432805415781
7.87610056065023
8.95119635621086
7.99038956950375
5.13746983452607
11.7669120356441
12.7151373540983
6.95084306923673
2.11657724669203
11.3982636504807
3.97329353201154
6.18285165912137
5.90967453131452
4.43718904349953
10.2460267022252
11.744798106607
6.65034464886412
3.01074638077989
9.01600441848859
9.06900203134865
7.06734492676333
4.3778066332452
7.3577469047159
6.39664495876059
6.67027549026534
5.23989296006039
8.27671119198203
3.31664601154625
9.68458267827488
5.21420107316226
8.31909428536892
5.78440780309223
9.21630263560541
5.01506557885906
4.87372468365356
11.7298344857991
3.96109223691747
11.8212064001709
4.05720504792407
5.14000183017924
6.35871054371819
7.18236556369811
9.18657608935609
3.75383547786623
9.6271467609331
0.918700106441975
3.05469277035445
8.03421466983855
7.91145067270515
8.01985737495124
3.1688886439969
8.07830177417632
6.27900791075081
6.12055399979252
3.58003379372164
11.9005885384977
11.3200326701626
7.75897665435981
6.30912218615413
9.80983629842787
7.01710708066821
7.77935949022944
2.69736903864783
7.14480080315843
5.72227174323052
3.05587294520168
6.70332355994022
6.58407984079433
12.7927503283136
9.9351350069046
4.04723003413528
9.32516010431573
5.14600699022412
6.05645804665983
9.38998051313683
0.791381180141812
12.3846723265015
8.64626354025677
4.76832181541249
4.0771513665095
14.4581276108511
7.62269863346592
10.8327210716116
5.40959272051693
9.36505097320399
10.0353612536564
2.98813479300588
14.4473019302823
4.0830709557049
6.42778722844807
3.501288454514
5.46638329513371
8.10742937028408
11.4073423141029
7.28827455220744
7.18989749161259
4.98421168112762
5.55421793740243
7.987641035703
3.01431048010591
0.260040935128927
4.06952381785959
7.64297256325481
12.6564837670885
7.21221306826919
6.96065189503133
2.69132510991767
10.1017674814665
5.15263522323221
11.7976163425483
1.20461787516251
8.95808395463973
12.3360587423667
6.72191373603355
7.55784413963556
4.48080450296402
11.4346542181029
6.85801892727613
8.25216254219413
10.4117353060283
5.2351053301245
9.48688938701525
12.806318487972
10.8618353717029
9.9858325513224
4.79437111085281
7.44479238661006
10.9310862659477
0.253015052828657
8.90275248046964
9.51544254159493
10.2984923183888
11.0728803166523
6.93780786031857
3.91870515793562
5.86422085762024
2.72057170877208
3.5773079325445
11.9444845360704
5.92491508182138
13.284169446677
12.4860248370096
4.86033634096384
7.75126901995832
3.47079254391126
10.2371498838289
6.47795675595869
7.26386219216511
7.43076038919389
6.09378039395713
11.2651031753048
3.98508003680035
9.17018454515947
4.89913745500411
3.56706902710721
8.55603701295331
10.4016584898345
3.77723818738014
8.2281024721374
6.32103354530409
14.0809512379609
3.94134342530742
10.4620262598619
7.65800461445006
4.43747511670344
6.92401219922284
6.16652177274227
7.59097359934822
11.4988381345771
10.1313580297865
9.3046965636313
1.93813552195206
13.7121331659146
3.9392716451548
3.46555481248356
10.38799442444
4.24228302820423
9.55657154275104
9.84215492526541
4.56709358934313
3.50873555755243
9.79966460870944
5.90220758831128
2.96137906657532
6.63670323161788
6.68914442835376
7.88704490600862
3.4571581306354
8.36563514768741
3.39675883336299
15.8589371899143
9.98446303093806
8.46944878064096
9.56885657309877
7.16980386106297
4.07886649700367
7.07158818980679
5.93492289818823
5.24825497468104
7.9814713052474
7.62282350705937
4.87000081781298
9.77647973690182
5.27371944626793
5.25171068916097
9.56053014378995
7.96042041108012
5.19019388593733
4.78524859948084
8.45541448239237
7.83603718411177
0.969217845772003
8.24915896262974
8.04410842526704
6.59960146984777
5.44705238328797
4.53941868684557
6.42127724317834
1.07899546762928
10.3870326581421
6.77277068567339
7.69063805323094
4.4364074645564
10.6934362524189
9.92215560752472
5.82590710739361
5.71109548117965
8.43995735188946
6.66826356947422
2.45916349053274
6.38326751673594
9.73758138623089
8.67241585766897
7.55564864259213
2.95670649353165
8.67430895240977
9.29689034214243
8.31396116447789
2.59472115701883
2.1759212971665
3.07108483145355
10.1615721965209
6.77312987856567
13.1221379380434
5.81414036080241
6.01347794383764
11.3885131250136
4.40136688062921
6.32001357056835
1.32649038917384
12.3457574095325
4.15767336835147
7.63816619943827
11.8958099735901
3.96876850881792
9.16657076294324
4.742750831334
5.9545164241684
8.48734064446762
9.15904470656612
12.3361715208739
6.38316517369822
9.02638459252194
6.7555475961417
2.36632186872885
5.95583995109842
8.46594378305599
10.2042858605905
0.222413297171573
4.42960815761852
9.29471727507189
7.25727611593902
12.0521021126769
3.98491682857275
11.5044756950811
9.10078542511597
14.4078612698186
0.829922576639629
10.2717801961116
3.85967466614887
1.88350136345252
9.82939590280876
10.4730784404092
9.15719623211771
14.0520602473989
9.34345179856448
2.45834083589202
3.34620552178012
10.2053889282427
4.97122733574361
3.89481843893529
7.01266768814151
5.174305575841
2.54714339599013
0.217259609140456
10.3125022017807
13.2118394854479
2.62889123393541
6.45405300334096
10.0187098276801
3.87718372000381
4.42663568296186
6.7866170941852
3.95828657923266
8.62057307409123
6.34515114406824
3.42617217695123
7.16876681428403
9.5798798681525
7.388622793369
7.56184954941273
7.96707513509318
10.3834586790763
6.18169095588257
3.58359103842099
7.73385856723953
7.55588043798809
5.01563512843573
4.95859213219956
4.86200596256134
7.32932164449637
4.26462080329657
6.31955505302176
3.39938987977803
12.2044769274071
14.0715387552045
3.01943130197075
4.79612258279728
13.1127701676451
7.84116918453947
14.4423406189308
0.273094564375516
8.07663658820093
3.92853728123009
14.0668266252615
11.1998166283879
12.4097833978012
2.2946518265407
14.6712857284583
12.1183108664118
5.64313994301483
0.938969358801842
1.11384471386108
11.0993606750853
2.99868173338473
9.37084184416685
8.83692155359313
5.75568004371598
6.83766586426646
5.93508463430249
5.18346918141469
7.50289026574284
3.52357074664906
4.5714296057964
12.5512084630318
0.233292431361427
7.32000565901399
7.40235118148848
7.60724499821663
4.13375831679959
8.53297730349004
15.2831045910716
10.4144953855003
7.22175426827744
8.38375489242346
4.16207687649876
9.90844599204138
11.1618826529011
5.84390534972772
8.80823922576383
8.94992221400515
0.838227090352355
5.63881706865504
7.5383189266105
5.99731800426532
11.4933689357713
7.65486474847421
10.9356591012329
6.72625848976895
7.57217098306865
11.5789816277102
11.9717731126584
4.35307870024192
1.51962892804295
6.36114613199607
6.75319250394488
7.09175101295114
6.0465382548845
11.4488772969544
6.45839922404077
9.18765620654876
5.71347368694842
5.42475308028423
14.6891167145222
8.25195211032405
12.5448495405726
2.79054580489174
2.05572413932532
8.79947375514634
10.5125033867173
6.05964549165219
2.8714146055936
9.69128228863701
5.77714066207409
4.68202836625278
7.4186099069193
5.26425065174987
8.32146806999669
4.28574228668546
12.8328044512309
12.5931504126638
7.28868044167757
7.74396554056483
4.8549493253231
9.84365345923132
2.46700420835987
10.0584801938385
7.48922699763563
6.0403262693435
13.0820538756358
13.3196571804564
5.84859256027266
6.44723016895026
6.62391603139855
8.13614311767742
8.37502059387043
5.22999857255735
6.38315708779629
8.49009755719453
5.70720345340669
7.62799083153893
0.7489382782951
9.56611044895096
6.71040376788005
7.40587293868884
6.43418100939064
1.70049844589084
5.51402285640469
6.792165372113
10.6411144682206
3.47366453474388
4.68369698524475
1.63835292714183
7.548224799335
9.60331485187635
7.68179671705577
7.7879388786736
9.99880740093067
7.81099870847538
6.30154777038842
10.3639565845951
7.17121727624908
9.22592691192403
9.01547828185256
3.26744713979555
8.4819004079327
4.27760790405631
8.01058186849471
10.5857750982977
9.40308946184814
9.51669256757429
9.32470333485355
6.55132559733465
4.20612274250016
13.4589520557784
6.63111373007836
9.31249417271465
6.837305362802
10.3661787738092
8.46144500188529
4.32017169892788
5.70507984794676
7.77083168132231
9.1408903459087
1.57297443179414
9.9964179424569
3.4587392359972
8.42491711210459
8.04970738152042
4.76887549879029
3.5949599247658
10.818558587227
7.96528267348185
10.6019958138975
4.42403631610796
3.32861299864857
5.96063099474723
6.87943328003627
7.85209807567298
9.293073059991
3.2996287388648
3.74886198341846
5.99472979316488
4.33542949939147
8.41829769266769
5.91471542883664
6.31487835338339
8.0964655643329
13.8417515158653
9.99976714286422
2.87813950097188
8.92733373166993
10.3502664568836
5.5683823521249
6.80639288714156
6.83807930874458
7.2612840780057
4.50435151113197
2.91818007035181
10.4921175017953
0.974362249990711
2.47564649954438
2.81795954027115
1.6098516206257
5.81384360482012
4.2977343457751
4.84863702300936
5.78051560604945
4.14069876121357
4.7898576158874
7.96688533527777
11.8121897899546
11.5963907567784
3.7698294056465
1.17148593458422
11.562424284406
4.16319721844047
5.95291540369789
10.642139709089
4.10862885368988
10.7870520441793
7.39554886473343
5.14589460147545
10.345477681607
8.274168017786
9.63877919351058
1.43878540130004
13.9739235383458
8.43101517297328
2.20811462735111
6.1271654558368
9.42186831543222
13.2704371609725
11.5833497176337
10.6366308499128
9.28433757880703
7.40433282684535
8.62462853640318
14.6173225255944
7.91451039304957
11.1865776507184
9.2611416047439
11.3097792620544
0.0289069417336973
10.0769474287618
3.27386840712279
9.26158322132527
6.8342956917493
7.4387516490009
3.48117132112384
8.19524512812495
5.02646977773079
5.77236918825656
11.1739754536605
8.46915603429079
10.3823422221467
6.52574158983216
5.81800098158419
9.33590391045436
4.60033244546503
6.26199273951352
5.37577083148062
8.25853364774957
2.97537352144718
2.72052188124508
10.511753949795
9.75553767336532
4.76043483847752
9.07534841867164
6.31573859353034
13.1341794887558
7.98563757269031
10.7622062852606
8.87686027027667
12.7346904943697
11.2748376326635
8.66925544382351
4.17026005731896
