"x"
58.1361387600401
37.0738102253526
21.2123166605958
7.03612191416323
50.0449783271179
31.1906226239359
76.9567711763084
27.2441639341414
4.8159602615051
63.8303859387573
19.5747160571627
21.4882475738455
59.8331974139437
82.7640620972961
1.19994562631473
26.4429737176601
17.6000101280205
110.508891428355
30.4168561287608
13.5331346900202
18.7067461498082
95.2286637327634
32.6620743262111
29.5843367041089
43.2475108215585
37.3932684352621
33.4467400258499
30.5758267999627
18.9057359802537
89.3373623056512
32.6433004718172
0.489596507046372
15.050623931922
8.07879085093126
66.1011205698958
44.5425508089931
112.322549175471
38.7609460292314
20.302004809957
62.4491548226215
92.932634582743
65.5407702725083
23.3707776940428
8.22907746070996
67.3072480846791
24.9702735822648
29.1716437644879
17.0563143580221
46.460208699457
37.075627618935
38.5507994123857
36.067672803998
9.13536946708336
42.5421294635162
47.8170168525539
34.3394445279823
81.3971817246638
13.9775553708896
91.9968886021525
69.9600943015578
35.1398027990945
22.425086555814
61.7774371700361
72.3243248217535
69.8718877583742
60.5443190471269
24.5964569617063
34.8353342106566
13.0453524212724
32.8560839069448
67.8073263955172
8.7101270400713
32.6834720894694
1.36033732422415
13.4807125437272
111.51664822083
27.6583787448388
0.909406390506774
51.3542717870446
46.6034377727596
79.1307583589367
21.2852011593059
50.7866591704474
40.2444347748533
77.5834216877606
13.0383385403305
79.0156598703083
48.3375912015326
62.5270858271979
107.295169722754
40.0172755136155
41.9542194023039
74.8897090628743
46.0232865728651
38.0866766484985
4.62387876520471
65.4624657462575
4.73708576476201
11.9368108953349
47.3445066153269
48.7282716413028
24.7440977425345
38.2925656093284
39.151830336079
10.8786367947852
29.1330948849209
39.3799473471008
24.7865186948329
14.721953817392
48.9860596661452
42.9405897589951
1.35094940895215
22.1937218206565
29.2504880321212
44.7541967500001
84.6940794275142
31.7662024812685
72.8246069191955
36.4628389617428
50.4090148067322
15.9728046949022
40.4085218354441
0.882059601601213
34.8160513638499
27.4448332101282
47.8527892715203
58.643956344502
68.8393187513575
33.4160896833055
47.9524987840144
79.4415763844736
54.4587620962411
29.4343559971332
15.9568917229772
46.4521345930106
36.3807110125199
22.1391695614832
69.3879121472128
17.7305166913523
51.4776612245478
56.1446614083834
50.7927954462357
38.7835241068569
74.9530718377791
34.1626896222234
37.1550984461792
44.9904161612503
63.9487388734706
2.2017953521572
34.0449606684307
84.4658241402358
18.3894641958526
64.6431763797709
27.9768031512032
35.4666832303628
42.9503101101145
55.4835958932526
59.4135852134786
4.91904057143256
41.0003862623951
41.3581318873912
32.2000475028488
85.3290820182301
44.930651737377
17.925367844291
68.4831312219612
35.2024495247751
71.6078635565936
56.1890240912312
0.584020052370928
48.8236910420245
71.1199505321009
28.666914697119
3.86703062430024
18.1553133381531
62.9706186885014
64.9564342898002
40.6978515519445
15.9297789871361
49.5639348062687
48.4853949411772
26.359252923436
25.4623453700915
40.7242517748678
20.9877904289636
14.0632430850528
4.22732197120786
32.1839542044327
28.7528741024944
69.9279992146936
59.2451996980235
70.6192507836968
93.6569807217456
28.4811506238766
29.1788507880453
42.2924012993462
63.3707433287054
25.0605119657703
41.4589336942881
65.4685767749324
76.7990409666672
4.98258468172256
113.580935190897
65.9053458029152
34.8161631468683
45.7040761029348
57.3051364053972
32.9307530354708
40.0726344345976
43.3142641936429
22.7045600870624
35.2733177805794
93.9773527770303
73.7262261612341
52.9013776282846
11.1709333387267
17.3382538743317
9.31744852347748
47.5005291025289
27.3200951381586
41.5578143438324
91.352774375584
53.6091897203587
7.38425435867349
39.900258630771
38.6728387805633
42.8864078630422
3.56539817014709
37.5429596362903
35.0860413978808
38.5431827246211
75.4923269469291
4.25961977429688
73.0557082190347
7.74136160127818
18.7536438661627
37.3949696179479
66.089691767469
21.1521267830394
98.9259208738804
52.1210330366157
4.85186273986394
50.6456567225978
45.1453424859792
6.14768180251121
24.2583176521584
26.4118805034086
60.8080621096305
15.9667461127974
41.9902587393299
25.1944840075239
75.7817476387136
34.5426816791296
45.995471565577
35.5281419903742
12.5796275655739
78.992741783246
25.9261944727063
34.7166972729851
25.0745719735329
28.6724643115886
48.4892280728694
33.1112057003193
34.2582624689676
8.10352710610319
53.5652244337834
33.9196384004317
38.0036912080172
74.7880391255021
40.0304010082036
43.3687163473528
62.4335248530842
42.4180747077875
53.7913613333367
39.9227966205217
23.7134038531221
11.2807745849714
34.2402651691809
14.9854284241377
30.6381532950327
42.4168105942712
9.21747453305468
15.2810067725368
0.706543805907929
26.691518206615
73.4278471595608
7.07743596070351
23.5062634653903
6.63183993380517
17.8293266105466
43.6681114020361
36.3400788400322
4.59842342091724
67.1201331079937
39.5728328805417
9.56382853812291
10.3686613971367
35.6352011379786
10.1360742836259
44.1098914281629
75.9534079930745
47.362403935589
53.6435698353638
54.1709022740833
19.3499551283888
38.9139069132507
36.0888546444476
66.8814978227019
16.869372006326
14.3863587383842
15.6576063442044
31.7613989361833
76.2160844500176
62.8512939736247
84.9452976258471
78.6324731237255
63.5938097648409
80.4911233847961
24.0073095285782
31.8747299639918
17.6307084310195
79.5696326452307
36.1140592718726
68.7311950922012
69.0232219068973
1.47522965026778
94.4799729385413
16.3814758714288
21.6366503985866
2.60188842192292
13.6390459290706
46.3926538833247
25.7753901416436
52.8419962730259
26.7314556031488
49.9417902929708
16.9495934093083
23.6197317601182
14.6008320897818
28.4345253864303
45.661924475804
77.2815922871232
31.7915153406791
19.9545066917797
11.5531163485721
6.23592209503221
22.2526495177299
31.3004398287295
63.6304760403
33.2044390887022
7.26050453189165
27.0623879134655
52.729777885213
26.5380586312121
21.9374775323085
40.7183178034611
27.0496831056464
13.5455660875887
82.2022569822147
64.6431818101555
53.4605924198404
2.94372452795505
39.0967790364113
8.13220833351128
41.1882261032627
59.948697919026
26.133130280301
52.935788763687
77.4608098575845
56.1345612443983
107.310196685605
29.1529781876091
27.9173749527787
40.8680410031229
21.3092998140492
82.7611607663045
56.5272093485109
10.7108884560876
60.8851243903263
50.0951623111032
8.26961850021449
28.2361645849661
58.6450263164006
56.0637898268178
2.9366725257325
24.8157050558366
25.7216014699079
45.0474785485427
71.5646458896808
18.2480050502345
38.2431711880178
60.7211803765967
71.3420968176797
10.2790100653656
47.8112221495248
54.8346388929902
10.7986107697745
1.20535028167069
69.7469029957428
24.0895551019348
64.8063586559147
45.3951617404818
28.4421133808792
20.7007359128653
22.1794583788142
71.6526137865362
37.2968843397684
59.9952851361595
29.4066747974804
62.252758633811
122.461993705236
17.2116584867371
51.1259972160847
5.6015033105321
61.7656187368557
43.7497848845359
65.3244264640543
26.865599413868
12.5292015859167
29.7345945654239
33.136323095765
36.8963366699309
43.3369426312856
41.8097967272459
49.6339838379063
58.6789756268263
52.8843664502641
57.5409202803858
47.654203123413
9.98848330463151
64.2316457577981
33.7696963227009
29.5770654089539
24.1077118053977
38.3181549162188
45.7400482976809
63.7555223596282
53.9975734390318
66.4495103177397
2.14293908422622
69.726700725777
32.926363779102
31.7800454115495
11.2776563792117
59.6983168465085
112.664347540347
30.2497102827765
64.8551758322865
90.2206180617213
1.32751331516822
27.6753468236239
36.3754829932004
59.9072652110358
13.2591170601034
18.8438493213616
38.3457569321617
52.9782377639785
82.2428639890361
36.9145859079435
10.521763425786
54.9035383122973
101.360995114619
35.6031014705077
52.0164501263134
23.1908094487153
50.1701820460148
69.0441587311216
27.9429395446662
11.2149824436443
48.6350163544567
22.1630099541508
46.6567592918919
12.0069071128964
14.1869912822731
76.1039269035682
66.9092170069925
49.0392949995585
33.1427071169547
68.720047061033
37.7242258661427
66.0632854805829
19.3920925003476
34.5596041129902
51.5118425041437
6.97165420124536
16.124976017978
68.7010170347057
47.46086971974
96.1241081818007
42.8619880088087
56.5663595208898
54.3133231974207
69.0909564178437
9.672171021346
65.9257719776784
15.8275890136409
27.4300616509281
63.7884178510867
55.6837483984418
72.8460066975094
37.245796807576
58.0881410976872
63.537020527292
83.9970150669266
43.5690075312741
15.4544295268133
0.301486524495851
39.04499325715
51.3046803432517
0.977498855564413
37.6897203954868
2.90017904900014
19.5178758027032
26.0986251800175
33.0558316469386
23.9023429686204
38.4111183760688
43.7025600836351
14.4338003296157
16.0373836671933
11.4787804135121
45.4758315654471
34.9468903345987
14.7928160586538
22.1770332790416
60.4840330886654
32.3789505441673
58.2169991796836
77.0833348276657
2.18313412139139
71.691264054738
113.239058914594
3.4915104447864
4.74126449134201
38.8908920279854
49.0080076870681
52.2830083952285
62.7293830853887
31.4246726031415
20.193572934807
15.0362530457787
2.85609800415114
80.9105634821779
33.1596122135996
40.4182505368327
86.3967202375643
44.0600210870616
36.4098839079961
81.3834282159805
48.7918359464966
58.3067231574096
62.6455010919868
24.3765332272087
9.28803398159891
15.2597169388622
8.74869791451145
64.9022354522007
6.2870302193993
7.04327754070982
13.4640204333858
80.6796973098774
18.5466854986735
69.8095550253636
31.5978837312202
8.84660208278132
43.8818168235373
23.5575920272481
20.9413796506557
54.8926465110853
10.9804818942212
29.7745326398872
26.1785956348583
69.6918977990519
53.5098795758267
54.0512675126083
69.7005031644367
45.6412508715839
0.50021243467927
80.074750944972
50.8554571191216
98.1811051326044
13.7127822396271
61.7033233596012
21.7909049935842
10.0870899762958
25.1423641545698
95.7879741042852
73.01927250484
59.1308540599421
49.0503157982603
4.9083946618251
25.3054015925154
3.15094917877425
84.6899128078192
0.458840223960578
21.2805003323592
39.461879640215
48.8687740098685
20.5637675346807
49.4428312063945
59.450158491265
35.1883140880039
46.1761879054829
53.6578814070672
51.9682950642994
11.6311390092596
68.2520637894049
83.8991853534244
24.0103956142312
9.00074173341224
22.6157928407192
23.2430094145238
22.3959453548552
26.6833313922398
41.7618734361604
41.7817321836203
49.3781425482426
4.8903707661666
52.6446504816413
10.8788868659176
48.3682750688103
26.2918663308956
4.34137676761651
66.3169037592597
12.4373032706113
21.7799408853584
13.5885586878285
54.5340978750028
3.64769739718701
51.4119170880876
22.8548639350868
65.6547064151507
34.3379755625501
31.388604471781
35.3558492660522
19.3659421211207
50.1844634260051
56.2505296806462
47.6478661722002
49.1372025101446
29.6676765508018
30.8692941656336
44.2212466760538
19.0693994985467
73.9347511692904
33.2679847508461
54.0764515567571
21.6232007703958
72.7440677890554
49.532430595149
11.321324266959
1.86320504581452
15.677129435353
57.1391747980378
29.9023909913376
41.0288100088946
54.4131206343882
30.860267622862
48.9962176457047
35.306783599779
67.9283440229483
20.0875055203618
72.1815216173418
31.114088288974
47.2813730591598
20.6706283763051
38.8771994328126
23.8550620088939
31.9950550290542
30.8218990176166
12.2890498568304
79.3529582514925
10.7073875320292
53.5948009916088
13.1153660115293
51.7531569363674
28.0358206238598
28.7350822957233
43.3208303516303
53.1256747660227
17.0187103450298
10.3969944510609
13.7767373872246
0.510461285244673
15.9688763467768
22.5604562345118
32.2111558111552
7.33049701480195
36.7750309109832
33.0131436190568
76.5362217072397
56.1861997383327
86.9633318670094
28.6551947160624
18.554709880217
24.1349454713054
31.8181180022657
45.1283445772715
6.15808160277083
15.1926826469807
35.643980421108
47.3237310975346
28.3616248905941
25.5918121724567
52.6464090342633
51.2566842550139
40.9231327064901
17.873320186045
51.5747846916023
85.8722089945072
31.5018013390031
29.7863312708214
24.767242169939
70.834360644888
22.9628684229026
45.4315958367661
62.9074137657881
39.912389125675
14.0715065058321
28.9999631387182
29.7493989500217
4.60754972376366
31.5270926684044
25.1614941428415
42.2666891575791
20.1408975818194
24.6758857709082
60.7083905017935
13.2736526792197
43.1571644875221
44.3096681101365
63.8558282051235
35.5344038573094
104.245961571112
43.9387835883535
70.7794301351532
34.9439354999922
29.3311907853931
12.3915718565695
40.8743710457347
16.6769805881508
78.8188000400551
65.0707358429208
36.955618198961
10.9279429867874
19.353410400759
40.625145971775
30.0668173547567
81.3091389366307
70.3624139525927
56.5922688517493
39.3602734194137
8.8141387111857
3.69143743470297
22.8522015614435
2.03096095671202
39.4372440937206
5.36634329356755
14.0613249829039
21.4700137736563
73.4952024067752
36.0804174754134
41.0080246659927
46.7335666785509
19.3613177182625
22.4001956018619
35.0797705356963
10.9600782708457
9.36447195103392
36.6673365102052
15.4993376266211
13.8289054529741
19.5126132708974
5.59668056666851
30.025591741316
45.0943650542758
68.9560123700648
102.912297712639
35.9766229810193
0.948748135473579
28.1287914910354
25.771344599314
2.55701132172701
56.0384342386387
10.5398255480827
16.5510638776986
55.4545653536932
44.3920636810362
23.8145858266708
18.8225187641216
35.1194669106044
64.1858521575156
43.6508084512117
26.7817581743002
24.138504934558
23.8219232067873
31.5496750180609
15.4573701038025
59.7781454720534
48.5959317794845
32.1530514978804
82.6829277682118
34.1962631070055
62.5342697302969
41.8072685580701
67.1263481844216
29.0915644825436
29.7397514088079
8.97199720144272
60.1907228962518
6.95639014989138
86.6814807496258
62.03404063096
2.43166235252242
7.4737522151983
4.93713742035272
61.186549501353
34.5130770725715
68.097730174195
3.47576317424376
34.9665331874692
54.2191458642483
92.8904997026548
51.0427629843846
28.9257816857862
20.6405156096443
36.9253012994304
30.6594976082722
61.2450006138354
20.8530708859572
42.3568887286819
65.057668275978
24.9301012579259
86.6464035799952
118.66973487474
67.8119147189426
65.4594513340853
10.1802232218906
63.7278416024858
12.70289730873
26.375013949112
36.2043402481717
39.8321948940866
56.5391272591794
33.2049782962458
41.6432104557753
27.8850052308411
51.1654103533365
53.6731032240204
78.684176901821
11.0738739268854
33.8879650169641
43.5596499995781
21.6935587814078
42.8888802607544
24.8575399601832
26.2061278499839
48.2772663860394
19.1553491389452
1.3507358841598
43.1784841516055
18.8052948005497
15.8232130490506
40.4035151582211
7.86058510844712
58.4583523303947
66.5800399677828
36.8811356141232
29.617538296968
59.8256877232343
52.0583849530667
15.7856040836608
42.0311648712267
19.4365024716508
2.98407301912084
38.8381106022746
22.6678007824425
94.611398410052
66.2832080307416
34.9746124609373
49.7634383400062
30.3736519100378
20.3213510694713
25.8179840968233
77.3198957154527
46.0368075887673
48.4931329800747
72.0937870298512
19.421006865106
76.2794680455699
24.1070879841622
27.1279715922363
11.6558269788511
40.2882067915052
5.7941018329002
65.6227257236183
1.89697872828707
90.5733940601349
28.8837413425034
48.1403088904917
11.8264629836598
51.2993817147799
52.9064016644843
10.9966183486395
76.9345358563587
48.4030728167854
72.0240782924575
33.8602253058834
1.33644160442054
40.188735774589
56.0415232758969
42.0331325336815
31.5222910449413
46.9434036444873
62.2876737096563
46.3129488476152
78.5359531282447
62.7308705169707
19.3136338507757
45.3007511934265
53.2391699055296
23.6193436360918
25.0802475820374
8.3101465270138
3.52323545375839
54.9082441907766
48.5037623732351
12.3565950924531
7.43046050385093
30.6688535660505
36.7905797157437
11.0661035254598
48.6699955542572
32.173325310205
26.5814306172542
21.7657277849973
27.2607801686972
36.7772070498124
61.5482055754401
80.458788014017
32.1134364819154
27.0126185319386
32.5409268080257
15.2926465328783
38.5170287888216
36.9682160374619
33.5581643732883
69.1343741440214
17.6907040975057
51.8102512657642
22.8315318636596
39.9503653547956
52.7840986477651
87.8294939063712
14.4585493694561
6.8851057206969
55.086147402916
36.910810355097
77.90384324966
18.0842791765497
18.1034452579915
15.4110581944697
57.260572864674
17.9529643554908
78.6893503800966
30.024936270796
21.1686918712221
42.5691271671094
5.39886891329661
25.1968175028451
70.6489461262361
13.2410125192255
39.2066943615753
12.6656411681324
11.8490156095986
18.1772202266781
31.4193789535202
2.5902609112222
23.2018502714307
76.6688575985323
16.2735720737837
62.2779616881162
34.4502391358837
26.4579615751281
42.6379982479848
40.6660990538075
27.4554962511745
30.7575591142422
85.0461172823615
55.1917388462461
20.5629808346285
11.1846710024402
20.9832605822012
33.9568386540134
41.0946901346618
23.471761002671
57.0821211319417
67.002986527048
21.3732044915669
30.3594637515455
