"x"
12.6611143974287
29.5492723952048
9.95874377293512
17.4651708562008
16.4077869085595
13.1879344439366
26.5560287483968
34.4559797127731
12.389173451128
34.0447380348006
17.3009044239298
26.6324647022411
14.0976908840239
17.1580262384377
11.2466462622397
34.8691831142642
32.2492269331629
14.4979513864964
34.7015532902442
17.7221362972632
8.66021954733878
30.9611674189008
32.6469320040196
18.5181582695805
5.25841001034246
36.6467169248499
20.3007238120772
14.5870166094974
24.8808441488072
26.3855579998344
9.63824656745419
15.9942196737975
6.26517912838608
14.8341422252522
29.7530042005587
24.1953150518239
5.92995610507205
32.5035630622879
4.7883856901899
20.9153822162189
23.4644655471365
8.81499164085835
10.050927730561
20.2025095741265
46.8283011834137
9.75007622642443
23.7830247036181
29.5069264043123
15.1629843665287
36.0797212449834
8.60102795978412
6.88527780390437
25.3716127406517
23.1552080618629
38.7014571377076
33.7917367480695
28.1442534998059
23.8436394925229
30.8760868641548
31.2820524503477
11.9413733328693
17.1394457504765
1.56384275481105
16.8734546817305
33.6648137038574
7.31668384275905
31.0805441890843
18.6077004815452
18.2406501187943
30.7970424075611
29.5403131423518
33.674465582706
17.4476370317861
18.575175480911
12.3115911120549
28.279025173746
36.5795229244977
12.1777199744816
42.8553620994192
7.35229257401079
30.6934516145848
20.782044313337
32.1500811232254
10.9480671635829
30.7475013742223
45.7305155340582
29.2064346647354
42.5922750459134
20.1203636218672
16.0355125753226
32.1466690641828
33.2064894321375
30.5838949894533
18.9850112609614
36.4335301662795
19.557640674524
17.4173345873486
18.569237654563
14.6776141114533
42.1602009753697
13.7674570773659
33.3252432011068
10.2055535384759
34.8685867083259
44.4397548828274
32.7883656439371
3.52338815618605
9.84324817126617
17.7220912679657
28.973109557759
20.749758944381
31.928956228774
17.41013663169
26.6035745074041
14.9610443408601
9.11007260670885
27.8319897665642
26.1360105453059
14.2050299540452
31.1629400909878
50.7582167638466
36.6384386052378
14.664884364172
17.6003050381664
25.7326941348646
12.4087414979003
17.5472572782662
31.0101077053227
26.5001421670917
18.3266143730505
10.2444804548286
37.9469637572765
22.3262482811697
16.2403247812763
36.0754582928494
14.1525189285167
11.4762943106255
43.1198711623438
12.2602342315949
23.2304239366204
20.7741436189972
38.5471251066774
22.9204768021591
21.0316024292612
19.15086044278
25.7546184151433
38.508010125719
37.0479081328958
22.4813934388496
28.6768177128397
20.4057262223214
31.0204534996301
10.2456020540558
37.1483331313357
33.3073257892393
19.5152884883892
31.9652374302373
30.2171243098564
32.2517468070225
20.4289725506678
37.3551740975834
42.1062380061485
27.1973408628255
8.07870555444625
8.36329421913251
22.9402380954608
15.5151598476805
10.2886220400861
30.054000436937
17.0052815177478
25.3947907048278
33.8676298940554
32.6888653915375
17.3231429499574
17.5704805492423
19.3475590590388
21.1481681820005
29.0954691837542
6.21070507261902
28.4547490999103
14.9623942128383
23.2265823385678
6.85772883379832
32.6133218212053
16.6333666325656
37.3536863476038
6.72485759987434
24.3194356067106
40.3101944890805
5.64955465724914
17.5274890051223
38.416337757837
19.1141684273642
3.25989328743999
9.88549943982123
23.0357811916642
36.4568941727336
14.3095042915955
17.4589357811881
17.1906612077728
5.66255155066028
33.4279308607802
27.3177607362159
19.4507600176898
34.9143424574286
47.6983207175508
9.28775178780779
26.51241790317
2.53010016959042
15.4326394245284
28.9578669201583
14.7656061923442
34.1922080973163
23.6223672693595
30.2773546098954
28.9968117903918
19.5210187397897
27.5998889123275
30.653644497972
31.9918059934862
16.375827654613
27.8998186835088
26.8400161753169
15.3420065299651
28.7885664656702
18.6857990319841
24.8522357116453
28.8181596922466
20.9003880685195
24.8862990879665
24.0887250294909
21.7517755748704
16.531466131157
45.8415110846981
24.4436963237822
6.50404628180555
28.6404251824133
33.9863653318025
20.4643632609374
32.6116772150419
15.9984391542084
10.4843761059456
35.1282532615587
35.0143187181093
5.86348305735737
35.5391723890789
15.3618211844878
21.9712085654028
27.956239181766
20.2914614151232
27.4514948856086
24.5390752195381
31.2552773465055
36.7313540638424
32.0535418418738
39.6818748572019
20.2411405881867
19.0182505706325
18.9214176789545
16.3580745605761
15.6691391724162
14.5245222331853
36.8650246574543
27.7337718700234
42.8981072399765
9.46804071636871
18.9472701167688
15.0315083566619
21.9939805450849
24.5325271384542
31.5839805803262
19.050683867991
10.4078046292998
13.4172198087908
24.2861156327387
21.8300035754219
26.8838078621775
31.2829393560831
11.9339286983522
27.3817210863344
25.5409904248081
24.5898523765512
26.1858182866126
26.8622804533834
22.9368114676327
20.2056168246357
24.3279156294815
25.3152986940186
38.1625416037719
20.3376501733437
32.262094961945
34.9473997992463
11.7203474119306
20.3540215012617
24.3203992405906
9.93964270725098
44.4208390982822
28.8355301516131
23.2254791837186
39.0545922168531
18.514297738987
14.133828788344
22.0962548932803
42.1527395644225
16.2272763079964
7.67291131140364
15.5681806448847
36.9857537853532
31.6014854265377
16.5997007439345
34.1375241377391
23.8145433166064
28.8719592313282
4.57757131002591
27.8282561263815
19.07349778153
40.1530949030385
13.3793541798368
18.3448705100454
29.7718721609563
18.303573877362
9.22542582079768
28.9308083765209
19.8947085353747
33.3677840461023
20.7241933015175
28.6590110426769
20.8904640502296
7.27079460024834
26.0495347394608
19.3225930748487
32.8611657167785
5.53782998817042
21.7594058186841
32.5427249274217
31.7549632829614
32.5405702349613
24.3898560907692
31.6794579969719
11.2356952806003
3.94875583137002
19.9595473937738
7.42076387582347
6.51908579282463
21.2104554497637
13.4294145970982
11.9973927182145
25.8093095412478
23.786897032036
27.0734067130834
16.5881485962309
13.7753445259295
26.3191932798363
34.1271957764402
15.8806363421566
22.2113635693677
9.37575764509088
18.9589319227611
4.57273556990549
29.9981327425615
20.3477987054752
29.5303692840971
30.3307499759831
9.95187641934159
22.1042137677703
5.22194987442344
27.7102928262154
23.1508119287901
24.6808862714097
6.43811147142015
21.2263264611967
26.5532103041187
31.4372452944517
22.0654381010681
15.9126161257736
31.9327632011846
4.34013536805287
32.2309198519215
28.4417523765005
10.3133876163332
27.1631028167903
17.3117511137389
26.7558207927574
25.2567807300075
30.5197418974712
11.5004241175932
28.7242892794311
20.2806430507483
25.0272132604187
19.8257908117957
31.5280159227872
11.9774587210268
15.9001205561355
20.7517071459442
2.70039863744751
7.13621492542257
28.6340574212372
15.128361959826
17.2305334643461
23.5828281054273
16.7096706457766
23.8844444914721
18.975408995524
27.463211780414
27.2010817913141
21.0224016640939
8.817841166887
19.7886602799408
18.6799241770059
23.6466222498789
11.3885984192602
21.5633886591531
21.1585084246472
33.6240975627137
0.350006315586919
18.9818855747581
30.0111024565995
29.1390607925132
5.22271143784408
10.3963524056599
11.0897640270827
30.7871980885975
2.05370442336425
29.5493691433221
6.99824346089736
38.4953126236796
32.5288457134737
25.0905317938887
34.1876036413014
23.5232204458282
26.64466778934
20.2123640016653
16.3705628287514
29.451791707892
30.0738297454611
23.3623464644978
30.7348573730538
24.793417872861
26.2214135220274
15.1085605141707
21.1291505196132
15.1011803112924
24.1836420614272
14.0134560512379
27.9079233091325
17.4598214789729
21.3662383630872
21.7273953133263
17.6962194126483
28.4562361165881
34.0430542756503
22.4758691503666
32.3812460205518
19.6125016701608
36.9782602004707
24.3050835186616
22.944102228852
9.84968848511876
25.2773349344679
22.7620695065707
8.97922234330326
27.8994686552323
16.1477587233475
16.3525634795138
13.6049144745603
33.6167435059324
31.6780490577221
31.7753036976792
16.4823441007175
14.4220507345162
44.986387479119
20.0404279000165
28.0608425159007
27.9025743851323
24.8767689596862
14.8250729525462
32.6222783197287
17.8935414855368
36.9430230375871
10.1185743785463
28.076878634639
20.5750259980559
17.7055170171046
17.2345539238304
23.2998744877987
13.6714932485484
29.5018271184526
25.1670915609834
16.3942275750451
38.6545601380058
21.3272384122928
25.3841307219118
20.6937132691965
34.9124580756761
29.6731558889151
39.4712410895806
14.9559279583058
33.5634919842705
12.306608187966
21.5832806951104
7.15013361238353
29.428321482148
27.6125676012598
30.4597737933509
19.8302518995479
19.0058919321746
45.2641627904959
23.1554098972119
26.1007456963879
13.5159776089713
35.7351474501193
13.1469126977026
16.9390562810004
14.3511741198599
10.433210955052
17.5731574734673
7.87750329042253
30.2208446624003
22.4671127856709
24.139459666796
33.3784966677316
22.56825475161
24.4079346363433
12.2640063143335
18.3216800428927
20.7703866614029
37.4873240883462
27.1583496364765
25.5960521358065
28.0131314741448
22.1465295064263
32.7635787381951
15.8092028740793
27.8944377932915
19.9363648157105
2.8428753465414
33.5651162132925
37.5809173695299
37.6536631663371
34.0289481575601
35.6567879626527
32.4188820188865
12.9151597882221
17.3727285666391
5.4067296301598
43.223135878332
36.5036883554421
18.0331504144706
16.3099471333161
14.1778085710761
23.4712613825686
28.2290013805032
21.1320402364786
31.1926897532037
27.9151611998677
23.4497241183865
20.788079044316
5.71995894145221
8.88167057243253
25.003218786791
21.9494705709764
36.433897243347
24.3143785279244
22.9031568702084
27.4224832747132
18.7799293598482
31.9239602846073
9.35302908159792
31.6635710837571
21.425022745505
21.2363298567943
28.0070336647332
33.7139470372349
9.75096359336749
18.0120707933511
34.5950907736643
19.9168331664987
16.0880527132908
6.02892573555526
22.766350746414
27.5469476343133
15.6452621896751
17.681247676257
11.3376019774005
26.5028572228391
26.0601852927357
16.5196435740218
8.00877501955256
15.4145668507554
36.8368578669615
26.2906442871317
29.0933606505962
31.3964135153219
25.3843941106461
6.24283709741275
14.9003968499601
15.3871638989076
4.35799589554016
19.2415998988122
7.72546530596561
2.2138980732713
19.6890080594458
11.8371696132235
30.753272903777
18.0039041614608
22.9704504895488
24.1346772545949
15.1818605557684
33.4188903998584
15.804251935333
22.2111042542383
28.545674263034
16.1758559094742
25.7079823378878
10.5578623101234
2.55160587932914
34.3425365615128
22.2933842847124
17.0221638944931
15.7607577913441
31.9039763552137
9.27998960902914
12.3739764480852
27.8670600922584
35.6735832849517
7.1105679783081
4.79072465607896
3.52512629593067
21.2846628399566
17.0869823335919
40.2183731705882
30.247186194174
9.45289279008284
24.7528171740812
35.9857874503036
22.7292626160197
29.3868699492887
26.2272998811677
12.7142594167963
33.4928544298746
26.576681887731
30.37991661986
21.405626587924
15.6928879120387
15.3852757075801
31.7958249729127
8.66556909587234
35.4876868128777
20.5833633872658
10.3316638232209
20.8089007972896
10.9259745661417
7.15078272843869
6.41631684964523
12.471115895547
10.9542167605832
18.2659150315449
22.7894526938908
32.5830512777902
13.6844153346683
23.9615739193361
19.3997049405467
17.3677478123955
12.2764389235353
25.4320169286802
21.0648416786001
6.4171909038504
13.8386485353112
28.1648526057317
26.646564241033
13.434183054138
4.96850478767298
18.2311613727361
15.8510338473491
18.508787620347
29.3675296718081
12.9414199549706
24.9776154524796
11.9352069429796
21.6403381135315
16.7820885903471
29.3499520369805
27.9700355627574
24.2503074738197
24.3207682035863
23.8853706330992
4.58829035262652
16.36750274382
29.7619511978701
23.8773917789742
36.2247453904711
29.2070214981213
19.0975555870682
25.6627187551931
16.8082853566431
24.3004893455654
13.0968994279392
34.7484928744131
28.7266407301649
39.5196504970081
6.78833335172385
22.0620493143797
41.3163181054406
40.121265180409
24.0242455587722
40.77383609768
15.3888691247346
25.7573519926518
19.0023541571572
27.0546533446759
20.62880814448
44.7937757824548
18.3656649054028
32.9482408830239
27.6585250315256
14.1188741577789
23.5001348900655
33.1137408781797
20.610731519406
33.1929640935155
12.535864375066
23.5106076537631
21.8681992418133
7.34779701149091
22.784141710783
24.2520418504337
26.1206155624241
18.5590982632712
3.75720193970802
16.1100139687769
25.7024914724752
24.560273895482
36.1043002456427
10.192252528789
23.7597297183238
21.1908518426265
2.25296831689775
22.5344142839313
13.3641465827823
14.6489868150093
31.8747489564121
39.9504387032366
2.32136663328856
19.1148472479545
13.1448283194395
15.1827222005981
34.3685428001918
11.6428381355945
20.3089928833377
13.5863935030021
29.4563024232406
26.8126995423809
2.96520140301436
34.8724637618288
11.8515808582306
15.6862999121659
20.3231136272661
12.8732273234054
20.6202876669858
14.8706913306378
5.04424798793322
7.33437317032028
37.3707678406499
22.7109082345851
26.2765115027993
24.3652117992751
16.7142658964731
35.9316386897117
13.3112555006482
21.8101415829733
17.009929397634
32.1446887245588
32.7397876786999
20.9581742997908
24.2513922974467
10.3268748926277
15.9973201774992
30.4375753621571
28.2790882769041
22.9772972808859
26.4805100405109
4.38600668683648
25.8511710571292
4.69359565441635
19.3106392608024
17.4707618686371
24.4187799305655
34.5867592221641
37.3373393858783
7.80602713767439
15.3936272389255
6.16461600456387
10.0308612152003
35.0763747328076
16.2490313772651
32.0871674025883
31.9017721655173
18.3105259657391
20.1108972541988
36.2035435591824
15.60976268038
25.0596116990782
18.1855285357031
19.5070972703397
22.3489645128138
25.9178623245098
20.0281323138624
36.8662429670803
33.8609507284127
32.7973232371733
19.2406109366566
9.31917006145413
17.273945457302
28.0505705438554
23.6664102184586
17.5073455944657
25.3285037605092
10.9219888499938
35.9686922002584
36.4643962103873
22.7277468383772
8.97314381711675
13.7683051102795
20.1277322187088
24.5268973284401
19.6910788706462
22.5153258615173
5.83310411078855
34.7284606955945
26.9485330316238
22.9186560893431
4.72467536669404
8.86034021571147
56.1561008797459
25.8291941648349
33.4221635791473
21.765003701672
12.2168863601983
18.2062860529959
17.7385388184339
42.0315397842787
9.13578485402691
35.1862332201563
0.130807113368064
19.4170338255353
12.4336611433817
35.4634892600589
33.5163106620312
34.0384840141051
14.2706777237842
30.6850981096532
9.94975275255696
16.8311284612322
31.2499708332123
15.2467762324959
25.9063104861416
16.9588311058469
32.0619054073344
22.3827142543159
18.986106062589
20.5381719055586
36.3164711301215
7.37315263738856
23.234030458696
18.7485658096273
8.24919450609013
17.3420100915198
42.2185725658201
17.9627487839163
19.1857045129873
14.8797457474284
24.3981586256996
29.3067081556655
17.3427725206129
19.6567835527808
24.5388365364634
20.4675915858323
28.389018391259
22.5542819062831
9.74283965029274
26.5726798143309
31.7935967487283
3.78710282188215
16.8199891063124
16.522095753439
29.1522333598696
39.9923807169929
30.1210565072006
29.1830009962432
4.03881820029466
39.014010285493
35.147477470804
17.5354684428312
33.1856331028976
26.74705709517
37.8333889127203
9.94109140941873
29.4545365255326
22.7325605764054
15.5150980530026
30.2112245606259
31.1280923243612
26.138904925416
18.0140172918198
18.4063298930414
15.8109530154616
32.9671087902971
28.6239532968029
19.3191248062067
25.9719072970023
42.6280500898138
24.337651311456
26.3509002593346
8.77772392273062
45.2833464900032
15.3215857801891
9.91246443658951
9.21713893907145
5.77960915574655
26.588641250798
20.3602994922549
14.0622917701841
30.9400402740575
21.0655044028761
26.290815491695
19.4932054853998
29.488838957157
12.9440110595654
34.2703873277642
28.3430255809799
19.079406900481
18.6666988413781
14.8345543935545
26.3495376864734
21.7132069473155
22.6368405636774
27.1247392273508
8.27379609328603
17.5890814214945
29.8403051407076
26.1154146656105
20.2059831898659
53.6528195380233
26.6048639542423
14.5151763659515
12.4174776484639
26.3417491696528
18.1870599975809
37.9031224139035
18.1331766145304
22.8314049784094
26.7615681812167
19.5624408521689
5.10660601453856
19.7742297536277
19.9192074244815
24.5379057844683
27.0966876520681
22.1445768163539
23.5524188331328
28.665546387434
29.0404182979837
8.65389706113097
22.5507455924526
15.8886357941665
14.0376895187314
21.2012503926719
20.846430153586
9.98382454787868
6.71182257142588
19.2027204798608
22.361462332774
21.9715326810256
29.8003856594022
24.9267015871592
22.7607100917958
20.4352227807976
38.8438389091752
26.3574399057962
19.551034682896
10.9153987755999
27.3867065510953
40.5209137368947
18.270234651392
16.3676306166501
8.91340019817314
23.7805311293341
22.5562272021041
48.6031631240621
33.7308323943756
41.4330829745159
19.9009642498568
29.5743999369442
37.5637368829921
25.8868223734141
27.0762222907506
32.4739223057404
43.6209409777075
19.5948681808077
48.9441534667276
