"x"
28.61849523196
37.4864511676133
40.9418429187499
24.9073444433134
18.927381570451
30.0173959876411
29.2595369042829
0.454445898067206
35.7103367443196
46.9859842825681
30.6798369309516
15.2569066124967
40.608346500434
37.7434473219328
26.7712959120981
47.4701942768879
39.6510369298048
36.4860947951674
22.4610798144713
32.3458164827898
37.1742372983135
42.1926338109188
41.2057696706615
22.2735495250672
28.9129621535149
34.8739799349569
47.1587383621372
32.5840417421485
26.1634575901553
38.6992146936245
30.2319261595051
39.5289919897914
32.5646620408743
41.0435224366374
44.5937404311262
48.0552131903655
23.5133884549141
41.2735957964323
33.4811845324002
38.5815459781621
36.0171731533483
31.445744998869
38.205178878655
36.2546251695603
19.3729043500498
56.5939851085336
20.6014707097784
48.1933557564812
40.6594035937451
50.1313097840175
35.0459736459889
36.0313229332678
29.7000040761195
30.0615283321451
38.6071879221126
34.1055018687621
42.235401306767
18.9269350203685
10.9663456929848
19.6519510410726
30.7833808567375
24.0159405785869
25.2970953611657
31.6203390886076
50.8402987899117
16.7008793560264
17.5654023103416
32.3702808419834
41.3545662885929
21.6251823678778
17.0366562344134
29.6859833691269
31.2743608052842
21.6614206032827
25.4865149101057
44.2400640151463
8.94808148173615
54.0374697977677
24.0315079288557
36.3021707776934
24.788572772406
11.0083768923996
32.1848913975991
24.1066948701628
40.2512937826104
33.2351154856321
54.7337679974735
28.777869920426
34.5421208040789
44.2245293227024
35.7237614979967
48.8393118130043
24.0482591095612
14.7134153581883
29.2786860913038
32.7156974729151
39.3091426994652
33.2670300663449
22.4213991593542
30.1574432440102
26.4349497563963
12.0939338360913
25.1925938112714
30.2544829816388
43.927818085067
37.8137395628728
4.83717020228505
50.673298206646
37.4839488612159
21.5406296923757
24.6747868400998
48.8551145712845
34.7095712763257
30.0790512054227
22.3547383680352
28.2630747472867
37.0558788953349
40.6653532904917
33.7608228391036
42.9568797787651
44.7556885569356
38.1474287984893
33.2304841675493
21.8018773634772
20.0917168739252
33.9997522764357
39.1883038482629
23.4507786934264
27.1531050587073
31.8436187691987
31.2082292237319
30.272638779663
39.8750966303051
47.3235665643588
34.3899276796728
38.2616527467174
35.5249217964239
18.0137706538662
44.8733670073561
34.8395281000994
34.6424702899531
26.5032598357648
31.6061968146823
55.4261828823946
26.2189128192045
36.5895827966276
16.514558847528
24.9015866057016
10.9975937884301
38.9454792374745
32.62904065568
21.3706046878011
37.2561004254967
46.440677116625
25.599305965472
44.9417217210867
19.9352805241942
30.0060887541622
25.6296562031942
32.1194734512828
41.7978242821991
30.9490362647921
35.8481497038156
45.2974376559884
27.0243161902763
19.2505133799277
34.5581539096311
30.9324091672897
35.9766209344528
47.5548257958144
5.58789251837879
21.2672331668437
30.5617425749078
36.5753213781863
34.7065041142613
36.4525392665528
24.1561228609644
18.4448108300146
26.7732920916751
17.3479919568904
19.5746262492612
20.9958381014876
24.1738237305544
15.6359323142096
42.1223743177396
40.367270974908
27.6865688217804
37.6226174854673
20.9418842224404
32.9951877342537
19.8015269874595
37.4400462820195
43.9812644985504
37.3062865969403
40.8240524402186
21.9577029431239
40.2185414331034
24.2909089291733
48.7362381415442
37.3409037524834
13.4318893324501
14.8141694617661
30.7202223655768
51.7833192637064
29.3444798653945
28.5900017987005
15.5056914319284
24.4223791114055
41.2667631162331
9.61887834051709
14.7567630861886
36.374249482993
48.1334379259497
17.1180967628025
21.0095604580183
36.6679253946058
22.4065843345597
21.7859939695336
17.6613991782533
35.0061582312919
20.0215228916557
41.1499497033656
33.1601539864205
39.2959203058854
36.0949629019015
31.8883944391273
21.6103633683474
16.0343424774875
31.0816554534249
40.0162326330319
41.0171168313202
26.4743028036319
36.9673895970918
25.5663145758927
19.5825150115415
21.8381177438423
34.0862254570238
20.7031221098122
39.5192538863048
33.6452801269479
17.8706664765762
32.041877348196
42.8164119226858
35.3822730816901
35.5518664587289
44.5953409806825
22.4330064528622
23.1292462265119
30.7466067275964
37.5079187261872
21.6633609961372
18.9191222232766
33.995427292306
19.1351638622582
48.0811427584849
36.5236515941855
29.215720907785
48.1628533895127
34.8595171286725
46.922371622175
27.0384210851043
32.9344894817517
30.4761084791675
33.2617097793012
31.3749455795623
19.6055364240892
39.353023798205
37.8120938264765
10.1155940482236
31.4347663935088
57.5793672244496
39.5890320609324
43.0702856965363
32.2903131628409
32.4688545903191
30.9957174011506
25.4886350207962
36.6347404508851
46.1991329002194
11.5189909301698
29.5047824434005
28.3508074488491
33.1267537451349
18.7188286129385
42.2633974207565
30.5206704530865
21.435340621043
27.9243153068237
39.1278795003891
50.4847666402347
41.9572522798553
37.3595833433792
31.9414067496546
31.9327011541463
50.6960058384575
0.301218817719356
41.6771748159081
31.3245214037597
30.0252084452659
16.0881012898025
22.3139364891686
31.395629497245
4.80745766730979
22.6811442508242
32.6864715451375
25.6809414988384
21.8037911028668
19.3895158320665
21.9596037701704
17.5121614630334
25.9538057022728
32.1682394058444
13.663499741815
35.7013593865559
29.5477734594606
31.7002211990766
37.8379518636502
12.3230554056354
30.4955711892816
22.9113177917898
7.35897224521424
27.2690488700755
23.9840950146317
33.7793836919591
35.6703901821747
46.2709003142081
38.1851388383657
42.8553199796006
26.1811550915159
32.8483570581302
27.6760494052153
32.8210763898678
48.1944876963944
25.9328792542219
37.9495733915828
32.53197445767
34.072172048036
25.1204287726432
46.8162831058726
30.5116511519141
36.3962346534245
4.25864244521601
51.5011130436324
19.1917229720152
26.775318510379
26.8811428193003
39.2495798058808
28.6887924894691
34.7913224170916
22.0448676408269
42.3414752353958
17.8596356268972
20.6217449623344
30.1508541880175
30.0307921129279
20.7570659732446
14.4093677560749
12.1720027439068
31.0680053690448
38.0265610548668
27.2182193780718
28.1145112048835
29.0306176571175
19.8594934050925
37.8637545299716
26.767739541858
28.690703030557
18.5481325865559
29.8539324430749
44.3640951393172
33.7097372682765
21.6293347785249
45.748744727578
5.43194712744657
20.9424266078182
23.5819709260965
44.2086385292932
25.7301007825881
40.7348398170434
23.2413977481394
34.887637374457
43.4692915664054
16.0042199590243
47.7917939205654
25.8044072594494
22.9504991574213
26.8752683037892
22.7488238939504
44.5717787593603
45.5104549443349
37.3066320614889
46.5863344436511
25.071349942591
43.2690383149311
43.6383168641478
7.06390882709361
7.30435601295903
37.1982959713787
20.6739715360442
29.0377695872448
37.928313926328
5.5973365674349
21.9438643761631
36.294668912069
23.1742854360491
40.1676054163836
30.3910720688291
19.1088867905785
41.3728362056427
48.4056968595833
52.8772346531041
39.8656460177153
47.0712696528062
31.8496395950206
28.4142869627103
20.7127306248585
46.374472097028
18.5257654250599
33.1962523497641
19.4324026694521
33.1727414634079
34.5422747335397
33.5013761851005
38.5452358969487
27.6899510831572
18.7261542370543
33.970042434521
27.2440062705427
19.6850468993097
36.0254329558769
18.0321918725967
42.6073647011071
52.3171441059366
27.8082341998816
26.1077923233366
27.1539463335648
37.715554178214
27.0438984352914
38.535135355778
36.5420834776014
19.7326145293191
35.2284821234643
16.0531132514589
16.0538063771771
22.2875977288932
30.9102678420022
37.7438399344683
38.0953728421591
19.6754161091353
26.0291336732917
30.7396365255117
36.6907807425894
26.4196164677851
24.0371339167468
31.2406504042447
32.7111300668177
18.8933073361404
15.9453485975973
33.9353055604734
33.4300888152793
28.152336361818
46.7529412032109
19.9135645881284
21.3401272275328
20.6236831345595
18.868789288681
39.5603911858052
24.0773417553864
26.6319445441661
37.255449780263
9.10301942378283
27.1372435227775
35.2635254565099
31.0140445497818
31.0124460055154
46.652829292696
25.0584481568076
39.7390718702227
30.6459665824659
34.5956984027289
45.5547836492769
39.679946019354
22.3131324158937
37.9183502281085
38.6048057307489
29.7389033778236
23.6700752936304
26.2142904843204
25.0960438897384
30.6405552886426
28.4738316759467
36.4455863772891
33.3924469503407
23.2534644347616
20.2557161352597
33.16394586329
23.6674891579896
42.4469883455895
29.5645423033275
30.9802566153802
32.788921049796
48.6265974417329
20.8457709447883
36.4091665386222
32.7061867792921
28.9551365487278
32.0225551477633
43.5957924267277
32.8973701824434
23.8165671627077
25.9772502039559
25.6660809125751
14.5848184470087
23.385410007555
26.8070244449191
53.1962044453248
26.5852495841682
29.7643610386388
38.4386414238252
21.2461256319657
30.3658354072832
48.1547362413257
31.2956753019243
18.6186396414891
30.2585716936737
34.0634282059036
15.2410966312136
34.8906402183463
26.2471422599629
41.2086263238452
31.8282124899122
31.8350589936599
36.7465364271775
36.1062185052357
17.2796850414525
30.6723170751823
34.1193990089457
20.0261933350075
29.7889078259468
34.507467622766
29.0223557827994
34.932995419018
49.3019857895561
27.1870660996065
29.0412018565453
42.5180479400194
38.5897200023755
32.3342479350977
35.1609885999933
24.3489362651881
19.3999297767878
38.1468547219411
18.0239777876996
35.837949434761
24.6659477963112
35.1866784878075
18.5091842310503
20.5651785426838
38.6511366547205
22.1541169350967
33.0584594565444
46.4786778787281
26.0965592011085
33.231285691727
39.3288734313101
30.6338824398175
39.0349943297915
38.3903965512291
31.2461600680836
13.4219461675928
27.787991928868
49.708486338146
28.9985390743241
17.2607918623835
28.8096549902111
58.1196576620912
21.8202805970795
39.6117294855096
22.3060679845292
29.4917102828622
37.5347127538067
47.5473125218414
18.4205181557815
23.418342214715
34.1723718125172
20.5989099233286
44.4256601342931
18.3439951953173
45.4582639555447
38.0477835559286
24.4389964397997
32.8924855839248
25.0554036651738
27.5541852233
32.135022377842
28.9918189463206
48.5474111125521
44.3134192675352
48.013829190284
37.3451932962053
36.3064156249166
28.0649264180101
38.1917220102623
44.340147622861
19.7850768277422
47.3309001848102
31.4616325339302
28.9103992196366
32.1230237111449
21.683896001894
45.9544253787026
15.2535409438424
26.460219085187
4.12264603016919
27.8742385921482
27.8947066504268
34.0742668282162
36.3464257428423
24.8232069388032
38.4543063584715
29.6687479843386
37.0619573928416
44.6602064254694
36.5273133428746
34.4683131929487
30.4966558353044
35.5657110069429
17.8922700304538
38.9506774591282
20.9855029508471
51.5247056283988
24.7497278940864
15.9467211761512
37.3688635812141
40.4374047677968
20.3986757174134
32.6116978861392
18.7352573485114
36.4281353554688
24.9325157955286
30.7269271798432
15.7888260685105
15.395641900599
40.0074056438075
31.632312712926
20.1290843160823
12.5965381558053
46.3056855811737
26.7702196629803
28.2705435133539
37.5386679181829
32.93571940111
43.9503838950768
26.860939749506
43.5120845222846
34.188930882141
23.8777067488991
23.8715866766795
25.9838750548661
28.2401659117075
43.8349812752701
52.3224909813143
31.1720518022776
30.709563061595
31.9940143399872
46.3949112966657
38.4261709121056
29.7001869699325
51.0148552707396
45.4193440550007
26.3310661031865
39.2142041679472
37.1758487806145
41.0263998303562
39.0046876897104
27.6706818002276
34.9565071351826
52.9133487073705
30.061219075229
17.6056455667131
18.1500461652838
48.9012221591547
36.1544555258006
36.2044919924811
34.5696952999569
39.7838202319108
27.8976841522381
27.3815640162095
20.8368504880544
22.421594852116
30.6679658040878
20.0536974839946
26.9524396941997
32.7100739367306
12.2869074423797
8.67326433068763
24.1982830773356
43.7551272595301
23.4240131098777
25.5124182729051
43.295094487723
30.1888867970556
28.8429813408293
35.2205812912434
32.5690930704586
26.4419395588338
36.9044878373397
31.0550304469652
32.8603915432468
44.1038222224452
25.320254446473
20.3849030424802
20.0529506010935
54.3780986532782
29.4635618235916
38.856306026224
32.8084871218635
29.1508963122033
26.5299153565429
24.8442290411331
22.99458037495
39.185024256818
35.3570740255527
26.1804680968635
41.2235290794633
4.90871349256486
35.3137987341768
41.0635397918522
38.1257595210336
31.1147228660993
30.5570402769372
38.1831458648667
30.8646072945558
22.4303639279678
14.016836124938
38.1418953342363
33.0765548623167
34.7965182624757
36.1612573530775
37.7951960982755
5.40254727878626
32.5707810516469
23.0630907691084
30.862207861862
30.3783049006015
46.0808610990644
35.2632779139094
33.0450517516583
29.7486198958676
28.6977565988748
38.8201076058769
33.5983341685496
45.088104526978
20.7893665949953
23.5654382253997
30.7547971252352
25.6453493054164
24.2138246074319
25.0205838480033
24.6148919477127
27.7092636669986
22.5672937072814
8.76503724977374
47.1879747002386
26.9381983713247
27.217177583836
15.4199409917928
31.9781871023588
9.44599410239607
42.2274468764663
29.0757998233335
25.539718630258
17.2956137917936
45.9684433699585
18.6192769124173
44.4197768680751
37.7349863690324
27.0466333217919
37.9194544648326
40.1197338856141
29.9498701873681
32.0217501098343
20.9747244976967
18.7096467451192
5.13636109605432
47.9522970481776
33.9479006412367
40.7921777679585
34.0526477876119
21.9351257806859
30.2380724083632
20.9504011119716
46.1681046285667
28.3540314054117
29.9749121353962
15.8769109784625
14.4618597747758
39.5464808433317
36.0789063354023
20.1885309987701
33.6040153764188
22.9049625154585
33.8111618086696
32.8729971628636
9.80954995332286
43.5425057513639
34.4969410928898
32.0553824289063
47.050968918018
24.3957146890461
35.2807411942631
35.8693721294403
24.8623691434041
47.1791507448977
17.4050618251786
39.9926030463539
15.7432616927791
34.0138993556611
35.5493270563893
42.718590259552
36.8637155969627
38.1679932614788
27.7858538897708
28.6420927578583
21.6793847107328
14.9680217471905
24.618819958996
40.0367899294943
11.0953082176857
25.1507448327769
40.4293667832389
52.0404218262993
26.6128965751268
33.1663870546035
16.1136067374609
27.8760645878501
35.7263331119902
17.4115777347591
34.7835743971058
41.8831973103806
22.1021328995591
32.7339962194674
39.1172319268808
45.8038306916133
26.324900588952
19.6814866382629
29.1835582503118
46.2301627183333
31.1430114498362
8.61623638216406
32.0675467665224
40.1994212516584
18.1298518531651
20.2996947167742
20.3181778136641
31.0274775638245
22.6275074288231
28.840032805223
23.4636086213921
25.2814095681533
35.0444546062499
15.0710799917579
40.7836859989911
19.9271331257187
42.8166937935166
35.7084837444127
46.4881983521152
28.2780902191829
28.4341708387172
16.2434506318532
25.4488293752074
23.3118976196274
22.6416121409275
44.9393282895908
30.8634457890876
27.6916970377788
43.304313772358
9.35980337222131
27.2809127541259
29.9452498038299
43.4261689502746
27.5759636959992
19.6782357821654
29.6162153030746
30.8410562756471
50.3926038932987
24.4669882915914
36.442341128297
31.5760252070613
31.5638356232084
25.2534897497789
29.2202304638922
19.7894389419816
31.6976137147285
28.6589480903931
41.0368091356941
35.4520084080286
31.2935782629065
28.9528245893307
50.627021451015
31.1313844961462
52.584584120661
33.1026200121269
36.1778883724473
28.7133479537442
45.4737283028662
23.7043571309187
40.0611686068587
47.2910763219338
35.763015254282
41.5765788769349
24.34029457625
27.0836688405834
45.2753001772799
34.9801807771437
21.4765510792796
30.4426691411063
28.6162478844635
46.4232495934702
34.687960349489
39.2514674691483
27.3698814435985
34.1845331615768
31.2685069972649
31.1095161954872
26.6419733259827
37.5894057238474
29.2946011000313
25.3940211329609
36.691941822879
38.4755458706059
22.9733569845557
28.009834041819
45.8480418277904
46.2630472714081
26.2161851632409
31.6965476372279
40.4546353924088
37.5507494760677
37.8938150941394
41.0283539144426
43.7904884848357
43.6656177495606
20.9599880771711
24.0621930747293
25.9022176447324
26.8165111830763
32.5550357764587
31.7858243482187
21.2828255309723
40.7903144973001
18.1052861502394
28.9728554477915
31.5079935151152
18.3828817125049
36.2750083194114
35.8087816312909
24.3468698272482
38.2447284992141
18.212847199291
27.7306393054314
26.9425214091316
32.2891510915942
33.5326319374144
39.7354092319151
38.1326431212947
22.0262441266312
38.4933824515902
21.3712919225613
27.6110972887708
21.6823693052866
16.5038574694652
27.1110133286566
34.8886278749128
41.6248463652674
24.2047150838189
30.4920600168407
43.5412213588133
18.2263563293964
13.8934273840769
11.5454589896835
26.4531011986546
35.7510663438588
36.9038661033846
25.2690844178965
43.972539704293
6.7795485095121
46.2096985112876
32.9362980038859
27.7849064003521
48.0289379647002
22.142645210959
42.5875460095704
34.2199167530223
19.2471224181005
26.7689249985851
33.4635488322406
21.2731171874329
39.0431130244397
47.0581076843664
