"x"
13.0739435122322
11.9800242129713
14.483343058805
27.016963576898
9.96444597840309
5.54999085143209
7.58541459683945
22.0912682618581
29.1651657782495
14.7048098688019
46.8927344307303
34.1466922312975
13.4221181397668
13.5498600546271
17.6302433013916
20.212347719752
0.767296854788288
20.636859536171
33.855447312817
7.50564433637119
22.7642711717635
1.15093006752431
16.6281019159623
17.2900125849992
17.4122150528591
22.239749552682
23.0179460253567
17.8704847581685
21.8766692774301
4.71910843625665
11.1803834326565
20.8646500975133
2.55853151902556
14.1275126228857
9.27253705449402
8.29644088316418
6.51331170300768
36.788083670094
12.9837176561589
10.2703201973403
41.3590192329139
16.6684824042022
21.7741973459763
1.36530573824404
25.7608078885823
20.5115926748929
8.10235245153308
8.65137733800579
22.8615087922662
5.04716088391702
33.82760897531
5.14585799537599
16.5292163020714
8.3970903965721
13.1538225337863
14.5757495891303
32.8123090459012
7.76002523489296
8.60311165452003
34.6939129754901
13.2914213463664
14.219073366327
10.9554326627403
10.7932905200869
27.3257021326572
23.8123194179272
10.1629647891968
28.0764869879931
13.0082600947678
16.7176390066743
6.46886968845195
1.58265181817114
8.95927315577865
35.2083930745721
25.861595897004
28.9026793221658
4.47805726491127
22.2121605183929
5.48350499011576
23.0496481090934
22.5189832504839
31.7127265501767
18.1900803765538
0.766899110749364
5.58863175101578
22.9555911850184
24.0117223467678
29.7878303565085
27.656266791746
28.8748685930566
0.676676305010915
12.6606036443263
29.6516254544258
22.3501462126629
32.2732265572995
12.7393106629486
2.55724480375648
2.59615820832551
13.5806933954717
28.9183812507445
18.2347235735506
11.2026740796864
12.8636437468231
8.46228273286864
15.6274959445
11.8495351566578
24.12289371714
15.7926741521806
12.414627674262
15.4119101525124
8.06013895198703
29.7909976448864
6.46946146152914
44.6161476062611
36.0146272461861
19.1093047149479
23.9579865448567
14.0378459356725
14.7727302240072
3.77405644394457
8.63649449130667
27.6180188464854
25.3936705645174
14.1043602023274
18.8570755068213
23.7408463134269
36.3719034271809
29.5333822257817
16.2733809597185
12.7664986361306
40.6947168521583
6.45025130678277
32.1613490115851
16.4773276541382
19.0660431860763
21.7890744796143
10.0474759909283
7.59164677174745
20.7090196199715
24.9785732477903
22.9683414567262
20.8130207844079
27.4459517095238
29.8672403463633
21.839610329081
14.544159545418
5.19577069208026
29.0843236725777
31.2909171916544
4.58377789461663
7.33452573245017
23.5250828005914
3.96366225703389
30.343322001674
21.0126210004091
4.5963812622505
23.0364951901786
19.0005833283067
37.3719219118357
27.1452572662383
1.65963449141693
9.7123846411705
7.15921214402841
17.3671698663384
25.0591240378021
18.9362231176347
28.1581202987581
6.63304999470711
15.3015612158924
11.4676418714225
22.9667832143605
28.847983200103
31.7525247111917
6.26342167211807
2.9531208332628
22.5512644227117
20.9428923670202
26.8597999326696
4.74173857665978
17.1441528014839
11.8558208794088
5.78441466204822
5.09583651875895
15.5461341473506
11.0258172249117
24.4189625605941
19.6212626062334
0.23814996487306
15.2869919755435
22.5145608784007
41.1270317621529
20.7123117130462
8.03885873206143
9.56017188727856
6.17185653898019
15.5634796783934
0.998367322608829
4.32369815139912
6.26631611217124
29.7539847056226
31.1623772202918
12.1360330784329
16.804355988279
17.7181873794164
10.7915218655288
21.0145850200206
14.134023245424
30.6862919125706
12.8982469439507
31.3545178622007
1.93983745916731
7.63206377343674
10.2778222856512
2.65834675798911
11.1513404214968
9.452167948995
25.0881087966263
20.2623535413295
11.3871372023622
14.1476967544588
14.6520489595969
11.973391850119
30.5120307020843
27.0555718801916
10.9120304954374
11.3138068467379
22.7698967792094
12.4668344165492
17.5969734787941
9.09344209358096
25.5902693606913
15.5977398885305
7.21040018834174
17.089958388272
25.9778143464498
17.6363811362535
12.6092459075153
31.6006905716501
14.5694382488728
23.7251065671444
18.7930535525084
7.92435081675649
6.23926827684045
1.71279856003821
24.7189337842145
0.570787256583571
17.1204475585402
22.0228980761021
25.3514629788697
17.977532493998
34.5558560453355
7.30846715159714
15.5455172527581
20.0963158160448
17.6349730307825
32.3464084882289
16.1733553744853
12.718443479389
23.3405127655715
24.6854612341214
7.77571322396398
29.0311575867236
5.18956604667378
35.1738344938428
12.5531869947832
23.3645245962816
13.0903569515795
21.6135176829994
19.558193301782
11.5248493850231
22.1809988375753
8.78182006110859
8.61026971761666
7.593166641891
3.40583459474146
0.437512619055994
9.02946353890002
7.13359298708249
20.5069592694448
22.5325902015196
11.2119043245912
18.4592234875967
15.0016563478857
10.2457520086318
24.139804953533
27.4085130076855
4.66132308356464
7.00831771152333
11.4437793457316
21.1168294306844
14.3183711920943
14.152863714844
3.15439494825829
16.2093852676244
21.0844724439085
1.01261767954252
24.5675191748887
15.7272607914871
23.5572929028422
37.7282658591866
7.0530150385795
18.8804860308504
33.7701882740616
10.7493129558861
18.5873042326421
11.2827922683209
13.3152178488672
21.9122813850096
30.4030545987189
6.1499261635079
21.016363427043
24.9563687772548
33.8448604667864
11.8576559501096
22.6559192873538
12.7137553878129
19.4550544023514
10.1695303805172
9.968555951491
16.5214821696281
22.4805854726583
27.061150688678
31.2341435812414
27.4719315581024
31.6608162620387
33.6498022006087
15.9419898409396
4.14362369494215
7.67198419198394
2.84468250337119
7.25534413941205
1.38100078329444
12.9819414578378
25.2425337114938
16.8942236341536
19.9116053525358
26.2711795046926
5.24337568990001
26.2381946063595
19.4145602639765
17.5955509301275
16.5370876574698
5.94433681108057
27.8880877420306
30.7385091823078
8.4192955866456
12.4781157108559
35.4048421606421
2.06027230344048
28.3122152090073
20.1602189801633
7.10880419289083
31.821960862726
4.95719690875045
12.1742010582238
11.3975967357833
9.71811745893405
24.8928482214013
22.2349942661822
7.06991167472976
29.8160276841372
14.6681932732463
10.7233762275428
10.4038116987795
1.29546751268208
5.78763247467577
4.45221965201199
12.7008528054433
30.9659858097139
33.9808354825465
14.8999053519219
7.90493739768863
14.6308684721589
16.2557017794574
15.9228689037263
18.8923451118171
1.42519413493574
18.8155039213598
32.5111518148333
37.7750815794242
36.7350214160979
21.3488306139315
20.9117438644171
14.8944084532559
17.7139909747197
22.0672295893492
12.5936761036945
39.5163876470178
7.32019768207392
7.24885856015129
2.05707189185154
25.4858061133818
4.265739582479
5.54715478792787
6.25987909013505
41.5059007238597
27.6953277298358
19.848552518273
25.2806675383806
20.2451431192458
10.9801465179771
14.6539650391787
10.6772670362394
20.2864007554553
24.0221577230841
21.2729361373931
10.2615330833942
26.3765347655863
39.0449669980509
21.533802524209
24.2876335512847
16.414989810437
12.2572944033891
5.9135100338608
16.9597431547398
6.51124124415219
18.3382547926158
15.5053257525664
6.11685722342258
26.3777348212898
24.1556271445006
17.6294980105013
18.9023840645875
20.9315596148372
11.3750462420285
8.63617436622711
26.0132873430848
17.0863583218306
8.52777371183038
6.9068185174684
13.797664269805
24.5280772913247
26.0825340446388
15.7380984630436
11.6694418247789
22.6879506371915
32.8125009176027
32.2564014035695
4.9606925342232
24.1154490504414
3.24514640594438
6.14505782723427
28.6971404682845
8.06454783305526
17.0214687008411
25.7872454822063
3.29037141054869
23.2318328693509
20.4404982272536
9.53502552583814
9.33547617641363
8.06018223197958
8.59852205032402
22.1550333313644
26.0803876444697
0.991178143159249
30.4059463331858
12.6248182263225
21.9596122857183
20.0270379045629
23.0159178376198
22.4768221378326
28.3814404159784
6.46625929512084
10.8983223792166
2.38701268099248
7.65485484153032
11.4448570180684
18.9066002611071
5.07731377147138
3.09177361852433
9.20619070529938
9.46921659633517
24.6940002107282
5.36299424426976
9.89122283644974
14.4282871391624
11.0528072342277
17.3358927946538
30.6800559628755
12.1726688928902
10.7484203763306
30.3073862023866
7.66663518734276
40.099142678082
19.2379022017121
25.1664554700255
2.83314236439764
16.6019617579877
12.7476786263287
12.449561008867
13.5737668722868
22.0209515187889
6.63446092198579
1.75109352946139
12.8860027529299
21.7597731854767
12.5895689241588
19.8282436031187
15.7405113335699
