"x"
12.1832759352401
23.4462858665806
22.2917320905253
31.6015115007758
25.7762705907226
30.8608542894945
15.8096350496635
21.8596677323728
32.2374377399683
29.7173575613987
31.3416164601222
17.1684508919824
26.8464503111318
27.111948444508
14.9600892094895
16.3320424733683
26.62829735782
6.3566341297701
20.9114854456857
14.3792605493218
24.1783858742565
30.3189086029306
13.6500554624945
22.4838841939345
32.6090510934591
29.461623984389
28.0905265826732
30.6634169101437
36.0208190117936
29.5893099857494
37.2171495554453
25.020605744794
33.4660997381434
34.5915411133319
28.2404264435172
18.626211508062
25.991662312299
31.1943466076627
14.7366582392245
23.4134320169687
18.8183104409145
22.5332177244127
19.328889856115
28.2806447707117
18.5665728058666
31.5926549490541
18.3051669271663
26.8706710404928
34.9293528103685
21.487613510415
28.8853367092088
13.371250287218
23.4839159529656
18.949673822185
28.6553327459842
35.4630496797568
31.3237780239433
24.3356657214463
18.2521680595877
32.7223382424563
19.4797712670067
17.9028294362191
18.8240029849112
34.6474019112065
20.4752704594284
17.5098434221405
24.0042384015396
27.6007277425379
26.5522588277236
30.8584042591974
19.0163426566869
27.3702402599156
26.1027425535527
29.7293239273131
33.2319483626634
28.2044219318777
15.9580537583679
13.8355013215914
23.137603350915
27.9593438841403
21.4172722771764
28.0246485024691
17.3772071721032
16.6362655116245
13.2843214320019
24.2974521111801
22.7626451291144
18.6886676587164
25.1317556348771
29.7959867166355
21.9123053131625
21.350023150444
31.5973788267002
36.9532951464567
28.8126660045236
37.1834244092411
31.6358060383172
29.8503041267395
31.1612603487447
17.214829637669
20.7432328723371
30.7623902130656
18.9240554580465
18.4283354319632
20.2053667511791
26.0210420934624
33.6966790724546
25.9035321911783
18.2526803808287
20.0594983063638
24.7691241558641
34.5255955820903
24.3737298529595
30.5964910890907
28.0263501182251
16.1413530120626
13.6460872599855
25.9021110599861
33.5538237122819
21.4667979968382
13.9395308448002
23.4162920154631
36.2700831881467
23.298876453191
25.7330021820962
23.5767606645823
39.1836035975671
35.1583586104309
17.3032527090982
28.1303999014199
33.0484115984291
22.9235662832701
23.2662761118263
23.8376853056252
22.0809948951468
24.6885861037299
18.7722112513401
30.4004279198125
34.1328763635829
25.0875739613548
16.8136433931068
12.3343279585242
23.7873868318275
26.2466394575313
27.2189425770193
23.7869463162497
26.0512849781662
21.3224536040798
23.8791552837938
33.5736882640049
16.3452567704656
26.5100366901606
29.0114272618666
9.50106563977897
26.3528143521398
11.6255620397073
36.7071842650777
26.3332527130842
28.7299074232578
20.7802243065089
16.99528976385
29.1696035768837
23.3978126663715
25.3572693094611
18.370590149425
19.188810698688
32.4531717225909
27.9403266729787
30.1839505787939
20.7045797258615
19.7362955193967
17.3368505791597
24.5038726832718
33.2777367671952
26.279415958561
21.3593907654285
29.183149873279
27.6196906592055
20.9660551277921
30.2745852153748
26.739810500294
33.391162683256
29.9053721595556
19.4333823863417
32.1990224998444
21.0658730939031
30.8244155527246
22.3151073558256
14.8047778172592
27.5221864692867
16.4421704584088
21.2607517139986
23.0028990749679
30.8333039283752
22.8730006143451
27.9407026013359
26.3391670770943
21.1364385904744
16.9506427133456
8.51194528286121
32.4568504467607
15.4429076937959
31.3934789737687
10.1224895566702
23.6467977054417
38.2014650830484
34.1649114154279
13.3670448449107
20.9727359237149
17.8241307381541
23.6688093515113
19.0605676267296
27.6995053572825
22.4805789217703
28.394785253212
28.7202050210908
29.4637299620766
27.4624637328088
18.6206919568219
20.537693053484
19.0106202149764
26.2336627813056
25.479530217126
20.5512508517131
27.7601341949776
17.4101457698271
20.4205999372107
25.9215258294716
24.2244313005358
28.2151236664504
34.1568362899125
15.8989061834291
23.6133057284849
18.9416522393003
22.542750323742
23.3379563782364
26.4000751776621
20.7307311240584
18.2064922417251
22.4734279327095
27.1716741612181
22.2200682619587
28.7712221965194
19.6970441011647
33.6662600049749
32.6874542282894
22.0167786046603
26.6469542868435
32.6804665615782
15.1014653733
25.0526923919097
19.5531172910705
24.9405934009701
13.4014958515763
34.9412133598994
11.1026552505791
25.9073628345504
19.5784447149185
14.4685134694543
38.565574211762
15.1529046474025
25.7200243650004
13.9922412578017
15.0991879636422
30.9775858186185
21.9463717658073
25.5419501103461
29.8274679807946
33.1771117402241
26.4861070085317
14.7024874342605
16.9517966452986
27.8593247989193
8.59714047983289
31.0533285373822
31.9964319467545
33.6159331724048
37.7300450091666
24.9621563501353
9.78459083619162
13.8603360392153
15.2564561566797
25.3391188103706
31.098291487433
22.8761187548127
18.7317240306439
27.876278758049
18.5335455229506
37.4674542565579
30.7626948924735
24.2748888442293
27.9956120532006
25.5517564248294
23.195799277164
20.0554029084742
31.96662212722
31.0269677080214
33.1032479181886
19.740471926352
25.9131158934906
30.2713975775987
19.7526824660599
23.4534565359354
24.7834093170241
32.4875891441479
22.38258223515
22.3261549836025
31.7585843382403
24.9248436652124
30.6947469245642
27.9373546363786
15.9269823459908
32.7044922858477
26.402687681439
26.1481938883662
22.0256855491979
24.1957023506984
19.8554714675993
27.5151978292514
19.6704854257405
15.3378854040056
7.49378895852715
25.6910600932315
32.5998674845323
21.76908031106
30.1011845702305
32.4220921145752
31.6386635880917
20.0918884249404
22.0098432851955
30.3509732009843
21.8041909160092
26.8728680029453
24.1264906711876
16.469360422343
15.2930260089076
33.6562301963568
27.5787856196985
12.4198870875632
23.8990288926288
20.1891712611541
20.9156214958057
28.7836613896464
27.9023720650002
32.3229462141171
22.3338924581185
9.53653475735337
21.7119047418237
26.9933539675549
27.1059791557491
22.2970397910103
19.9537870536349
13.7164190861484
29.8611524747685
28.0205684248358
34.0418129228055
25.3481447696686
20.2391404023696
19.3408471299335
25.3345800812594
22.8838146664202
24.0042407298461
30.2209171466529
17.6730657927692
33.1263008993119
34.9789188685965
19.7999205207452
39.4587929805225
18.2317524360736
26.406727056019
13.9961767010391
19.6110710460923
30.709112691693
29.8353913240135
27.7709285030141
22.5281522609293
17.3141811974347
17.8877810016274
29.4274973217398
22.97681751661
16.3625590736046
29.8497836804017
31.6070267464966
26.4434632583995
18.8673280877993
26.678034523502
19.5147089660168
28.7621557246894
22.3608012311161
23.9099428407306
21.6957366792485
17.6802830770612
36.8527260122305
23.2934185303748
24.8382660327479
31.0385746415704
25.7117796650999
27.6635456830263
28.9362992160022
34.4674029853195
30.9731100453064
18.9679749675823
26.1362806195393
29.5915179653093
29.3631347594783
25.5962129216641
22.4659350553181
21.7434174148366
15.0552989216521
28.2386906677857
14.6556336432695
22.530891889234
20.3813241329044
20.3772297129035
28.9983689319342
26.2269924161956
25.5830833222717
24.3609525260728
28.0704692937434
21.668784879148
12.2387226205319
13.5546231176704
30.0937017425895
9.51672012452036
32.5798035832122
24.6521486202255
34.4692223938182
21.6505987569916
30.6202341336757
20.4784967470914
25.7549269531699
19.8096498148516
20.4268571687862
21.6005537869604
29.3938323156908
24.2674058768898
34.1009617550299
27.3797144647688
20.5596798099577
22.5162549785143
24.794256221503
13.5868725832552
26.6900818096474
35.9049842206246
24.6730800019577
17.1616273932159
26.970451063134
31.5027355449274
37.1205673066384
33.3838852355257
24.2260402999818
26.7045672982931
15.3206224087626
30.7554322993383
19.2134405635619
32.9423525244849
30.0926150754094
26.6278557246551
24.5703592663631
24.9474213924259
22.6249139290303
17.4607597058639
30.7070171227679
26.0952512267977
22.6569226011634
16.7129582958296
33.4753008093685
21.1077483317336
26.7236847430468
20.6665325194427
17.5020527094603
22.8772825095803
34.0045117074624
36.8821789630221
40.6997346763915
26.0664842164664
25.5068210884929
19.0493118949234
21.0779743592384
31.8645720602944
17.4910796573386
15.8842770615593
26.1097816750407
25.7953688967973
21.6811282327399
25.7470756580394
27.5633338380455
19.6830719709396
21.5430531674123
24.5966965099797
23.1749689519626
16.3878843653947
20.3353598248214
23.7492492655292
20.7471763482317
10.5605136868663
19.6659566410725
24.4508795673028
20.2993938942557
31.686635868347
32.4129845015705
33.0773223657161
22.0496821915731
24.4883115636185
30.9066117973998
29.5867678942159
13.8220902299508
22.9127300204709
32.0966654457152
23.5394282266498
31.3688881928101
22.9553309269249
30.1119724521413
22.6073792437091
37.4346769859499
29.7429240774363
26.4717443846166
23.6630367580801
33.0535956891254
11.3830548894305
19.9699916178361
33.6529139662161
31.5272659761831
17.854472377152
36.1608549971996
15.4392364576222
15.9495410975069
8.89181021139454
23.3773866574506
31.8583276355639
6.74710278399289
24.3236759444699
19.8010902794903
11.383902835179
27.3990141227841
35.3370911350251
17.0781560009345
36.5146098637438
23.3269459102303
26.7859755243074
26.9245187062381
19.6455355267972
21.9414743361995
27.2514234995469
19.7560083121061
35.3381533620364
27.7771315071732
27.6311971712857
12.5728478422388
25.1001733588055
27.8998890891671
20.7869409117848
33.0859850626439
24.8233482474461
22.3340995557235
19.6695573395118
21.7789582442492
16.7249121237546
32.3353419313207
15.6220754949646
27.8083578683436
18.4763500466943
24.0127177210525
22.7456395020105
17.6658775599523
13.4378946851939
18.3908525155857
18.6055103848141
25.1726668095216
25.350396456652
16.4670546306297
16.8339695548639
29.3236351571977
38.9026329831636
24.3453964125365
24.2961824405938
21.5166506823152
17.9661789443344
25.8902316447347
20.6731569254771
17.3862957162783
20.025040358603
20.9505073959008
19.9519218876958
23.4880151858192
29.8535416601226
25.6570491241291
14.0102532692254
32.232579938136
23.5598630504683
17.8916391683742
15.6715812101354
23.673724476248
29.3103711213917
23.8430475523036
26.6662993468344
22.5769388489425
35.8622602577974
27.1095233270898
23.7660435914806
23.0793342227116
36.0471740809685
21.4338234160095
16.4591917069629
32.8618760919198
26.2179665965959
18.6504513956606
29.5058339368552
19.7873160708696
20.7185668637976
19.5249139626733
29.3414009502158
22.7861876599491
26.6495851415764
16.2800073856488
17.7531751804054
29.4624834088609
33.3126525161788
30.4293701658025
34.559029340744
26.0120477993041
25.8384132524952
26.872036815621
31.0868571512401
23.0498945340514
30.4095286875963
26.2469721026719
13.5775507519672
22.9252419434488
23.4853727510199
36.4459743121653
32.7954593114555
20.0779142621488
11.508442601189
20.8108038408682
21.0400698939338
30.356285138987
23.4480878370325
23.7051470670849
19.5134563371539
26.1713176034391
25.9970628656447
18.7097780406475
27.0836207550019
26.4417888829485
22.9599018354423
24.6763177220561
28.2127868185595
23.9671870019384
35.165307653456
27.5515737710521
36.3912996404925
20.5958459991962
28.1968931434676
27.3301068372098
22.7364273509011
20.79345760867
18.0880290974593
29.3921011500061
26.5535256592557
21.9329845858738
24.9552172143012
29.7594843418421
32.4403351871297
30.1463186973706
27.8914863942191
18.6797800008208
21.973492205143
29.8951735952869
41.6340873450585
32.9342829296365
25.2081806963924
17.9180622333661
30.4098149063066
31.6191293764859
14.359648921527
20.5709580332041
23.160912678577
27.022378527114
23.109402321279
17.1133927069604
24.7895893175155
25.3157557686791
22.7413770742714
21.8793076463044
32.942715822719
26.6132089076564
31.0806517256424
19.7528093354777
22.6566859753802
22.1125029026974
27.6895564004465
27.2312514483929
25.9406415745616
27.3402487393469
18.119869681012
15.5256379438545
26.4973409939557
23.8435046514496
35.1958135587579
37.7163130303329
20.8791179582477
31.7135707242414
27.6199629995972
15.788319054991
19.5503736147657
15.6210975022987
18.2808484882116
24.3183091748506
33.2099482184276
13.1915381643921
28.8414320442826
9.81672670753323
23.7066202331334
25.0589032890275
14.7703371476382
25.5457036430016
29.2694739298895
33.5568660870194
28.3913403982297
29.9453823827207
28.2364136261717
24.9194628326222
26.0337177431211
30.0934751518071
24.360749963671
25.3196044134575
32.7560803852975
26.7673637950793
29.5625773491338
22.2863593138754
18.2599881023378
27.3751804837957
32.2415715781972
23.7734069847455
26.5816899482161
26.6319537069649
17.2803583794339
21.9218654886627
30.4062188835815
21.4688239386305
19.7826563861175
15.7733290223405
24.7894378611818
34.8342386984682
35.0787093006285
31.8457875633612
32.0322512382128
18.4496969450265
16.7377834157064
23.2370656682178
17.3583412077278
21.9955785665661
15.54117386695
29.9663577228785
23.3803536277264
30.6314671893733
25.0725142262733
30.4762570885941
18.7278091907501
16.9777556555346
24.9202725011855
19.8996830265969
27.4191532749683
26.4789859420494
14.4689289852977
22.3811316071078
24.5680931739085
12.0280436938629
21.8059007757183
32.2047384921461
28.5616202279925
33.0073041608557
24.7712102718651
24.3816225789487
32.5849009910598
25.5639093542913
27.539906767197
24.6340507860241
27.1579424768375
26.659165462479
29.7254175646231
26.8002193188295
26.7339031910524
30.1130237057805
16.8289387365803
20.2515070559457
24.932258320041
25.0297735661275
18.8927485141903
20.1744551071897
31.4506562291828
16.3103778613731
15.5876805540174
26.0331115452573
24.4589965092018
18.5081911421629
33.0340531654656
14.1890283674002
30.584493232891
31.2801221385598
22.2955604404155
11.8879604787648
22.4146145163104
25.4137400537729
27.2560221375898
31.7401875276119
24.0390660706908
26.9783325726166
19.6316529298201
33.7747932644561
20.1470554573461
34.8749553763723
33.8075298815966
23.4423699788749
16.3048726972193
25.3281973535195
25.8435145718977
16.8299503624439
23.9633828401566
29.5458611207988
19.9923380792227
22.0926165347919
28.9544476838521
27.5993898743764
32.1510847657919
23.4217039542273
23.1684843776748
24.2151146689952
23.6483465945178
32.0523858303204
18.8905646935376
33.9007928268984
23.4926327835179
15.3780179506526
26.2266171164811
13.8247258362063
31.806010287255
31.8969027604908
12.8112157341093
20.9770329296589
16.038991115056
26.6712571959943
24.6621488223892
25.983808003366
29.8107455484569
30.0338002620265
37.8905128070543
8.77322389740663
27.0010622451082
18.7912322182166
28.4168639685959
21.472285548225
35.692895807088
29.1504448609433
17.178194783628
21.9144681235775
26.9280356355011
27.3872058140114
32.1595586603507
32.5519150588661
21.2145759724081
20.4605435294886
31.8856932455674
35.7274576069272
26.0360213229433
37.110372816906
25.3885744605213
22.1334682544693
34.3325117835775
19.2673405264094
22.8958964813501
22.7107908576727
24.9564624624327
20.6095872679725
32.1137486025691
19.8084007482976
21.5067522367463
24.2768129333854
14.5120198605582
30.7519937632605
22.1074391622096
28.4098061034456
17.6692742621526
34.3687784159556
24.1811842657626
25.9119148598984
24.8138059163466
22.996141272597
27.0538535434753
15.7177470520883
25.3942633979023
35.894686115401
12.3056084383279
34.0240305522457
25.6457497831434
33.1098780501634
31.5677730599418
17.5334974424914
31.6029817797244
22.4343725480139
30.4246004205197
19.0972830867395
24.1601196816191
18.8579819398001
19.7394257644191
25.5122236441821
31.6202299902216
26.9656215794384
18.9720653928816
33.9389109518379
17.1045577852055
27.7740014251322
28.3269996754825
30.5621311301365
13.3217758163582
25.7161381654441
29.1511233663186
28.6992400186136
16.5406384505332
24.8980189047323
21.4685171609744
16.434807353653
32.048705755733
24.2451494895272
24.6587404085777
14.14261111343
26.0062146931887
20.5707844579592
13.8188632592268
24.3098511127755
28.1735017197207
31.8643469829112
25.3041065996513
21.898094099015
26.4980931533501
26.3452524319291
15.2319938058258
18.634417368024
22.5317100994289
23.8951989915222
13.2618767675012
24.1751177236438
34.6730530244588
25.4323506727815
38.0725254283702
33.1031559733674
24.9396162806079
36.3045741317278
34.6938556970513
30.1230979850516
35.06972733675
21.5705092530698
29.9313228111714
29.3854593997821
19.6582136908546
25.9665634017438
17.7920860471204
30.8705350384116
11.8821982759982
23.6378338886425
18.2709216605872
22.3688152851537
15.6332774553448
24.5618143351749
17.7650958532467
30.6696531130001
38.8801839647299
15.7341481652111
21.9658417161554
21.6681905145084
26.2296075699851
36.6078576319265
22.8903040522709
29.9877032171935
23.8691199105233
22.0331445103511
22.2408433677629
36.1794194679075
29.1402497179797
27.8657604008913
21.4645840227604
15.258589014411
6.76853465847782
37.5232332830733
33.5553618846461
35.7270041459656
16.6008912725374
21.1593993473798
22.21522515174
23.8494533138902
22.293525096029
18.7654739478603
18.9440529793501
34.5902152126655
28.5127985058352
26.7574198544025
23.471685918048
23.3999166945271
17.2441938892007
30.1899069454521
24.7215064242482
31.5350315067917
15.2882041409612
40.540969182247
25.541535532102
28.016500454396
27.1027557551861
18.7601263520621
27.265592571348
32.9616230679676
32.1084880502895
23.9360008388758
36.6274766137308
27.8227270698344
31.0077475151047
23.1230718782172
27.2667212877423
32.9154722392559
19.0499978838488
27.8588042827323
13.6733236024156
36.7182615676015
17.0213746482382
29.3136999709532
36.1765491147005
19.0611507743597
33.1442544702441
32.3446009773761
21.6122725512832
16.1278788418067
22.0264242366893
28.3714584074914
20.3297703759745
36.9778166969723
18.9076220383868
27.332289307208
10.4083615355194
24.7373829130083
17.5042371340461
34.4085296848789
22.0754306996241
14.5955316489562
13.4610972367227
23.8674966385588
21.684009465389
33.5444428259507
25.7795694982633
13.6735372536829
15.182090154849
19.989613792859
28.3432287629694
16.0555977991235
26.3889710651711
23.775392765673
29.3305928586051
19.0026253765586
17.8576790494844
30.558850755915
32.8330383403227
25.5482238717377
30.7311612181365
19.693676986006
24.1368860471994
22.0769356470555
20.6785431364551
20.4826047411188
15.3972767526284
22.9343379149213
16.3301292574033
24.1438717088636
19.2124430937731
22.128102488405
29.4255934888497
21.1895769806476
35.9737673952363
22.5919941902833
20.4383702036762
27.3610136471689
17.4084457801655
18.8815277768299
26.5904456842691
24.237702973187
27.1369216730818
19.638532306999
18.2457798160613
29.1065557394177
20.5538058187813
29.4712276663631
8.42129113152623
17.8692057159495
12.2282525524497
27.1023465786129
21.9470641342923
34.3670109519735
22.9442828027333
23.2124973719071
30.915535078384
12.6960385357961
24.8622035607696
33.499212609604
15.4752402799204
9.20619869139045
23.6037857830524
29.8214136855677
24.5372710283846
29.892767383717
16.7453924193978
27.0445588976145
33.5271407617256
25.9778872597963
24.1194967878982
24.1041887551546
25.0213612336665
26.308338646777
19.8646206395376
39.7291541078544
27.232046588324
18.5797574464232
20.204976038076
26.5178053927424
23.3918592333794
30.19225273747
18.6306286079827
26.4212565263733
30.9672864619642
25.2631084993482
23.8616067217663
18.8965771580115
26.9558182684705
24.062805227004
18.4863508678973
39.9520640240467
28.9595000213012
28.6575349513441
35.7131434583521
11.5813181502745
28.3683409215882
28.6336129764095
32.5792520772666
25.2666470594704
26.4118324033916
25.8475463604555
23.9456358598545
23.9100547507405
27.4279421195388
18.7412411207333
13.3740681922063
26.4245812781155
21.6429318068549
28.770829249424
32.1105297654867
35.44034022837
27.1128307329491
25.6007142132148
26.0731435846537
20.5558913061395
31.7959668580443
28.5377393942326
25.6611879914999
23.6225969158113
30.1702282624319
26.1071668472141
13.5031600715593
21.5575110865757
25.2211709273979
25.4598576342687
12.3212534468621
23.3034889213741
12.726976462795
25.2106436993927
28.4970759886419
21.1537933675572
19.8583643697141
22.3439724650234
27.3223121320467
22.7688896469772
21.5971604455262
27.6112314072354
21.3941216468811
22.1689381089912
36.4441217367953
19.5064471801743
20.4834010684863
31.4318806165829
29.5357164228335
29.8983159707859
14.3530301051214
24.3217324838042
27.4538817116991
29.053179291077
26.0527702746913
29.4171210145578
17.6050728222331
25.4681551363319
14.6713499713637
17.2730963444337
27.9462130973116
25.425792997703
33.6724447784945
18.9053054433316
30.4291977314278
21.7256658710539
27.0752584794536
20.3606587368995
36.8112542179829
21.471533132717
23.1024818262085
26.4509820146486
22.0910042058676
22.49347390607
16.7145816376433
37.5784643439061
30.3002707194537
27.4918474024162
16.1134883062914
36.3395720699287
32.11285690777
19.1881877603009
35.8840104171491
24.2129019927233
30.8549853507429
20.6218909006566
25.9499209467322
27.3567022988573
34.7078659167634
33.1521481275558
27.2610939107835
25.9707905584946
30.8141128160059
17.4505171831697
24.5370012708008
13.595037027657
37.5023623826846
26.5441779512912
40.1153789145863
18.2038311846554
24.2572825634852
27.6882776524872
32.953620585613
32.9447416355833
26.2222309596837
22.082712687552
14.3949083285406
15.0208487873897
20.9033629391342
27.3777330294251
28.8435823051259
25.0794260529801
26.5724461525679
23.3054042095318
25.8570808898381
25.0894260359928
25.4152894785813
15.9379567252472
27.0871753804386
23.2989555457607
30.7273167651147
33.4594177315012
21.8433210348297
20.7249697824323
31.095789662507
31.403724080883
26.0632438817993
17.1010224847123
23.6948946025223
28.2822154927999
25.1240430865437
14.1709197079763
32.5981565751135
21.4465531986207
39.3243189880109
15.5186279534426
23.090436726035
15.4033709317446
27.1099242614582
30.7839068816975
15.9124418126554
18.4542178616992
34.2638479312882
27.9966084519401
25.8817767957225
25.2286412753165
32.2880726773292
12.9217827459797
32.7773397322744
25.7033332029626
21.792922494933
25.6880668690428
26.7737513408065
37.1920010050767
24.6539375511929
16.6934081353247
16.3439919240773
31.5863192081451
29.6643673442304
22.7029770147055
21.2006961228326
25.4330329131335
35.761375411464
21.9482091488317
32.8185926191509
28.162705593185
18.8656397396699
30.6343025527894
26.8017023103312
25.562373874709
30.2519088611007
26.3843237655237
23.6962153576314
25.7580297766253
30.7520640082657
18.180276802741
9.34371361508965
18.388531031087
23.481489950791
30.8943966403604
15.5953741865233
21.1891179671511
21.8465560581535
31.509300833568
23.9476257935166
28.0609051696956
19.0156938508153
34.1518574394286
28.1776302028447
29.4275330845267
21.7712309211493
26.3195330277085
26.2697324855253
26.4966481365263
33.9272239012644
21.8179863528171
24.5683138025925
25.2017839240007
31.1357061378658
24.0262256695
21.8564615817741
32.1532444562763
20.8853795658797
22.3853400483251
20.9468902321532
23.011614365675
16.5039109066129
24.7401736676693
26.6285049496219
13.7645256472751
19.5039806887507
25.3055634908378
16.7110418900847
20.9430581191555
29.1217526420951
22.5752622820437
33.494442794472
17.0328125124797
23.1057243769976
21.0702259559184
29.2489348677918
24.4706043066027
26.9613209879026
22.4726705811918
15.6159447738901
27.7151453308761
22.4345952970907
35.7409711737254
32.0226439274848
20.5041120294482
24.2913719033822
24.8815101804212
26.8536310875788
25.2855018246919
19.6745785418898
33.7600292870775
27.1450490923598
13.4603640410948
33.272814960219
27.8205077163875
33.865789254196
25.6312302080914
18.4543973766267
22.3276522709057
23.1170562561601
24.0107092773542
21.1899224997992
14.4706605933607
12.2618541819975
33.5113735171035
24.6316085008587
37.2640073278403
15.7280607168599
24.2105815093964
18.7283664243296
29.3676856672391
16.7505077662834
31.7784785991535
19.0743401413783
34.6649294713079
24.3208685191348
26.8927133642137
21.6230400158332
34.0917603112757
13.5298976907507
28.49033374805
13.6754254344851
20.7505292026326
32.9775803489611
32.4469966581091
27.5662092259154
23.3646522741765
20.7734440453351
28.3913586987182
19.2551187472418
27.0528453857809
25.2749165520072
25.1190122449771
30.169781902805
22.6792675908655
32.7097905101255
20.1480092713609
35.2407483174408
26.5246698632836
23.4264096943662
25.0493675004691
36.4513329616589
30.5340867023915
27.7548311511055
27.351167681627
25.8248171070591
32.5777714140713
18.3334612753242
25.8253715466708
20.7055950980003
25.0424358993769
21.462921355851
31.0720018344
32.3686115676537
19.3277769489214
30.7905873968609
17.7717754617333
22.328278189525
26.6969216056168
22.1746759750132
29.8167561879382
30.1109625492245
20.0078692287207
20.9475901443511
17.369689187035
26.8090339843184
20.6570543115959
17.7786567714065
30.606864974834
33.1778182648122
18.5821254970506
28.7812665196596
18.4511697177108
22.4599932087585
30.9563179500401
22.0948518197222
23.0363157048452
20.8215399927556
23.2657315908
25.2274367492646
35.6577829615386
23.5394291346893
7.40237941499799
31.3365312526003
27.994869905524
27.3840632755309
13.6171185178682
21.7580277239904
19.2002071534273
23.5602208180353
27.7881640009582
26.0757911717519
26.3819689396769
25.5287003004923
23.619395098649
13.7538352379886
21.2824158836156
26.7548903124407
20.4724713461474
31.6024612402543
31.2454639002681
27.2277775453404
28.1646251678467
23.7274656072259
17.0373551780358
27.3559691151604
29.1790777584538
36.3313785954997
33.8506365194917
19.6224562590942
21.8731264118105
12.8137145889923
36.0802517717189
21.9547229586169
23.147464815725
26.3125922065228
8.48381601025436
34.3439459102228
25.7766886381432
30.5928862188011
12.9045324167237
19.2462206352502
19.5620348677039
40.4863773824132
36.4387423244721
18.1795178385794
28.6108052590862
23.0678566754668
24.6835310710594
28.2739750575274
31.0897622955963
20.3773100161925
16.6366005083546
33.7644026055347
19.1870515467599
24.6591030852869
30.0741944462061
28.7067596334964
28.8647714536637
20.2047795290127
27.8363279299811
19.7632280178368
31.1617514351383
24.718269566074
25.5512367235497
34.4888848485425
27.4393112165853
23.9858818938956
22.1594832604751
22.6567853940651
20.4910104849871
27.3720627261193
25.2522040624171
32.1263490710407
21.7980538727716
17.4879768183082
23.0520529850062
27.8377233538777
21.1553687229753
13.8571596704423
22.827066318132
29.2444276623428
25.5504622589797
24.1936351871118
27.6534467239859
20.5976701950611
29.2958589503542
16.0942172281268
15.005317636366
26.6625748481601
24.3253614753485
24.9189142370597
25.2213736064732
16.2804071558639
27.2234840784222
28.696750709787
27.767907967791
33.278600871563
35.6119279649759
28.1716234283522
27.3881096654839
28.0732814688236
21.1451701724269
26.3034298317507
23.3608606440293
23.0809926055372
30.7779264869168
21.4923783324049
21.5751124080271
17.2033359063789
23.7703318707645
19.3564512999728
19.9547199932699
28.4178368330458
23.7341111991554
23.4130294202825
19.9522688053548
17.4357642177127
24.0177473518997
31.7896846449003
14.1983901246373
20.8240081788972
20.3941046807453
18.2630838127807
12.6311130985242
23.8446370931342
5.24802975274382
26.1531946482137
27.8115323994118
31.5880951471627
25.1983310095966
26.9930635811761
17.4319302663207
26.1147828307003
26.8248438369483
33.1918599549681
20.681813522242
25.1184536842629
27.5419953937926
28.1830940861255
19.1595616284758
31.9314395776019
24.064654414542
24.7475161682814
19.1840541316196
18.643809389323
24.8954148264602
15.4663895955309
14.1634475672618
22.7660180302337
22.7464229334146
17.2971801832318
18.4688507346436
16.8584190541878
26.3745903270319
32.0195405511186
23.6787308938801
19.8380564106628
25.6053420381686
21.8871452845633
30.2048774901778
20.4897469840944
26.4508239161733
12.39288265857
17.6802959060296
14.9116867555851
26.5578802209347
16.2433236371726
19.3321042926982
21.7634100699797
25.1954362048546
26.4894369523972
24.7347796335816
23.5376042546704
18.1770243914798
27.6142747607082
33.7923514191061
21.5950045967475
32.1120289852843
21.5063417716771
18.6313067562878
23.1780420290306
12.6318245427683
20.3724600141868
30.2353683962517
14.7976204752922
25.2281811786816
34.9893433247913
30.4748990340158
20.8911387482658
35.5702398475587
31.4097794005647
24.044750793837
26.4161872895532
27.7956563280895
40.4392726858549
15.9660188714042
23.3407076215371
35.2439302422744
18.9462748413795
26.467191032134
28.7932272767648
27.1872233366594
11.9683941402001
43.9745386110103
28.7628227612004
15.9394706133753
30.1727512152866
15.5550492461771
27.795297652483
21.3286272250116
17.7541909506544
19.5456373410374
11.7578085891999
29.7953518103377
19.1696415655315
26.7017987185566
22.9213992599398
31.9125575711951
15.1279986836016
28.0491394456476
27.0708359545097
19.5105460239574
13.6849853442982
18.729296233505
19.1257888218388
29.385443800129
24.2400372633711
22.8112866076464
22.370428555628
21.9631518935785
29.1125763444136
28.4668440232053
10.3098492457154
30.8768774615601
27.0512187387794
28.2270045718178
30.4100609384477
32.5800164137036
25.8139682235196
22.9256671387702
18.446807609871
29.0370195638388
28.7339057119178
17.8954922923715
22.6743059698492
26.1761466739699
24.2785721784458
31.3260122202337
27.0589933963493
33.5665390826762
18.458906840533
21.0915892152116
29.1628866223618
27.4637332884595
36.4833344308195
10.6752209615381
26.9759544869885
28.5926110576838
33.0147696426138
26.4586171368137
23.8555659772828
14.3668298597267
30.0947164651006
25.4034545971081
22.4955222336575
30.8651512488723
37.5967798267907
26.6686125891283
18.5649851415989
24.1727560899776
18.1595383910462
17.9322760319337
12.2880656039342
34.1787027893588
26.2495532166213
27.6934024645016
23.210122808814
22.7528813993558
22.4423193838447
20.3294296516106
28.2853299053386
11.7277153534815
26.4236529124901
30.2526717074215
23.1970963301137
24.9768011737615
20.5948368180543
29.3119354173541
29.0777533735592
24.9314289540052
33.0038053216413
29.7114948742092
28.1857511727139
36.091237653073
23.6497196601704
19.4555203430355
30.0826783841765
25.1376551808789
29.0146449488892
27.0030142972246
21.4019107399508
12.1712970780209
18.3813298819587
26.3047988191696
13.9644905803231
31.2280935700983
27.841238444671
28.400427987799
26.870854315348
26.6557853901759
27.2918110247701
20.1449983287603
26.1721944436431
27.5368363130838
18.1324813277427
20.0048933504149
26.7274032539396
21.8844401184469
18.4809138532728
28.9721207460389
25.3593719331548
27.7800380252302
26.3605699175969
18.1919984519482
28.0368408421054
26.6847650520504
21.4785227784887
36.669018443436
17.7629491478642
26.1633270420134
20.9342791931704
23.5914566554129
33.9070963440463
17.5396622276398
22.2594946622849
12.1658612765918
17.4204784445465
19.5782114518806
21.3730055605993
32.6692264294252
28.9517823956443
17.6605526357889
23.5521434806287
22.7770744582316
22.8287055157125
20.9228328429163
21.485733310692
23.2122317549166
25.2358063822612
21.6110163368285
28.8841738598421
30.4267562692985
32.1581809548661
15.8622574294109
29.4882048041995
14.3937140936032
19.1033719340339
24.7418526094407
34.2454717727378
31.5526902675629
25.7744912756607
28.4253080841154
23.8237920915708
17.7988498238847
28.4601138439029
22.5352732341076
23.6186548601836
32.51622102689
24.3435165146366
25.3542503109202
22.5896301679313
17.4359873868525
21.4532524347305
26.8855585716665
27.4199161911383
22.9033611249179
30.295056803152
21.1804884718731
16.4084398119084
17.201072582975
29.7835509525612
31.2839552061632
23.9114572779862
25.2029169350863
22.8309808764607
16.0471937895484
9.32357359479155
21.3873759610578
23.1509600067511
18.8199231401086
11.9785529229195
21.2011349387467
30.0646847812459
27.1951550322902
29.3240761151537
25.8023831062019
13.6780181899667
22.749672178179
27.6004541695233
30.4976575309411
37.4203044900155
23.1608815118309
31.2586610438302
24.9243651283905
31.341533921659
27.3129710461944
27.8303843922913
21.6638770001303
27.9569184174761
14.8562476737425
35.9492623691863
21.7489724513143
27.6210356270894
26.0407543508336
17.6394374248424
26.8406504765153
23.8609338412061
33.1360358512029
28.0744177987799
25.0326990382746
30.3571828873828
31.7767685977742
15.8425044966862
26.0448960194575
19.9023746124217
15.2964620358474
24.7865147190168
14.975368976593
24.0443625720218
17.1503025107086
34.2272098176181
29.5299522345886
19.6304226759821
25.4908606875688
23.3765753218904
29.9232114804909
16.241995524615
34.7069763092437
26.0310184210539
25.3635454922915
29.1619664058089
14.5315962902506
23.1751715298742
31.1771983746439
31.3432561699301
22.9343917220831
28.8002957822755
17.4846045207232
22.6185292041662
10.2908476721495
30.0426597241312
25.793714961037
26.1257164878771
29.2940923711285
19.4675022969022
24.4519858765178
28.9516296004876
25.0138860661536
24.5922551956028
29.5526202768087
24.3322313064709
25.5502774380147
33.320446475409
20.6654095090926
20.7967903232202
15.235668933019
33.4530780557543
40.1605025828549
20.8409693557769
16.6507307615586
33.0243601696566
24.3717757286504
22.8597345994785
26.7593379830942
25.2602485474199
24.516584048979
31.1202684184536
25.9265622124076
24.7365876799449
28.7145667663943
15.5336480587721
22.8614785475656
30.9262381168082
18.6787464285854
18.2156160473824
36.0872699725491
28.856159859489
24.3584254058078
9.44956641628865
25.2784409560263
31.8824220215902
14.2899759635867
35.4306644739068
17.4618656199483
15.1036131195724
26.7948804190382
32.9645118908957
27.3328255118747
27.5377108482644
27.5231355335563
23.5211778432131
35.7496846446252
30.4672189755365
22.5970987696201
17.6765133267808
17.6284309476614
16.1536358949385
26.038803672418
18.2077678618953
30.8436919702217
33.5998855531216
22.3868305329233
29.2827585013583
27.1430450491607
31.1885948292911
20.8006945205852
22.2612346430469
35.6213878819203
25.8934775367379
13.2055755704641
22.2005547722802
20.7266026285259
26.600104267709
28.513868059963
27.2508271038532
22.5350052351132
27.6786372065544
43.8859723487353
26.1765164323151
26.3939481927082
26.5242952154949
34.0405954513699
19.8889203369617
28.2803719164804
26.3842598069459
31.6059925593436
22.4105091067031
