"x"
5.39854115194388
3.22362692705347
9.6714818617329
1.72049368266016
4.2989071139434
3.57194823016712
0.824975700859748
1.46051476336629
5.71615311782807
2.17771406052654
2.5173018919304
4.30472597945482
1.01946683276226
11.8845033264101
4.13767434883126
2.42145655211061
4.88184482141914
1.07007606420666
3.86377295192769
4.51265795895979
8.94665637172907
3.78877471932992
8.33281164523214
6.58416741061956
1.67482367251068
11.9612991344184
6.69758282601833
0.728983455337584
0.676758936606348
1.45700601593809
6.66119958067194
6.23400472104549
1.04084488111603
5.36608744878322
5.42694954954133
0.35294215194881
1.10240960926592
5.0123443827033
4.32652433328412
2.25178693862683
2.03111363891302
5.2375697190264
1.97636482771486
4.26839359570295
7.98426494002342
9.21131221111864
1.60946562542713
6.88467954751104
4.47710332090085
10.4684916092083
2.59251250925863
4.11134061869234
0.351744284853339
1.44249240404919
6.21893062045535
12.3686924111098
7.5308428813043
6.79934697174193
6.02980554103851
1.66273989512408
6.08065474199773
0.43025620850701
6.21119047179713
2.10983805416771
1.64262056806079
2.83453750300806
11.8205643372535
3.83449294940815
0.626168912276626
2.26595604326576
0.264880110452768
2.81483156593838
0.427791474562348
3.43281617388129
1.76420866793606
12.1467547429089
3.20490897835069
6.899707717821
12.1822454500943
4.36638895943912
0.759573498333396
10.1965930778533
0.845584622584283
3.13314266968518
2.76173164602369
1.52913336642087
3.30330024007708
0.692851368912392
3.46380812115967
8.2843251992017
4.5231884134165
7.33431370463222
4.09174724482
6.13738570409948
7.24705239366588
4.01174220843414
3.96636058900558
7.67955481960328
1.7341757033419
3.83137123765539
1.93307818175761
0.495926416535166
2.0682526750171
1.0078670917894
0.0380048714801038
3.26299785758894
0.0974041800525479
3.39981387143438
1.09963764497544
1.7825788380846
1.54880827758461
0.301148639058916
5.01447421055368
5.89692194951795
4.33052890002728
3.23567653540522
9.56023850012571
15.2052896562964
4.12659473848904
0.118367313315923
10.2757117130733
5.17202344730337
1.99567181989551
1.53731398196194
2.85303310956806
3.66594723891467
0.727928266860545
1.08876703307033
6.37337130028754
3.26160022523254
1.84761516284198
6.1851573176682
5.82988811656833
1.09686853721546
3.63234286209581
2.22468415740877
9.16247509885579
14.3153971403746
4.53683491498074
3.80291330265464
10.5403244961053
0.58141490444541
4.90388229954988
0.0427172984927893
7.60104269720614
5.08351292972859
0.556606147438288
2.43307638079425
0.514240679331124
11.1397875227827
8.76292381435633
0.209002965129912
4.98995627276599
1.34393183980137
6.14529319573194
0.209418451413512
9.77592394511714
3.64160304889083
5.80008321725794
12.2345754643902
4.38650755677372
1.44888356021141
6.06271543074399
1.56093968544155
3.36025442602422
4.91933161392808
4.31419641245157
0.415040832012892
5.39433499798179
12.0860868133605
9.12985513825186
1.19697791620992
4.88622523844242
3.02807521540435
1.91707948688418
0.950643536634743
1.22394545469433
4.29133733231494
1.08223611302389
1.00682850087224
7.28253843464624
4.40045490129408
0.744969792763481
1.56080733150061
6.39424787368625
7.2853340068832
2.50276236329228
8.98928682951019
4.62462046286599
1.23064619512765
11.5719146328047
2.19826822577009
13.1028571398929
4.42194240167737
2.26505043916323
0.76586774084717
5.77276207040995
7.80114971566945
6.13423065808821
3.202953860745
8.29887668061622
8.08298731905262
4.09851237200201
2.45828868355602
1.81316559840901
0.735058148348521
0.564554513484734
0.78169850166887
8.14891096670181
9.24138256814331
13.8548284769058
0.245112366974354
4.83482176209759
3.90396320726722
1.03203936761914
8.95418683168197
10.1790400920436
0.105276334311108
3.94217022694647
9.71770302858204
4.81022533494979
2.77327594812959
5.70352086642816
3.13604918774217
7.8101203776896
6.62136153477536
4.53312178142369
0.597787768628408
8.61700680106878
0.77119308989495
0.182220017498902
7.97931203781198
2.19176181126386
1.46105079911649
6.88356533646584
5.08929502355767
3.29998470842838
5.03514672008077
4.79208512697369
3.57221050653607
0.249125594277207
2.01666243374348
3.87352055404335
3.89336168568195
8.81260321475565
1.35794483032208
1.33067928254604
9.11601963765521
11.953412159346
2.23566014319658
7.4935610871762
0.886473453859395
5.77423209324479
3.9220311678946
0.112560269226053
11.5467790979892
1.69674148783088
2.41110457573086
11.5650541068046
5.65551712952117
3.7038813359566
1.57793622929603
0.0587320020664767
6.14504313562065
2.06143397531748
1.89237978775054
6.55742702074349
0.766592379659414
3.05026220157743
9.19028313364834
4.52202782034874
0.811620863970868
6.53593434331603
3.78713513537482
6.63953595794737
5.84381222724915
0.0420100419496182
7.27165128506407
3.99966870900244
3.36103144266786
8.81439773365855
12.0598031906411
0.205170117876155
3.31507268303801
1.96897018897997
0.0905500026419759
0.202391907951182
7.94280311092734
5.37077237386256
0.342175527475774
6.30190145389845
3.19658024723057
0.399400223977864
2.12349028493155
4.28296232130378
0.409217830747366
1.41292032785714
4.22524756286293
2.350135774931
0.551032461225986
11.0395804280415
15.1638476410881
4.29140240311152
5.04921359964827
0.225427839905024
1.3149265665561
4.85730388369915
6.29733699250865
0.799408881362556
0.325972373298826
1.92984895471548
0.428535310264086
3.15919069107622
7.19801641535014
2.01316873676063
9.44528068449399
8.55865667108446
12.2592826373875
7.69411648414515
6.38350006192923
4.87142342348718
0.0174221349880099
4.18294039554894
5.18065486103296
6.08376031516007
7.62227943632752
3.26324189081788
4.38935090787709
3.73017226811498
11.1808962421492
6.16478242445737
13.7098246254027
1.34522672742605
3.79689468971367
5.58078580070287
6.19157312903553
12.2963183326647
1.68317575643055
0.387928704731166
1.73712247051299
9.070846112445
4.053200818957
6.39498074186668
1.5171182109043
12.5184594420716
4.74433235358447
2.92517925055648
1.86238498426974
5.96283157356083
0.320104470584483
3.01445415243506
9.42488748114556
7.95305765787784
1.16810738109052
2.74757942100011
6.85238928954807
0.507449458857054
0.240710494108498
0.94762311360228
4.5134666960029
11.7126362863928
1.88163895048433
4.51858805173231
9.38757888127765
8.44748623203486
2.07609855569899
13.3524530567229
6.69958943035454
3.46043479060864
8.18040098859633
0.892001274041831
3.10871896799654
1.71450627983305
5.5092126596719
1.06317244935781
3.43777178786695
3.48632910245192
2.50551629176151
0.485759926959872
16.2279496667907
2.88143458310515
0.0100693426512456
1.132647623308
5.37693451624364
3.10717525426298
3.18051294889301
8.67678404320031
4.77289829868823
5.94721741508693
0.742421252653003
0.126698989728798
1.17205057758838
4.51479195617139
11.9896297412855
5.84870866915296
4.12397687352918
0.258515090737729
3.07716878596693
6.92503275349736
4.10790558910086
6.03012341133639
7.93772062752396
0.545147783122957
1.07157987076789
2.82502051975252
12.6073279418051
2.28672672059866
3.90811238960271
7.6242852024734
1.44964561332017
8.75690747052431
5.02332873694967
0.983997108414769
1.85313144580312
4.08735400997102
6.52756263512962
0.0950221670791507
9.96282981041368
2.68605182774677
1.91258266568184
2.99307147506624
0.512707093730569
2.13837518123165
0.183725336451001
5.5806040065363
0.909258984029293
1.85654811450368
4.69272637274116
5.92232565395534
5.82576710730791
1.61758174654096
2.19970638397816
9.87341187428683
3.15013573216768
14.6287575596943
3.30230555712715
12.1227230826175
2.43173770085753
2.7380522623633
5.14498568405167
1.06589586939663
2.13264610267209
1.55189854716362
3.12001360580325
4.21466422873413
9.15322679474946
1.68222030624747
1.45493405493776
7.90344126425387
3.43577423365646
7.99346892163157
4.94928843459415
4.05950372930681
1.93466292678246
1.42802728805691
3.52188071701676
1.02373858046833
5.28738773427904
3.85196532170234
7.45346397161484
1.0518546678468
2.14295950115696
2.80339340679348
14.6519581088796
2.27804356254637
6.04017792262304
5.30116574373096
7.92318476389276
7.4189905077219
1.47214208263904
5.90936309204093
11.3806429286765
3.35339079611003
6.50169725995511
0.356703717261553
2.65940646640956
3.75482214149088
6.60941347460548
3.26240372378379
1.81445605121553
7.90267218835652
8.77998282667249
9.76620405136425
13.494845572859
1.7724256958026
4.88754429388791
6.90853679552674
1.16830503102392
3.84762429166585
3.38657018728554
1.60740327555686
2.38118532547429
6.95239648705729
2.36388333634845
7.66971416305751
0.430979346856475
2.27956302625164
3.42664180789143
5.04374648444355
9.04748286120594
5.96579937264323
2.84645936917514
2.9193279221745
0.644935829402049
6.42828513591692
5.76264814008027
8.8528557214886
0.0193859168909563
5.31835792915467
1.78047206614474
6.58308388665318
4.648991022259
8.35021955426782
1.286392332986
2.36158580519259
2.05884652677923
2.05651894339729
5.54142964934511
4.31511618662626
4.19901786372066
1.21293448753754
0.8763512596488
2.92806590441614
1.50208726392175
7.52971407491714
3.50815976564331
1.29402536079054
2.04140808262343
9.57786540201024
1.51927315164357
2.03418235760182
0.386852647690426
8.7242639856413
1.30952317267656
3.89821790158749
0.913669544752405
0.258969329297543
2.9412743402645
4.37191415112466
9.14234001635487
10.7378103852788
2.82912155344913
9.85569766731304
4.49125657323748
3.82893921341747
3.74186802655458
1.67914470657706
1.32798370905221
1.66378752328455
4.04795633385198
1.43676728475839
7.40456136409193
2.43636601458033
13.4024584898725
5.4251023568213
5.7340863160789
3.55304832692665
0.219236456800868
7.72717606384802
7.23478214349598
0.970685598440468
4.94957875926048
5.35390177049661
1.39376866813851
5.88384901345723
0.661474931220157
5.73914949782193
0.17762950155884
3.49831740419702
8.85034424974374
1.97929062414914
2.26332966703922
0.328273605555296
7.35662039070364
2.48559536412358
7.23211660515517
2.46631904473614
0.604125531390309
9.35048195533454
8.43834824303015
8.14138961778612
5.61561765208016
8.43873851449297
7.70926450402344
7.32584697951173
2.57912105880678
9.37283565759356
5.18568460829556
0.440550264891259
3.19403689354658
0.335951178457817
2.96991835235395
3.36294715790503
4.38728736081632
11.3782663829625
2.71288610529155
1.53509534429759
5.14073342369354
8.00584827084094
5.0025204050456
1.38045264455959
2.12547550909221
3.02145658060908
3.82678548139552
3.39896583463997
13.0571798257898
3.77462359610945
7.26444383617491
1.48880325723439
2.24555849173322
5.09133518207818
1.99693797885108
0.64476456027478
12.2013293439522
3.21883691272396
15.4008973855525
6.11147867504695
3.27974039440859
2.37859752670838
9.63329989463091
4.36101207333829
6.19459511085281
9.03455717489123
5.31345424242318
2.45776146184653
7.10093863124646
0.223557959781198
8.31976195331663
9.48006205726415
4.96369644533843
1.13890192005783
6.15461545530707
1.15720240864903
3.3121872227639
7.60631191693109
0.315429922193289
2.57131973192288
4.53795983928736
5.58457897087752
2.41458856839085
4.25223647616804
1.10077372911732
2.14610036134726
2.33516001029755
16.9884460745379
6.64642927643312
12.7329851585722
7.95461875386536
5.06230678874999
6.57698980066925
4.84860398920726
2.13339814484706
4.39590548630804
10.1798433344811
0.75517799705267
8.17084040693877
14.6745605394244
0.353432378560969
10.0172497797757
9.28059422876686
3.05849637765246
0.0812325942847712
10.9646388096735
6.40799929894699
11.5184641676024
1.50591173866363
1.52629634831101
0.589933339506388
2.31937437783927
3.37303575389465
0.998391391048155
1.86002671252936
6.69371297117323
3.42663167376795
6.45584418370847
0.419414881616831
10.3625194169581
0.387870678043393
2.46484284289181
7.338134967722
1.26726203598082
1.33151796180755
9.00028083269953
6.39249577652663
4.50337645597756
5.8145857648924
2.41419039666653
8.137574293625
10.3561396477744
5.48942125840351
0.0153139649342854
20.8322650382663
3.02496718917626
3.20242143250847
3.57764131967004
6.30108121810967
5.02360031714926
6.45679164807483
4.4967402493579
3.86572615243495
4.55178909469396
10.9534943187249
4.42930220160633
11.1802189843729
5.55223065894097
7.01465895102539
8.23382592817344
8.33780401778612
6.31700719241053
2.2437148494646
0.837117130868137
12.3971190466244
4.15541757508846
5.62319399323314
5.79978923778981
2.16808188001259
0.656900415488522
7.7054756713585
4.49243610343157
5.18822036683559
0.649326720251888
2.55252804600047
8.48224381916225
5.57166889775544
1.9866353851525
0.39560457225889
2.34055506038189
5.07097602821887
6.03218949399889
3.8199578489861
4.47123351041228
5.08776681963354
7.2696661343798
0.95217686612159
6.94336257874966
12.3246462129327
2.87647573277354
0.958919338881969
3.02922813209605
1.65626932902769
12.0762673439458
1.82892463338989
8.35478046733531
3.8536841282621
0.0251261794936696
0.128653016872704
6.95106317289174
11.6060971980914
6.26276263501495
10.1521709002423
3.21277670256618
2.36833139788359
4.6153114414866
7.04800858154458
6.58956436403089
3.95524662453681
4.26033758546169
0.646385550498962
4.64414409841829
1.3826014706865
3.84107371786921
1.04478078428656
7.99788075964898
6.17590181063861
8.80211307975127
7.02316352015743
5.93983954750001
5.00353230163455
7.37281464971602
3.12111563980579
0.322400848381221
3.97252736147493
4.24850187264383
10.7293111272156
3.23501785080489
0.338987959548831
7.75965596152161
8.44688203651458
6.66658295448611
0.304231577848194
10.5556002818048
8.25673504732549
8.39884243905544
2.99337648748832
8.75944923609495
2.77554311166925
4.17005540570782
2.38974834792316
7.61571417097002
3.91731793840963
7.42920902557671
3.23829359840602
1.30352415144444
4.71330565647418
1.9658588571474
8.67754070435925
4.81416871571054
10.515726209644
4.18795929290354
6.59961642231792
2.38828372675925
12.1499863918871
5.99796863363611
3.62667311706394
2.0537377236252
0.612914352677763
2.87504500184313
7.08429249934852
1.13872298970819
1.98862287215889
0.0635507592255224
7.87294709589332
2.88981418125331
1.48079718928784
1.30510148519723
0.386683852411807
9.5414336072281
1.4683831948787
3.33403551871182
2.58586010966399
4.74530655271482
2.68713684938857
1.16787137126021
3.47536804620177
5.60078088912599
3.72058602778171
7.9800859792158
6.48578515026794
0.323631357788321
3.59656672995267
3.54013824538185
3.9269887143746
3.2485221279785
4.4850475853309
0.615189736708999
4.48282922822739
3.92321785911918
1.8947231109347
1.38230924414006
7.75348458068372
0.826733112663498
1.81035113055259
1.29189596045762
10.520380618982
6.33574671666802
2.79733990319073
5.7917971242937
10.6061341977795
4.16376516222954
0.0549872600305644
4.03300463221967
3.36995334767885
0.916498801038876
2.66805325671195
5.2411505817459
8.9241781970486
4.78274994529784
5.77434983570129
3.08191608637571
4.44451211951673
0.0304285204038024
0.515575520694256
4.28495842534285
10.5819034034209
3.76968004275113
7.32169907934854
5.59379303279089
5.35069864762448
0.220404043471254
7.48515906677014
5.9842964717131
2.93666825164109
13.7541102637772
2.4192868033424
5.47344870865345
1.8943932838738
1.73788871616125
1.69530166386686
6.99496462475508
7.66117277145219
0.876944641017075
1.53474681638389
1.95474249642824
6.99185275007039
9.14922045423214
4.60806732047422
5.75718695763499
0.903346584152714
9.73158883862197
3.63268810324371
6.58924628855231
2.08829508628696
5.08050654434297
2.06003889907654
0.844031688757241
4.03119013644755
3.97379547622602
3.82895399958233
0.699500041082501
3.86152402497828
6.00562370382249
3.34681021049619
4.48946920223534
2.55338622361533
5.39245841231387
3.67068907283259
1.38798903208226
2.77825474183944
5.24980399709738
15.3481114655733
1.13926121707463
1.95050288457423
1.51591100730002
2.3557550041005
2.9066801330705
1.15380828426147
0.178408736054689
3.9400031883795
7.58427495602518
2.66129216179252
11.3378014346178
6.87689894261053
0.957650388590991
0.577217061072588
9.94357626224135
3.83795195770068
0.850973278284073
4.07186450164949
6.31629559180247
3.41635434888303
6.59138114970879
1.31914729583493
2.57276593521827
4.82626692391932
3.14405320677906
1.27967924326231
0.147619587369263
7.26789019536227
7.79837921727449
1.57688073813915
4.85740536823869
8.74484649393708
7.53434722289732
0.223241877418534
12.5397059833631
6.04961258359253
0.753227318637073
3.86931530665606
0.810692749774423
8.48775606136769
8.47164312338134
11.9425778261643
2.87082353391552
1.36823079083115
3.76216997866706
8.39752552565187
9.56608565119985
10.9863529214635
8.06887137817025
2.92564164847136
11.4857662368733
2.29524921970466
0.776907821125139
5.94147164881826
2.78394145425409
4.18793636676496
7.97927684616297
5.39808212201657
0.410141330212355
4.70493050269872
1.84299580287188
3.91025699209422
5.39645034913924
7.56528442725539
7.3172211414203
1.74506963920135
3.82997487032721
3.11580249108374
8.66397565696388
1.33451360743493
6.06381390243769
2.68313847482204
4.26875872071832
1.06242070905864
5.35657573491335
3.44182717337926
11.0847646137699
2.9938711191461
0.587455947942577
5.14765901025385
8.92507446070112
3.01107894766613
1.08990588935859
1.33418782463173
0.509935544156841
7.00405475217849
3.84682077481849
3.9180261723809
1.43055911068954
8.52113387081772
1.99523799622134
4.28949027064141
20.7770708017051
4.97993645258248
5.94079989613063
6.44848083885937
2.7110045738785
12.3308405512944
4.82651779893786
8.83761054685364
6.76924768561044
2.71798490963047
4.48697963729501
1.9409631146118
1.28598532173783
4.66542453505099
4.35972446397096
0.409507937729359
7.4238833404282
5.97377014346421
5.14067818876356
6.65586325084884
1.89098758403391
6.01286611054093
4.21953343320638
2.1152337094492
7.98617347609252
0.087790354155004
4.14100855740407
6.4980854280293
8.41300240118228
1.13580498461965
5.17547130584717
1.58048642333597
5.24080265313387
4.11654594026339
8.82247830741107
1.69089331757277
0.236788489177371
3.72264473699033
6.839459692128
4.66985451102375
2.48290728777647
4.74185904022306
0.429173083149585
2.07076740916818
2.35491733263913
0.461401068605483
0.116823116499503
0.319418265789134
1.35856179986149
0.895262110598593
4.90211034797303
2.08623059672549
3.20973585322072
0.426703155972064
1.52222800534219
10.2814924204722
8.0706053879112
2.53074668620282
2.27949416730553
5.10394969479613
4.96832130368108
4.20939792425486
18.5397859895602
8.03658703807741
6.10773460939527
8.49648233452946
3.78912112209946
6.32551254238933
6.88617760730135
2.49879217227105
7.45931630954146
7.00473908399861
8.06157535407692
5.99508331188652
3.06656234024337
2.89199724793434
5.7929449815373
5.79124963842332
4.4854489620775
2.33695047393448
4.14062102143233
4.54480967018753
5.92947309906824
7.83120106834305
0.36849929395311
2.41693495772779
1.20520260183761
2.64112076256424
12.1004443072552
2.86969440057874
9.21514485962689
1.81969942059368
5.17075634561479
1.30917432252318
1.88761025201529
4.03715147494236
7.16445613690642
3.68880783207715
0.504066096618772
0.348504379283372
1.88055529724807
5.00884472858161
2.27821364533156
9.43347080610693
6.31393574255695
9.3748239800334
2.8885064413771
11.9657051516697
4.00008105207235
3.06619962211698
1.16857197167822
1.87832643217704
16.6727613818853
7.74438618682325
5.87862435461054
0.426301849074662
2.88668049033731
3.22073824040778
5.2016410529959
0.326326954268936
1.98819024150789
5.64728889148682
5.66391930915415
6.10284707508981
4.9242393579334
3.15091235097498
1.24965273410432
8.23498275130987
4.32709723710543
3.08751079545876
2.99454794742041
4.62030756175436
4.36044705566019
5.19994387868792
2.36191400326788
3.87627333402634
2.26031821221113
7.19225134234875
4.96807463339582
3.75952613539994
5.64417857676744
1.49315113667399
1.93611937575042
9.95346469129399
1.99952027760446
12.0561511488631
10.0953245069832
8.39355565794403
2.88385651082636
5.29301296919584
3.65342006552964
6.531800661251
4.747682137086
11.4245453150943
4.07320165541023
0.385289794663481
4.97891374398023
4.16261850116358
2.55970259354955
1.65925657404508
0.613558947898577
0.17442146781832
2.19461319502443
0.967429416565783
13.9048448065296
15.0714586954564
0.441593439168101
10.9803448178427
7.0519327186048
9.51868247158885
9.09602288156748
7.76736647165853
4.67541511170566
7.12467492558062
9.07409992069006
8.73989548999816
2.91153098181659
0.315755838528275
2.80946223065257
1.4973133103922
2.03733755893202
1.11147372517735
4.76060441940516
3.95265737643461
9.76672011893243
1.21099867392331
7.00528991022822
0.951186240010904
2.65951636247337
6.17748848162591
6.64530539306559
2.95873493052886
5.62263783067465
2.40381264593452
3.18370722234249
0.104280478381377
4.81031339149922
6.42944460269064
5.95507719554007
11.4656234858558
3.43642157968134
10.3468454956407
6.71222659293562
14.919567713514
0.501741166226566
9.09015875690198
5.60111550148576
0.551917892880738
5.50229521468282
0.720886610022158
3.00475132913439
3.85254819411784
11.6772309644148
1.01740282001772
11.5950547619407
2.59590402711183
5.35725455265492
3.53217127690458
4.100799574076
1.95387760177255
4.4525213992305
0.206056255598918
9.69597101194392
5.29514947415268
5.99613282829523
2.27588932029903
1.42674001399428
5.42240919920561
3.57064714189619
2.53957325249091
4.81590779963881
0.333260861225426
4.914979939349
4.00592256337404
2.45036190855786
1.7725641568391
3.37185456239254
14.929787744768
2.2640217331327
1.99511986980876
7.61914034374058
2.89385987085068
0.0834332779049873
8.03733062930405
3.87967307046601
7.59172942489386
2.65342120546848
6.66143024147551
11.5277414908633
13.4611294372007
5.37100397050381
5.22117991931736
5.98945299343104
5.69468662142754
5.3268205702288
10.6501898728311
8.20719604358671
4.81072529729635
11.8790832373028
1.13288903989474
3.2005199464038
1.57978909555823
13.8114599552278
0.321374206462931
2.91246760911948
0.521792114657636
6.08369749569686
2.11225658332801
1.41715873069849
7.61862450744957
5.33411985294323
0.475163522832424
0.23926384231453
9.7829811507836
2.12098155170679
13.1284241331741
2.23047675304578
3.03614034783095
1.59417001996189
3.44796943213074
2.10345905843337
1.50766288861632
2.31855760794133
6.78352387621999
0.102625810541213
1.94000873802743
15.1166947325692
6.80648956913501
2.17050418723375
5.9401819948107
7.19283004291356
6.01876628986261
1.42428441904485
5.42765581049025
11.6842803778127
2.24711001546969
0.672617927193642
3.17610220771803
1.73015772690089
6.03977993596345
2.3638261573226
7.63124418444932
1.25272644218057
2.45669883098698
3.62026495859027
3.57546913437545
0.69727401714772
0.0889145068394647
0.0277726678177714
6.49256540928036
5.12490696273744
1.52134895324707
0.619726915424592
6.23050250622114
6.97038272820904
4.06045040581375
2.57921071184716
0.201184434754573
5.07897487841547
5.01092779450119
11.3681802060455
3.45464556352259
18.7498465646058
0.236386549513674
8.9556559920311
0.850906549021602
8.9762387630173
4.3254338670522
4.20449159573764
3.00977545792582
5.36487407516688
4.84374691732228
1.59056184347719
0.447137819629595
7.82039007171988
5.44818975031376
13.224656903185
5.12183664327032
2.11467493791133
0.398252718150616
0.344125414267182
2.60455959942192
1.01784373437728
12.2250504791737
0.210309460064592
0.0330379136452343
0.110243470408022
0.156137787908771
6.67653798750142
8.04727449053039
1.92906884476542
4.01954334482555
2.03839476571323
3.86332240886986
5.84433698095381
0.65664342457468
7.00753652490675
2.09362718742341
3.41953355818987
2.92327546980692
0.0393255148082972
7.09920653607696
6.03240325581282
6.38809977099299
6.91444331314415
5.34588789520628
12.8566100131128
6.49179459648956
5.37770124488765
0.774855412027109
9.42580434493721
8.71993594337255
0.145684774478184
1.21204524766654
10.5186166474596
6.59573073498905
2.56254561245441
1.43597256392241
0.30067942570895
1.54469669796526
0.66230078227818
10.0981613388285
5.5442217271775
10.1738837920701
12.7030882342259
4.88736305851489
4.46774833835661
4.07959973610693
3.28448530944717
0.716616209888391
0.746280234307051
12.3434196459129
2.29916793574529
7.69314482803175
3.09969002846628
2.6934398888471
6.85946710238618
12.4686550348997
4.80238092131913
5.43648230377585
3.31893222693687
5.04013616591692
2.54286097385403
2.92276920222546
4.73067811690271
9.57802744959665
2.3279640590772
0.561529665551671
14.7874212590978
2.50693508423865
9.36166176106781
9.03440217833541
0.923318904795865
1.56796453520656
1.36058766975062
6.63138064555824
5.74372508563101
11.2984815585131
1.08108436688781
5.52865735908532
5.51332584582269
6.08650122303516
4.85160925296085
12.7376732657725
5.07959767710418
9.45993303177543
5.32771274447441
6.5866878721863
0.909651932306588
7.54919438622892
6.51289611816579
5.54353329353034
5.71582977741053
1.59354940057556
3.29595989565132
4.25620027817786
1.24799235557547
10.0232695174254
6.73981334168143
1.79991216864437
4.13998373270454
3.75523162074387
1.20357109699398
7.16719324991089
1.63301569409668
1.73449145486346
7.63374085072428
4.06556079243946
7.008575508371
1.27189233899117
3.09753902256489
7.26070918608457
0.402126871345802
0.861621735303697
4.36819402966648
15.1987377787009
2.62641166336834
8.49437361788946
8.33958841394633
7.38826361484826
4.91840590257198
7.88888646668223
7.61610576882958
7.01734267757275
6.73608966171741
4.99168645632675
3.22344470769167
4.06048981332004
6.31094175967806
5.84957418031991
5.41934936773032
6.11638296673522
1.45053608731602
9.97611654245099
4.88738516723303
1.79087691940367
0.0857022253172684
1.15273837000132
2.32858259696513
5.93514323142629
11.7567538758309
6.14230395294726
4.36577796936035
6.67865234457877
0.376349176956891
3.63198206759989
3.93550510052592
2.86068134009838
11.4497364265844
9.69168927986175
7.41533639942701
11.6586262673242
6.44069452576325
7.33783846862843
0.266602984629571
0.984795764088631
1.52952890346799
3.18002737919483
3.48492368137452
0.489988923072815
3.53293507359922
10.9003575984389
7.15055193433036
12.1770867845044
4.88958552014083
3.82562514902153
8.69301806445224
1.31889457357825
3.86209967546165
9.04187764604145
4.46000455697488
6.05847809929401
2.82560004846519
4.54157595675762
0.00581175655827241
1.2365345377475
6.02098049130291
8.18856855975253
2.05492349848699
1.30756460130215
1.46585274487734
3.07527468539774
3.31914853304625
2.98894320863075
2.66048221383244
5.93230889148384
8.99097642395645
14.1142040230584
5.99851126316935
2.02063640145821
3.60599928535521
3.36775430478156
3.39238294400275
5.50200981087983
7.425157022192
9.62169932254825
1.30415535531938
1.13435140810907
5.67945250698213
4.83922101557255
2.41777359990313
3.70861717965454
5.2529786946252
1.84473730623722
5.66708735301215
8.96344539575842
3.38741240563595
0.595086696557701
3.84239870421196
5.31956556373718
6.39564655555303
1.95262375772359
0.681334570981562
9.14566060528159
5.71949502918869
3.77205542754382
7.04187559895217
1.54456519588481
8.3190776174888
12.1942772297189
1.73266723286361
3.63659500144422
6.68935086578131
6.45649034995586
2.50930422917008
0.30862540592149
10.6589960457983
1.32506196818431
3.79094376694411
0.725320211651543
2.62027882496694
4.26328162747253
2.90589010872298
4.63580620057881
0.0115811251088076
0.844146939925849
1.8199885264039
3.58616537414491
4.68090578200119
0.997770647518337
10.1657783706256
12.1012089774013
8.35870166774839
10.8252121834084
5.46174990013242
3.32982017537927
11.7571317823604
3.77321899831114
3.10432817786932
2.22341498196655
7.03446201514453
6.40445795963543
4.55913003534079
0.456306524574757
9.3073533847928
6.86317738046225
0.65482715533167
10.5226095532998
0.092136245575647
14.3200359845277
1.37899426469773
0.552264573415399
4.51171735767275
3.66847552359104
3.57400591019541
5.07570582205871
1.83616125802701
2.2942257579416
6.18778103962541
1.78066624566467
1.34772785991497
2.60351495817304
0.439011515118182
4.09749639194326
0.540254428051412
0.637011951766908
4.83813704922795
13.7295157782142
1.96401672437787
3.87418303670776
7.50825731083751
5.1579961553216
2.70544676610977
3.76336096629356
4.49311307165772
13.3119606645778
3.35567572619766
6.25369793269783
9.82551705092192
6.48636978585273
1.95566229522228
7.35815300808143
7.56444853442191
13.6556723424539
6.21156665427051
3.90290415177177
5.16574177533855
1.47770796902478
6.87145264819264
0.750009083760611
0.68974734505473
0.415877695195377
0.384612078778446
6.93349740467966
4.09740261059433
3.50407253044151
3.25706921728956
4.88633643835783
7.06477628555149
3.84047657717019
3.7492778674427
4.57985333632678
1.23674985037085
3.45272931735963
7.20782212708451
12.2344397715837
0.853797932262034
2.25365367324208
1.83250512927771
2.53311686414621
4.79341961909086
13.0594056924576
3.29694002866745
10.7968203956261
1.32542236242443
4.89144406747073
2.72555795963854
2.07964146847459
1.03474138725874
10.4278456652537
7.16901952400804
9.10784327425063
5.34387754742056
12.0196412084624
3.43980945181102
2.61176780846803
0.600760872475803
6.29228707402945
6.92200097709865
8.93331333063543
5.67912587805063
4.10830178342636
1.47507758811116
2.64839616308617
2.19570558706665
1.00810769945383
6.22373283840716
11.0133994268597
4.79773137577432
6.34942190457673
9.07740090042353
4.96120571624488
3.89195075258613
1.85411174315959
2.533920109272
2.50258387532085
9.82420523650944
1.34900992270559
10.0905690575019
4.78704483694036
4.58270731701325
0.321909450883495
5.33223764505237
3.02928797900677
1.50629887357354
3.98417613469064
6.16154279559851
3.39991757646203
0.573675843057547
5.59205093886703
1.86162386089563
2.20748089169539
12.117546072959
0.226156982936742
9.59088856665812
2.08563038613647
12.1169498165973
2.05490819910327
0.696576945483685
7.50744733959436
10.7259357115254
3.31963312346488
13.2419557683385
1.59614300355315
2.88930864310502
6.2022165521092
5.73604945093393
3.34576586122765
0.606428226456046
2.27324379171762
1.97217566892505
9.10985919181257
5.41858845390379
2.24426505155861
4.98303245998601
3.33584020845592
4.65238860342652
11.3835231633857
1.28043768927455
2.38812183688397
5.91297396458685
0.082960375584662
7.27947000444975
4.93370696445436
9.26939570344985
3.73519563581795
5.06760054267943
6.24560897704214
5.0489152316004
3.5396966370629
10.3700300897368
2.43703643791378
3.586704027839
1.30178978188875
9.12183187901974
8.82840191557595
0.0827128015901772
4.45906806271523
0.0994507223367691
1.92054567060497
1.53758092783391
7.4628503061831
8.87467365246266
0.0265691429376602
4.37973554950829
0.149540671055612
3.7105213617906
0.00250132288783789
8.96665884647518
12.1011256473139
3.17593684885651
10.3643559308004
4.98647673521191
11.2278971122578
8.22715444955975
4.50351778417826
4.45715545210987
0.834875426925683
5.34298252932739
2.34373491257429
0.378496921621263
1.24864972877903
0.896015949547291
3.37113249115646
6.71242667017415
2.66052784863859
2.42320530072631
6.17439800407737
7.10518159577651
4.22658019233495
1.81405147791432
4.27534303162247
1.21767823584378
0.891511631293786
0.919985072687268
5.30347861349583
3.90166151337326
7.53648600075394
1.3126077372645
1.50401542201214
3.90236768888763
1.3322010403499
5.54676440078765
1.02798989973962
10.4151840787381
2.42493965197355
3.87998498044908
4.08482993049014
4.49856798506941
1.55729302205145
8.32947774324566
4.48246861342341
8.82592361886054
2.94000692665577
0.505963014438748
2.62911625252638
3.64988930523396
1.90800700802356
4.91690087386565
8.80912700667977
10.8209058409557
3.37130602784276
12.9906831076369
13.7469148263335
3.64755472623781
2.29089681524783
2.6303026567932
10.9635285922192
1.51165201740493
2.32336084476288
2.19291340112237
9.04124632943422
7.67054394818842
3.33922105761534
1.57147265615746
6.65259447414428
2.0012180621391
3.41163226403296
2.08577748966086
0.721710073529026
0.253854403002549
6.43934279214591
6.41293253283948
8.63793604075909
2.62000476941466
3.35835246369243
3.83606313262135
4.75346103776246
7.56391598843038
5.20174412210361
0.439283507876098
1.91376549191773
2.62947571463883
7.37063586886064
3.12208232935518
4.47742760973675
13.471249496125
2.97905454556854
2.90868140704478
13.5961545165628
3.54281540494412
14.4540004897863
0.562469125725329
1.87195515875821
3.64434835143971
6.47897564149557
7.41337293010078
9.11501217633486
0.73399480890295
8.09670691378415
2.06037301104516
6.82334462180734
0.0310531817376614
3.56335595715791
1.33168268948793
0.879269721917808
4.90628501866013
2.0361312199384
5.25609661909579
2.39952395204455
7.51684340648353
5.87767320685089
6.93235287908465
3.75086779240519
12.6886493440107
4.87278886139393
12.8584333928302
0.707327434370679
9.04670546296984
1.6723468671598
1.18671164382249
5.87825619149953
0.0540809007361531
3.54399464225558
3.83872911334038
0.459281059912015
0.331381661817431
1.73258083942086
2.04221923238581
1.25944323372096
4.30287285707891
0.703008973514642
5.12401429004967
1.2479756198572
10.3115195175633
5.69905549598353
2.1638325649472
1.72685152685175
1.47971340920776
2.2722591413185
0.870495361721455
2.86164797867889
5.03204020205885
0.665585583516654
3.87581512331963
4.53295735642314
4.52980119735003
2.39157575345123
3.65474696975128
10.5248083950658
4.62765411939472
5.46101271174848
0.195475981313577
4.78795079980046
3.20128134917468
1.71540168110671
4.8014554604145
1.55507922172546
3.96608687851207
4.70972581048588
7.24974444601685
16.2879041396081
5.86678092367947
7.293984035942
1.84070889372379
1.22774442815443
5.24948951788247
11.5186240291223
1.11261422280222
3.8286139433436
1.13763231784105
10.9786715358496
6.41402204055339
8.74720052815974
1.16170066824312
8.7139296811074
0.954830995409872
1.12703619524837
10.3069414850324
5.21441074088216
2.86485161632299
4.24856712241008
4.03186029288918
7.54451212214245
9.45351551322575
4.72655971593519
1.33960314560682
7.898054481484
1.23685661237687
4.37794931418205
0.397784363990041
2.50373214948922
3.09259122372287
0.741772068249843
8.99388662073761
0.00150263187679405
2.40379823371768
4.53164714088246
2.49907461374198
3.3926539355889
0.840413779623656
5.53794295992702
3.0695517074854
2.6630881225378
8.61001417506486
8.40302993042002
1.44158687908202
15.8187524182722
1.56023614108562
6.03633769787848
2.49392923433334
2.49619574751705
0.293973389481153
0.648976303637028
8.18291832627647
0.63858602030848
8.97910105995834
5.49291971748032
1.1816513712444
3.24485766235389
8.66441184001343
9.01968078687787
5.35000825486492
6.74125066875209
4.30794271532391
6.10545971430838
4.74424827843904
1.41111777629703
