"x"
29.4637593906373
12.6417770516127
22.446661349386
31.1557619832456
33.5418444126844
18.5939483810216
28.8235302083194
15.2314597275108
16.4113267555863
41.567900031805
43.9494287129492
29.6747096348554
18.8348598312587
25.0656770076603
35.6321956702395
60.9186956790592
38.7948121875525
22.9732801539802
40.5824315734208
39.677992509678
20.8188734538071
15.7761732440049
2.21266336739063
34.6572685066436
32.1969904471189
33.6438997855187
30.5018968700528
36.1192505806684
33.9294322766364
28.6542469635606
50.1629417296499
4.23143352381885
9.57061192061542
24.2418996524066
8.63449252210557
28.6926040425897
20.459801517427
14.3236938444621
42.5043419754959
32.1701887529343
54.1776086669415
31.2812333460897
16.269117873162
46.3541713077575
35.8190379105508
20.473277149722
18.9839062280953
40.6025048810989
31.9495405070484
49.5147049427032
24.5811562815677
20.4880287351597
0.794502741805683
18.4392152354121
21.2112423201187
12.8765100613236
11.1361913364716
9.58426757715642
26.3796283863485
22.1105298958719
11.2943506333977
18.2552121285819
24.4432492344555
26.0022537724361
24.0564011701247
35.7823961880058
21.7945295329779
9.57156290319449
18.6720651108772
27.4005887564272
15.3668149285095
30.0757010933012
6.79265950299031
40.9842400907112
39.532238780771
0.986492819865793
26.8227399326861
45.5288248602301
29.3763514052339
33.7106698192656
39.2214830964804
38.2316100574928
40.6593844294548
42.595424064484
25.5111486651003
22.5555321438394
26.7845668432347
35.7796750962734
46.3409044314176
47.3672995809466
17.3339072149247
30.13791940175
19.2343895352122
52.1325680427253
31.9434880744666
15.1283885257211
32.9413206472213
5.08589534072352
14.2501388133819
26.296443314128
23.4656426775237
15.2856098505214
20.341537380591
34.1777826577627
50.0264555335887
46.4003255590796
20.0271300559142
12.8735830076039
25.0255647581071
37.4874829314649
6.02346970699728
29.3437088374048
7.55244921892881
13.6495414189994
28.3722635824233
37.1512603480369
38.2337321992964
24.2562247585886
35.9907410573214
9.36833331363828
41.8040445074439
31.2527673784643
27.256885592526
18.7415668275207
35.1989347022027
28.6647921580991
7.1957902982831
15.3101597446948
45.1435332652181
19.7168501093984
28.2253547105938
35.3467103965975
28.6176923662424
45.864052668201
37.2421323787421
14.1547740750699
32.9722862225026
53.2979261595756
41.1043408792466
30.9241172391921
0.645449152216315
28.89388743788
28.6278891569492
40.0221556890756
52.4674986954778
10.6827307492495
0.136596569791436
15.0404078542084
27.4872115347534
47.1185098867863
27.5732554960996
22.1965244971216
33.9724485296756
24.4396651163697
16.881747264415
41.6099991649389
23.0081617832184
54.2616588529199
24.1229389000116
17.7901972085238
11.4804717712104
16.988288819118
27.0059013813445
28.1726234592497
27.405824046582
29.0724858175963
13.8216063677176
40.8768259454519
41.3102881982923
14.7592289374796
0.8980643004179
18.0643556089743
34.1250591445714
21.2756846100092
28.0373074303291
41.8438921682537
19.8961283565936
27.5135699659586
37.3391209170222
22.9508035816252
23.6820775549859
42.7841193974018
7.30931325815618
24.456413159889
35.5125247966498
17.4118735441472
21.9330666586757
41.1508666351438
32.2545529343188
39.6404341019313
22.0433443319052
21.8197003006935
24.8040465638041
31.8076607771218
4.676926555112
53.4230181947351
21.0311503694297
26.754249807172
12.2311757820178
13.5411819443107
16.7124617333284
43.8022028821014
39.664670964703
10.2066876832396
10.4607902138459
22.7054941467941
26.440359512344
27.3462120772324
49.2424141149968
33.4687050431967
12.5584186093623
24.7495756739638
34.568883292377
32.9307749401778
24.5557876769453
28.3901473041624
50.5868758540601
16.8441320769489
44.3537915125489
19.7097546886653
28.8880083428817
18.9395683817565
21.9543547835201
36.3840055186301
31.9402527995408
38.6931284263333
5.60280149802566
25.505552161485
0.696271289538927
24.9217958189547
21.4399141231155
33.1778210867676
32.5169286224991
26.9922411069274
36.4355300297121
50.2474445383996
49.4480626657605
25.8107126224786
12.7904478926212
49.65700795874
45.9953739773482
41.2839679047465
35.0823320914059
24.337757145986
35.4812085162848
24.2682427634094
20.3776380331288
32.4175084009767
63.8701958116144
11.1137650382543
35.9962265758316
35.9586509410292
29.3337233682413
32.6462940312922
9.61288910465226
20.4865715000778
24.8393248444919
8.29280666075647
47.9509953409433
23.7643658183515
24.152015009895
34.0774593874812
33.4932576153205
27.3338361643255
23.1108312322035
16.2920797709376
40.2461437974125
1.75620702569727
29.3496282305568
3.41141074895859
38.0314798559994
35.6170211830729
20.1200673822314
22.9152529500425
38.7690653093159
31.1843233183026
10.6460034718485
50.7888929918408
27.1414284594357
25.6725468207151
32.4317207094282
14.5913785595044
20.7350181126388
36.5735925075886
23.0179786914307
41.4551841225933
29.928489250368
25.0233471393585
23.0839572381228
43.3354808483273
31.8673774600029
5.95282349297297
12.9965829046995
18.0202755145729
34.9675580393523
10.5663397349417
28.473719575043
20.1757264789194
38.4659714531153
11.2979635339685
20.2607538085431
31.9634642452002
36.6291101785319
36.6218152128904
17.8864165139701
38.5801161878132
41.2289901636541
38.2596105802804
34.4120906665921
37.1613025979838
12.9985817708075
25.1441961802722
29.8943308647722
17.0425713527948
20.5963220659796
8.62057721242309
32.6298594009131
38.981064222753
35.9882544260472
43.7482590321451
36.9825321249664
36.058517312631
35.094161581352
48.7302192021161
45.9406156092882
3.11142345890403
52.5750446418947
23.5294337000141
38.7175275865364
25.2557215746492
22.2828357946128
16.7953887954354
21.1720659725679
17.8379893811435
28.7831513676792
32.5716681380126
19.3597501143813
11.047125607729
23.8583501428366
32.3873620014638
30.5126131845861
49.6770527213812
15.5537031590939
40.0221094954759
34.4757606367241
23.243056377396
27.5530737824738
29.92404532811
37.681139819324
47.4107813551017
27.7358379803005
36.3168784882873
35.9649283134713
17.5766548141837
13.2349173072726
10.8637365046889
47.5102525670081
18.8127669971436
34.4624366611242
27.2900170857878
18.7668914797108
43.3914827600692
23.1901203690142
39.5573380403221
22.5409376453353
23.2852127868682
37.775488384068
32.261509494856
11.6134681835116
24.2793428245932
33.2244731951505
30.1714825909585
26.6601471696049
3.71719764196085
31.0329929305031
42.581623326987
12.199832778424
30.8762650108278
23.5547915086268
29.611380957067
36.8525549769402
14.8888252675533
33.0848558340222
7.91598337786781
14.5714905578643
32.9948775278444
42.3190669156611
27.9794578137631
52.0919774658978
23.1137906666845
12.8883520302245
33.5183809140758
48.1839609798044
17.99367426372
21.4283145964146
27.9082652302415
3.95146142691374
24.9911630991846
35.6071463023669
36.0804939642549
20.1133472844958
23.4598633837401
21.3126956950873
58.148714248091
33.5636200848967
5.12586375415351
6.08451324515045
24.4051370171412
18.3382369577885
26.1272581294179
27.0973592530936
30.1140634808689
35.768700596616
12.4982670880854
19.5614630356431
16.8113708496094
29.4258283049515
14.9026352899702
36.271542403847
16.9421070806537
0.392488404850876
26.7928516026586
3.17010055296123
42.2849332448095
30.8204270433635
44.3719140253961
9.12783266976476
34.0820614248514
31.860095448792
22.5174708276393
17.8713128902018
20.7898231688887
54.4644276145846
14.9299188051373
6.09019956432174
18.4103552548167
4.25485889427364
34.957936219871
4.02080682106316
27.4641605094075
9.98688931576908
35.1769224740565
22.3414212388015
21.6720903080518
46.7483124230057
24.4992331654146
19.8067666252057
26.1500342961969
14.0705016481709
38.8910509645939
11.042558401823
29.1018850170076
24.7396481007601
40.0907898787409
42.5218459713581
44.3814722821116
21.3715873658657
6.72917887568474
47.6811154295632
39.7949649945999
18.5181518721007
11.5006169769913
28.5147150047123
32.0086244493723
34.9593359977007
38.7767139625469
22.1201005857438
36.3642750307918
23.0862888097332
38.7265313882381
26.9479152746499
26.2161996926642
47.3893305752426
14.8880311753601
19.3606239743531
25.2905844245106
39.427369274199
30.8823473066465
13.8121241237968
20.114492950961
28.1883460935205
31.6585557135401
30.5985583923757
24.1995526943356
16.6288974229246
29.5866578817368
28.816405357793
16.0989577416331
33.0811822712964
25.1479126717056
27.250125259161
33.6038337554783
30.2449627963255
0.9550666436553
45.290736714378
17.6022697266017
11.8418666068465
37.4860809184611
20.4881499055773
33.120632590726
28.99213383431
51.2459446210414
24.3117718026042
40.3893629088998
35.5098567437381
18.7810222618282
16.1507557611912
28.3923774026334
28.4492490984087
43.8007893506438
16.1607715301216
23.7858437214333
23.0567610475736
21.906701894477
40.0788442231715
33.2541103474796
22.2321606241167
7.98127480510952
30.5510244338422
13.9885909389704
28.927702549845
17.3255786299706
8.64318834287081
35.0851048249751
11.0737913753837
37.6211110502481
15.5233878176659
18.8303761272007
35.1525700651109
31.9433028344065
25.3137990366668
33.9078586548567
7.62435687027478
16.1445733159781
38.4841211140156
29.6836456760097
25.5624556448311
31.2907521147281
35.9870995735442
33.6894550360739
27.9251367319375
29.7101197764277
28.7589784242614
21.9133761947064
34.0183144435287
24.4324494618922
35.3253237786522
28.5361487884074
29.2631773278117
43.5344669593116
41.4180223830044
12.3627228365858
31.0450629331172
25.6706868764013
20.5582588445395
28.7906447594534
17.0527771416847
42.1167138963938
39.1327464021742
7.98783586360514
17.0699321566676
25.4189272136935
20.0868587940931
33.4199013654143
10.2351081091911
46.5865973085871
27.1564627997577
26.8805073574185
43.7821762636304
20.8779271226376
19.4099380634725
21.2730240542442
35.3553514659273
6.11997223459184
9.38954268144498
44.5620793383569
43.5181363485754
61.863757437095
22.1475680358708
20.5780484852948
27.5503774306769
27.188712079078
37.0260175317526
6.2385795076079
26.8821104895324
53.9151874836534
31.4809224568307
49.5492397341877
18.3836296200752
41.9314687140286
18.0916174314916
13.3689482230693
17.8288460709155
19.4648393751313
21.4430775611938
35.2036304306239
34.0200904291123
14.0129567604692
21.3634840182906
9.48137724772096
40.3852422721684
20.4907935578376
19.9382896535099
35.6757592290415
20.6048090010881
30.4511482332714
16.9336420018226
45.3757826704532
50.9794560726732
53.7910353392363
41.5563053451478
29.3787114804197
11.7807405417322
35.3001618757844
34.2784543940097
30.6796499527991
48.0626022443175
28.875963576138
34.6737091791987
4.6607022639364
20.7952530588955
24.8360086546553
27.9850255697966
28.8012083619833
15.7733951793272
46.8090657610446
33.7274561170489
23.5238363966346
19.9512440636653
45.5185730010271
37.2139235492796
28.7443206179887
6.73669199459255
23.7755891866982
29.0866088122129
41.5854481980205
36.4970944431595
42.514678882435
4.46411962317586
14.734163769927
39.3130792304873
42.576486710459
37.5438804558439
33.0957373604178
17.840766813606
29.274873288178
13.4538365864672
24.6021724306047
16.719667291179
24.5755704119802
33.6929557101053
13.9240448828787
40.7768942881376
25.2913001459092
23.3024203684181
47.2954069111019
16.4568527601659
12.6857280735509
25.3653619248648
38.4494265075773
51.0363676119596
14.7929262369871
7.90193704888225
10.2620986022526
24.7567992191762
19.3127843085676
20.0315457033617
30.685501094452
34.9524822355608
38.0665982142091
6.7325969306288
20.8926734514534
38.2510723099164
2.61450852267444
24.737455027708
27.7204585727304
29.4226518430308
29.9207060278119
9.21014831401408
22.6694488051052
40.8533965237439
42.5808515951558
11.3377510104328
24.2061409833168
49.5166841428727
25.235142512247
53.4949972759932
41.984943812713
34.0244152122161
3.3110835059116
28.3839890733361
35.0767847616225
11.8345142927334
56.0152115012995
49.7801080811769
20.4934080131352
35.2989989798516
38.5622804053128
51.634568348527
20.4918882145042
11.4659449411593
29.6183259226382
57.0088529027998
30.2458577618572
30.2364493720233
36.7704067844898
22.863883282486
47.9332047048956
20.4641327923444
21.8688250187251
35.3906463366002
13.3992814856109
37.0688192920212
29.7102737369357
15.685263418331
23.9123712225003
17.8671930916607
36.9724966585636
12.6351090296507
16.7659177444875
20.0028725441191
61.3128229510039
16.939968476072
31.0685703401131
29.6162417158484
33.8492085903716
25.7919302675873
19.8777188546956
16.3549573626369
35.2720107883215
20.7136971876025
18.1320821400732
17.4880010541528
19.321747077629
8.89779706485569
23.1844394467771
16.387303173542
29.3575073126704
21.1364115173273
33.1210413016379
24.4834961835295
45.3310137148947
4.94042136706412
39.162706342675
1.115225723868
35.9547431115061
34.8639119416475
25.8351481053978
30.4808047168283
18.6268980614841
6.06403050104586
15.1913460384321
14.0544270165265
4.56431712955236
27.9334031511098
19.9631535364655
40.0045500602573
30.4180360864848
6.02487279356701
35.7090442441404
39.7757262457162
26.7250827979296
32.1281053227942
29.0631136391312
38.7775063980371
28.2934553287627
45.1912848309584
26.1339457838233
20.8181396592408
13.6822514235973
11.0444074030966
40.9195547923446
16.6547796514696
39.5364769268781
31.3411512291328
13.5128814754554
36.7208564653993
23.7906855996698
33.152417326346
23.5186795238405
20.8582168680459
44.6957051288337
7.79628143645823
38.797000541892
39.7515390068293
12.5422262290208
29.5504032786566
21.3808439610947
45.3381678089499
35.4113154113293
41.3527420636703
20.485075211727
8.69908784516156
23.4964995644987
44.154238095507
12.6682450994849
35.0227316375822
27.5795999914408
24.883408711449
18.372761271894
40.3380351141095
25.3323409706354
26.5761962088688
25.2801367547363
27.8779204934835
17.9394714534283
37.5846868171656
20.1884861569852
24.5698158554657
14.8656061384827
30.0361135043204
46.0455198772252
20.2394325751811
35.0520856678486
11.4340991932576
21.9830632675439
47.5764328613877
33.7272812146693
4.89007016872903
31.144254825922
22.1333493478596
34.2027536127716
31.3761685974896
17.4066551495343
26.2539797462523
11.9221802335232
34.7563990857452
25.1609439495951
4.96479274613314
22.5294533921155
7.14259361848235
24.6579130314626
2.38328878900311
17.4447045195848
45.575308194384
48.7487893085927
40.310579771176
48.0785582680255
31.5303077921271
30.5495383440206
13.7004137039185
49.7469567248155
21.4381041470915
47.6745437471285
7.75074193214274
36.9348573717529
40.7836214173585
33.0844468902797
30.3239464457581
35.1825064513832
37.1552891097963
11.3688431680202
10.0756851024926
22.9569167045803
38.9281070290801
11.0672617222372
31.43803444691
37.2586633078754
39.2972599682224
21.1594384629279
32.7070362782185
15.6686107162386
23.619846906513
11.9742697570473
22.72493016422
17.2311400994658
31.6483182366937
18.3959699124444
37.3706532321144
32.3894721921533
21.4601541869342
55.7876332491896
49.5348028838634
30.574041698128
10.0228426046669
18.4712890069932
23.5218018293381
4.74339037752782
45.5635718198058
35.0498423491922
47.3144932184368
36.7156272251408
11.9416047659936
25.5980762653053
34.900364279747
42.4224829941012
16.43405710347
19.4828004320127
24.4848896283656
32.7488024253398
40.52256308496
33.6689678486437
36.1068296246231
28.6471158266068
26.7832023091614
18.8513527158648
24.5299131609499
32.8704632353038
22.3372709006071
35.5894233565778
32.5472790747881
15.7033305615187
42.7347966004163
12.9864263813943
30.8999291621149
34.7808471880853
9.40003008581698
37.8040436655283
32.0984528577463
12.6968686877649
38.9473141171038
24.7285065241158
36.4253231324255
18.0346902976085
25.8880858309567
27.0448208786547
6.75633447244763
41.4804140105844
18.4298333246261
27.0573045127094
16.6592654306442
14.282782189548
14.0438072899154
27.7018796586358
30.4867091123015
21.7763755004853
25.9603537619114
22.5359734310608
12.6041345396914
29.7537701204419
26.273104455322
31.8512788547928
23.9033950027078
25.6451803725213
40.0981626007706
33.7946822866797
39.7120104288559
35.7244311197305
16.6807743695532
24.7211445122957
28.366958893878
36.2541575916111
57.9508509021252
39.7130278404802
24.1248127538711
34.072754625231
17.8699415642768
36.4332983270288
38.8521429151297
33.6850490886718
33.6433127056807
2.46684094890952
28.1806197483093
41.7451088316739
54.2608785443008
26.5749670565128
26.0979392006782
20.3662738669664
44.0563405254351
47.7416150271893
52.0086526934057
52.8040874749422
9.94762992486358
29.4969474431127
34.0521875960344
19.4585730186887
21.2784075178206
32.9846817534417
36.2364661414176
17.7149126657572
8.92776171676815
31.1539533279733
6.93955696187913
28.8805441318425
46.2284871842712
30.0577480811626
30.3502806713684
40.7768079079688
10.4625614825636
13.3379843272209
25.0492128543556
22.4156070034951
21.1825348436832
40.3396270703524
27.4089294485748
15.1644309982657
32.2182103991508
38.6029532644898
34.9980857688934
2.84463449106469
37.3760022222996
28.7162751007445
26.2063516303897
30.0455750431865
20.3436135780066
29.3758425861597
18.5011468330386
26.3693328381551
20.0299230165108
18.6999498866498
38.0627237726003
16.3090996444225
19.2737510408108
34.1356904542493
5.71085034444527
39.7352389925415
47.615924142275
28.4439796581864
20.2755078207701
20.2377218122024
9.89904033722797
28.9914676171589
45.8149487152696
43.3390859514475
24.0521803032607
39.5423682872206
37.0108964387327
35.9555014874786
1.57515161729882
29.7034846618772
35.0822804961354
51.7934718634933
34.1845530550927
10.3130819741637
32.5569704493614
20.9532466717064
17.9796562064439
21.9959108158946
30.5752770975232
38.1949073635042
22.0881932880729
38.9485523104668
30.0385740131403
24.0484444890171
20.2398166526109
20.7050752826035
26.7253157682717
39.9813569184152
39.8187393788248
16.8294097867257
39.2190239874068
12.7541626803577
21.2557879928407
40.6839547213167
42.3854486551136
21.8917596153915
28.4929462201851
39.3347601871938
29.8817235976458
38.8283115345985
34.0695814229548
29.4855425419774
39.587832432198
17.8931535687298
46.0177746135741
21.8719059601426
39.802040539966
18.5301149088825
31.9848039187491
14.6506796486156
36.8003530427814
25.1835509203374
41.0537112504244
41.169422538951
26.2587602864874
26.8365546816814
18.9217587001622
40.7697246409953
36.0729077830911
22.477723704651
60.4825732298195
37.7544322516769
30.4093922488391
0.120961666107178
15.3523429762572
29.5223920598387
31.090980861336
45.9676739759743
41.9699869118631
11.3368031103164
20.1834563165903
42.7525845356286
36.0492426684283
46.1982037406415
47.4855497013777
19.4755147211254
40.1206734124571
60.0760982371867
43.783195996145
31.0503330547363
19.2460990024613
40.198229684986
27.0348084624857
44.5805468596518
6.31012078374624
37.3305922154526
44.8811806738377
27.5299944071154
16.1487205885351
24.0262778941542
29.0516660083085
14.9989242369397
29.5716927907033
36.2683367915452
18.7532456591725
34.0300781306242
30.2505505736917
3.20633123628795
41.3174924449703
12.6244788989425
37.1530916705044
28.2873610034585
29.5904436614364
43.749386863783
16.4714741054922
31.5421375911683
21.8537031672895
10.5218983720988
47.3066643346101
28.3493076916784
27.0668335724622
38.1275069899857
33.2258137874305
11.8136356119066
26.2038884819327
41.2446372676641
21.8629634504075
39.9048796854913
20.4090768937021
35.3788981679827
38.9996022111721
57.3876082897186
0.24337824434042
20.3185737598687
16.5620333049446
16.2642784882337
2.12844605557621
24.2377906473449
15.4978061560541
28.3100159838796
17.398360185954
7.29133766144514
36.7565466556698
14.8358477279544
5.77488141134381
14.303010283038
6.94949780590832
39.9657804984599
20.9090521559119
30.6757162832191
35.6530455872416
31.9539600517601
7.34094670042396
15.5584347711668
29.2771163862199
34.4413802493364
14.2812076024711
28.4706420104043
37.5879167113453
5.13143231022345
4.26446003839374
9.54895662143826
13.9686877354642
12.0770393326377
29.3468849267811
10.8300550741128
30.21049270382
34.277978213504
41.2498687393963
9.93380234576762
19.285305403173
33.1272772978991
14.8700523958125
18.5185686350597
37.8105758107391
17.5425284412983
16.7516310233623
34.8036327864975
14.2647566273808
23.0037668254226
40.7914611510932
23.4986911527812
26.76228932105
34.4035203102976
14.0956161078066
36.3123620828742
19.5605616639139
12.2220635879785
29.0010866850681
4.67664422467351
38.5456077177396
28.768568020314
36.7278267163783
24.9927598051727
28.0218315310776
40.4413010925055
4.87206801772118
18.9298403741124
37.7130046952516
41.9770739972591
29.8611902166158
45.583953987807
5.45643521472812
18.4507975456772
29.3586181476712
32.7471060678363
36.6890929455638
58.3384884055704
23.8214229699224
20.2429990749806
42.7590757608414
25.9406130880104
24.8419473413378
12.1218515341804
29.7868851588239
22.4956250990738
26.5864031733498
43.1237253826112
43.1918159127235
12.6560507342219
25.4441320896149
35.1129292611211
6.1976604629308
23.3777506742626
26.3365865246308
40.9551570435491
29.8809807099694
5.9259435247891
26.0127740912139
24.4313935749233
27.8759756591171
31.3035524450243
13.3133524162667
9.98466480523348
49.9677365645766
27.8111374936998
14.4023482687771
30.3489459678531
15.9900355340574
21.6864384509731
22.1255865879357
43.4082940220833
27.5184732396156
31.1141445301473
54.8382401932031
22.2326064947993
21.9895213081631
24.6263507753611
12.3091245535761
28.5480614751577
18.6106570996344
4.62402510219612
19.9013526551425
32.7371097635478
18.9221279229969
39.2770074307919
34.1387609179082
37.7012979704887
23.6191794276237
35.1618652231991
29.9460673239082
25.5477719008923
25.0275149784676
39.6865790121323
41.1817154174375
34.6960934344679
3.6077035125345
15.2412916533649
53.6468587815762
38.1763564888388
12.9075418226421
22.2103137671593
52.5826792232692
30.1223011687398
20.3006966039538
47.9525905830602
49.5111811440438
50.8375807665288
21.0647989530116
44.8100361041725
23.8141954645091
33.7091429906523
26.5419875292508
31.4506566617638
31.3797234557569
29.8915953675217
4.60551839957263
14.8280823937058
44.1094679258899
42.6602207124233
26.6859931560195
12.1527781570805
20.3486989744705
37.2759799938649
21.5667911339551
14.9601128474726
48.9137304015458
26.2308062628339
41.4099579211324
20.3563394956291
16.6221740655601
28.5757786652153
30.2788854110986
30.9692171867937
20.6422129870447
19.2839761450675
23.3494022206235
5.18868085928261
27.3419958543466
25.6294450722635
20.7871963541753
40.3667594306171
31.3004112802446
8.70444276370108
36.8029334116727
35.2401517797261
51.7265053465962
23.8754732534289
50.2265736460686
24.7603415339697
34.843202175184
28.5088720265776
23.0254149181541
31.2472866848111
16.9622084591538
31.7715225380667
10.5206471644269
46.6169247403741
28.1781224068254
29.7252487391233
30.1332314498723
21.7410791199654
24.7068082156886
11.0348601128657
15.1061819221352
27.1484021329723
37.2245830949396
22.1907986931292
12.1246902476809
41.7195706162602
5.68070410308495
28.7970567666744
49.2609782144427
26.1190142469969
29.5199065934867
21.4841662440449
30.0578443799168
37.8925660159439
36.8340220302343
22.4647692404687
20.2632518019527
43.9293113071471
29.6147986315191
28.0427567195147
29.8587786965072
27.3563534021378
31.3942872475949
13.5843555442989
18.5041125863791
26.4185499227056
28.4396784380078
32.3035333660992
7.54307807120564
4.63251521115114
19.3527211499661
48.9009263459593
34.6264389573649
33.7414112629897
24.8654740396887
47.9132063221186
13.2977903820574
31.373315326869
40.6319578643888
40.7558259088546
51.5047125983983
27.9216981492937
12.2443402884406
42.9619454778731
28.7616638050143
35.6558754527747
22.1492463257164
36.9588511064649
23.4534488525242
31.2244756147265
43.6610363889486
32.4226535391062
50.0423225574195
11.1811760347337
11.9470616336912
50.3477403894067
10.286160901658
37.4196754768491
17.6669263585279
26.1200621258467
19.3206581752747
37.0299638714641
25.6942012622666
16.1569827803741
8.53475764036923
38.1754518952221
32.7961996824687
30.9191060252488
61.0509078018367
41.4473323151469
17.1318658856181
39.8766868282109
12.4515622854233
41.055252077058
43.6724725163797
26.2884687040282
22.213040990755
28.18085658364
14.3227826273698
44.691397389397
24.8423388553615
56.3702312298119
1.44087513908744
17.2170420642942
49.762428549372
18.5207224267827
13.9017992652953
25.6280040834099
31.0351710592205
48.9858771208674
37.4999483115971
50.5506103858352
27.761564264074
41.2690351251513
9.48267755071862
33.2081138503903
19.3614100863551
23.3925220556557
26.6868979204446
41.0233906004578
29.6468907141497
39.3474377691746
31.7045318894088
30.3153277122374
22.8616881436943
18.5595067217946
36.0264733899385
16.7526733595878
17.0697431080043
43.1134041149758
20.5125106032938
28.9085484917595
3.45705132931471
48.5037715550298
35.7129490468651
33.7402377743274
49.5025950949639
35.5993820354342
20.5285913776606
34.2668236233294
21.4636667631567
24.422192433849
8.36174539290369
37.1852684854499
34.529220120954
47.8488650172949
24.6581300309494
22.2472308669239
16.2952841255274
8.62249897658602
0.396423600614071
42.7138570230454
39.0226877385309
2.72623202763498
33.0094455590602
31.4420739654452
34.660702362943
16.9038620777428
26.8800476100296
49.0687841381957
45.8009283524007
14.4134327303618
8.28087104894809
15.8784599851337
14.7481770720333
33.5999057162553
19.9080843478441
34.1408592648804
21.7907110694796
31.7457175936678
2.82749504982157
32.6863917987794
35.1394274272025
36.0134353395551
15.1623159646988
15.9030402079225
22.1069269347936
28.119105566293
44.7524348739535
18.0211958699818
32.0686941966414
35.5641311974218
27.4285498540848
35.198030481115
17.9897846536272
38.9410098083317
37.8067754674703
45.6437898334116
17.5919997040182
33.7614522781223
8.85431496426463
29.7125175595284
30.4666846059263
28.5546440352208
9.81385638006032
25.5522046479263
39.5049571059644
31.7263900768012
36.8727172140923
56.9079174194485
2.598200281096
41.3111901376396
43.5309685766697
46.7521741520613
50.4633981268853
26.5779057697519
21.5800869744271
31.1794804626767
34.7948101276529
51.1331561952829
12.8732116116223
6.42437359347973
28.5105044022202
23.685678720787
41.0111586097628
45.0857016723603
25.472515495494
30.204344028607
2.29124388784924
30.7797878233396
2.171283179224
51.4158588834107
40.7197521533817
35.8088753186166
41.5268826764077
34.1220417991281
19.9042127933353
31.9705000147223
32.3727056849748
33.4557681216561
25.4603075278449
44.1620036372042
20.436525112018
3.33244052568206
16.6305681224912
47.474553482607
26.5364945400506
30.125818522851
15.8689153806806
22.5694545544684
21.6830206364326
19.4956659871865
23.7451530992985
31.8522732179029
31.7143132846299
25.8494991091677
44.9656923767179
32.9138473141938
30.2424477413297
23.522070562467
29.8116884659976
20.184443047908
8.07441943325102
21.2247812654823
60.3753076866269
18.4336243662983
34.8758524479566
26.0638308245689
33.1031639128923
30.4206320631415
27.3649083916098
12.536712318218
38.6845646426082
25.5411203735315
21.4664656668901
48.8996056839824
17.8921388708068
21.756865689531
5.28956114024018
17.3083063680679
32.4977804906666
28.7553466765663
28.8571384309884
11.9121205618894
31.5493252594024
32.5357858557254
34.8893232643604
35.282491100952
23.9044278394431
32.6469118241221
31.206547573955
36.4741879734614
27.2505973198777
36.3098120564791
18.3797092176974
29.9541951622814
43.7950315419585
24.1334209144892
25.5294742179726
14.7683022078127
38.3569509686992
37.5919312704355
5.16463331878185
26.417895546183
10.3721662903963
22.2085664048791
40.4900143669038
24.5995133183897
10.0158902816474
28.4385593608022
45.4794818535447
13.7648686032
38.1074100267142
16.4566789288074
34.4552830733
27.4083352647722
28.6485040094703
52.7228828053921
43.5873715672642
27.7086331509054
27.5782518265252
30.7855468147765
29.3711761943996
21.0241908673197
35.4985688347369
24.3760004866905
22.7966565173119
18.9606937439506
27.9877466149628
38.6878106743097
22.5684554781765
26.3112469042096
14.35706615448
4.80674483500877
11.9298211764544
26.02104912512
39.7640493698418
10.0419504102319
25.143580744043
25.1750618685037
31.1421682592481
37.9211791064216
20.9627783391625
14.8122580256313
0.512259646424587
27.5653488468379
8.65342012850392
38.3383591659367
28.538458562196
27.3185915779322
18.1085894349962
22.5635872688144
34.9625097122043
47.1728662028909
27.3549408920783
33.6149577051401
44.6037005633116
25.2343393862247
9.27459536137925
12.4321513809264
38.4286808315665
13.8359640724957
21.3158225174993
24.3027244694531
2.71606724709272
14.9611166212708
50.9591694455594
27.7532494213466
13.3426404396657
20.2577848453075
25.0756073646517
28.5755084083801
36.2303072120994
3.35812996618926
8.14278880129832
9.43837779783744
38.357022870332
10.3214410599321
24.2413309402764
34.6119985662608
40.2637482951651
30.7092531584203
35.8132481109351
27.3844625335187
25.8675987965408
19.7665869258344
11.9270782452077
47.2260685709266
17.1777142677456
17.8822402502343
28.3011534716934
45.4372670967132
14.0126809012145
21.304615214467
40.0755858980119
35.6326909958567
20.8017846569419
32.4786613229662
47.2892516758293
34.9349739030004
20.5065562389791
23.0285397730768
28.7392961705732
16.2914352025837
33.2852703053504
31.2257957179099
40.2857030883247
29.5487303752452
5.95525507815182
36.6287766490132
43.9303947398598
36.5530736744404
29.5492161723611
38.8421318959445
32.7565992127617
21.313170902431
39.4488911112416
18.5568292305743
20.7046014256775
31.2484471593052
30.0662703346461
50.7821324281394
15.772268269974
29.9809797413519
32.2613634229957
15.7270932245028
15.5541090640836
18.2701910321712
22.6770434528589
19.7184975724667
20.1526509124037
30.8130036573857
25.9861504125593
56.8222885020077
48.2542898040265
15.0452604217144
31.4759188331664
25.5671684780722
28.3612680155784
12.782131228596
23.2195627409965
42.1703501138836
21.0593074560165
25.3496520221233
7.89049938321114
24.8910021280432
39.5349352154881
34.0498699340969
25.173597689718
51.0482397396117
33.6335999111726
27.3463026154786
39.0833674464375
44.0133274532855
14.3700070317454
38.9527728633514
30.5195133680287
47.5573393050581
16.8345567770302
40.3162131085992
32.931092241779
20.0636603869498
18.5160549357533
9.4467189314643
37.0704542379826
28.1943798065186
13.9660887420177
29.7752048354596
9.58377881906927
26.6511108032217
31.2112289480865
13.7837657704949
31.1103810090572
23.9719711337517
32.4443596098622
27.1718121133745
37.628939122591
41.8639013543725
32.4437416955122
3.90006960369647
2.27370499633253
12.0823538995716
30.708545492962
18.8648214563727
11.5644238889217
29.123234283179
16.8307952847132
28.9990207180381
7.44031633908359
21.8948153313249
27.9047647956759
73.4034127189404
33.8388774544001
21.0187789052725
29.5632353052497
30.5278301239014
26.3661096803844
33.5368757064195
30.5409800261259
31.5770104993135
36.9640842783099
31.4829916219178
32.5946654841133
58.1763947848231
24.0771831478924
34.8861135076731
41.9467894360423
38.8748074416071
10.5480210703091
30.4526259191334
34.4034305085182
39.9993238658821
42.0247814618051
29.246916109696
50.6100104372472
45.8818199113011
25.8332822950003
31.6419473383576
27.0564729616503
23.1253745499998
33.8462249523292
22.9010897698288
17.0762702975603
24.3220283184201
17.749595688656
28.2852809713292
32.4440951924771
18.0315505832581
44.7046323679388
29.8404805827886
25.064339954406
28.2272845041007
29.00415873155
27.9597315471619
35.5148865965746
30.1974690519273
21.1889914161021
34.3407318910747
5.58103350922465
52.7130203787237
26.1622226761167
38.8786236289889
31.4271572149989
41.4698757696897
18.5717631559121
53.0618377961218
24.1271508300323
28.6245432216674
36.0253212042153
29.3907807674259
20.5481351237942
34.1282514389604
7.53727876581252
30.4844248108566
29.7754874084487
31.5647393930703
43.9854315947741
13.6462773196399
54.3259229045361
15.5631558038294
34.4911586027592
43.0009563919157
33.1120180897415
33.165995310992
47.5411279083442
35.0353842217771
9.726517062674
48.4401144344241
29.2539803981295
39.2614813910828
15.8136051067628
20.9127342852936
12.0953498384174
42.6143147364507
13.7667475708667
47.8697079699486
17.332563130185
34.1371287899819
20.560213373973
15.4451864734846
32.7869594562799
5.83914709277451
13.6532286128847
33.3320829086006
8.0078373917742
25.3066930454224
30.2818389143795
12.6489993184805
27.5259509682655
26.3406556099653
34.5773866400123
22.3222735597823
31.4256209880114
48.161525196607
16.7793292552233
19.3403999333085
10.7376683737524
28.1859172355586
39.6136829681147
24.5847479440272
32.0730074774474
7.96738327480853
29.3070858810097
22.1140158362687
25.1273716334254
40.7817254407106
24.718169864037
17.0860992744565
27.8791377786547
2.52780565060675
34.6821047365665
22.7838146517581
40.1272984013819
13.7600116431713
12.1994838187443
9.22923386096954
29.0938582271338
29.869947013917
14.6211298648268
14.5716272972036
9.98077336698771
25.3399546258152
35.3024953976274
26.8587949220091
15.1249642880216
18.8249291915481
22.3015941679478
38.2370035421338
19.4266807755081
20.1812689192593
6.61067473702133
27.7162992470969
15.4491319876547
26.6935433261096
9.94655983522534
23.9707590546459
34.747454803437
47.2958849277347
34.3057825147109
25.5387000273913
42.2834965866059
23.0517566669732
38.5145289823413
43.1483563640087
30.2557405827497
33.0408793408424
34.4334647525102
30.1437005400658
13.7109641780322
37.5326972454786
41.0515485797077
15.2782019693404
30.9331780299544
38.5132119990885
45.2640573494136
7.54161664115019
21.7936232686043
30.1108779645526
42.0828792266548
12.0022744882653
21.3966160279873
42.3473022412509
26.7448187805712
35.9034717548639
24.9796933332763
26.5685468912125
17.5038586836308
29.1454264894128
25.7010666347697
9.08264392055571
31.3820338614329
28.1717184714302
35.6040217582916
39.7437975741923
22.2087043337524
33.6165069490699
30.3978409618139
27.6788045083906
9.89304667454778
33.0706599168479
22.0991554492137
43.1956278625876
25.1023303717375
62.5805964693427
16.8989135883749
13.3027789182961
20.5029597505927
20.3639837913215
40.7956381160466
28.5267890430987
42.8890428040177
44.7914964519441
19.0706080757082
29.5922248057315
23.7394758500159
26.9134165719151
