"x"
32.8730248846114
32.9831195063889
48.9278459921479
46.6963848099113
19.0692550399258
18.9621514944074
21.1025132797658
41.3345219101757
68.5680961236358
59.2307792510837
41.4609707891941
19.0415706951171
9.8474957048893
49.3417129851878
12.7349801827222
24.1736548487097
25.466737896204
45.3618358820677
38.0566078703851
39.3759072087377
25.6176318507642
30.7125206571072
36.5613774989946
32.2577682323754
46.7447763308883
36.5791619351424
25.5338437855244
63.6599381454289
37.4685625545681
34.6806285437196
34.2794485957339
31.3931577373296
29.8167343717068
55.8807298075408
54.849317856133
39.6358263213187
35.1421268191189
18.6796542257071
23.6636720597744
55.0487905740738
35.0278108493123
42.6856570053985
0.00481565854968513
29.9528365489095
41.8014700058848
21.9748748466372
34.3091759365052
48.0041582603008
29.8119890589935
53.741456521675
52.1785607561469
33.5102860350162
8.17712522111833
44.1158808767796
51.0014754295252
23.6062786634443
26.420743221698
39.6345699205995
55.2825175691396
32.9835240263492
53.0826061032712
42.6922882441431
27.5246022734791
40.4327401425689
54.1810246184468
14.5773535595791
40.2049802709371
12.5538730785391
36.9449796620756
44.5709491614252
51.7359658610076
29.2998047636476
0.266890018572929
52.9180149082094
48.1817728374153
47.3360596007657
41.4917116519064
55.146551085636
38.7876107226596
41.0568184684962
29.7369678208351
38.757059709313
31.4829270355403
33.2334638107568
38.765685915001
29.5335986970261
32.9718948355838
52.0253588445485
44.5279512554407
35.1172829512507
58.989902259782
35.4069311637431
43.9404422882944
47.4059196654707
62.771999463439
33.2380250096321
37.3930348264362
34.4728378088904
37.108098436147
47.3324224352837
11.9786225724965
23.3927403878717
58.0540129449219
35.7627673540264
31.6531198099256
37.5594490473885
38.0152381025255
30.9408804867417
37.8161158878356
13.0913794972003
55.8599036652595
47.3101567011327
34.8781617823988
49.252836644221
48.5789095982909
45.3541405964643
41.3211096543819
43.6709980946034
49.8063515871763
38.8509192038327
31.1239728238434
17.7127894479781
38.4256538003683
28.6334979347885
48.8059828989208
39.7128252778202
39.0858913771808
13.7471532079419
66.4803816317538
43.9164286945015
58.8071166537702
55.5041743908077
54.8707870300859
43.067509168759
40.4593371320516
24.6568385977298
39.1857607871086
31.1229601011106
37.8408960998058
25.7301193575204
21.9057749491185
14.4809843972325
28.8292944896966
51.4849868603051
42.4063553102314
63.3819764479995
43.3521194849163
54.7176355030388
38.1464577279985
48.4501170460135
43.9644107129425
39.1094973310828
44.4046901073307
26.5133732464164
45.7554669061227
21.4034158736467
45.0684587936848
51.5324943698943
71.9001768114877
35.3610679972917
39.8180878255516
19.5555810816586
29.9454519059509
36.7007559659497
60.7016628176714
30.1829697098583
46.6736762784421
44.8861259967089
30.470299674198
55.5029264651239
30.3202089853585
40.5967362225056
25.194701172754
35.1937560830265
73.2702090362919
35.018152743578
25.8440624860744
58.851542789489
23.4498163204129
41.0700846463442
48.9966671448201
47.1590701024979
37.4628042445003
52.5248217862099
52.7890020981431
37.4017947819084
35.3390275966376
44.7146481856617
44.8391646146774
42.2525757458061
36.0632771160454
45.3764831446263
49.1998363286257
36.3920651841909
30.4906977857257
45.2754376456141
16.785108791173
35.1679652596948
51.8910073209554
32.4991278350353
41.5935382712632
52.5605713482946
44.9934982229024
53.7758444435894
44.7706597857177
36.6348470095545
25.3196512814611
48.9609969619871
34.3850195407867
58.7552106473595
62.1336529962718
52.5015963241458
33.2765399012715
40.808336250484
39.2001818399876
27.5932281743735
36.6245065350085
34.1002710898553
40.8001604072996
45.1509589800278
34.9662397060727
41.7582678028514
21.8951204791665
17.7588407146238
41.7934275232255
33.8646073071135
29.0055531542748
50.2754692453891
40.8915386535227
44.9390644673258
35.4073273456785
29.4134390540421
36.8387889582664
54.0269813966006
18.0640442762524
35.8733891311869
20.9155612821774
25.7468276079047
47.6142497267574
35.7913116924465
50.4232943058014
38.54669939655
39.109124802053
46.3912355247885
29.7966232057661
37.1860045008361
26.234991569072
41.0206670518595
45.9438051097095
56.3493522349745
24.8759115292696
24.8636304815636
32.3485179338604
33.5082432255149
42.166494531557
31.8618153221905
25.059197563678
53.8832281250507
57.5085973367095
41.7609649244696
51.884010324947
39.7119546774775
40.5228586867452
60.8944668900222
16.7138211997696
21.9508434645832
44.1651954781264
67.1758953481913
56.0233228839934
66.7803188785911
40.6286999583244
37.8331382758915
41.5034944120253
31.4471217337996
40.2588210068643
58.7259259540588
56.6643970552832
20.4187258612365
41.1199301481247
9.56575659341049
56.6771479323506
33.0964269582182
29.8886457334893
51.5233369544148
21.8616800848395
38.1579650100321
25.5144612397999
19.8653709145369
42.7110543940216
27.459909953177
47.2291575279087
20.4009257286098
42.721265917537
44.1073766712048
51.8692034762353
21.2381154764444
43.8035268336535
46.607323596254
24.9791571286096
63.8095535803586
49.4796028360724
39.8161055054516
54.3133290018886
48.2197623234242
35.328131634742
49.8662676196545
40.7946460880339
51.4837228227407
50.8404682819071
23.9427979104221
60.9751458279788
14.0851461328566
21.1343485862017
43.3903127908707
36.7165944073349
10.9026484657079
51.1361851475192
9.69089431976349
39.2888663336635
54.9338390585035
48.7672024926865
42.2871660906821
32.0922308601439
20.5899027176201
53.7405542563647
23.6423490103334
15.3603972405046
35.7223118655384
44.7892583440989
35.6494355946779
48.9822235889733
47.7138554677367
31.8502664164614
45.3007070813328
47.1416612621397
63.017710018903
37.0242516044527
33.1194913480431
27.9700417537242
52.4542157538235
30.6724858935922
50.6401967668661
22.3064200091466
26.7018299547983
47.2710064275344
44.2854969296604
21.4362983591855
39.4801994785666
63.9221322257072
33.6302060947161
24.4520173306305
58.1055064083591
20.5907977651805
35.6404241403666
42.6888578571379
63.3966643363237
48.802188411355
43.9543980639428
34.409650741145
55.1413543056697
53.8842526264489
46.6665188360634
55.5101102218032
33.1072596996559
16.833118515497
36.7769865784794
27.0843163552665
55.3612040821463
43.3362693991512
63.0682974122465
38.4341252502054
56.7768273409456
32.2459409479052
43.7563986517489
26.3133022934198
49.0191970020533
21.7645211635955
34.1034140642009
59.3553966842592
56.2549024820328
31.9871423206159
28.5443068947643
32.785876467824
37.7829742617905
43.2054041508483
35.618855105713
45.7812488079071
33.7297636084259
48.0325034353882
50.8967070374638
39.0230292920023
55.9401530306786
32.3867297265679
32.8548686113209
57.1988564915955
46.3313537184149
40.3503017500043
25.24897553958
33.9408883824944
22.5144899450243
38.3257059380412
22.452278797976
44.8737045284361
23.8641642499715
46.4724177494645
25.3055372275412
28.2864600885659
52.9312418756971
37.8568140789866
23.5898025333881
15.9883530053132
24.560736073181
49.2803780827671
36.394072944286
40.3774728532881
24.9805921688676
44.25233528018
35.0351141300052
43.2789438404143
15.1026388630271
5.37696587853134
25.8531342726201
36.6605130512352
50.0444677192718
42.9669568315148
41.3500858005136
40.6513521781009
11.7864018771797
15.357204573229
48.6816903799644
61.1048914957792
30.4332623258233
38.88531900011
20.5894299317151
41.9296209327685
61.9130617473274
12.8812385257334
40.933101755387
12.2377636030429
23.7679765094072
58.6128965485841
45.2084772288799
39.3374519495455
26.6621539564882
29.4874064200622
38.2534733042121
30.0070068798959
42.8758863793824
17.5775122251369
34.9224288482219
35.2603569161147
28.8976728247844
37.4904282856733
11.9267575694407
42.6902456585353
44.6857660077512
45.8136477507651
17.2275469172746
52.7997568094549
48.1378080209578
62.0016116648912
49.8463599942625
30.1074786577374
52.0395012216667
37.7250585239381
30.4545855149627
20.4677750139847
50.6171056069434
49.7048306278884
37.5315057113767
56.9423465058208
56.0904106590897
33.6049708425591
22.5966544821858
69.8832324664009
47.5264521781355
20.9166479296982
33.6097744455817
31.0214229859412
30.0817013252527
29.0964317020225
41.4421325549483
35.8261881861836
30.0915166735649
31.6779570188373
54.5135556720197
21.4630481787026
31.0706955380738
26.7042684796721
45.7656838465482
30.5934118106961
41.6584350150889
49.3832882959396
28.1277123838663
23.4733467402938
31.3582854345441
31.5857565496117
35.9185729175806
22.9729459560498
46.3523670565337
