"x"
13.3520154990274
22.2346962343735
13.3435797136974
12.6734023913741
14.6421641679481
13.2800161549821
13.0573619864881
16.1413332642987
15.311645461712
12.3076432985254
15.2843013256788
15.1758660233796
16.7074466315098
10.4380767946132
15.59602580918
19.4693830530829
15.2303811041638
10.938187552616
16.010775168892
18.9854039123822
19.8735406406791
17.0814577792771
17.2243490908295
16.8077573804185
17.0032744752243
17.2831902522594
10.4747154228954
18.7618199296129
11.8364058500156
9.3903662734665
8.67724086670205
22.5947727512226
16.8211632370949
12.298375822138
17.3907004692592
9.62931080069393
14.4981566509232
18.3700388004072
16.2204116173089
15.6653834397973
19.5041587667373
14.9911323515698
14.396554317791
9.33195421099663
11.8810213543475
13.1661959239282
18.3986652796157
19.063065932783
11.8664421673395
16.2032422777265
24.217455025567
22.22809253495
18.9626426837038
8.56545893428847
18.0791526921093
24.533995948529
17.1322473981838
14.8995963614434
16.0904113040306
16.4265673463233
9.26189956561726
18.8715341245226
17.9184927307069
21.7277256136594
21.0440620265734
14.0778352031484
8.27335954086469
16.9435822824016
10.5096799316816
18.8285941349176
17.0054125394672
15.2801159983501
8.75426393514499
10.7537722050374
18.0440424671397
12.3247215226293
12.8891177773476
14.0573322591372
15.5106016220525
15.1673020608723
17.8952233185992
14.5041325665079
18.9190126666706
15.6788584040478
13.6182027605824
15.1645289794542
21.3265270253477
22.3753859302065
14.9065908417106
16.829797255341
8.42017221730202
16.3449192652479
11.1743551134132
13.4889604300261
16.7771103428677
13.8476139237173
8.30627063987777
13.6689636153169
10.7874628747813
18.8553707951513
