"x"
38.4723420557566
10.4357693528567
28.4794376729988
59.2404304680207
34.5768353487365
16.2333086379804
28.554855979979
32.7889426447741
30.7456081420251
17.7455578800561
35.1829126663506
19.0091217209869
38.3654455323704
18.2738970275496
25.2870020242408
3.7072521080263
28.3567842464401
6.90314202290028
39.2246709186584
47.7775421873666
43.5926898185454
38.2040656367317
18.8888708408922
19.4195124053273
45.318665927276
13.3933296245523
31.555439925759
38.169102086509
43.1331984511745
3.33879774715751
37.1259068800136
30.1882797585749
34.5801234645769
34.7738822204992
49.1474608657882
18.2543861461639
12.1116913837156
42.4624087885022
26.2045488730073
44.0438916105777
41.1698036994785
52.8252342562191
18.1027245316654
1.6127983965357
40.3837267169729
36.5389340152033
17.6531011029147
22.060629021842
37.1212990670465
27.6644806796685
28.1295967823826
10.6859527802538
40.063572825864
28.7177619310096
50.1785672223195
28.5867232633755
8.44459119066596
30.5640128930099
33.5875198412687
32.7399728768505
24.6603595099179
32.9906180199681
36.9213454555426
26.7643909254111
32.5176788954996
20.4195376667194
23.6527980412357
41.2803325206041
21.8591117835604
2.18346209311858
9.13923592166975
32.7744472620687
28.0265195114523
30.7055026958697
47.5489603704773
16.3864327319898
28.0454001962207
16.0202764878049
42.3546171295554
21.3439654754475
21.3405698239803
9.78478567907587
24.4964878298342
42.0110651630409
33.4567104647867
41.7956767003052
29.3603100450709
10.1409600824118
32.8671501819044
31.8914749519899
39.5690555172041
21.2975738667883
40.6920902375132
19.5414981096983
9.93227201700211
29.6506397919729
28.7488686949946
27.7847979208454
27.8190435105935
20.3001701417342
