"x"
29.3714534668252
56.3304238629959
39.9286846615537
54.4497304237448
33.3966923458502
27.9812007895977
35.1439166497439
14.4498940506019
45.9420026186854
40.4727876400575
37.4880079259165
22.1190482131205
49.9313569986261
36.0697948881425
36.4941762615927
46.9460774263715
26.5023297310746
35.0434726562255
19.6192365106783
36.7097631278448
30.8101994379976
48.5775403752923
32.0941986304168
18.009630815126
48.1521611195058
53.5986285223626
26.7500802282017
36.7242974108085
24.8374697327281
43.9329841705039
27.2128496803343
40.1616863552481
35.7372062425129
29.6953698978759
43.1566798416898
41.0509071280248
40.0874753817916
52.0973027036525
45.9802352115512
46.0969885387458
35.9420286077075
30.9316388477136
40.0309333817774
25.9714852231555
48.7413670741953
33.5328120058402
38.0975666670129
51.7947194776498
45.17764602229
50.8942698128521
27.5875186474273
46.4969508382492
17.9257774440667
52.0875944732688
31.1221612728392
30.334770085791
20.7621309894092
51.1413483233191
40.6459907214157
26.4839358986355
27.244813371079
43.3625334324315
22.7228029724211
42.5985227152705
43.3318876270205
36.0360022229142
49.2845906289294
35.8941102270037
22.5643255968063
32.8080104906112
58.7447770381633
28.1842274079099
20.3065316124118
33.314885791127
31.6967754950747
28.4254195215181
40.9982758127153
43.4427946144715
47.5360733326524
58.1323917410105
42.4463773425668
35.3953407537192
45.7049193014391
53.311711890623
21.0639467770234
34.6830222468455
51.562522072345
24.1144498824142
33.2918282118626
47.7133467751555
46.9848664174788
47.0430953563191
47.9734691949561
13.2273860089481
40.836362123955
31.8906243267019
29.934760610573
40.8393512070179
39.2664361568168
42.61361406371
