"x"
50.7120376238599
62.6535487532549
51.5642613507807
39.0792814311571
50.9254800011404
29.9725498594344
41.2758906693198
48.1419572841863
51.8325935932808
57.2421277379856
29.3712640064768
35.5249354038388
39.5200820006953
64.8970980939292
48.0735055413097
30.472925954964
41.9807743686251
50.0811365875416
48.7501119724475
45.3983800015412
19.3401954980372
49.0078199515119
57.1187337642176
58.590956886596
44.4684026604518
46.4593802061863
37.2803446738981
40.0362826282827
59.8423300885271
50.2872824217193
51.6633798913099
45.7945774225518
37.6682328083552
73.5289558035753
28.7292770423391
23.0821763616958
54.0029252506793
50.2171964636073
29.8650591932237
58.0432938722394
43.1765530742705
36.2990898876451
42.8823627568781
29.9858484016147
60.6057856308593
50.9972213516012
45.4157920223661
33.9431037604809
59.9050128779806
44.3283500480466
40.1099448208697
37.3533625714481
53.9525587465614
48.5817188378423
27.4398745503277
36.8171550091356
55.5354047175497
51.8995514308583
59.0506629265917
51.3144111670554
40.6985156326555
59.315176910112
64.7245876458427
37.9397239806131
59.8325435162512
33.5896438352229
59.3657440769918
36.5924636735581
25.3997588943855
44.3387837572955
54.0603713784367
36.623662546277
40.3696149196476
37.9073743144982
56.257776625777
54.6768041769974
55.9180098767392
22.7270648307167
46.4342797837323
65.7202459707356
42.8169626891613
42.2320472965948
28.843208859209
56.8095325419434
50.601707240101
36.2157010445371
59.2938351429499
38.5947636910714
45.1049286285415
36.4353240969409
46.1999834915623
56.9605374127594
48.0212703086436
62.7939039298002
57.4755687530584
62.7370639731458
45.7867046152242
48.3652103561908
57.8354013151582
45.8676058058627
