"x"
50.8328785610502
49.271843302995
62.5211765058339
50.9273224975914
32.5847171712667
61.0150446649641
65.0997854303569
44.2666655592394
66.3520415779203
41.4442081004381
42.6780818961561
52.3414630908519
49.5335600804538
65.1033379603177
58.5787815507501
48.9967637095399
76.3722563120437
50.4937096704345
55.517390370369
32.1383478244513
57.272543059662
50.7058731280267
67.0143809169531
56.7359673324972
47.3382584750652
53.850872918919
45.0218701735139
54.030873766169
57.1792936418205
75.5832971963001
69.8940045445658
54.6443289145827
50.5144595168531
73.0282488237035
54.0537605478828
44.851518699527
32.5814639557641
40.6371943091607
61.6692798677832
49.9048362020403
57.9558782745153
51.4095792546868
40.9576400183141
51.7431621905416
62.2345026582479
52.5626319194295
55.4763643536717
41.4618668612093
37.5213589560817
40.4412347995395
48.9551958627999
39.7457544226199
40.3394990600646
58.2112330943346
63.3542633149773
66.1128802224994
58.7015290278941
53.2456022221595
31.1552063561976
65.6769541557878
49.7150829441823
24.3340126704425
56.0010808520019
43.2180538307875
59.2460666317493
59.0588773600757
68.8150869682431
42.9632453713566
40.3738461900502
54.2680782265961
39.1315308142949
18.2611161413924
61.6904563270509
39.9605496113116
35.4997767444626
62.251539574936
69.3863972341559
55.6977836415172
43.3492019306868
37.3474870342761
58.0057978630066
37.4863473232836
40.2744458056986
49.1126539651304
32.5375303160399
60.3915735613555
63.4544449858367
30.8103471528739
33.6319428868592
24.2335491191494
60.0468125659972
45.8446272648871
74.3279956304151
54.9150284845382
32.9513378441334
56.3984061125666
38.7716232798994
19.8976151179522
60.9562633093446
62.7436377573758
44.4913804531097
61.6443203762174
61.61949778907
64.4624521024525
29.4399931134857
39.1503247898072
63.2303012069315
43.0098112454471
29.1877017822117
51.5446054749191
42.638437403366
59.9861151538789
45.8971392828971
29.6309803146869
48.5515028703958
41.5833033621311
40.1417192071676
43.2396426331252
76.4825533102167
46.6962422709912
38.614258589223
69.3130197469145
56.7275763954967
51.4718798454851
40.2504063677043
35.4634593706578
49.0247487090528
56.346038589254
58.713507046923
36.5873389070275
26.4450255781412
34.8406877505194
31.6646543331444
40.2521553969545
30.9126610988526
40.8592795021832
44.6546786464751
54.6060724183917
22.7690437808633
44.5492728613317
86.7129037837861
57.7047457452863
49.163075350225
51.661937404424
49.1611272159462
54.7834831168527
21.4200055692345
39.0815846156329
33.2628672942519
59.6406677272171
75.2699467799293
49.8987329699011
48.3340091537684
37.3917477577116
76.9970799754274
48.677987139672
46.726654516533
53.7214206531644
67.4194752704352
63.2651146035641
44.9770767241716
71.4042346882534
25.9158602915704
59.375115390867
33.114436455071
45.506245829165
53.4459189377193
31.9614270236343
26.372804539449
49.9028602614999
39.0939749311656
47.1279458142817
54.2807389050722
72.819352548293
41.0586184822023
49.4031706359237
53.20064118132
28.3927493263036
54.767390480265
60.1275149732828
64.3424546346068
54.4026123183943
67.1924262307584
41.8166615319934
48.3393306378275
26.5127868479032
48.2398706953973
53.4215074963868
54.8775047048384
26.254811593015
49.3707308080047
59.3092897441238
53.0755840243532
55.8094867039472
39.2173076048493
48.4455815594533
37.0693341828883
31.3217359595001
54.9269078299403
69.3112404085696
83.2818595692492
45.4759586602449
52.5809816550463
39.9954050313681
54.8624779563397
58.2117419689894
31.0665942504092
39.3933767918497
36.8069440126419
62.457148012635
63.3189423475415
75.7583011877105
53.344805771485
33.499664442054
70.3145624096406
35.7865950092673
56.9396369624883
50.0467266037484
30.8994641993195
50.2712069544941
47.1214950722283
43.0243515021488
30.9947102796286
35.8990668319166
39.1731920652092
45.0474345125258
59.7538806498051
53.8335404762731
60.7828699983656
21.2119854699304
37.0791943278164
31.4430056174243
46.9182753935456
32.7725294511765
70.229256744534
53.1895238283577
55.3251703370676
62.6264147460461
61.8135004770011
53.5889764782041
65.2171189431101
41.6262730024755
48.0659096036106
67.6434936001897
39.4938223529607
61.2099821213633
62.902826955542
33.1340761855245
56.9166551809758
49.1685294546187
64.2008332069963
30.0509806256741
50.9498319588602
52.8136762324721
73.3381350482714
44.8878093156964
51.2349729891866
52.8690450824797
75.2329953468695
61.630668817088
43.8905937597156
43.2867811061442
23.8574071787298
36.3931831438094
43.8928855583072
38.7415806297213
63.6729081626981
50.692302826792
43.9481864545119
36.6537269192111
30.7751800399274
51.4338946901262
51.7748156562448
53.7598447408527
34.9441687110811
33.4935465827584
36.8422858683936
61.3433431833982
58.1581625156105
56.5413531847298
49.0009445231408
43.2320823059589
40.3440608768258
66.4754662662745
66.0145514179021
35.6463162228465
49.686245713383
52.0013699308038
61.8546149227768
64.5105557516217
56.2829505652189
18.268313119188
56.1234840657562
59.9357323721051
47.1880722325295
55.0060347188264
54.9865129869431
39.3190113021726
35.8261744026095
56.0786996502429
18.4791821792002
42.9621617309749
48.6198912374675
27.4937179870903
59.2664155177772
71.7788203577411
24.2093265987933
51.9813617691398
22.6069042924792
27.6639969088137
42.1088101807982
73.8757180939329
45.5898942965222
52.5862832088023
61.7902293335646
31.1884483707396
18.6977845150977
44.8906880337745
41.666781110689
33.4986182579301
32.5304173037721
51.5926813241094
59.0607175603509
67.6988752093166
30.6711649056524
74.0432612555933
62.8542538266629
61.3775732461363
58.0876490101218
54.5223436318338
40.5065839644521
34.7332320641726
68.2214885018766
55.2587221376598
56.3366634771228
66.1803147289902
57.8605758491904
39.4162229569107
50.1236983574927
47.8910471778363
68.0457809939981
45.7966892048717
55.6389787234366
41.2283712269954
29.5765911694616
55.3682620171458
54.8181894235313
34.0962663758546
53.6024729721248
30.4013491608202
55.1351564005017
42.6971005741507
62.5785454176366
51.9655685314321
57.1411640848964
25.888693286106
29.7132680658251
46.1993236560374
49.4280574377626
65.4702544212341
43.611728362929
45.080796116963
40.5803903471678
59.7208276391029
61.9053428992629
47.3433774430305
28.3268961826642
34.3865577597171
50.3852531313896
51.5318834688514
48.9689166657627
46.5014769230038
46.2794659246044
51.8879205454141
27.0843949340632
29.503367534403
35.4420332238078
53.8785987533629
68.1572538800538
55.0472929142416
56.6047428800394
34.8734676645889
60.3328842669725
45.9828061982989
37.1211541350931
41.4166816975921
60.2088319603354
39.7452954668552
54.172335145995
49.8039544094354
36.3199069630355
29.2239958420396
57.9670529346913
46.2116708694152
56.4949700143188
46.0259342100471
48.3928211499006
22.7059850934893
50.3059087321162
52.4314675480127
41.6875966824591
48.7148292828351
52.0821139216423
47.0012256162297
52.8446740470827
51.594571582973
61.2066857516766
52.727961493656
59.4176687765867
47.4279611837119
53.9439697284251
59.2130785342306
51.9940165337175
60.5495428200811
77.3870793129218
47.631004313007
54.2553395032883
46.4009859599173
34.1567700263113
37.1268024202436
40.0750597046857
50.1408485230058
50.2480758538577
43.010419863969
43.2583739515394
55.9833848383278
29.4704446103424
38.807549700141
38.7180713471025
23.5027036593353
47.6555875968188
28.1892527360469
63.6522105894983
44.5652311604166
68.0642921011895
49.3737695273012
61.9054720271379
32.5884371530265
53.0279862228781
35.1828345563263
30.0892316605488
48.1946426331565
35.2197889238596
44.7134604677558
43.7355868518353
40.5046048108488
47.6621063426137
33.2298774737865
64.2102098558098
34.7339519765228
24.3465915787965
65.9728405065835
46.2377392221242
40.493135759607
45.9758670534939
61.5734440274537
61.7623779922724
56.3309728167951
32.0937180425972
61.6787675128569
60.161508852616
47.0849621109664
45.1413320849022
42.4051044043154
33.7620445992798
37.593983579427
49.5599698518644
56.2891485967651
41.7720721103251
49.94922574547
71.2070889728976
34.3187249057137
51.4261031057686
66.8450830038637
53.4332853741944
48.4219387173653
42.4260932952166
33.8475301446908
59.4180949963629
33.1355460007475
63.7368075083941
47.5331590510905
30.446711089462
63.5767267551273
44.2271109204739
78.4557953434897
33.6451288778335
41.3470735451713
54.5504252426326
44.0584449097514
52.3618332576007
47.8826456237584
31.449563568458
34.6183389425278
53.6107714756924
52.1191167645156
59.0978540945798
41.8748828116804
83.8583079124701
29.3825997039676
50.3283685538918
50.4129816778004
34.649070398882
55.7390796020627
45.2806404791772
46.6335025150329
8.63486250862767
51.1983355972916
45.4581526751081
49.9812096823007
31.471597449854
53.7489171139896
56.4250397495925
45.2761081047356
21.6595128178596
42.4284926615655
37.8843032289296
32.2004143094466
65.8559980802238
50.3906576894224
70.7458537029934
45.8004019223154
54.1241913568228
29.3875062214074
40.3669848572463
34.2783363402207
45.8069572690874
38.2520877756178
49.130092674292
60.2383182384074
45.190152246505
42.6784221082926
68.3448961470276
50.2221873115605
43.0669397581369
39.3382100388408
30.9621948283166
41.9105608016253
71.9496629158867
52.7771375259734
81.2246087488457
78.6162964465961
39.7291233297437
33.0255684466314
67.5959815271199
41.6078097186983
45.2942324802279
45.8231559954584
56.2828768510371
73.8568208489671
45.5963275395334
43.808619634068
52.8206705115736
44.7097006719559
41.6884701233357
58.6774785537273
57.2231120429933
38.0621387157589
63.8702278033672
58.1312943715602
52.2560665383935
38.1661476567388
43.19026353769
36.136634554714
44.4551781285554
34.677604958415
80.6101246694935
63.4454228449613
32.3015515226871
50.9371250402182
44.3756887578111
57.6320581138134
71.9565908475165
43.721564905718
46.8299536034465
47.6289515029564
43.9521539025009
48.4115341678262
47.2154546994716
46.214887406677
44.184778432143
68.5062860138714
58.9650202542543
29.9084725324064
43.6888922937214
48.2475984965338
38.1901500671204
46.3512029964477
45.916307810694
51.6817417723117
49.7316854540259
42.1971066389233
46.7570160049945
65.0585148949176
41.0077228210574
52.0166565627699
32.8011167235672
57.6980883064812
43.7752293100931
51.2593830004334
48.2031469698995
48.6845306586474
50.9465709328651
44.9425501283258
47.5015003699809
57.9761632252485
32.4544589966536
45.897299144417
34.5451451816839
59.4634702894837
54.7596630640328
52.9768996872008
57.2251089848578
58.868580404669
22.6629687938839
47.6262720301747
39.7568770218641
47.2328986967482
41.5864609364648
50.1426707487553
46.6717459261417
47.7367887739092
54.5398640912026
31.9561418611556
49.3894006125629
70.7750198948681
35.0244814995676
36.4994361996651
62.0484387036413
29.0260269883466
33.8893312960863
61.8826040998101
51.1307549662888
41.6649043094367
50.1006337348372
41.5486264158759
53.0396014451981
43.8665606081486
47.3325218074024
31.287210475998
49.2342495825142
49.2246314883232
53.7124971393496
39.2525182571262
43.2624008972198
30.0259052310139
60.2150625294215
39.7477911685666
49.517972022295
58.0385565757751
42.4430168233812
42.4988967828112
40.8170542214066
55.0093265715986
40.7777421176434
61.782997706905
41.9406168162823
40.3646484731594
54.6397640835494
55.3384983919657
43.1037563526527
24.5067075826228
39.5338899921626
27.9491148889065
52.0306535138252
39.1562493517995
51.9553117454052
30.5825501680374
58.0240411601549
42.6273584365845
33.6183481384069
52.4658736772835
45.541404094547
36.0626820474863
36.5163617301732
52.0981176756322
26.8535351255317
54.8462358769029
42.5641997717321
54.2898923158646
51.6416924399893
37.6921393442899
25.4819029630116
55.6138494517654
58.7003132179511
59.4394225627184
58.1858868710697
50.890584057197
33.6261991411448
61.9284107815474
56.7937215324491
46.4633541181684
33.600341482088
56.3655415549874
63.9245478436351
43.8967560883611
53.2701677642763
46.1786454543471
66.1951835732907
44.9702501762658
39.2004839101783
66.6864135768265
40.1171196310183
70.79026198659
50.8267850615084
51.5621613245457
58.969146059826
43.1536713828231
20.2569743618369
45.5065741669387
52.2554036232114
36.7601219099015
40.3781970962882
38.0817411933094
39.0733407344669
42.5015881191939
37.1514779515564
21.6928552029397
40.0846973965283
34.6804917768716
42.7077417142109
33.7060674093664
68.6910657677799
34.1588039336467
54.8756128177047
66.6148862335831
48.708209535107
55.752375209704
40.4383258894086
30.9471292886883
32.9773139208555
71.3490420559375
26.5597610734403
51.5442592091858
71.8786524566722
49.7812585905194
34.5689104869962
48.5237087588757
65.5602550134063
47.6740220095962
44.6994099300355
66.0474908072501
52.9060304164886
37.5525549054146
61.3114259205759
63.2009737193584
50.5472223474584
49.5149622205645
50.2309438363661
47.0348171722886
40.4704629909247
59.2610608320683
58.4130679257214
70.9111615092971
36.2994178663939
15.6156946439296
47.7817460894585
53.8518262415937
26.0051342658699
47.8207527194172
39.4358222838491
42.2066287137568
60.1427095010877
36.6217943839729
36.079569440335
52.0452135242522
39.1869814939493
48.5987681429833
57.1505434345454
77.016860333779
46.3477473706007
40.0449750944972
44.1382243763655
51.6664798371494
51.7404955211288
63.6509895713214
35.8971621375531
32.4851647019386
47.6246353704482
58.8636253960431
50.0828914809972
26.9860211878447
47.6802456886483
57.125684292987
47.8641118854284
36.5131672937423
31.4327476080507
52.647258900106
44.7633236646652
47.462886152789
49.6028200723231
40.3298350516707
53.6628112196922
28.5607443578451
57.4088935740292
46.8649003654718
75.5465586627734
54.3151399479254
31.4787280280143
58.6291713640094
43.2012479286641
59.1656688135117
43.8962209504098
47.7803396472196
56.6402100026608
36.3961270079017
55.0211625639349
60.6940064113587
53.2112616114318
25.7351010983041
46.8857717380879
32.9924935940653
42.7814090624452
42.4647288396955
43.1322044692934
46.2668141815811
40.6344978604466
58.374627539888
71.1801156213075
50.8467825595289
56.5994465723634
71.5543389827879
57.1933860424906
38.8367059640586
35.7149556207216
73.4041799475289
62.4266604427248
63.2406908087432
54.0889928175981
50.4815130494535
60.0301869679242
41.89613298513
58.8413959834725
43.2182997399389
61.4531284198165
43.449090141803
66.37650183402
74.0469338314369
49.1186014842242
63.424555119127
51.5004555229098
60.9717886397621
57.1096674539149
60.1254905574024
42.4044626299292
33.7247954060355
67.9104506503791
56.1929937917739
37.7493201608037
57.5557747390121
60.1650651544333
53.1072360929102
75.0325370276444
28.5413302145595
25.219634794656
42.0775051228702
61.9282301981002
49.1084396839142
52.8952383901924
40.9921352285892
56.4752804115415
45.1249230187386
26.2005821336061
52.7342799119651
70.4285863744927
57.2049367707223
71.2241429793549
47.4017756991088
39.0910297632217
46.3808178901672
55.3440246265382
51.4233611524105
21.8621017626492
49.7999067883939
53.4600602462888
61.9333708658814
63.5114721488208
54.9935140646994
48.5851946752518
35.9154191333801
43.5371438972652
34.2808532062918
60.7437828090042
55.286403791979
40.031042409414
49.0375203546137
40.7708509518526
48.8643596880138
60.3443891275674
48.9546033553779
81.0414290013623
35.5801282450557
49.8659125994891
39.0352222602814
48.393941251561
44.7265931794994
56.6542936954647
49.6069172211969
26.8845756384644
45.4876594711095
53.3657822292298
48.4552429057658
47.8648095136338
34.6256513148546
26.0345779825002
59.9963365588337
42.1963389962912
51.5255948994309
54.6650314955404
42.9518295451999
68.9105128869414
61.6654214914888
62.4603976029903
60.8364479616284
42.6633350085467
50.1583126373589
47.8068506388107
36.6348377428949
51.5072372276336
59.6164170754052
48.0188960209489
48.795957377751
61.5299825556576
51.7193273641169
19.0868865698576
65.3345113154501
39.0816211234778
61.879666801542
57.4514088220894
40.4177214019001
51.2516122311354
77.1640653679979
52.567670866847
67.5798803102225
59.1466708574444
39.2513692569591
55.8678623754531
58.8668126345222
44.2075134720653
54.8124538268894
47.0340598840266
47.2676827572286
61.4467456005514
43.3249592781067
61.6510482970625
40.8797619388051
73.9025503679893
50.9566914755851
43.9076812006533
56.2805378809571
38.6060004588217
51.8077020999044
49.3876455817372
32.7347347512841
52.0721431821585
45.5348445102572
26.4401669351677
60.826573522473
47.895351440954
40.1833541691303
28.44039327465
45.4011141322553
47.4762975283536
55.6070920808363
49.6518932282925
48.0997439008206
55.6851749774069
69.6291951420617
51.9535430707037
59.1774750500917
56.6846644397928
36.1991020850837
47.7852331474423
58.8624034076929
49.104767304246
42.2710857960888
52.6274781674147
53.4443801734596
53.2571038696915
51.439745305106
69.2736716009676
59.6035212744027
62.5651559326798
70.9351998711837
33.3824027028748
46.7397817410529
31.481392076239
37.760158386249
51.7893305514008
57.5381080619991
37.9247360862792
57.5811312999576
27.8941457711464
47.2849101459527
43.5540108010173
28.7355658598244
47.5178888998926
44.1310515161604
55.7497848494129
42.5039432477206
44.4495330247088
56.5256272330757
55.5541079957038
35.8455901499838
40.3814204502851
53.8805073127151
47.7385966107249
52.1332161966711
34.1599814593792
38.498491474197
70.4303372225584
51.1912140995264
69.8676683897984
57.2403333615512
60.4503998998553
53.9732829667628
44.1521084401757
31.0351274907589
51.4344749886018
48.1396215950562
39.0997787937522
73.0334166352802
46.436805697158
64.4334972370416
63.0445797462016
43.4666452463716
66.1644079722464
39.5462420769036
52.01644898822
36.4574695396265
40.138160947683
24.9729632344381
50.3804871346802
52.4112329818308
39.3578532617539
53.2555947545916
21.187973767519
56.0447800438851
63.6875367972455
62.1399447787553
44.8111445643008
37.127588968724
48.0561321601272
31.5168556780759
62.7343552187085
64.2927376553416
46.3146991787738
52.1469895434579
37.3499049805105
42.0982704963535
41.1741028539836
40.7969931140542
45.2603203143459
63.4732609149069
41.0202141851187
57.6038693543524
32.296644942835
48.6420554108918
45.5351452343166
70.7538281525386
73.2525993182978
48.3675878960639
65.0762475561351
75.0279501038504
42.4324037972838
60.4340231046081
46.0215755738318
49.0388457663357
50.127020238704
27.7797209098935
56.4956304151565
46.6383326333016
58.7329097557813
55.581783866112
48.6005433369428
52.3630423936993
48.2152510434389
49.4342264253646
40.2046172099654
61.8407672271132
76.256358712436
33.8686914183199
69.7188823441875
57.5978623703122
40.4031472746283
49.8341598082334
34.009018400684
45.884886616841
42.0337100800911
49.5298061985523
64.1409382689744
45.7722250837833
57.7078466769308
36.4769142121077
40.7016356522906
40.7899708487093
26.9361138343811
29.1604422093426
33.7697518523782
69.001350319013
31.7099838172552
34.7520635849909
48.6049120314419
44.3172472745801
42.3792217858136
61.5563682954964
26.1491965036839
44.2525506485254
32.9409375170848
26.3487158343196
59.009292954579
38.9307651203126
58.8955477811396
54.4376553967595
37.9842919297516
48.3158823568374
18.8498828094453
28.1736246775836
59.262328222394
37.3263405170292
65.2316780295223
83.3044370537816
65.3927986510098
65.0440486613661
68.3627197053283
38.6677335957942
43.007961474359
39.2888166476041
66.1296676844358
33.8689174037427
32.9962399788201
34.1985645465864
59.2763894703239
38.1687943707144
31.4153719227761
47.7758943103254
76.3191847088647
56.4380086027086
52.3860572371632
59.6196833997965
52.7730527799577
67.3875001724809
31.1113542877138
46.8855310697109
47.0697810407728
39.285334114753
52.1256309743828
63.2344480138272
37.5483779236674
27.5255875196308
44.4800359196961
53.4681082237512
35.5078120250255
75.3152417835431
49.5869870626212
46.4400885057514
30.8937418274581
62.224309425801
47.5509779993445
16.5995110635308
41.8475178874708
43.4780237264931
69.6683148811472
20.6474405831148
39.7398796119395
50.3402047324926
70.5512306610954
42.7883913274854
58.700548671186
52.2011826746166
40.5673771165311
73.05729900998
39.5068396348506
58.9471466373652
60.9605290195823
65.1699744630605
29.1087591089308
70.499739326061
60.6242430396378
52.5848959572613
60.3378758300096
48.4055739827454
34.5223658718169
47.9917903154285
51.8309531267732
57.3276635725051
75.9149262639594
21.451275749132
28.6179131362587
52.2173031233251
42.4383996985853
73.2894238052053
38.2350997067988
55.0634782295674
28.0554512981325
26.8227603752166
52.1975341718644
44.4916217422867
46.5882774442434
24.9143194407225
51.5314173548202
41.7181018739939
61.9919108929585
32.5462821871042
37.9804531112313
39.7004861850291
60.6942186597735
61.6684476844966
40.7293677330017
38.628279357855
45.1660879563694
41.7661093179961
38.2944814860821
39.3035120330751
26.6696565784514
35.7014492619783
27.2619205261037
48.3407074119896
54.300265898928
35.3670530575443
40.5596427619457
44.1272758878767
42.8881821222603
44.5527376141399
54.2361493688077
58.0944909248501
55.3586300928146
55.5127744562924
59.3872346915305
48.2989594805986
51.2657881248742
36.4127809181809
39.2694883514196
49.6724437554238
50.7456800434738
51.9405302591622
68.6274282634258
52.5091406423599
65.4442608356476
35.6071960646659
57.4696179013699
34.6487120259553
72.1385650294733
37.9896725527942
51.4639174565673
36.0062583349645
57.0341991726309
50.5300606135279
40.5057942771513
55.6727383751422
56.493012746796
65.823807194829
45.8225452806801
54.1909963823855
48.5348116806363
21.8889728654176
31.5089676837909
50.7965496275574
68.7849443871528
50.6928773131222
54.4451125897467
52.5706024374813
35.6686865445226
54.3485750403502
41.3572061806917
36.8634767830372
21.1861978750676
46.1348269600421
67.8986376617104
62.8976677544415
26.9509779978548
59.7713286988437
38.6693735606968
46.5099613647908
43.0123583830344
41.0969285084145
42.9172203410417
36.3724080845714
39.7885424084961
35.2543656248599
65.0346335023642
49.9406656273097
48.1262099745369
64.7111375816166
21.8700433854703
68.6639416497201
57.6263773720711
66.459942329675
57.3803345345614
52.1157160867006
52.3964789696038
52.5223836302757
40.9463550429791
62.7402837853879
51.7833773697329
41.1786690354347
44.2223126135642
25.9393204676107
10.4788922704756
39.2768193036318
68.9168320968747
50.6247576791793
67.5155884120613
55.899858660996
37.7180861309171
55.6554052047431
45.3856707084924
52.1101500838995
67.4498162698001
36.3711817190051
66.4316723588854
27.2764996159822
41.5282312780619
67.9103218950331
33.2897659996102
65.664430661127
68.4306481853127
52.6691484730691
51.6346995726219
58.0857918132097
39.619942009449
39.1769047356158
38.9860430266708
49.0485482663017
65.5862363055348
62.9680715035647
39.9399908725172
47.8947857860476
41.0975048318505
54.6379701700062
34.1250098776072
63.5163591243327
40.1235356926918
66.0897414200008
56.357822008431
31.2392991036177
46.2312032002956
55.6829846464097
58.1705413293093
59.2774455435574
38.0646652542055
49.1318317203798
33.8208185508847
66.1887724418193
31.7315266567558
19.9595955200493
60.2757344022393
42.5076110754162
29.4221487361938
37.2052941471338
59.3063129112124
52.917369781062
41.7711097747087
66.0475863143802
26.2014559767531
77.3100702050042
56.1585478484631
18.0169173050672
51.202447572723
44.1182231064886
35.7487927190959
35.1362947930237
61.3426886033267
33.0740843417053
46.5354644693434
47.7638822514564
42.4501327332109
44.8533608578146
42.9632572922856
51.0774661786854
59.7236208617687
52.3612709250301
71.8598609748197
55.5434426583382
57.7838297467679
66.7847824282944
47.468205075711
55.1107272040099
67.4888500012457
43.3639270719141
29.8302962402236
21.7584849800915
51.4542919117957
80.3179129916144
68.9160724636167
60.7173746451735
64.3353925086558
64.9743339046836
24.5501795483443
54.6661163315884
53.6809742450714
38.9039270793507
42.0852700522286
35.7062832748035
43.4975645714281
47.1682543866336
47.1667545847595
71.4079149559676
51.2499567586929
72.8563728700292
33.8417928665876
49.118631426245
54.2436789255589
47.0068952068686
54.7822214197367
38.3468084502965
58.8469326496124
36.3318927586079
53.0466579832137
62.4971128534526
67.7554592490196
50.0643358565867
61.6511641070247
46.5132012963295
35.4200379457325
58.8533901143819
32.3037473950535
53.1876106280833
33.5534116289353
51.6589413862675
38.7337253428996
51.3920432887971
24.9553628265858
50.5443739992195
49.3625576142222
64.3288900144398
51.9220520742238
53.4392504952848
44.9400764424354
55.8390335645527
26.803431919397
37.0818476855723
53.9710768964142
28.1812008004636
41.0638840869069
41.0660922061652
39.3949794583023
51.8964473158121
24.9175580218434
57.9552374780178
43.2779798599846
38.8397527392954
28.4276580690772
45.0922428164631
40.1241147890687
47.8162417188287
52.7741078929482
54.5490329619497
48.4573327470571
14.8159769661407
61.7872038477265
44.3401712458581
28.7297215778381
48.9904209971428
49.6598944359292
38.4271487856459
40.0659068953246
39.9668086785823
34.9994100630283
26.4521474018693
67.9110764060169
57.0739869959652
65.9170149359852
48.8398255780339
60.3250614367425
66.8383409734815
47.3871282767504
39.8600941058248
29.2960736434907
40.3935827314854
55.727426474914
21.0485986064619
59.588017873466
62.3563294298947
65.8803505357355
46.768373856321
43.3795862831175
58.6109512485564
58.0906109896981
60.4385005310178
37.0206065941602
38.5800541844219
71.4323178823006
42.7980280481279
57.4126545805484
56.368375569582
55.065019801259
39.1630597412586
37.00668475059
47.9474025778472
57.6756603084505
38.8617425691336
44.03203320995
50.935565200311
36.1846339423209
53.3452893607318
24.0815048106015
40.6894477081127
46.2595566493648
47.3004640545696
48.6040558665991
55.2699669974499
70.9791572317197
69.0869720652699
59.4266597181559
68.4076935984194
56.0374287422746
47.023953544702
55.0591345876455
64.2223138362169
41.8564000166953
38.0227579269558
61.0631118528545
51.9642480396868
54.3644516728818
39.0163540374488
39.3336868379265
57.2272042743862
52.9541180693996
45.073353080079
37.3192364738283
36.5384081378579
85.7559666458414
23.6845489125699
53.2056351192296
51.7876153346151
67.1459143515676
45.1421599835157
41.0884013399482
29.476813985349
48.1711483560503
34.4295086804777
54.476800840348
50.2661626320332
59.7738668322563
64.1138311941177
63.545294618234
63.2190204691142
43.1484246463847
57.9571591690183
70.2224111142469
50.8142871316522
37.1317025026619
52.9390953946859
62.7861103508621
28.6770559052362
40.3643071651459
60.5282974429429
55.0275408197194
43.8323962502182
42.4614929128438
71.590824107416
40.8152286894619
38.3591713849455
37.9184639081359
51.5698222443461
38.0925254581306
28.4982401620004
44.4057782180607
54.6531676303968
39.7120852634997
36.8087054695934
45.2297000180306
48.5136947128922
64.3553914036602
33.5982103547551
48.8991282880306
56.0006854124367
60.5625938158482
38.6372523382306
61.0032794531435
37.1016095858067
66.0456646699458
56.5350905992091
29.4181346893311
46.9320476055145
33.9943352359081
58.6568513419479
43.5749920572795
48.3302959706634
43.3246170294706
32.2312163424287
58.4556688554585
43.1773874443024
50.6705180276185
62.3528931755573
38.7789333239198
80.0598099785757
51.7847502604127
52.1843641065061
45.3034622129053
45.7899739500135
41.6262240614742
61.8850576691329
31.6047798645222
61.0508682671934
71.3122008978661
16.4510668886548
45.9591298829764
39.8433526512235
38.8312994968146
47.1764164511114
27.2498647682369
51.8698866013438
57.8334186178311
41.9457119627621
18.9080157317221
54.9204219132662
42.5759125500917
60.4296023957431
49.1831353865564
57.6055265963078
36.6265053860843
56.6617530304939
28.4819379914552
64.461218751967
60.2795610204339
60.7034522574395
70.0387318890981
51.9691321998835
45.9578696172684
44.9057975783944
40.4161728919822
41.5193666703999
55.0363698974252
35.479106195271
34.1674455441535
46.519476454705
55.7477660942823
45.9641893394291
54.6647877432406
51.9933576348301
49.8171127866954
66.3730705622584
53.9717314173293
53.8967484142631
33.2372139237653
41.4255861091496
57.4924557469785
44.4412470329553
46.9214291951064
38.0687511526048
70.4143272670818
37.8380894195288
37.0674444362521
53.9897099602968
51.1059287469834
55.5944527033716
29.915263550356
56.7259360570461
63.6279398575425
44.261490739882
59.1701512224972
49.7721740044653
63.1781070493162
59.4771832693368
48.8735144492239
45.9302596282214
41.6550455149263
46.7880515847355
53.1166420783848
67.7028169855475
43.7856133561581
67.41255200468
21.0028593428433
62.1753513106649
48.8692068029195
58.830258436501
32.0909256115556
22.8496846151892
52.2266583517194
47.8769049352728
36.0819990281016
55.2577952854335
49.0189664531499
68.3148871641606
20.3456154385534
64.3392721191049
52.6280334219337
56.8498949054629
37.8071443643421
33.87586241588
69.7421416598273
53.6932931281626
67.4900284036994
40.9164106007665
25.7698501925915
52.4706602067832
17.9618865717202
59.7543878480792
47.8289339225739
49.4695184267128
42.990156330531
57.6072280760854
39.1991805285215
66.969102807343
41.9359882362187
36.3482938613743
61.4369577728212
29.0387638378888
43.0011480581015
41.6052691172808
32.0278109051287
64.9477169383317
35.1530477473034
39.5325277931988
45.0706040952355
53.8349858019501
38.5958887636662
41.9826534576714
72.4970783996296
38.7842260301113
55.7932623196393
51.9735279958695
32.4137730989605
54.2885829228908
37.8600507508963
52.4957126006484
65.5073300469667
49.6064523700625
59.33702676557
45.8403225332637
62.5669624656439
58.2030565477908
53.3032356295735
25.2433791290969
56.7591703496873
56.2741467602388
47.2027749754488
63.4509431663901
67.8038309793919
42.0515032950789
56.6663652192801
49.5260722003877
57.1542544290423
56.8704711273313
50.2861438352956
61.565377516672
53.0197512824088
53.0615545809269
23.0072553269565
30.4810934234411
37.3047926928848
60.7462445273995
53.2903636318852
27.0414314232767
65.3880216181278
41.2906671381922
62.0155747979879
24.5518608484417
42.6780567970127
68.2460135780275
20.9143721908353
46.9475822988898
35.0202297948784
31.3113088612915
26.2496898499594
39.0315561683225
42.9701409763365
41.7071745103331
35.7321606948972
43.1578403804451
45.9937709622571
57.9831596091403
42.5814595073462
45.4990702215582
55.6691305246204
53.3778375014663
50.0419609714299
43.3727926907814
48.1930417940021
48.927208269015
66.0982993431389
39.5968412514776
20.2169783816397
43.6396952252835
54.8187312204391
29.9771292189251
67.3327091149986
27.4700131086953
50.1837948476235
51.3370100874454
53.1286745332181
32.2895509397754
56.3380081672221
66.8217698577791
14.6655912511051
30.1170862704853
67.0171697158366
53.5104436366687
59.6119961235672
55.871001444757
48.6533092334867
44.5425932761282
29.4506435282528
18.7426800373942
61.182306567207
28.9519289974123
48.8302310928702
51.5352439135313
48.6769175622612
59.5806496683508
29.9714039079845
59.5126290805638
62.1116331312805
66.6034591849893
40.2128378394991
45.8882309030741
47.3748887889087
51.516691100864
55.3940160951862
41.168356873095
48.3820130117238
59.6440602559596
36.0558991107398
34.0429787058383
44.5688175037503
55.4473472293466
35.0289060734212
21.3082673028111
45.6417185720056
50.5720540881157
34.9800885855608
52.35590711236
51.4531293418258
66.0621366463602
45.5810534767807
39.7431236691773
53.0624013859779
64.0825222246349
44.358714716509
51.9637318793684
20.7089052116576
36.3705633673817
28.1796617433429
44.3379404657108
50.6668608170003
45.0164445210248
51.1071428190917
30.9373362455517
70.7184762651932
23.1127224862576
42.4825342048951
52.2219895385206
19.3373001458308
40.0487111964229
27.5756965550883
27.6941065210849
54.008844261989
60.8775475992239
54.53468170017
31.02334048599
59.7820391412824
27.4432202727611
61.1068929545581
40.4142855200917
34.4678301979463
55.5601951666176
70.8239346229271
53.8284392096102
55.7160261552781
55.6138863321394
46.8790558632463
52.798463543877
57.3523818515241
56.7573111103112
45.8382545020102
42.9940287023783
42.3256898291512
53.016435354948
21.2886832978317
29.1580746942667
37.2600594582003
46.6830868739635
48.6271655187011
45.7104942761362
69.679711568625
56.6056025504738
33.0520435236394
38.3439702969599
36.1133406870067
43.9063477795571
53.7455910816789
46.6354928910732
73.4341384325283
56.1265224125236
57.09074633196
32.3414880316705
41.4741000160575
27.0975204012358
46.9603616278619
51.1526875197887
35.0573178380728
62.6559814438224
56.5470047760755
32.2985112201422
38.099518744275
64.2378979362547
42.9523207247257
45.4866019436857
56.1834088992327
45.8280882798135
64.9254499934614
37.5665458311396
53.469882439822
38.1345398258418
60.1339881774038
67.3570167273283
50.9624688886106
52.4405639152974
73.3938574630176
49.4874383322895
59.9622626323253
47.7052939124405
57.5498003512621
52.7991518221158
58.0239006318152
68.5858835000545
44.4475711323321
58.5416230838746
61.3188728224486
53.4094706643373
52.169657452032
67.5724118947983
38.2402120158076
61.135283212183
42.3311574221995
36.6311376914382
33.854131354019
57.0216270629317
39.7063515149057
22.7465068786219
33.7234206963331
50.2918683062876
46.9162029214203
40.3507564216852
45.3174068126827
30.7724695652723
49.4807935319841
20.8474657587117
44.9335617944598
54.3245163280517
27.4260873999243
33.8551468654095
63.0280760116875
40.4444523621351
49.6708490885794
51.2658745981753
64.627041388303
45.8918529096991
39.1122311819345
56.8476211936879
47.9852860793471
55.8075097953679
48.7037599669176
38.9680296182632
54.2178966570646
54.8521617598675
60.9688523225486
59.3032816424966
59.4656379427761
67.6528619602323
72.2939128539831
36.9575578719378
67.2318143304437
34.8532682013549
43.922855053097
70.1802880006129
50.7197203114629
54.546507734729
59.3186122365296
43.6731675174087
58.8522262871265
36.6405339445919
55.8553913142532
37.0203108992428
58.3157981745899
39.5412832341683
52.1840128581971
35.9136839862913
69.9777291147359
37.2698646970093
57.3738775681704
61.8699412792921
20.0168122071773
44.3410508078266
38.5562024441327
63.3043437730521
32.8467616345733
67.3582805786282
49.6475349646062
51.7788184806705
55.8203379157931
80.5545273575029
37.7790718805045
53.5274046473205
53.7536222022027
31.8419018173241
34.8060744814575
33.0506323836744
