"x"
34.9095044636583
30.3973483387381
23.4328717226163
22.3387670237571
31.5055735874921
29.5700890710577
27.8864203486592
12.5497664324939
26.8261776305735
29.2597635183483
6.38349729124457
24.5821411632559
17.5673544639722
32.6185934245586
32.320457464084
36.2566546050316
29.2734922608361
28.3387310570106
20.9117491031066
27.0012130727991
22.8252132656053
31.3739279750735
30.200920579955
30.1480536349118
26.4832379063591
17.030661156284
9.56036916468292
24.5097858185024
27.5281163863838
24.9036735117663
22.0897810533643
26.6913186758757
29.8128723399714
25.5059873685241
27.890969440341
25.6642852211371
21.9437162159011
29.6535966917872
29.4694055104628
14.7599235642701
23.0243265316162
18.3687599841505
34.0789707610384
22.0159164085364
24.0460117347538
20.8252491662279
31.9616365712136
30.7935658376664
31.3630240270868
36.2893771824843
22.2937953658402
28.9492227369919
21.2606236105785
28.7690062308684
20.3043363617796
23.9109603920951
13.3987282169983
19.1633075091042
20.0814898636878
26.8344175070524
20.8471256308258
16.4231082657352
36.3823446433019
24.2071998538449
22.8275851113722
29.5732071623206
21.0167246637866
28.2788224052638
18.298297533227
25.8310302859172
22.587148216553
18.0188573198393
31.6675238311291
30.0826537655666
28.1205727253109
27.5394350290298
22.8663096670061
20.8592335227877
17.5187134183943
24.0433649625629
17.8661816287786
19.1345276776701
23.9941334207683
26.4620820526034
19.7436768561602
32.8741442412138
30.7120819343254
34.3142939032987
36.6628616922297
21.4778702240437
29.2363598011434
21.6471831779927
30.3970173466951
27.5534681975842
32.0586245739833
27.0544867264107
26.191618386656
22.5478536768738
20.1513847801834
23.0228493688628
16.27175018657
27.193919243291
14.7397281602025
20.6631251385009
15.1184202348538
21.0450496524572
25.6898922147229
29.8069458947347
23.687487654388
21.7456488171592
21.244335710071
17.8517547668889
25.2593965036795
27.223767968826
10.2695433422923
21.3399978354573
30.6959779001772
36.1510022988027
33.8300907053053
23.0142049258575
24.7634187806398
34.8722689788548
25.7121940234089
19.5135613519356
26.6419966937974
12.9328966140747
20.4315485021987
17.9750327473815
22.3470602883026
22.4629691801965
24.9519284116104
35.7490229504953
18.9877933589742
23.7847449723631
14.7129412814463
26.7348476145126
35.6356048469848
20.9549666382372
20.1957863289863
24.770769290626
20.9430362796411
22.3345638485625
23.3277938423072
32.2457251138985
17.3520095413551
22.8193413233384
28.8744650315493
20.2854937175289
29.5371539425105
27.7262147050351
20.5585445226842
23.4449187992141
31.7722619976848
20.6077118358219
20.2450074255466
14.4469802966341
24.1394419688731
29.5550138922408
34.3563171103597
27.8651663800701
32.6829969184473
25.0643786741421
19.1232237033546
17.2020923811942
24.6238506864756
15.5997208319604
14.8316436803151
15.5439170035908
29.52564235311
33.0521296942607
23.6195257864892
32.2349096415564
18.0558152729645
35.9487018061286
15.3070400469005
26.9923124229535
30.637467559427
29.4400852639228
31.3225556863472
19.754247344099
27.5285820476711
21.6623831879932
19.5404528107958
28.3387119416147
18.9715018263087
20.848643919453
16.1784674506634
27.0981511861116
24.3638687534258
32.5792394345626
25.1781311817467
21.0126939695328
26.9623781554401
23.6879692878574
21.436205576174
27.6840197620913
18.2099281577393
18.5237831901759
18.9761227928102
20.4672322247731
27.4084710283205
27.8221878223121
23.2239499920979
29.6584948897362
21.2157655041665
35.8180673306292
34.4332197681069
22.2790310857818
13.8327826047316
30.0687086535618
12.8983481036752
21.231382748389
26.6640277346596
23.0989672942087
23.8740384578705
30.0172389484942
21.273176278919
25.7297595962882
15.6541948439553
22.5188708864152
14.4007451478401
11.6039544343948
28.6195554304868
23.2094674836844
17.2610607567711
25.604467629455
24.3982739746571
21.3963387766853
27.539224922657
13.7587058823556
18.4044530848041
12.5102339427182
16.9751642970368
22.4055231083184
16.5888136718422
29.1265725856647
30.571725545451
18.5775676276535
22.8288915008307
38.6462255825704
23.5975616145879
32.8745869686827
26.5724168391898
32.1451746625826
20.3756261157542
19.2281659925357
23.0683126486838
27.2895705187693
18.1473944262296
27.8189929202199
34.0387031203136
16.7144620325416
20.7957224687561
31.9515065988526
32.1964437142015
30.850738876717
26.1934549082071
21.819686726667
23.6233488943425
9.88080482929945
29.5895213959739
26.0851974366233
19.6783664101757
21.7566808918491
12.1615211712196
21.7361090704799
15.1845412744053
25.4041451727971
28.4546428360045
22.9707381807418
32.4979951838031
27.3196082096547
20.2994257921797
23.374395747669
8.33854046650231
30.2493252558634
15.3931554401007
22.0627712551504
33.6672498378903
34.3140809331089
22.4594070576131
14.4019831670448
33.2732685608789
26.4477499665789
21.2239670800045
18.604759639129
21.9492898555472
26.5863098436967
14.0745464945212
29.3135402258486
27.9288526624441
23.2540006283671
32.4900415726006
26.9416470080614
23.1901249200967
26.1640208540484
33.804474840872
23.1799340574071
16.5854860562831
19.3859084043652
22.7848099078983
28.9424027083442
21.2482459377497
25.2200073329732
17.7879780996591
23.1465727323666
32.163923070766
22.2630112897605
34.057061583735
34.2108990298584
22.8632130194455
20.6564492546022
40.1473091722167
19.5306055946276
26.2314938474447
16.5266499854624
28.9684779243544
18.0440677795559
24.3372859433293
30.3215456195176
28.7502621533349
21.4301379379592
29.3392503634095
16.6408676055386
29.3562591541559
25.4107297630981
18.0351776536554
25.9525860426947
23.4449785435572
24.5673258969042
21.304716123268
35.5806519819397
26.3209712458774
16.1101271398365
39.2752727472639
29.0791352279484
36.3777311497784
21.9863848295063
15.6032512197271
35.9096635423092
30.6951769860461
26.0997998761013
28.7940062116832
32.6984390383586
31.6475150873885
33.3539061805044
14.8810493765718
25.7041735312965
25.8154590381309
25.7646731799468
19.7017410770059
34.0130144963041
28.4787144511938
22.5155863910913
37.9254635868079
14.7736900101874
21.779969916679
27.0471226656809
14.563087048009
29.1810413589701
14.6945806918666
30.1871118601412
23.7242479575798
29.425764339976
18.2429611793471
20.9912156453356
25.5647206911817
34.5290401019156
26.1019214522094
25.1580882789054
26.5787627082318
21.9161122106016
23.8146991468966
31.1705087311566
13.791509042494
16.842110558822
18.4392134193331
28.5351930418983
25.2429511630908
14.2578482987183
25.9888570290059
22.0114857889712
19.4387972015225
18.8267056597397
29.0158324176446
15.8639771863818
14.2529801736111
19.8701246408746
30.6993710109964
27.0560160700863
18.2818461908028
21.2071901652962
30.6609505554661
22.6307739561824
14.9998935529575
37.4189672737687
21.2267690338194
24.5665700407699
28.2880179816857
29.6635905280709
13.4360654969336
26.39117508661
32.9249759670347
21.7522385995835
33.6640705121681
30.115125561133
31.5311059355736
30.649650725536
22.8268458275124
21.9455311540514
30.0774988019839
18.012945423834
26.5685698948801
36.2053277881301
22.3004962588401
28.9331763749942
33.9783074334264
11.0692177032575
37.5298996272405
22.2768122563139
15.8964073983952
31.2344649806619
27.1952201379463
24.3795987387412
28.389559795505
19.9856617953628
30.4622979834676
22.8376261589915
29.7016252599929
12.8221758370402
35.0171049280312
10.6193863786757
21.5148549294099
20.8361428696662
24.0242695668712
17.6848997361958
21.1454549782013
20.8477403406891
16.9815527973697
10.7675384264439
22.4411275004968
9.02678883058211
29.288014350459
13.0842845886946
18.809775135837
24.43419508636
24.7560347430408
20.71796059895
27.1577584557235
27.4357438087463
19.9972409754992
20.0554792070761
21.7767238384113
26.1322835227475
22.5735566345975
26.1397305643186
15.8174083800986
28.3755874028429
18.2369002141058
10.906172497198
17.736280546799
15.9361609723419
29.3377828551456
32.547727576457
17.9244028171524
27.5657405378297
33.1756218802184
34.1608671471477
10.7796150717346
23.3972538961098
27.479005116038
20.8064646460116
29.3198188301176
31.1550783924758
24.1222693119198
30.6871747830883
20.8596726657333
26.6655711689964
19.3275643046945
17.1402621082962
27.0707785151899
32.5129922712222
14.3556637223319
19.4238801719621
27.685234346427
32.0525531191379
26.7570233670995
15.7061960657971
24.8237574705854
22.8384924121201
18.9270990667865
24.7506867395714
35.201298536495
33.4269861457869
21.6230528429151
32.3432642035186
12.5603226479143
36.3702729857373
28.2383583718911
26.1208020150661
22.8322846582159
28.2276619924232
26.7379940425166
23.8944592187181
18.403222062625
22.0899114618078
20.1019506668672
21.381446486339
26.3888454833273
16.1865033447224
26.1929540662095
32.6037324266508
25.8835312211886
35.8998703749335
27.6606264989823
22.3215817629654
26.5582819003612
41.0081503891802
19.5021706400439
30.2236835006624
35.8905770608249
23.3076992234259
12.0064508635551
35.2461832782593
19.7415964149166
19.3312649149448
21.9682298367843
20.9991839015856
19.1374833355749
23.1451828032732
28.5651520593092
21.5281160950493
14.1381100285798
24.1695669014007
23.731065601396
13.5175116360188
23.0550918960944
17.9665695410222
27.2540230304003
24.8322413428007
27.533359406516
30.1974287023768
5.83820531610399
22.9956054594368
26.2458445271477
19.1126227844507
26.1962167918682
24.2354707559571
28.6020325031132
29.986689449288
22.2501883516088
29.5773610472679
28.5115603823215
21.0923679322918
24.7959092957899
17.2359056770802
25.2187868580222
29.984622518532
21.616425877437
19.4474085354995
16.6184283399639
8.90646635124473
17.6388783679317
26.9391804542485
28.8820246001706
18.6272011425652
15.4406095369644
15.0506296904005
18.3068329468369
29.5357436174527
27.2293107351288
24.4224414695054
24.3774764898931
16.5598447667435
27.1767446538433
22.9443258605897
18.7967327985437
17.9853952955455
17.0637960080057
18.2373129631948
30.0249845487997
19.1088765859604
19.968136665168
30.2033736137673
19.8078462388366
24.8304359149188
24.2160361958668
21.7529607703909
25.5123473971071
28.9838505443186
17.7244202466682
30.9302375884727
25.140696996823
21.4492714795732
29.5055954018608
26.6659921733662
25.1661281799898
18.4008197393268
25.2993419451665
20.8604141836986
21.6127548599616
29.0328535949811
18.1852780404106
26.7711146036163
24.2908320622519
29.9035773845389
35.5235326446595
17.7630598424003
23.7528242170811
25.4222238203511
27.2436822889318
16.4138320600614
27.1463217446581
32.6651520328596
22.3581887315959
20.2040628613899
18.2291459810972
31.1820867937058
21.1610061582178
30.9156831121072
21.3423248613253
32.782069616951
22.9590224102139
19.7948990622535
18.8649952411652
16.8860310455784
22.8999238461256
28.4961311845109
19.0423532156274
35.0795024720011
18.208839664256
22.5600756006315
34.9918898639685
15.7596725272015
17.8508632350713
29.4494033558294
16.4327635895461
14.815323590301
23.7110565882176
20.1081674546003
21.1109687309667
26.1780162574723
35.6847316471344
29.4637334300205
21.5906230344544
25.399225903675
26.8178412690759
16.7330555152148
27.2587116109207
22.3468909272924
10.094770649448
24.722191503938
28.6006455217688
26.2159086531028
19.1186957294121
32.5182942906395
27.6535048632578
34.394576610066
21.4438374305851
25.7236532401294
23.3170492287556
24.1270928876474
34.1867243405432
18.3281244942918
26.076294413702
38.5230047342344
22.4156243959442
20.1137704541907
10.7486920896918
27.2893271408975
19.6849962230772
35.3050183949477
25.1470795366913
23.5075892880559
24.5541201671585
24.43070798181
28.4827968804166
20.778352342071
30.9651808347553
12.6934871931222
19.0377338789403
23.7305213231593
22.9593781987205
12.5014948879366
29.3424530626404
40.4440019724375
25.505926576443
32.097683966883
33.4253963083029
23.5513602383435
26.9324783235788
16.1289233947173
28.0575364129618
24.5180905757465
25.7766013266519
24.6413379674777
38.4566347004406
33.2161778118461
19.49208886862
35.5332589857793
28.4165812190622
21.7721783323213
23.8903720159399
33.9284887770191
32.143263798207
27.7638109168038
27.8186617185612
21.3605901226401
33.3765303948894
27.8211951022968
26.5704783378169
20.7897001178935
21.0958841489628
21.0553241461484
32.376699289307
18.9228512993137
15.671318070963
26.1337708681822
15.1285406202078
27.0061530788007
29.285053932108
26.1887264670804
35.5554603484875
20.9208748769015
21.8662109458819
16.8121056995831
31.2462024623528
13.5683895787224
27.1927129244432
13.0953093194651
23.452232289128
26.2468536151573
26.6167293768376
32.6850771671161
11.8563284864649
29.1400288231671
35.8983579110082
27.7610583230853
22.1720705972984
37.7891627335749
15.1366344420239
33.6693112971261
32.0733205648139
26.938734180294
24.160709278658
18.6345646891466
21.9710582867265
39.9076906036848
29.1075464338064
28.7681831745431
28.9685633266345
31.4065196551383
30.8137805433944
12.0274131651968
24.4654399808496
25.3716413630173
29.786768113263
25.6034461082891
27.9163690051064
27.2093252744526
23.7266393611208
18.508144072257
34.7056806532151
30.8883426012471
31.9104871014133
18.1446706410497
25.6733191665262
27.9571110382676
22.1395188942552
26.2260479386896
31.1940719606355
19.9741611024365
33.3755635889247
15.9085127275704
26.4076769351959
22.0944299828261
30.2403984824196
24.5898060500622
13.8026220956817
26.0348102310672
26.1104704579338
30.698562017642
16.6994615225121
32.0728975813836
34.3557005748153
30.4899864830077
13.6729185003787
18.4673736337572
32.3078460525721
27.9054723447189
27.6117122033611
22.9307687142864
21.5372385922819
8.52715654764324
13.1802421697613
21.661701798439
26.6027897130698
24.7725783381611
16.6114368708804
23.433107486926
29.1779552819207
24.5814031222835
22.690124833025
19.0218963221314
39.6607347944737
17.681934335269
31.6081942657508
23.628190276213
30.7462201453745
8.76240997667848
29.6493809470672
24.5283676777035
19.6875588968396
14.9255717871711
33.5701688425615
25.2998862648383
29.0617979830131
25.0201486982405
33.3555915858597
39.1235466420802
22.8860014351085
15.1276798220351
20.4985727944482
22.1899104537442
26.8391809225697
13.212032103911
23.1349470326677
19.3769792793319
38.3388580733395
16.9777159811929
20.4080763022828
18.1739441351965
30.5786160286516
28.1663660917789
18.2830984238535
21.4521262096241
29.6974432993346
30.1132818916813
19.7946702998056
20.9981284337118
36.5035750878056
23.2223378261551
29.6010195144421
16.8092343024909
19.2692708689719
23.7416534684598
18.691288959235
22.0172060420737
25.5212252959609
20.4063853248954
36.0476084666931
28.6854582605883
12.1353291440755
17.7976665723372
17.3071185126901
21.1232740897685
26.3435957720503
16.7530751554295
26.6306718112901
23.6831628033028
25.3391636069864
19.8216658318415
15.3403407409738
20.4084528842941
23.8517807796597
17.8851704130574
32.5797935947776
25.5431449273601
29.0600929705481
9.83971203677356
22.6346747018397
17.26037816702
23.4523387336798
27.1752111148089
25.0680172350258
40.1445584816343
31.8290637107566
20.4853992676362
37.4692661683815
21.0946501931176
25.4538716748357
30.9222839539871
14.3244128186653
22.3891040310264
11.878034188579
20.7083127927035
23.1556230224669
21.4420144213364
24.4458993664011
16.9746756195351
15.5722753876966
31.7244340665638
21.6725463280454
20.7038399297744
22.152030444704
28.8978804368526
27.0749344490469
31.8126394413412
15.765478182584
25.4845392191783
18.2033475255594
19.7241740301251
26.503911614418
16.6550769703463
13.7628588359803
24.9254166847095
17.0157177495243
18.1451314361766
19.0087313065305
24.4855094468221
23.1514764018357
17.0376725104067
21.5790375035104
19.8528888402507
12.3916182899848
23.7026452319697
19.0961234044632
26.2182761449367
16.3005795329809
41.256771426189
8.05247016251087
20.5024828198579
18.5619149822742
25.8407555986196
24.3884304451703
17.5966170239213
22.7071588326076
16.8706381693482
28.3663901500404
15.7503710826859
32.7944601187482
17.7495692073979
24.805435934104
18.8592741498724
20.1571049867198
23.0422715656459
10.4178204666823
30.9561929199845
27.5311062345281
26.6935903113335
17.496703658253
21.929797786288
18.4871628654793
12.8864463651553
26.8360416172072
19.1445547156036
26.2205514125526
27.0211277529597
28.4179805312306
29.7655425965786
8.54797696151435
23.9956014091149
34.1686445986852
24.766868702136
15.1797872968018
38.2484661696425
13.2631927030161
18.0008137098349
17.9073226538014
27.4029079126194
25.9096251334995
22.8043049341068
23.4279324805661
31.1518579721451
17.1592633705586
22.1738181775436
37.9247172248966
25.9973889449611
21.0564501033248
27.1547555248329
34.4887742074206
34.4226132379845
26.9860037136823
21.5280793607235
27.3313431069255
27.7553617488593
20.417168558185
28.5934256855398
22.7284592343494
25.8037152467296
22.6112576152729
31.7144461441785
27.1359565434977
30.5890340125188
35.8578254215658
17.0973293017596
19.6358523797244
29.4206158490852
25.6835008971393
27.7852832106873
30.1116636022925
26.8402665155008
26.848878338933
34.2341556912288
22.9941253084689
23.7512401072308
14.2040306749591
18.361643073149
14.026293691592
21.4319014688954
31.159988953732
24.9448444927111
17.2118385322392
10.5889087542892
30.6298206560314
23.7198845716193
17.464543972345
26.5162918018177
24.0337525628244
30.0962265855865
23.7230125349015
26.0591670441245
34.4893575180322
32.1268457919359
29.657872300595
22.8535541333258
31.1530658276752
24.2884834995493
24.6053956132406
24.7307460056618
26.8181172199547
24.7412745721105
23.4651740407571
34.4218050828204
24.585839087241
28.3831066917628
19.6930596837774
12.2696680948138
19.4718891056255
17.7927589043975
21.6512433486059
15.8577784299267
16.2378667620942
27.0563963567838
34.4069070415571
28.0024593695998
24.7027234407142
23.2780216494575
22.952748881653
15.2751360321417
37.2723641570105
24.1646733600646
29.6974801225588
25.0736984657124
30.8164077112451
18.6328170169822
8.19904885547022
20.111251459457
34.3221318209544
29.9126120982692
22.5081310374662
21.3023889111355
25.6429948378354
23.5890272768688
27.8793493751436
19.0441435949652
27.4512225063518
20.2217650956275
23.1737659312785
16.3774035757022
20.2744201524183
22.3766400408631
23.7459861673415
13.7526931473985
28.1462531769648
27.8632552130148
27.0721074659377
21.0352591937408
21.3036322267726
15.941135212779
21.1458398960531
28.1944308197126
15.9100830322132
20.4146490432322
27.5916132843122
29.9713523359969
35.7717753531399
23.0588655036257
22.5603552745565
22.4569381447509
34.2540115350857
27.5290417484939
30.6844077538699
27.5070039089769
26.9480153918266
22.0863368129358
18.4857022948563
26.1463670060039
23.3030917688312
19.5159861590075
26.2426587502713
17.7317177178338
32.4688968714327
17.0086028287187
34.0140234446153
13.199009591313
12.6923113595694
33.1771872239187
30.5812420789152
21.2651459464263
29.3253625975922
26.7601085593924
29.7043805941939
22.9278693906963
26.2227832450321
16.5489751845598
18.8796554226428
23.6902198296364
15.4133613454178
31.101398030296
16.1578654777259
25.7585041457787
15.4647598643112
10.8242450514808
27.0312349544838
14.4583380781114
22.5853165337946
25.2696376061067
22.7537453873083
25.0348723601075
23.3159333933145
27.697002585046
19.3145493086295
20.0159522937611
20.2718626242131
8.34537700284272
17.7482046734393
33.9728930266574
23.7311816782076
37.3246306927752
27.2971174446866
33.3439351525158
25.0737778842449
20.9374207537621
20.1383296167478
33.0832832492888
15.0039443391528
19.592905424508
25.5324623780325
20.929744746536
13.3399778627411
24.8523369380667
19.2615928239165
30.0591971492395
24.8207537923008
24.2058246629313
23.3157382812351
18.5485516441986
29.4858530629426
30.5646868655458
28.8209140533581
18.006750755012
12.4717747537791
33.6042213253677
19.0986731089652
31.0854881303385
19.8218938196078
30.0401239190251
23.1544270180166
36.6318359541766
26.5817201929167
15.5338372336701
32.4871857184917
8.18545231595635
20.1766807585955
22.7384270168841
20.291143403022
17.7811125060543
28.7170133553445
24.0964726544917
15.8408104369989
25.9579503675923
24.1191016510129
31.3695132732391
21.9629460042892
23.715043393895
32.7051575295627
33.5627164458856
17.3557014903054
12.463455617051
14.0793410828337
30.7482163588515
20.5699071520939
29.5454886276275
29.8714691074565
26.1489203199744
27.1311012412706
22.7651363238692
23.2040664350938
14.2772264852244
24.1661385865882
20.9930029538497
19.4984642008943
27.2966644028202
22.8520531066498
31.2251647701487
27.2082526935264
29.7348249237984
20.1640716764088
25.400133128278
20.5255529843271
34.0242044534534
24.7784443432465
23.8857329590246
21.0252699675038
26.7885874491185
26.7039710655808
27.3111276794225
20.7617263581514
18.7508177943528
20.472215837799
19.6576563641429
19.5460562827066
25.2317254664376
30.2539432886988
29.424487054348
27.1202652482316
28.1798386946321
24.8874605866149
30.3983199777286
27.6439283974469
25.2082962542772
29.3602099642158
25.3754821140319
18.4528109074557
24.7709965799004
18.1347362697124
22.5863538216799
17.587374872528
23.8082998432219
26.2817630544305
32.9406549688429
33.2934945821762
15.6876634203895
18.0314352037385
26.2324287076059
32.3457536753267
24.8169858939946
8.55090266559273
29.8588926205412
26.5176383079961
18.6799861025065
19.8577640112489
22.7717724163085
33.1559480633587
25.2770523004635
25.5593517562374
24.210628028959
32.4377846438438
19.5479517104104
13.8780164532363
28.6634293152019
37.7751226981586
16.9506347971037
32.5695608509704
21.6665515210479
23.821322774404
18.5956038301811
23.7245418597013
24.8115086462349
19.8395601360376
34.8715775209482
19.705695216544
22.3986400524154
33.9439808158204
26.889396016486
20.3648004680872
15.8110043266788
7.60450254693548
15.9751075719288
33.3510664990172
25.5822293460369
15.6591973034665
24.7706134803593
22.49439668376
17.4771406828104
29.5477985870093
17.8886769805104
21.0710189305246
23.8202303182334
16.0986263555838
30.2497573196888
28.9940052432939
11.6078612394631
26.152084232308
25.6492449901998
24.2632820038125
26.7269046744332
15.3242498403415
39.6274985617601
25.6397539510557
12.9249528516084
15.9125381847844
29.7090530395508
23.2641059206799
13.622527080588
23.8831425487676
14.8713465547189
16.9983536237851
25.7315021473914
24.3575634900481
35.3731996010915
20.2114873565733
20.7064579154599
27.1767256082967
27.1942340997665
20.6767780955013
21.8298247782513
28.1170240836218
26.8872893182561
23.4091736143455
23.5455317422748
24.3865714175627
26.1310657253489
30.5450139334425
26.9234735518694
13.82825311739
27.9248871142045
16.3000626023859
23.9263935514889
27.5338870938867
27.4449030635878
29.6099876984954
27.7697561075911
19.6801112500175
25.5286183208227
19.4476463599131
21.1089747026563
24.151679337956
30.3624769905582
17.5366141367704
24.1017709020525
25.1035235356539
26.7078025324101
34.1403065016493
33.3374211797491
23.7727676518261
39.5239924525327
29.4084907975048
28.9216289529577
26.3422173215076
30.5779079673812
17.3980578780174
23.7008928321302
25.423231581226
17.6669077103866
17.3111676471308
24.6841926279443
23.795237345621
17.1398197766393
31.6773668141867
20.0122320558876
23.8632521592081
29.2584291659296
31.377629796043
19.4490203168243
24.0088200895116
20.2411656500772
17.4321998002169
17.6110506756231
23.1767432997003
40.6633243875063
18.7061914895128
23.4054556582123
21.4448982604799
28.2261052634567
13.919450994581
23.9444413371552
38.8387277792524
28.3480441663414
22.5270036142319
21.2132642045617
28.8802384166047
20.0439096661285
16.0782293183729
15.6028688652441
21.2398797972128
22.6393325254321
33.0899635562673
15.1998776709661
28.6163033451885
28.3674334874377
31.1702846782282
21.7975788284093
29.4415837852284
22.6743834093213
17.3710530623794
34.5545821357518
27.0622813608497
38.1455598760968
19.0390265482394
27.2471632342786
27.1549914548863
21.4420017087832
23.5184659715742
29.7121739946306
20.4481224795107
28.8982693571597
38.4055695475495
29.0421336190775
24.6372849191978
20.4062737524509
25.3582480130717
23.2085010269657
22.8524019941688
13.5674932971597
22.182754194364
25.0895587494597
24.4801309165274
29.5520995743573
31.3739722827449
29.431482963264
24.8649573419243
17.2856875462458
16.2165142828599
24.0921437985542
27.1653075702488
24.6928771504288
29.5853355899453
20.2545684529468
25.4467951832339
23.1376446783543
21.9639963237569
31.342733418569
27.2055792855099
22.0055438345298
19.9517540168017
27.2060972871259
20.6929796840996
13.5592121327629
22.5867883302271
23.0553921239184
32.9640662996098
26.3987367739901
24.5567926438525
22.781333069125
18.6082715168595
14.5067993318662
31.6070311469957
26.0075089493573
20.7842359319329
25.7013742811978
21.0326896197682
17.6429401850328
28.0351529596373
26.5794684877619
15.7173178857192
31.0332703171298
29.1001167614013
9.03071654029191
19.3099762292324
21.2899004342034
21.97186620906
23.258599662222
27.1881410153583
29.1160513181239
35.6327282114462
17.4252417404205
18.2603732659367
18.4114783070982
26.6020097304136
23.6262080725282
31.347146583721
15.1488730451092
18.4098601574078
13.2458397420123
28.6159372655675
28.7238540127873
21.0839307740519
29.4145773164928
22.3905736580491
27.3658061632887
27.692196960561
27.649488626048
21.9925491982204
33.2922730827704
14.1797942807898
21.5800047619268
20.3601345419884
23.0346599826589
27.5276570348069
28.7802323466167
15.7095691654831
19.0186586929485
27.0233520306647
21.477249218151
31.76837163046
25.8601868525147
19.9282253393903
31.1657158192247
28.8194536697119
32.8354720259085
28.328283294104
31.8186136428267
28.3275290392339
23.274486977607
22.060695066019
25.0401671044528
13.5619580047205
16.7613863945007
27.5690268725157
20.7915756385773
25.1153424847871
17.7832139655948
22.7412182604894
20.2609051251784
27.5778722483665
18.6020361336229
24.7957113609604
21.7531709931791
13.3370336610824
13.7807398255921
39.1932391540563
22.2902948735282
21.8834490282461
14.8827195400372
27.4252341827378
20.742046344094
38.2165348710731
23.8942856201902
27.0941383438185
27.7898096712306
22.8348246542737
22.5224430905655
24.2708670906723
22.7216131286696
22.8519284037617
11.3097129361596
28.5825445316732
21.6384131461382
21.0452081629708
22.0740995210041
20.7723665283993
29.5020100194961
18.4633840807612
19.5672382134944
20.2392118051648
36.5669659317887
18.2460328130538
25.2543079429063
29.0316709317267
29.2756337672472
17.7349223522469
25.3952167759058
24.116494704372
24.5331509038806
10.3680597385392
16.6669404832646
28.0665727565065
16.2499970136843
34.9668709589677
15.3781359549612
29.8567058285698
32.7975044026971
24.31621090509
25.8331214543432
27.5348607327697
17.5170013448223
26.9625321030617
15.2625524671748
23.5471442341805
28.7080995971337
9.56014425028116
16.8205495923758
27.2062876261771
27.3245766667772
17.5335948600171
28.189703348871
21.4812326943502
32.68475192599
24.07300863415
28.7867198232561
31.2131635611877
13.8127603568137
22.9951981222257
22.0500393537804
30.8260416146368
27.6710614096373
14.7350064478815
25.9868371983439
32.2456738000922
19.8949393583462
15.4391635907814
20.0623076158079
20.3104094602168
13.8513895217329
25.9260876104236
11.3885969854891
30.1757409470156
16.262321103011
19.2997959209606
17.6395752932876
36.6069147670584
21.9401989364997
25.6605801638216
17.3881252063438
29.8472973750904
30.923730134964
32.7686262549832
18.2639528298751
30.8180506806821
26.2116056634113
24.7300939584001
17.6992891949359
19.9457423062995
18.552152835764
15.3428801102564
24.4336243951693
27.2329428233206
18.1760185887116
20.284775268559
26.5483069466427
19.2610237048939
24.5770261157304
17.0290784211829
26.4389436226338
21.3779885441531
34.3288171105087
26.4508647378534
27.0399237750098
31.0727613512427
17.0057073934004
29.902106220834
24.5833461172879
34.7380467203862
22.0580867026001
15.3700147056952
28.2847776543349
16.5161247743545
16.5084046311677
32.3435980593786
33.2392119336873
21.6510786674917
23.3694849535823
15.5531621305272
29.5942932134494
19.0101197586926
28.8968596141785
14.196555246599
16.2771044531837
17.8504445357248
27.499549346976
18.035819940269
28.002743027173
23.4412507852539
22.2726071020588
23.3121363911778
20.7630591152254
23.4107084004855
27.1221574395895
29.6825210563838
17.4457951666574
31.9581248797476
12.6809071283787
14.2135025992702
20.1048870105296
25.8768217172474
16.7571186654928
26.9273024285212
32.2750844992697
37.0844492747638
27.0272639580071
24.0237563382834
16.1228031851351
21.8281947076321
14.9589265696704
39.0646465101695
26.9597647944465
23.2039810623974
20.6836194699205
27.7256631235451
29.0405853884295
16.8141649337485
20.0870970264077
29.3278460158035
25.4940810846165
18.3488386915997
26.1025443207473
22.0596972154453
25.6121521117166
23.144609387964
26.6826773062348
28.2148875528947
26.0448573622853
36.8339056593782
32.3826066218317
27.6815330609679
28.5479631973431
37.3065769651389
19.6246466599405
20.8024799704903
16.8140823021531
31.615943973884
12.5713390760901
29.4381161453202
27.3722921523207
19.1181539557874
17.2946572536603
16.5024446323514
29.2610152857378
19.05171002727
24.1298188455403
22.3112599691376
14.9129838947901
22.2438565120514
11.0837777145207
29.3448624899611
22.926103672944
27.5879170185259
19.655596892556
25.2788240090013
28.064235416241
23.8324731355533
12.1627886100153
36.7589933686355
25.2281174296513
25.0502869719639
25.7862928323448
19.5965506834909
20.749347191304
24.0262544015422
21.7576100490987
33.0222965450957
23.7247235141695
26.600209553726
27.7072990778834
20.9575190674514
23.3197410590947
16.5822108012342
26.7417105147615
19.8086854551908
24.8990665655583
25.5553796887398
30.7817614171654
25.7570103742182
24.6932057430968
26.0707806795835
26.1031571775675
24.9331184895709
30.2771227201447
23.3944296138361
24.8111787717789
23.0300201801583
25.7537301862612
29.0095935575664
20.0371485203505
14.5508529451016
23.0124030960724
27.7425270294771
24.6386125683784
22.4954586476088
25.2458648290485
25.6178746465594
31.6576871089637
22.3108099397503
34.0487541863695
22.9486946482211
19.6844422025606
24.3082214845344
28.9529546163976
23.7917360849679
15.9742780029774
17.9711505305022
23.9154451526701
33.1850152928382
22.998665086925
14.7874024863092
21.7203135782042
18.2505021132451
27.589295967482
27.6551145361736
34.1909014619887
22.1453533042222
21.0596956778318
20.8724081050605
26.4478101395071
18.4179748175666
16.6817857185379
33.6714709876105
27.5246920064092
22.9282464832067
15.7208485761657
24.1998563902671
22.0640077860586
19.8295629350469
14.4724352285266
25.594942108728
27.4878084193915
18.0887598078698
33.6202703649178
31.2498881297146
28.7906449047007
18.8369549810886
18.6297747772187
28.1260479707271
27.8443716699257
23.965176101774
20.7747297128662
36.8105705445104
27.8769582044333
26.7247798776511
34.9577268564558
30.7590221054852
23.9819664042443
21.5725154150277
19.2451571114361
33.1412761472166
33.9950645109639
21.9678140729112
35.1080144268876
32.5579553842545
19.8234393727034
35.290302147851
24.2909868713468
30.7396567426622
21.23316321522
16.9759267941117
35.8709550441659
35.9324596801257
31.2318983254954
22.4777941515083
16.0095678642392
16.1872310331091
25.8098628139123
29.0147335501388
28.3467702334747
18.2762070326135
21.2930917507038
30.886652180925
30.5977741954848
22.5816050544381
32.9872787697241
37.6270428278899
20.2708602854045
31.6147329984233
24.4629208697006
35.7911054023957
22.2717366879806
28.4968339838088
26.1141440132633
29.106627361421
24.1539353504777
37.3358338198192
36.023958258093
27.8478992637247
22.8022844615639
33.058795449324
23.1042956234887
25.7912788074464
36.5850336223562
35.5820457993706
25.6797182606533
19.3824030691758
23.4212351962924
15.7300445716828
18.9928973792121
21.5047569712624
27.1892154123634
23.0588683520869
27.4861947633326
32.1172896306962
23.1649042895026
21.3508650660515
30.1698248196733
25.6141858408228
39.0825737466439
16.3214802043512
37.092927887798
18.9174476312221
10.7139420928434
22.5226823473349
27.1687280386686
12.4424576293677
22.3855746211484
25.1209851587191
23.1287547154352
29.5867167180404
40.1445655392217
24.2784741800278
16.9538532849401
14.2858579754829
14.8491133702919
22.8521996853973
24.7798523167148
38.8012537711716
40.1652007040506
26.2423187494278
16.4388551609591
31.575584015809
22.7540836902335
23.6128258053213
19.7416867129505
17.3629359961214
21.2098133051768
32.3039070703089
20.2128247357905
22.273591789417
24.23540892224
27.5774732232094
31.1673237476498
20.4885083417898
25.13121611373
26.8656192580238
19.4363210818023
18.5307596344501
19.6836255894673
30.431747995317
28.69659406133
28.0570389237255
25.6423159280769
19.1796756815165
22.2085689427331
25.2193279032206
32.462501199916
16.1405113525689
23.7697338254274
20.5348023213446
26.8483536550775
27.4295058680777
28.0481194611639
21.0875117452815
22.6249966770411
30.1613334100693
12.6564369111961
8.69464676361531
26.3002875028178
28.1099856132641
24.8091569370739
33.5424117511138
35.6528954559422
22.9336683638394
19.6256677620113
31.0034421971068
25.2806935459375
24.411595568057
17.5164325162768
34.8520554347006
24.771274307347
27.1207005894966
19.7664734674618
9.1387486550957
10.6862569693476
32.7536473749205
16.4705910952762
25.2851554425433
24.5479816803709
19.7121270018306
22.8572878753766
17.7580812480301
35.5008104695948
22.6572895655409
21.0105344337313
21.9121697358787
26.8635867163539
22.6677935104817
19.7671973379329
20.1721537392586
21.6371568385512
36.2499120158559
24.8665125109255
21.1006664196935
20.1093067254613
24.9648076016456
24.4901572586969
30.2911266684532
38.6242520210315
26.9377326359972
27.5201553711668
22.6488208165392
29.9200844019651
18.9545333385468
18.6360803432763
34.7887759490415
23.8159772241488
22.6325231138617
24.7292170068249
20.5215798923746
14.4368850626051
22.3165024071932
20.3584307804704
19.3010748928549
27.2263232152909
25.8429504930973
34.1228672070429
28.0057953074379
21.8460800824687
37.9271836384424
22.9731842342681
19.4226360251456
31.0987611301243
32.0705449907109
25.1429567346349
25.7260703481734
23.6947497352958
26.974174240604
22.9203537354612
21.2578222621232
20.0026131235063
18.780146281547
22.328459094164
