"x"
43.4377562720329
48.5694220289588
46.9223584514111
13.3678323123604
18.6769937630743
21.0193094210845
27.1950990152429
43.6492218635976
38.7806862127036
32.2509071979856
15.7877000048757
20.184759057647
38.062575494307
20.490133902058
34.8356231703511
20.2712341211736
31.1251464765519
34.4076944049448
51.2066222261637
17.8703787090476
15.9712911583483
9.80232132910098
3.48160971059409
39.9605463513163
38.5628754273057
9.52039510011673
41.1754009195798
16.0712266683034
55.5926576722413
38.9517827608291
25.9401157032698
25.6066814282033
38.2656989887698
26.1702344049745
44.074931088835
13.7764454273744
46.1156086064875
30.4470554383252
27.152843028307
19.0904716495425
29.5155304484069
22.057334613055
38.5390038136393
31.8177204579115
9.83037925325334
4.42868578247726
22.0624857636655
14.2447953260939
41.9309271095841
23.1209462974221
20.042247325182
27.7841930743307
46.8032848555595
16.2644829135388
16.0869240295142
36.8052623234689
23.0367037467659
33.6032976862043
42.5908045843244
17.2865401373854
30.4416780599974
8.98552988655865
29.1208825074136
32.494008494541
30.4794876370579
23.034958780232
17.0773996505886
15.1912516914308
23.4901713176378
18.8711075112224
34.4332462476853
19.1266960464418
32.002983847633
6.53546821240893
0.77897640109077
33.4229837637395
30.4110377561301
46.831485349685
28.3738815691322
25.5173854064196
26.6616113949567
31.1990438960493
38.9562764060842
48.3910237904638
36.8991273556318
35.7249539345503
14.6303613085245
25.5239571910352
46.7661496251822
22.9971300856742
35.5976752737476
31.0941364616156
24.7642938513309
19.503638567403
9.02223051525652
25.0722575932741
42.4272281583399
31.1899835709482
33.0386728979647
44.8664426803589
23.0731840245426
18.7357658986002
29.4725439045578
17.1742243435963
36.4131222479045
34.7840348724276
27.5559416506439
3.10411905920611
35.23013247177
19.9010892771184
39.5835525821894
22.5531859323382
2.33017387799919
43.5578621539433
15.3223875444382
17.8704247344285
35.818820586428
22.0690846719022
32.2359315585345
31.8225131835788
15.5835647997142
20.2048801351339
29.7137504443526
22.6679274812341
29.2097418569028
38.7548466213048
16.6698399931192
36.1159184016287
33.9369711326963
32.7537108212709
10.1096894016508
28.5051176868621
33.9886421337724
23.9002866204828
30.6736025959253
36.7693664506078
6.75438049334404
22.6037814778154
12.814895121774
10.2713636863196
13.4685114874288
14.2103232808189
19.3020917475224
41.6821685619652
43.6584276014338
38.7572943698615
42.450527427718
32.5449425261468
30.1895048934966
49.6302280109376
8.02730792202055
9.61872588409497
17.7007763256966
26.6649543773383
49.0482180844992
23.7423188053071
37.755331909284
31.841182245993
34.6496185081515
35.7210667803884
36.6717697341915
14.8108055485038
26.8131388780697
35.9931333406216
0.511121795107048
48.390453774482
40.4802154182657
5.21785239689052
28.3886491916792
33.7010045535862
18.3379333931953
14.654686441645
26.4773134607822
41.9585935771465
31.7313998006284
26.6006949925906
31.1949133872986
9.09227575175464
44.1830094903708
12.9042292945087
43.2460849639028
46.1104970891029
6.21710593493744
40.226969961077
32.8830572776496
24.7320138383657
42.7820024080575
22.8417529258877
30.5045263841748
47.6791768943591
21.8044104656553
19.1528631839901
9.98410871940651
9.39141074195504
20.1704793100719
38.1071414332837
28.3082402626337
31.5985285211354
20.1305519323796
35.2630191948265
55.4441776126623
15.5917594917716
40.4055803548545
17.4513327527723
24.5733545161784
38.8407838437411
41.6030337102711
8.45050248176194
27.7808860150651
28.1393091800897
5.75817248412447
12.4643299262971
38.6444091796875
15.1484976056963
9.85634853132069
7.33127910643816
25.389191461727
27.3307081777602
34.883893141523
19.5780924987048
22.9205328971148
16.2415320053697
5.68799297325313
8.86050118133426
25.5312737192201
12.1435013402583
51.2953632118534
12.4537690076977
11.9535007469322
29.4016578234732
16.4686305448413
23.3597984907701
33.1528031732887
41.7248870246112
38.4788058698177
41.2041212897748
32.8770603984594
41.6628496255726
27.8408606536686
28.4138574264944
7.36233852803707
37.9411581438035
26.743126148358
29.6029249671847
15.6544421642878
36.738375807181
18.1416269857436
37.6019102521241
37.2287641169249
28.6247855983675
13.9838030561805
29.3906520586461
55.231605656445
5.95702999271452
30.377122759819
16.4316375912328
31.7181812599301
26.0060769040138
25.0726593658328
28.9240836631507
33.9430118393675
28.6556103266776
33.3681733347476
19.2737064660241
26.025355886668
7.90910677290576
16.074592387474
42.1117622262233
21.7463862150908
25.1889400184155
22.9344440624118
13.7545275036246
22.2601275891066
48.3903278596699
31.8441313797292
31.7827445454895
41.8327601160854
4.29338828087054
20.4985400661826
23.9313763566315
18.7940278900964
41.1129317712039
14.5576047245413
50.0292265322059
3.5207663045102
4.37302957288921
25.9960744995624
9.64817376807332
33.0598373431712
54.9977107904851
24.7796332463622
24.4570037516054
29.4740284646425
24.342766450718
23.2055705194437
7.83805553801358
33.0497100349314
32.4851014651358
13.6313965698438
22.2187561865796
21.3616662158815
10.8040805938216
23.8140921108425
41.571600921452
34.9452724680305
29.2534406296909
29.3683955445886
0.138577234356526
16.5159908588976
24.2321744561195
28.4862059168518
27.9819285031408
31.8963207304478
35.3485006839037
22.5414917338639
13.6134927081269
16.5625767373769
17.8021155763417
29.9826468806714
30.1171300467104
17.8523292772451
28.4419421106577
46.9618855509907
7.88786937482655
56.6049011889845
20.1405860411164
32.1435879915953
38.2910377811641
28.918005945161
17.6084460224956
15.9776726271957
23.3657800656461
24.4086258092024
24.2071127846775
40.3135568834841
21.2546284512576
49.3282293435186
31.6162629518658
11.4667499663266
1.56696080230176
24.2764825001359
42.6619479797374
12.8451721018553
15.1141915368377
16.0166403876904
16.7659626808017
8.60465576369187
43.7374584885205
37.0363434311002
7.40905087441206
7.52074103802443
7.48822258276585
33.4213982336223
30.4469499737024
27.9363622888923
18.2697089401982
33.5385326761752
12.5355959869921
20.5792022868991
63.1929636001587
43.3283988015023
51.6839223913848
4.26806313676488
28.9686870761216
33.0994448624551
39.2985824288758
26.7519770655781
21.0506131872535
20.1026423834264
36.1972721460849
43.3871927676866
14.3750045722091
35.5899377260357
28.7104515824467
61.6100600920618
19.8039736133069
35.6317935977131
3.11273760162294
43.2828745339066
20.3598736319691
30.4062596800574
0.575180395426601
21.3220876641572
28.6051357133655
0.0308940229474101
27.149456879124
14.0556140567262
24.76562904194
17.0512502547354
19.6630142613365
30.3208888508379
13.2703999774681
63.7582505121827
22.9130365420133
30.7574531529099
21.2483050933138
9.784882562235
11.5452843252569
43.2168524712324
35.5297884438187
20.0667761266232
13.5731625159155
13.4395122963825
45.0512687121572
38.3998065721244
31.3931160700882
18.5452819336206
39.7673289757222
26.8213342409581
18.6737533658743
33.5886461194605
23.7575776419955
38.6440058238804
42.9730842033485
3.93993147655297
38.0382668692619
7.35486535934198
25.7350855972618
35.8343403753319
23.9877440966666
19.3736365064979
34.9261308088899
48.8861221820116
29.6468484310428
34.6018335781991
39.2812576144934
27.4128980003297
38.8917274024175
25.0676337163895
2.59643881581724
38.1310805212706
33.4026635895839
0.135961873456836
48.3680145349354
15.5049154534936
9.11975134777936
26.7281538517107
12.353090357508
27.6249780785292
46.0369569249451
19.6859741981846
37.0273966342211
24.5120033621788
6.36673185809694
31.540868577256
5.09754358790815
19.9175587855279
49.1141547914594
7.31730947151664
21.1643317306338
37.7644042234481
33.481776714325
58.6108170449734
15.9653494134545
19.3450487995262
31.9849190767854
49.2716725450009
18.8519311137497
43.5138976157238
6.81016389280558
45.3989034554265
2.05661852656947
39.3877777229807
30.5483608972281
7.96911302022636
16.4996947161853
1.76287377253175
48.9028360694647
25.0406794687517
21.479791495949
15.0773716010126
26.4860025976991
42.0702958449691
20.9356371313334
29.9970196281526
10.4773575420587
33.815495978746
7.6527364552021
40.9171066246927
19.5578125771135
21.0367491003126
37.1492092031986
47.5634320173413
45.1560141518712
32.8254409600049
22.2884559989032
17.9046714707217
22.6221663663584
11.6243267113036
32.9921162221581
18.1292947792029
13.2916426553254
13.0184354260564
27.7156170923263
29.1525316424668
27.287011872977
19.9358790647238
41.2836691830307
24.9421678182781
32.2322155814618
