"x"
13.116251968313
10.3066847543232
13.0653639324009
5.01219155622078
11.5457711275667
1.73691956227717
10.7623212737963
4.74612441612408
9.96410488816556
8.44513659831136
11.0648075002246
12.4312970088795
11.1288810498081
7.94071592100256
11.2383535248227
11.1209253896959
9.00916968239471
7.54779327509926
9.91358018643024
6.17166374737904
7.99911342328414
6.57583928770454
14.6787932142615
12.269899668172
9.44296664867201
12.3637181590311
9.25547098740935
11.100132286083
10.5383004503197
13.0860543111339
9.41866475623101
9.53062135959044
7.82964020036161
10.1522822398692
6.42399532912818
9.97252451586158
11.3764137611724
11.4768146187998
13.8483094517142
13.1551834737835
4.09576860256493
9.07583526568487
4.68327090856578
5.86779935983941
10.9274910762906
14.5284889615141
8.6008416954428
14.3095856299624
8.90870243310928
14.6169455023482
12.7308942959644
12.0027809287421
11.8271398241632
3.24638684978709
10.5268895626068
6.00739154908274
6.34310756407026
9.69629363389686
9.08298279391602
7.14735811343417
9.47652291506529
8.24679143770703
9.7256452543661
14.4433333072811
10.725838887841
10.1950131568495
9.88350425614044
7.53906725626413
10.7872199965641
12.8689761040732
13.0551136331633
7.55534585332498
12.3459327500314
6.59343523722022
5.98292178474367
12.7507077879272
10.5205457075499
14.9970270809717
15.7106231548823
11.752054967879
10.0137340836227
10.379905825788
11.2831932376139
5.02063962818241
5.79601341160014
10.6253462727182
15.7463361276314
11.1765203764662
2.24378714337945
7.73355116834864
12.1043084909988
9.30742275668308
10.5036294087768
11.1292188754305
11.4104209351353
8.33390823099762
15.4544807155617
4.40230338135734
10.6582771805306
11.0302222310565
11.2033229088411
11.6497766342945
10.5664213304408
10.6542885303497
10.6169870938174
9.41501104971394
17.4136156646366
10.0046653296465
12.7926822281725
6.17964714765549
7.82998099457473
9.1674593611555
10.8206994365901
5.2742951666005
13.4039045893587
6.5048121730797
15.1218265178613
8.38223990774678
8.25049107661471
13.1815915810876
7.54032509867102
8.7770136189647
4.46081813424826
8.91754507320002
11.0208260477521
16.1795721156523
10.7793857576326
13.1703840568662
5.07062386022881
4.747844429221
12.5270581687801
6.29647488240153
8.90342610655352
7.40643823519349
8.5001656669192
6.90316363470629
6.74912176593298
6.95104730089821
15.0441481615417
7.31196299893782
8.28845275100321
11.8586975266226
4.61067977594212
11.7755625164136
11.5371576393954
9.75456489250064
8.77053163712844
4.33025961974636
6.50929623516276
10.0949394400232
3.37519844201566
9.20621055411175
15.2695988760054
7.17747838972393
0.611290091183037
9.2603659722954
8.38180985465858
14.4227790241274
6.34721444397124
8.79276186460629
7.31462123803794
9.13779176771641
6.91216011250663
12.6338511588983
7.9594740178436
15.6197272706777
10.3593142714651
6.95669795386493
10.0483009009622
11.5758427020497
10.6160784140229
12.9294951676165
8.6633663700221
4.52102695989766
9.1872188844718
8.80856469739228
9.5247027813457
4.28541491273791
11.1459625186399
13.1196273607202
3.09871068457142
8.12622579978779
6.38722304249138
15.3684844495729
14.2749709558274
7.89514178177342
10.4373859590851
8.34644462447613
12.7165742102079
15.7631783513352
9.10173098091036
8.24488213984296
1.2054246446339
10.5449832044542
10.3609207672752
12.6765640937183
8.20815369140362
8.06408856296912
6.96698409738019
10.1393669028766
10.3797219588274
1.84575523849745
5.63354657702803
8.0269817262888
14.7660709568299
9.38734408092564
11.9212194811553
2.80894056195393
5.00023989006877
7.64583492418751
12.8345429800914
7.40572813665494
3.08450105324633
10.9788729809225
14.9738702806644
13.7208493426442
5.88723422804507
10.0337195559405
12.4706156319007
11.8840210954659
12.8115680534393
10.2652013995774
15.4790830682032
9.0984967071563
10.0141013856046
10.3479040670209
6.56427967533676
6.10452568210179
13.4154747240245
12.2749420814216
11.1937810329696
7.93322663059382
9.15757176699117
8.42315661720932
3.74574958425079
11.3237293342163
7.98270871483366
7.9563323392599
10.6847039773129
10.1936450460926
7.70199410617352
10.1790628628805
9.36625656904653
7.26616319734603
7.22599917789921
10.836653446313
8.91712407059085
12.3731980682351
15.2028441950476
12.8579099241206
7.94237644877285
6.21834236076526
9.50729361502454
7.59233231889524
6.86792047927156
4.85446817197651
6.66486377903772
13.4211365948431
8.88425630610441
5.00185984419659
5.51444311859086
11.481272502856
13.0219825485732
11.8180241785012
10.4703343706205
6.95047871414984
5.10345740476623
9.28030594950542
8.4592581843026
8.09210673905909
11.6583589231595
8.14078660338973
11.2762410892174
6.09457502141595
9.41776223480701
12.9587244591676
4.54791158406486
6.71300766989589
6.12872381195338
8.9257144369185
9.11865499801934
1.1354820635293
8.9935659969332
7.28010449716674
5.69730699062347
10.5906453671834
7.195130281616
10.7563635334373
12.7882282948121
13.4064935497008
12.1911741876459
17.1440127654932
5.4493588780308
10.7103439746425
10.7631216640584
4.96352721238509
7.74531967472285
4.77035065133762
7.6111469095121
7.84089615335688
10.0495470804162
10.0279363902754
7.01529437210411
7.21382746705785
6.64254841749096
4.63577111528324
13.7363835703582
11.0582223394886
7.78660684267178
13.4623703430407
10.9774374548132
12.4105886672623
1.16042869631201
9.59780031116679
8.18710861494765
11.5722917951643
10.7434586039744
11.3818201702088
12.68944357289
9.32270170887932
12.5789209092109
7.38497689466359
14.5760436870263
12.7035689544188
11.9341124314815
10.1736870303757
10.6353469346542
11.7219764739275
9.10913843319489
12.5007231952623
11.6494047339074
11.6120126843881
10.0504389847629
7.4890039046295
12.3667992069386
13.5196176473983
12.694575672457
9.41742138238624
5.55369501234964
11.6048438590951
9.43576440913603
6.45088478922844
9.24189600627869
8.41185311163878
7.85543977981433
15.6618688139133
12.6994731253944
7.27815239224583
4.10195114091039
8.68765130871907
8.7512959346536
8.74001290649176
9.05343481572345
6.95867175236344
12.2971467906609
10.8406087849289
6.97631451149891
8.4780432324266
7.90659212507308
6.36570459464565
12.5304909306578
12.5762402894907
3.10795221012086
6.13239691075177
9.69081926724875
2.35879206698623
5.27167066466063
7.02347564511001
10.091989825014
7.74974626584144
7.57595314644277
13.1914221332408
7.79634812409163
14.1135740443133
13.2739766733721
6.62985549681885
6.88602303853258
12.1633560745977
7.40481946850196
19.2609084526751
6.15617650328204
15.6172870309092
7.97897215234116
13.2978877451404
6.77427760008654
9.06752521497581
12.4593346845359
7.84447648722848
6.64790224961537
8.52033133851364
12.108820839785
12.4688653508201
11.6556674591266
11.9674891699106
7.36480581108481
9.94414319881885
14.1412576776929
11.5597001160495
5.3144281581796
8.34881686605513
7.15961077528107
7.91847728634931
8.03050794638693
7.63893994735554
3.58335956698284
7.55485791481293
12.2431019786745
14.3328176112846
12.2164862812497
6.87849823657464
8.75947250751778
13.8493312639184
11.408869526349
9.2627372359857
8.99292826652527
11.1746195936576
5.67789422521093
8.69288840298216
6.46393798133321
5.72777712748244
8.75981238204986
8.01466155098751
15.0798798305914
7.17353007057682
15.3801315929741
11.0750649590045
11.6998872486874
8.0037767771773
10.0249981274828
9.24689772344248
6.92663851659745
13.3384550805204
8.03595061879605
7.0900852442719
2.30498986365018
10.3729342925362
6.33870557649061
10.2781646174312
9.98666827799752
9.55743266968057
15.1193095021881
17.5807727257463
14.8007359239273
9.43428506143391
11.2849432858638
10.1112852105871
8.04048845533778
10.0830704267512
13.5026458650827
5.90909288730472
8.81787649122998
2.5665385090905
10.6287148535449
5.19923975225538
8.02967039635405
10.2631736179684
13.8263182714581
12.3631375608966
11.9863610365428
5.79431584337726
4.37418220405982
10.7181970514409
10.4510221863165
8.12405267497525
9.09629380330443
12.3680350137874
12.3943818267435
10.0650451584531
4.87842356532424
1.40988937346265
13.2935752626508
15.6541633303277
8.36112813558429
2.02551942784339
10.6964064994827
7.90145845385268
10.8949952408993
5.61898679006845
7.82976029440761
13.4148025652394
10.8232770697214
9.93104809895158
9.27323990035802
6.48558678803965
13.0439830711111
8.06699541863054
8.02899923874065
10.1249238359742
8.74309027642402
4.29268591105938
11.6946233785711
12.2100045206025
7.85566864069551
13.2709043810424
11.7863712483086
6.00831515621394
11.3568593398668
4.83539385022596
10.436535300687
11.3699353300035
6.26265818718821
10.7069261721335
13.5730591020547
12.173658318352
9.73535026999205
11.7459589615464
14.4636610512303
5.66207537254466
7.23857737611979
9.03510056373188
11.9981561671011
10.2667433326133
5.45720504596829
7.72701046577173
7.63215012699943
9.63338441245654
14.4311914569698
9.9459208161378
8.46475964337977
11.5591374807991
10.5512751149945
8.58489632373676
9.91711287060753
6.63208957994357
5.90508052340999
9.3139196978882
13.5888237273321
10.8856978360564
11.5106630139053
8.43082719948143
9.2741783708334
13.5674673016183
8.83329331409186
6.5393922268413
8.02683766232803
8.79035020479932
9.10162528743967
10.7915941583446
17.5988097664642
9.34315276099369
12.7321038866344
9.18337141629308
13.3425964042544
6.3989127036554
11.9446082855575
11.5477544488385
10.9454738346818
3.46991115948185
5.27459846343845
8.04274084512144
9.77888322195732
14.4400698598474
3.84334904124741
9.15992238524671
9.7832731436938
9.22117811860517
4.32484829798341
11.9745867326856
4.65679799672216
6.66662371950224
16.1702760844491
11.4900069776922
5.75642819749191
2.16594222001731
7.57750442717224
9.61656033759937
10.8431636937894
12.5868660747074
4.30715297115967
12.4411297210394
8.63658973319804
7.34580677235499
9.97279114089906
13.0813194671646
8.67979214262363
1.96521610487252
9.03505685235972
14.0483009392051
10.6149694649503
12.7201781026088
7.12112584151328
8.88920306460932
9.6867470187135
2.24403130095645
9.29654202191159
11.8455112562515
9.6762210003838
7.30927173281088
14.62272136705
8.91911122016609
11.9553791009821
5.71618196179996
7.19938426045701
10.3869995218702
9.80613793628003
14.1983659006655
9.78866618825123
5.63715167809278
7.32892927480862
11.8195445626043
9.39894491528799
10.1230986215547
6.10820072470233
9.27308805985376
8.90887611715043
10.8472103951499
6.93126851019673
9.87223345265081
8.24966174550354
11.6922053508461
12.4642650829628
8.97354073364418
13.3107840402944
8.23729398618055
5.27242438402027
6.57147438032553
7.94140378807272
8.92371964873746
7.88181317038834
7.11369256023318
9.57854244625196
10.8431662747714
7.48726195888594
6.34663937380537
7.70269543863833
12.2001692536287
7.3349435464479
8.91326126875356
9.23090752912685
11.3051171298139
13.7385538662784
11.1093135712053
13.1506319972686
5.98138689529151
8.48820692626759
11.3687406173758
5.46867924276739
10.1429451378509
12.5690061460134
8.80752441007644
7.33002154062629
11.5123008610681
6.98841401216664
6.91972364438698
8.88389607425779
3.20572435157374
5.51878512914281
8.69808489223942
8.65667221369222
6.22857906855643
4.6884682145901
3.77106688903615
11.0183927579783
3.04958166088909
12.8881961572915
10.2704380871728
8.85795262875035
11.2613210221753
6.18689952891203
6.70733206206933
10.4865556000732
11.464177374728
10.0088420091197
5.26087015168741
5.27605568592156
8.51448549656197
7.43277352303267
10.0130001315847
9.09920971607789
12.907654477749
15.4833053937182
15.5192434322089
7.90401523322215
10.6230035540648
9.34693892486393
4.75782534340397
10.5765494750813
10.9952289494686
11.298434517812
13.6353150592186
13.320134440437
9.11314132390544
13.6239500017837
2.71426282124594
2.90864669697144
9.9016607971862
9.94923850521445
6.15377647336572
9.10735236328921
14.5422156318091
8.38412581942976
5.87846342241392
9.54940177034587
12.7878230763599
11.1678142265781
4.82433661818504
5.23362142266706
13.3324341499247
6.58500390127301
11.166980327107
11.3508577923115
3.18118326538716
6.27909559989348
8.72198451543227
8.35535282967612
14.8169176522991
6.34182021695501
5.84277093879252
15.3206954477355
7.66594600568231
7.20054112607613
15.12549292529
13.4917510091327
11.8817071663216
9.17906012618914
9.50005628401414
8.84861428057775
9.25963742585357
7.30306333862245
7.98359313048422
7.66305077122524
11.9298149016686
10.4225204559043
10.4107906809077
7.52656895201653
9.36294895363972
11.963040579576
13.2907343679108
7.46270710369572
6.09781768871471
8.75563611043617
7.86098622488132
6.56222513644025
9.37693990999833
5.82820976851508
6.85272456612438
8.01545667927712
12.687407661037
6.56720795668662
9.732010809239
4.56012442009524
11.7142743896693
16.6025985497981
7.99077987903729
10.8566356007941
11.3202716689557
2.9668923583813
11.2560032634065
7.93380632876169
9.95071458164603
9.68271911842749
7.50344364205375
9.78336938424036
14.7961231996305
12.0933603029698
6.26308638079816
12.0388111565262
7.63209890574217
5.25012060534209
11.7224454414099
9.77228153496981
8.78328328253701
10.2088527288288
5.0354961771518
9.0529496781528
3.22005485179646
9.5437012729235
9.90009610541165
9.55059401458129
11.220836282384
11.8674763594754
6.54617549153045
12.260918924585
6.8630603258498
11.8774356436916
8.75638711731881
13.4308222448453
7.21102217212319
7.02034463174641
7.57932591950521
15.2675951598212
10.3871140279807
9.7875140674901
6.47354474058375
3.13527048565447
5.36800401750952
8.8456118828617
7.94757003683885
5.96482472028583
11.9056608295068
8.16599909448996
2.23433538340032
11.4353546174243
11.6604519211576
12.4457350117154
12.6358049106784
15.6912688282318
6.27995389513671
12.7107331369582
15.1815507211722
11.4966587396339
4.84950825460171
6.61205360665917
10.1378404768184
13.9072887133807
9.89599352469668
11.6985098575242
8.48978421834281
9.68042686581612
5.98361244192347
13.1938652717508
6.3793099950999
8.52204058040049
10.0024890038185
9.96308589819819
13.6245032656007
3.56902158819139
5.49029438842239
16.2411771831103
10.1058672647923
10.4373161797412
9.7301556263119
14.663110638503
6.86861263820902
8.31121473789289
15.0191000313498
7.67768026562408
11.438537016511
15.0350751588121
5.60650966363028
9.90154290002858
12.6250164001249
7.83760262179216
4.41943542100489
10.313285770826
9.28833149373531
6.25351538571513
11.5885925712064
9.48767558438703
5.41781315114349
9.08037851331756
8.28658523969352
14.1248316620477
10.0333821144886
8.87067534739051
7.05943948123604
14.0325491083786
7.29914223775268
13.2717178901657
10.0769132608548
11.3272124777708
16.7686905246228
7.30401753680781
9.46939853020012
10.538218182046
11.573948233854
7.43511380220972
8.96391803398728
8.09956276497635
7.58062992841802
6.61206505028531
12.8361955867149
10.183004301507
4.90131597034633
9.60830881958827
12.2337542357855
11.7117704707198
11.8279329151846
6.21454321080819
11.2551581500058
8.44420093344525
10.1048791664653
11.388357821852
13.0371974548325
7.65724201919511
11.7975912056863
10.5188732850365
4.85797539586201
6.78723490564153
12.1800196939148
11.0734873102047
11.38328978559
2.65286158194657
8.4548668586649
9.02118472149596
10.19728386309
12.0958614841841
14.4918362726457
5.63594079576433
11.3552734680016
7.34061008552089
13.6470734025352
9.14452447323129
12.2385291266255
8.91016516834497
8.63287575775757
11.0237570531516
13.6054065400208
6.95298780904492
8.48177021834999
12.5055794953369
11.2342952858047
9.57683449378237
8.38060127596852
13.9583519659936
11.7382294614799
7.07835837491121
3.19290588377044
12.237726746537
11.2954422261951
10.467818360172
8.13922373345122
5.53727098740637
9.36767999929021
13.6317015858367
11.8962131789885
12.7318429411389
14.7410454927012
8.49934307625517
6.71565956436098
9.91937794276132
11.8525597848929
9.76633264217526
5.09095217033379
5.19804285140708
9.2075756605588
16.6241224273108
12.0695230434649
4.68752916203812
6.58460347913206
7.16673787683249
11.1162799061276
7.28552804794163
10.1325081544928
10.0559424841776
8.27882626326755
16.0377084626816
8.64492005396932
10.7132971170358
9.15100420825183
7.95537520898506
13.6847327696159
3.84552909045707
11.9227850926109
12.3473837040365
14.6722218953073
11.5447419928387
8.01046834513089
12.9654441378079
14.2210773774423
7.33473711879924
6.99650812894106
11.4071680116467
10.4443835210986
10.002025263384
8.30808682367206
10.2681903956319
16.9463612604886
10.9436366357841
8.52837153943256
9.9016743367436
10.6108343810774
13.6395648587495
8.95612738095224
13.6539758415893
11.0058335936628
9.06727506278966
4.59595084200936
11.0421639983542
12.2039030655287
8.29752343560165
13.3753469330259
14.5900201168843
9.48828050215939
10.5771431932226
10.5619755688022
9.00895274244249
10.1103221764788
8.50224462337792
11.342547842476
7.29032520903274
12.4731552554294
16.2112455349416
11.9472331483848
12.7694517606869
13.3351133088581
5.07914021145552
4.41544045801727
9.18366720434278
10.1871136226691
10.6449653860182
16.3159799412824
13.6282627587207
12.4229766956249
11.2712632399052
6.04736925430616
12.2730046045035
5.97315357792319
7.23730083554983
8.05678679607809
7.14174909517169
3.42709359653759
6.4124315045774
10.1884215022437
10.4929731227458
12.8855502116494
11.8043327471241
4.90080100717023
14.7798452409916
10.0084109581076
6.35277912952006
12.527382990811
9.23432316631079
11.1355530310126
6.40406254678965
15.3143492061645
8.96897015627474
7.05281147966161
10.4214822989888
12.1758583467454
12.782044231426
10.8694218570305
14.3227449385449
12.3876694706269
13.5928673436865
19.0766085442694
13.473864342086
10.6196748209186
14.2522576148622
11.6013985594094
9.11047275876626
10.4355179316932
4.45277726976201
10.8241641079076
9.82511073816568
9.67072840058967
9.6932738670148
3.77587742761802
6.72079564537853
7.07294904217434
5.05927294725552
10.3750469977967
12.6475125318393
10.262151574716
13.3407249115407
12.5877371174283
12.0155069511384
8.59363167010069
12.6212417360309
18.0650399754497
5.31893251463771
11.7901438614354
7.09808779647574
8.03054143907502
7.68090933561325
14.026748132892
14.897420653142
9.28773544728756
7.9473253688775
7.8514383174479
8.83140958612785
4.94853951968253
10.5098508414812
8.35626397747546
9.586802625563
11.8920019711368
13.1442288169637
9.60300361039117
13.7867864454165
11.1306819366291
6.44845290808007
12.8548689885065
7.75245356683476
5.04263841110484
8.61119020229449
6.33664858760312
4.3721443740651
7.39811937091872
11.7023052414879
7.7074148110114
13.6671717278659
12.9055171390064
14.0418686787598
8.77726323669776
8.39439443079755
7.50923593932261
7.92974984506145
10.0562407383457
8.97968409117311
12.342992099002
14.9196588783525
9.92091027771379
4.12812415743247
6.3944457215257
5.95573530218409
8.58615388860926
11.1395044485107
4.52610790962353
5.4683147377989
9.61388633586466
10.986769455485
6.97315689176321
8.15851425286382
7.18406481901184
8.16891938447952
9.27826438114892
11.1063478048891
8.09904243797064
13.0843570789131
7.92634662845848
6.07647568685934
10.401419087287
9.59023273065529
3.91798872278183
1.42252958500115
5.98437080625445
13.8687195023522
8.38870991302715
13.7498497846536
7.11272788466886
4.56230825976223
6.4685424704619
9.55751199508086
7.78431156650186
8.72227898798883
9.21239203324111
2.92410511756316
8.3899634773843
11.2896714939337
7.48130620922893
12.4904570518993
9.86763767432421
14.0238897517175
13.0223905085586
5.37637547822669
10.2962183501681
6.44933867733926
5.9067327179946
9.1622966225259
8.05974310496822
6.88114824960662
15.4536459827796
12.5440123141743
9.22821888234466
8.95891797263175
6.71554438762578
11.079990631966
7.20890150405467
7.72445684997365
12.2541331220418
13.2722315611318
11.2906985217705
10.7609665603377
13.4909898042679
7.88763456512243
15.6330502941273
10.3402951685958
11.3478315645289
8.23385419789702
8.83077852195129
12.0270255720243
11.3682266091928
12.4534461181611
8.79524937355761
10.6375884031877
10.1141551160254
5.53961020195857
8.17447124281898
13.8932324480265
8.11652828706428
13.4016073308885
6.10095917945728
9.55970925278962
11.8501826189458
9.88150999182835
4.95731278788298
9.16968064446368
10.3243649354478
13.7430532020517
5.75773121068127
11.0996691975743
11.6867960197851
13.0890442291275
10.9322573741019
9.01767226168886
6.77037414711779
1.73729009624391
9.16204295353964
11.4312803489156
17.3127086600289
11.7428554105572
6.76142564974443
10.8657889766619
9.61031845072284
14.3211762886494
12.5310315517709
10.0044657243416
6.78349679801613
8.25008265710962
5.82610212732106
12.3381385143002
8.10402008629901
5.83199871471152
10.7967604533769
9.81960529461503
12.2584380093031
13.7140092207119
11.2667279982746
7.12766030810085
7.12701466400176
9.14463564986363
8.65560519681521
11.5774394985669
12.2304798900335
7.22644688794389
13.1995503551315
12.6156454780705
10.3149162345683
10.7249701744877
14.6951424423605
13.1010532029904
10.4885198990814
11.523770906621
11.9948165258393
11.5396559718891
9.12373360548513
10.8107539941557
4.45507781650733
6.08591021748283
8.15038322471082
9.37203553048844
9.18356898473576
9.048035973683
8.61845400650054
2.53988966578618
3.62055245786905
12.5610715360381
14.6195394219831
6.89526521600783
9.15619465731975
13.0096837412566
17.0042257057503
12.2255470254458
1.84574513696134
5.98166918181643
7.77688979869708
8.14424050040543
3.72723314212635
9.89388879388571
6.79870093589814
12.6052073785104
9.05047720298171
11.9177392101847
7.62912231730297
12.8728074720129
15.4987600864843
10.6088354019448
8.34280058043078
2.22449643770233
6.98791188187897
11.1172180389985
7.82238193787634
7.56168420193717
14.6073581650853
14.7255018898848
11.8409670190886
11.8769977642676
8.71460338879206
5.31291987281293
10.1139655103907
12.486884480817
3.27107647283474
8.68556628702208
6.2699519447051
14.4390022032894
9.76457969518378
11.2276887637563
5.72472718404127
9.84330911238694
8.80209576304375
6.84858131248025
11.4383137086406
11.2479233182967
10.8795944834128
7.07442493876442
14.2727256636135
10.0323018734343
10.651746019721
10.009585111402
4.08681866247207
10.7660248409957
6.98381049135338
9.62009627837688
13.1657104589976
12.6952841295861
8.49308186443523
12.2522530495189
13.4755863924511
11.983767140191
11.6467669140548
9.01292720809579
12.7565086004324
12.1361253433861
13.0856915493496
6.7433915217407
10.6959457392804
10.3390384931117
9.64696161087888
9.23922965303063
7.85162313841283
8.25969066936523
8.16738145658746
7.23323249258101
14.321062352974
10.9144385787658
6.07573225861415
8.2871847669594
6.29043339286
9.63035190676233
6.6464961739257
11.1056072753264
12.5636139884591
11.3034328096546
7.94441590265794
12.7145763020962
13.5513709159568
12.6231017406099
6.75811003893614
10.1826398051344
5.75735659365115
11.7940422380343
6.47699786350131
15.2640069951303
10.374741359849
10.3979057865217
11.9554313947447
10.8974818373099
13.1632279639798
11.6195206390767
11.9891540845856
5.60109301349936
10.5694274257505
8.28302699374035
9.33990229386836
7.7400017529726
10.0623354548588
8.70448617497459
13.3680894635914
14.62145766709
11.8574187974446
6.82908221162003
12.9028280265629
7.45557509362698
9.75622243405588
7.03622958390042
10.628575598821
11.1944236635708
6.56145743560046
9.158489422407
8.89714705765254
12.5559220905416
7.91800987208262
7.10056865809574
5.00106181716546
13.9561439398676
12.019379506819
15.6984303030185
11.0222493065521
11.5766887757217
11.3378060748801
9.45716940710154
6.80145537771407
9.69078494235873
5.81322389189154
6.07652191538364
6.25495716230944
9.43998383773235
13.633367116563
3.65648317383602
9.25996520090848
9.23340150846687
9.96574140153825
12.0331328362226
5.82921757595614
9.00601597968489
13.9105465379544
11.0045142821036
13.5397472186014
14.2917536664754
9.02114047203213
5.43985120020807
13.4778154315427
15.3546728310175
11.25825305935
11.2068961723708
10.1853231317364
12.6952836522833
5.49404009943828
11.8688965216279
3.21685551745843
10.9974116901867
7.42253445283303
10.4147426274144
7.08168392302468
8.7785723968409
15.7197372056544
10.3870703593418
9.52312857843935
7.29902646589496
8.63843294791877
14.2844792222604
8.55010904279864
14.7751940299829
12.3420543037355
6.72251926449954
11.4878090677179
13.5434997151606
9.50053774286062
5.86894230218604
7.5152836390771
10.6056752731092
10.7870896230452
11.4188437582925
2.03659407020997
8.55431644013152
11.4811277133413
10.6733295950107
9.0788121698931
14.2829151474871
4.39358990406618
5.33553068044843
6.17992549668998
15.0477662333287
16.9887542724609
11.3552914786685
10.3672806173563
12.221188750118
17.213775368873
5.72301725197054
8.77792814280838
12.9811943857931
9.62945348583162
10.2936748997308
17.9984084785658
3.25758289248402
11.1068829661235
13.5865924065001
9.68161943601444
5.28803185951596
7.80370749998838
14.3735292484052
12.3695335467346
7.55391644779593
5.9859192755688
8.24859798885882
7.91357787093148
7.35486561898142
6.33614270926115
8.85862205150715
10.9282487072051
5.64305173473144
9.73849560832605
8.37481229100376
10.8064366666369
7.97177006024867
9.4049122533761
10.0470740674031
6.91712367720286
9.9156507756561
6.32088506827131
8.62396686570719
8.74598406286428
9.86483109882101
4.17548866390498
8.76907533966005
8.96512144889321
8.91786075662822
6.27297228012675
11.5126258926466
9.88129859975573
11.8948734481819
5.12886422220618
5.79577135305074
14.9341651238501
11.2853401423786
4.48331194929779
11.6994044976309
12.9140256089158
9.01259640231729
5.40105263935402
6.5647350391373
12.2761044185609
9.37794670462608
10.6882921303622
10.2507748795917
9.76050627360081
5.02717279587103
5.41912163607776
6.94507620064542
11.9177254964598
10.7322989264503
1.89559835707769
15.4465651256032
5.58871119240012
8.92563674936458
11.6051955963485
12.4349660356529
4.46953220525756
6.27895097426432
8.25434462167323
11.5051190601662
11.9206409750826
12.3557209270075
10.2727971388958
10.6431619613431
14.0191034855756
7.5925509524143
9.22503503321841
11.4714359835794
8.71717078844085
13.8212436926551
7.97199737280607
10.6657041586004
12.0485919062048
12.2345033800229
7.57770838681608
8.0692634684965
7.8329901327379
12.8494143951684
10.3063850197941
11.1706077237613
9.94918487267569
10.1764950668439
12.3741805216512
8.03399471019091
10.5159711907618
9.48636446818506
5.38062177700689
12.878386862576
2.74824897060171
11.2104805652052
8.32615178078413
16.0739584709518
9.44783621234819
6.93011073162779
8.40884449426085
11.071741336491
6.91685275061619
9.17465459788218
8.87287193909287
6.91716080806477
11.5152018843219
7.58109503048997
6.41199557576329
5.3027514135465
11.1194330384023
7.99340868834406
1.97652474384837
4.69033924805131
3.34444452624098
5.67400711588562
12.9460639203899
8.81337808677927
12.1520258719102
15.815704560373
8.70101720793173
7.04787117429078
3.42278252355754
4.33163116686046
6.93095297319815
11.5621775039472
12.9779290175065
6.75286998739466
12.2614918043837
9.60925845429301
9.03942964505404
8.35756535460207
11.0417433781549
9.79243245674297
6.47866344079375
10.5404646837107
11.7966082761995
6.0640268609859
3.89581670822983
13.5264435084537
3.6176445428282
5.73673914899457
14.0841249492951
9.579355554722
9.36596754472703
9.35700889676809
10.7053103274666
8.09183629780816
11.4426925084984
12.880573887378
10.271865373943
7.53055989112129
9.37063093247915
13.626781210769
9.92761187953874
10.6518359971233
16.829903924372
11.4535960834473
10.9899135073647
9.26421739859506
7.48094103764743
11.136270754475
12.0722889627555
12.2242878656834
15.8014026470482
9.53920793253928
11.3530385153073
14.7953563835472
3.35567378973216
5.04658347927034
12.027572793895
10.8638949909743
8.87287369696423
13.0042761913501
8.20253889542073
5.98938432522118
6.98263590456918
10.1924781803973
12.0401603751816
12.8109672688879
8.67607501568273
8.5696186740891
3.54127060854807
3.99262927239761
8.20533407792493
7.09492180030793
3.94701710046884
9.25213849404827
6.48096585646272
10.1152729948523
12.4583797878586
14.1576140187681
10.401486615184
6.89486348542746
10.843476082664
8.42617427697405
12.4794407698223
4.94624099228531
3.77595124300569
6.60905410768464
7.91401513852179
8.22179226670414
3.29307607607916
12.1545877449471
8.40952174039558
13.8293056865223
11.7367891161174
9.0908034471795
6.58069129567593
10.1044422131963
11.3720736582763
10.087177879177
9.93984057568014
3.22108796099201
9.28321709667774
7.38401439739391
6.41835497226566
8.87610179913716
11.1813086945513
11.3790208124556
12.8754946636036
14.8685915744863
4.71980740636191
8.61133107605026
5.01888431608677
5.58632089523599
4.85728204415167
8.47396772587672
9.69754430698231
10.4902949300595
12.8115843981504
10.2130014100112
13.4328272443848
11.8927716976032
3.04144956384905
5.42741917445325
13.9077234198339
11.2960711470638
12.33647079207
14.3570046406239
10.0932826403087
6.91629769280553
10.8748359722085
16.1421106895432
11.2112287431955
9.99810464162657
2.1936918823431
12.0603779912926
14.0436810175494
5.47636733390391
12.7834362521966
8.88987906363028
5.81342873629183
12.1540019637905
8.63105898024514
5.39963376941159
14.4416542374529
6.19241710519418
8.53349176468328
13.055555045139
11.1763986758888
10.2101018070243
11.4632318262011
6.24875981593505
11.1617623828351
8.05020801490173
8.90680307889919
4.57997748162597
13.3094020187855
10.3532393792247
7.50789761077613
9.15011428296566
9.21684362692758
0.640038470737636
7.89075367335125
8.92783517483622
7.95271960087121
8.07173270732164
11.4200420677662
8.35786932148039
16.0448667011224
6.59750828053802
9.42198486323276
4.72772298149799
7.27588336449116
9.33369011618197
9.07645806437358
7.3850744120962
6.76376381888986
8.70543755590916
11.3560663652606
11.5158525761217
7.30201624101028
5.76617282349616
3.76622191397473
4.58478364162147
9.02471689378967
10.0198079148545
10.371045069769
5.3987943946701
7.91538225021213
10.3833555127494
7.66384160378948
8.94759219210244
5.38658528876553
7.54350638536073
12.8700289991684
9.90753045771271
7.88966849213466
7.91066261008382
7.27795590206981
10.533154476434
15.5409720609896
10.3140081977472
8.52420558221638
6.29964221734554
10.4258993291296
9.52965834876522
12.2676781495102
8.72724391520023
10.1982068736106
11.9987785816193
13.4604700142518
9.38915484287467
5.00799915792916
9.83322797110304
12.5838808104471
4.44459628618748
7.61380445910618
11.3662925781682
1.61540694258929
8.59599735122174
10.8071898925118
7.18575420323759
10.1645699120127
7.62886547017843
4.70214925007895
13.3609688840806
5.5796750302036
9.85559401318142
9.1412985813804
11.0791752700315
9.56873766845092
11.2168501131237
3.97329057639009
12.3628054540648
16.850052762311
11.0903271124698
2.82837819540873
7.89345143130049
8.41956418007612
8.82788609014824
11.3724575028755
4.45252835496297
3.1248789629899
8.02620626054704
8.95937606692314
3.73717732727528
8.3609705447302
10.1204145001248
10.66836201353
8.17197209734942
3.79394160605755
11.1745963222347
7.87993087639837
5.96179411513731
6.38829406390599
14.5256393711062
6.34931894019246
10.2194049279206
6.95449212798849
9.6312912995927
6.78767955396324
9.85418354393914
6.7903592535592
7.94918219326064
9.49481539667719
6.38051154091954
10.9966449273099
11.086563924225
4.26755093503743
11.8122649379075
10.4046524618752
6.41720419516787
8.13947452697903
9.14656141540036
12.3471355525189
5.83269888302311
9.44252676563337
9.37283139700569
5.73041670722887
10.2842777501792
5.28055726317689
10.9176616999321
12.6375071937218
2.99714743052578
14.6131356246769
12.0117883197963
8.45131999416359
13.6485006660223
13.3342801333934
15.4608874458518
9.21671324176714
13.1219941889867
4.08009919337928
5.22736908169463
4.05777312116697
6.64915924426168
4.95049965102226
3.65538295932254
17.7834097657683
9.29781050654128
5.2820805227384
4.85351427638187
8.52369954809546
12.5570974661969
8.31076956819743
10.1430321409918
16.44949442707
4.97288900660351
14.1330590588041
11.6843593656085
8.51303487979339
8.16835967125371
12.0258775888942
8.62897974438965
9.79717738227919
3.73757363995537
11.4621485583484
6.91137628164142
7.44371700566262
8.79168638493866
3.1206346466206
8.55812983347496
5.62356100417674
13.7032183236443
4.60560722276568
3.96027902606875
12.1464920695871
8.63947705365717
4.89425120176747
8.3861573165616
9.20349240768701
5.52481760109831
7.0141796752364
5.00187216093764
11.8821246083826
7.60911471443251
5.89444180950522
12.9757481743582
13.6603913386352
4.06870459388786
7.35707053230227
10.6617298559286
3.19971367716789
12.2972347890027
14.4452049513347
13.2283241022378
9.00483960285783
5.57784044769511
11.2404818180948
11.7140017371127
2.62552297208458
5.43243979336694
10.0517841172405
11.7010740214027
3.5269897242329
6.60871642176062
9.70453704940155
13.1304230424576
7.61974754277617
8.50981263210997
10.1437358069234
8.04350997786969
8.47492314642295
8.31572028109804
4.47950293159853
12.7203139765813
8.27628897632149
7.73378305602819
11.9569717091508
7.65123267192394
13.2212805794552
8.84190918877721
13.4232715587132
7.16006873199211
9.5886971639501
7.00335158035159
7.2086009109038
14.7233743112673
10.0792033340266
11.6506207850762
5.93839314533398
10.1032768841833
10.6805967663534
15.2494505280629
12.208216276877
13.0962753668427
8.676528185606
5.59032699093223
12.4361759051681
11.2317728344351
10.8626561937854
14.3275561975315
5.12929440010339
8.57544268947095
5.15461151953787
3.55463717132807
12.4130194153109
13.2465434726328
11.3747898838483
5.07546080043539
15.6437559984624
8.87154714437202
11.2518865615129
6.04709176113829
12.2159006306902
10.7254745205864
11.7752519604471
6.58803759142756
11.1550076256751
10.6945433730757
5.22607985764642
7.59722501970828
10.4177597910166
12.4559611082077
5.89741530129686
7.24730469519272
14.0710737733052
4.77512723300606
10.7589010731317
10.6646104482934
13.3330366923474
4.91470381384715
12.7296567312442
9.6404570969753
8.09905322126103
8.52496930285437
6.67862962000072
11.9669640593565
6.79755850525557
12.8350211190991
6.92007345244794
8.04868621053174
5.56594204596794
10.0160601898097
7.53282409859821
10.9308240818791
11.8559755617753
9.90361049771309
4.25969171337783
6.60957647487521
14.3905634526163
13.277272018604
8.52995006134734
