"x"
18.0688708089292
18.284103507176
21.7422351742833
6.45142102148384
8.50920914672315
16.2057006033137
22.108745155856
9.91683986503631
4.22746481801222
4.62191652040929
15.0090863928199
14.3162826971081
24.7609067009762
14.8785040946677
15.3974341461435
17.5110963577463
10.6445067096502
12.2646117815748
10.6348253786564
13.2270548958331
11.6263232892379
10.1233543129638
14.3422602908686
8.53923885151744
12.428385624662
20.5310509814312
13.1600188091397
13.4809646289796
16.7534704087302
10.7372243849914
11.9281352321426
10.6168626081863
15.4383977176622
21.3793879374862
14.1127195674926
6.33719307370484
12.0317430540753
15.5203016543779
10.2229028008878
17.3678234918043
12.6210872549564
11.0719919204712
13.1207527127117
19.3054320057854
10.5179464211687
15.0123494380828
21.0419832933481
6.17229391355067
20.063562435098
10.1541170151904
26.6341056674719
15.2930552372709
7.47636097948998
15.304440818727
20.1751548796892
22.55223414395
10.8046576147899
5.21345108281821
18.3442777954042
19.026947254315
6.03174979332834
11.4730439601052
19.6481770370156
7.19791853582617
16.8713733088225
13.365780049935
15.4883815963367
18.1605518562719
14.4309027586132
17.5007382873446
16.0339268837694
13.0303844722355
16.2239879483939
0.811171531677246
14.2633257899433
5.71073865733027
15.4435941483825
2.25945410784334
18.1188810849562
13.207188281958
19.3016352131963
10.9898945220903
6.19156546890736
12.838043528609
17.6589072543342
21.7569152126089
17.4496486182384
5.48906184267253
4.38184367958456
11.6338359424844
16.9555388259952
11.5125875221565
10.5695209465921
24.9591542640701
22.5602858382712
9.66551261796771
17.6937201526016
2.72601132460555
22.1889511682093
5.36102224141359
14.5202200626954
4.21820285676249
22.1357895992696
19.4941241294146
23.4102964866906
15.6593599589542
20.6529210144118
9.87409185618162
1.46336178295314
15.029540238902
17.8928423905745
9.15430678115105
16.8868615951071
9.702726197429
11.8838554248214
27.2219665814191
13.6247222544625
17.4465760000777
8.70731102768332
11.2188027957832
19.1870367402805
19.2669282201678
10.9440802363679
22.6674463368752
14.8990667890757
8.20071480702609
2.34911836591377
14.2106405226514
8.29265946522355
1.09925282835617
20.5722552491352
19.578147190623
15.535615128465
17.7681374363601
28.6549313226715
14.7800310282037
11.6289550653729
11.410436197184
17.2892726912381
11.5311813075095
12.5602521872436
10.8328707981855
7.20571738860704
11.0109276403511
11.1483434207016
10.4951319983229
11.8666661170716
18.0680961580947
9.69406033400446
9.80435276610076
28.0860723461956
9.21166318003088
12.4370418954641
19.2781073274091
23.8022510195151
11.3019808164501
13.7638629181311
12.6146874390543
11.7180047893922
4.36362670734525
15.5734409810975
21.0809454554692
8.4535938771726
20.3802784439176
19.8909758822992
14.449943578802
12.8786541055888
13.1252043880522
13.8336211210117
10.3303358890116
8.73617840057261
18.1944639404836
3.20561856497079
1.21599703561515
21.2854142067954
10.3686171583831
16.9061818858609
25.81953543704
14.0913072740659
12.127044564113
9.83873810679873
17.8138316143304
9.57151411566883
7.89809671696275
0.284732272848487
9.75095607712619
8.0910230288282
7.38955150722677
8.19257241673768
3.31148428376764
23.4242502832785
12.3944544000551
18.241549632512
13.3040240931332
20.1589237200096
10.0555691402406
12.9421392730872
15.2914527337998
16.8121283641085
16.5616718143349
10.6397858588025
8.77873775172434
13.5180029785261
10.7868604594842
17.4450744409114
27.2722876863554
5.31200901605189
16.1907132816272
18.4976113727316
13.0981978029013
12.8865123726428
28.6145398959433
14.5885856123641
18.5627430910245
13.689015712589
11.0796389868483
0.102797639556229
13.9475292293355
7.69901524763554
12.119190976955
18.6404078267515
11.9143442250788
17.2551638213918
14.6238279713807
6.51930484455079
12.639723950997
15.6640633009374
11.9989224942401
12.1548351898847
17.1868131030351
14.174433099106
8.65172025077502
28.7366061983913
10.7401856454089
13.5493429167022
15.3220620006323
4.30638422258198
14.2757281704206
18.6210395069793
2.06397408619523
6.30107948090881
10.4320745374869
13.1035034311935
11.8965651394346
13.9451186233128
2.4652533006406
14.8019542451948
4.09531729491044
20.2691830461845
5.82168316468596
11.5397216277096
8.01471506711096
3.49956477198915
19.3713319022208
5.22155726794153
17.1062609646469
13.2923862431198
2.80991445761174
13.9315732754767
15.1356725720689
8.97572022203782
15.1401334252455
9.06204108614475
5.66288232803345
22.1049543702975
11.4287563599646
7.24650520668841
23.5563808819279
13.7686133617535
13.8272722950205
8.2813189830631
21.3180432328954
10.4109535226598
14.1437743507503
5.18641935238304
8.73870293144137
8.36675423197448
8.59138732776046
9.96353682130575
22.7653240785003
16.8904004152864
6.69086575545234
3.28143660060817
18.1873709089548
8.03105987928055
13.3808763108597
7.25555117242038
9.53104553561138
12.8014184465968
15.5279593542218
16.5287062292919
12.5571135219016
20.1483602635562
8.46806929912418
18.2509583188221
10.2318214204389
16.9427573528774
8.72560800053179
7.33508069533855
16.1163916578516
11.3030924990433
0.656831463360954
18.7835075659677
12.4433548655361
15.2705480344594
15.179755887948
19.7972591966391
6.22994413133711
20.4509369330481
14.4217031732396
11.9776335719776
3.04852575063705
24.8167576501146
3.03820273767406
25.9488257812336
4.41632246022624
11.4654166391119
3.93063814188347
20.363812125288
16.8089369079098
9.63269446510822
12.2733553759984
10.664381319657
14.9706063326448
12.6579550845355
9.39760563418878
23.8898918032646
17.3999041086063
18.7732857264131
7.03448203857988
23.2642981922254
20.6417961977422
13.4983951924369
7.47658736072481
14.7123758448288
19.4292710596169
10.7843729900196
3.56659817043692
12.1124629862607
5.13200820775328
4.75987088866532
17.6241271197796
13.7116780970246
21.1398114683107
5.76029270887375
18.1890572886914
8.59417577739805
19.9237257707864
6.64839341770858
11.9155564919977
17.9024157579988
11.2405428662896
17.1382774598897
15.6666655407409
8.94190955441445
23.2415841632221
13.8399165426562
21.2291795527562
15.2075882143944
20.465735392645
3.95700924564153
18.5287464875728
8.82286825920779
13.7830314226449
6.2752131476144
5.80024261811551
13.8036629417911
12.3387138592079
10.8164939563721
16.7205603684956
9.93755208148668
2.59116894739831
15.2106943074614
14.2465679404498
11.6223698016256
17.8855830105022
14.1341124894097
8.94416023208745
12.7541847302545
17.5036502070725
6.25130403786898
12.0928940452518
20.6297727301717
5.60191106051207
1.57061299379228
24.340750509873
10.6830927776173
18.631084741033
19.5789128309116
22.41704412736
16.8760650325567
14.8235367257045
9.59840316791087
12.5647347210791
7.70028051920235
18.5805157758296
21.9113181112334
21.6337576042861
8.67757455505266
8.70623714290559
28.912755404599
15.103712468408
6.47792390082031
17.702868883498
11.4690498448908
13.5932097599646
10.5179949197918
19.9493530439213
11.0331270138485
21.4772009057924
9.15333861485124
6.92967134527862
6.05674509751919
8.66905367001891
2.52423728816211
11.7598162782639
7.64689296483994
1.74653136637062
9.55583609174937
16.1482002586126
18.6762049561366
11.5174914710224
21.5619057882577
10.167353973139
15.7231908291578
8.4185312321119
27.2779804654419
17.1378842554986
20.5409180372953
11.9545402703807
13.2968061166373
15.6858491944149
9.52697007451206
9.4012002631259
14.0000964514911
17.8437292886972
16.8651377128992
22.3938724491745
7.91906060185283
7.95451425947249
12.7563416725025
15.7505685633746
5.50555189249809
21.2799028726295
18.1012418121099
15.5951437074691
20.8988078114627
12.0485521154478
16.8344697915018
16.3692577593659
20.6400706199929
6.68117866338448
5.68549449089915
12.3442485241133
30.5942612467334
24.1446103900671
16.6195078986928
14.0697456663474
7.21884660888463
14.1595751745626
19.778727067023
15.1956519810483
9.45238643325865
14.1463938867673
12.6118664629757
5.27096036577314
16.0816083662212
6.3674033929136
3.72367695517324
11.3798827365134
13.0273951450363
19.2780116572976
16.3558286607532
16.1914172815159
18.0216055596247
11.8416057749576
26.1266822561559
13.2012012414634
19.8099025990814
9.38324797898531
14.4467061588033
28.8148419290588
6.28630777355283
21.7531797243282
14.015024388209
2.16013970784843
20.1412920607254
29.3290657456964
8.49645407870412
22.4553415796658
8.98274229839444
28.8055068347603
7.35123096965253
19.0979179693386
1.51943876624299
17.2046424122527
8.29741337802261
19.4790911627933
5.72723199010595
15.4059917433187
