"x"
6.46894439398701
14.5897367270663
9.26577705804945
15.2016368461773
12.9684143234044
18.2875375263393
23.9544083597139
10.1605898700655
19.0021936369877
6.79878839291632
30.0367919495329
16.4620166644454
14.6747050632725
22.212949860841
20.4294884344563
16.3987739824334
1.39133220900427
23.7393834860995
20.6480292382004
19.0743122715503
17.9938210640103
14.6654457552359
12.1569146714681
4.73397162987216
6.88166962936521
17.0822056010365
7.48873541597277
14.5736906444654
16.7800992261618
7.51624903641641
16.8144332716477
10.0301859667525
11.32304626517
14.4564555619687
18.8054067548364
18.7264502048492
11.690880499088
13.541098509717
3.36670614778996
2.7007473167032
5.32076906684055
20.7247453753325
14.7901284741238
19.1920282552019
7.0766820339486
8.49351338110864
16.9329362222925
3.78231010399759
11.4282284397632
14.2356499331072
8.59359741594253
15.9746040801849
11.8677020771429
17.0858677010983
16.890474432148
20.5073731020093
17.0307892482762
12.5648948078268
3.33801353600296
18.9602346625179
8.39607291493121
11.8727128030906
17.3120334045961
7.51506781263384
0.39311171755936
8.7961887807327
6.65747323073447
12.4406950315461
10.9521384816617
14.9033697007351
18.0467598975028
10.0641543526431
11.2837145337835
17.1686828136444
15.478593646148
18.2387504260987
16.0221112407339
14.154712157324
15.3519314713776
10.8474326319993
19.4152932614088
6.60567812155932
20.8476199535653
17.6310570212081
14.9228064576164
9.97294592671096
17.2710223178462
14.6940450184047
16.4333991706371
24.4019327219576
21.1508196080104
6.09009405598044
15.3523819055408
11.0898589715362
8.55599697679281
7.10619308520108
13.6950401822105
21.2260003434494
13.9563908567652
22.4989770445973
19.5692222798243
18.5639501316473
15.8792787765186
15.6362782130476
19.3479671142995
16.2281097282484
10.3551150626884
20.2829093206674
15.9168839273912
13.4303284343332
24.0937249036506
13.8780516106635
17.674945294857
8.23892414116419
7.44447452759817
16.0488232038915
20.5242593138705
10.4228148935363
12.346428791194
12.0972730685025
15.4962483793497
22.9318973608315
11.1816422227302
10.5207821637358
12.9573472309858
13.1986280437559
18.7150461599231
18.9502370776609
8.83953483975162
16.8319772589369
17.9259535186703
23.8126394804567
5.90024702250957
4.07940510470647
6.13191966035588
1.98791553042177
16.8554146308452
24.4642741046846
16.0946363816038
13.3049647090957
5.16213346272707
1.04599313344806
13.7042166432366
8.45004855655134
21.7765046982095
5.84953317884356
5.21129677072167
17.425622115843
10.1686639711261
9.58125980105251
12.3288518982008
11.0327824710816
1.66566390544176
14.3882483755959
12.1834682999179
18.1916456203908
8.95876618092143
19.6957544190809
7.988152327016
21.6114606009796
17.3618069564742
15.9609615337104
11.5448645849423
17.7293489253822
20.5630423733965
12.1657122857869
12.5411001034081
11.2569095566869
2.88347403430271
10.2093030232936
24.0855020100827
23.3336626552045
13.5531063633644
22.1752365818247
11.3514092983678
7.53643538337201
16.2739319959655
20.5564435338601
13.0593278883132
7.56592478137463
14.1788906650618
14.6696004783735
6.72963229577659
15.6020531608297
8.89139728942007
20.1226684264839
12.5102791236714
18.4936312492937
14.0762316994369
13.4206899148611
13.3064311074092
16.6647792095318
16.7233690642179
16.9319356533487
12.9720869241282
15.6669387361035
22.4371638381854
11.1237294739112
8.01176889799535
4.30187738923296
12.5145861816439
26.318589784205
11.8861867508461
11.399497045204
15.469094746183
8.13552062027156
26.9792054081336
2.16927209403366
5.79226114787161
4.10336672794074
13.3444746956229
9.19214822351933
17.803579671174
3.61703538801521
4.0849898639212
6.25783862359393
4.55729332189804
25.5866959707476
13.3287622040816
10.7344923308119
16.2711494526133
8.85072625242174
12.1524181682616
16.4626820711419
4.24432535655797
14.2061968046345
20.5112380441278
4.67607266956597
14.841669908722
10.4335397359032
16.4751004893333
6.61495632957667
5.6383949238807
4.94969206880984
8.74240219955218
17.8904331289232
17.3788193147629
9.60864997468889
13.1215551169589
17.5877833506092
17.8156127332996
16.7714297300026
17.6633480703458
18.3279612549416
29.4555017491803
13.8415334513411
8.17627885844558
14.3386640585959
11.537121127873
15.9557393267943
18.3299889397192
21.6512481216341
4.15374981239438
6.52950924769815
8.88428646509526
17.0036593659503
17.0531824463978
5.84032954648137
26.0055673541501
17.1095582656562
15.473007154651
13.9909763354808
16.2285334430635
24.8285286827013
16.9130564397812
20.1272304868326
12.9961896233895
23.2295474037528
6.10209684441687
17.4793102080002
4.35229158600503
3.52193154394627
17.0411571394652
14.4043144633981
17.4525759881362
18.6020688852295
3.44261005520821
12.8821086836979
8.74192212490297
17.5530914069454
13.9624547911808
23.4703203188482
14.0287807909772
17.2496754676104
21.7302705161273
9.49557710990247
10.789000056684
20.5522200791165
13.6785727459937
19.892981601879
4.43000828381628
12.6255924580619
14.9072661132438
2.10253124280085
5.44420296791941
14.5734783262014
17.3257660120726
12.1044446248561
4.58132664207369
12.6379419816658
22.5990684935823
15.8000739524141
15.9299678699706
7.60870838463828
21.0265061818063
17.7653690800071
16.6335168993101
19.8839237573904
13.3885908871889
11.57256946899
7.48628848567419
9.38244501594454
11.4562778733671
18.1281275348738
14.3375540617853
14.5756705896929
18.3271325302543
16.5889469208196
14.9529940103377
18.3610792159954
6.12252298742533
14.9367419091423
10.4450182756409
15.6726954504848
11.6485345410183
1.49640706915257
14.962761499919
13.6596251046285
19.2831198917702
11.4175758184959
14.5201979670674
10.3574767243117
11.702359071524
15.7850919524208
1.79686019951876
2.35010399804647
3.88314768206328
17.1637760242447
10.4832566576079
1.40459211543202
15.438905955429
12.4848200008273
9.63073989842087
16.6077319565898
26.4891385566443
2.78362235632007
14.4200198817998
24.7603501923234
7.19787595415535
5.46832960547532
10.7230870053172
4.03233970579296
17.6415738416836
10.5546585497769
7.30922077782452
21.7654240550473
21.2285078602381
13.7955588055775
12.7452959539369
21.3934427372996
19.2513365997002
9.76473246701062
13.8951842510418
14.7568896180019
12.9639087477699
2.04685484882078
23.4239987796172
10.4529705364257
15.9308601887735
16.1343954736367
18.3929595246884
5.81915082466075
11.4541782066226
18.8979154583555
21.1485162377357
12.9602015189305
2.35751126892865
14.079500362277
14.9590711095303
10.372585998648
12.0099799470234
6.35254830121994
13.7972003314644
14.6452558226883
8.31522825201365
14.3644106807187
11.4190100066107
0.144930973196862
1.74962430446676
13.6861631346504
20.6198016414419
10.9823935634807
13.4811894960433
13.163273289211
6.85775641987099
8.62344468478113
16.1590124480426
18.7458447413519
7.33012682758272
10.4952053399757
3.98048819001953
12.7989072352648
13.0936038913205
14.0179121401161
6.47014584392309
8.56794166474283
14.6503432558369
19.7526426753029
17.9773594156851
10.2734915912151
13.2529401918873
10.5967538518998
21.5817079180852
17.1711157774553
20.1562601548345
2.32366898693906
19.8031821520999
14.287578882613
19.0770278219134
0.247256294824183
9.83504328142298
11.4415675168857
15.9173190360889
12.8786710090935
23.5780114308
5.17477854155004
7.27603200053265
19.7081031044945
14.7613607812673
13.6161468457431
8.67268706206232
2.40865862086564
17.620924138464
4.48073968291283
10.7372443000119
7.84504545323373
10.9619949742488
13.6089804550771
11.0952550545335
13.624360531747
19.7472374653444
22.2630424718071
11.6235142340884
12.1893974719569
11.7611996596679
3.86358592987261
19.6896681794897
8.99230430368334
19.7025077886741
12.7617792846192
9.20133793260902
21.0097285918891
8.42556941788644
8.51233144705277
15.3701189337103
22.8943794965744
22.8083670837805
19.5506728487089
11.4075381639669
15.6275303568691
19.6716594137297
11.485533615231
15.7809038180858
16.1649037851021
17.0150873035589
17.23124505952
15.5986587553146
16.7725515784696
6.44688752945513
14.0969352874981
11.0603149144068
5.31922522932291
23.1336639961228
15.6795289367437
9.33656219858676
11.3261381397024
15.0905059883371
3.75807765173999
13.9263711490589
14.8717214891802
7.02302849385887
21.6653438284993
9.63803645797656
18.1564395083115
18.9738325541839
11.3691190024838
12.0422874199969
17.5452650059015
18.571270396933
9.99072666745633
26.0447344044223
16.9950671481337
23.5555323990358
19.9957381002605
3.98948590736836
32.9304351471364
17.4383303383365
21.9077136367559
11.5778749575838
7.08505716891866
12.2347898315638
22.2785323159769
5.07648630849929
21.4890829532806
19.153583532288
8.00312019476467
11.3501632818952
23.4971206169575
10.8466629637405
15.4499377356842
9.27262641489506
17.8666467164982
19.1560271166099
16.5653598960489
15.7750779297203
12.4253103236957
19.9331759242341
9.86290401779115
6.44146779086441
14.66953700874
10.7162637636065
4.99676737681787
18.6174027621746
15.8800738165155
13.6447053402662
5.56840318100694
10.1102469023317
15.8287387806922
20.4957931768149
9.83343774989367
4.83014658190821
14.8788767833909
8.42896399553865
7.7614518115297
21.4978423830326
2.29228080715984
13.9419118873775
19.508021324873
21.5007091872394
2.86488988258381
14.2926644301042
15.9445386147127
11.7586511885747
20.4349595587701
14.6271089324728
20.9521059824121
23.1051855417407
9.91993183128847
16.5924709423706
10.6335907574526
15.9404895208263
5.59238769240644
5.98906975839364
8.64156859461218
13.1096134847275
12.374088796787
22.6116233738139
12.2835409326392
9.18510046321899
15.6591521576047
18.4404996321698
19.5613293908536
9.73371609246474
15.2498277369887
28.2061068108305
11.5759338485077
15.2274762745947
26.2609504861757
24.9750589253381
9.13626435349676
12.8551813847423
12.3132506385446
5.04794683327046
9.37042415607721
21.4373534079641
5.32717891037464
17.1636631246656
11.9790274539629
11.1033517580333
11.9744494038799
15.4941872847849
9.73870838060975
17.5715179881081
14.4869583047914
12.7107246313244
21.1670411750674
7.60169963689787
16.37232596986
17.9346401710063
5.42669584974647
3.52513390737406
7.74550577455037
10.4446539070368
17.0534673246426
21.4728509541601
17.0105022009119
18.4637284372002
14.6263986593112
13.4120729286224
12.6994922058657
13.9387477887794
19.4920752430335
8.74202512204647
9.7505412530154
10.7631238289064
8.85231013178924
15.875829802826
12.9997032694519
10.8989457134157
14.9652207503095
9.59329057950526
23.1401560362428
1.49660755414516
14.6143581951037
22.2045381449049
8.87470787856728
5.27253679465503
13.3282612077892
5.40740360238777
11.1766862391368
15.5323168994997
15.3707105502272
18.4492748696357
6.21274930631506
17.5994304008782
22.3738374887034
8.30591071862727
14.6069601643831
18.3421368943527
6.86685935952002
4.63415291496045
16.3256133208051
8.40522407088429
14.8750764783472
5.26553963112215
8.1687975442037
8.09976737946272
13.9034811649309
21.3594104861841
22.9986903403881
2.27450007608095
9.84894794394887
11.6224756069132
19.5013651624322
17.3939534792855
17.6633538475289
5.16819426009309
3.35041583293879
8.18757617361973
20.350726810284
8.79930974915624
13.0034528439865
17.1015100320801
29.5164118753746
1.69216215931816
10.006421757862
13.5062324581668
12.6186836510897
17.5192652037367
5.59685425832868
9.48169946337694
12.2341363902917
18.8067573588341
8.59820430632681
2.51553262721253
14.4248737687827
20.146611193195
5.97349798772484
8.22604007553309
8.84776962921023
11.6110632196069
11.6170265013352
15.374855697155
16.8940653093159
17.3357861349359
22.3761519184336
2.7428369037807
18.9032095717266
4.23206009436399
19.6538030801615
24.8230808647349
12.2931913255525
13.9238609699532
21.5466556477736
15.2315858464679
8.91842256140278
9.98202064074576
14.7662841016427
17.7794109564275
20.5179270589724
8.38923342872713
24.6915933676064
17.8724302211776
13.9582685323805
6.31412493530661
8.82253504823893
9.81057824101299
11.7180510889739
18.4039691463113
16.1534830695018
9.08924298065791
2.65902831487042
17.2423576470464
13.6451406937415
14.2232102807611
5.12860582977453
18.5246628010646
22.1067254897207
13.2714451057836
20.6154846120626
14.8639729712158
10.2973590741547
9.63034618180245
4.53229893464595
6.54514019843191
22.2562563838437
14.2769180703908
9.29063397925347
15.8708042655112
22.9808333289992
12.1438927715644
16.115056257695
20.7322524627671
14.1100077232625
12.4548238003626
11.2460966381184
19.5914721814916
9.80308679051388
15.536426260709
8.84438168723136
25.0145540805534
18.9811578253284
6.94196816567005
10.5046667644705
10.9387366025866
21.5011951513588
14.4573924474891
16.5069752838463
25.609397306107
19.2880958551541
9.10754813649494
5.30507060805881
17.9857835639268
15.450398880057
10.9715935058017
9.8796379347669
9.93484905920923
19.7928361594677
11.669983016327
6.27082087691508
11.798809049651
3.73353804461658
15.4452104587108
11.9701847201213
19.1215961198396
18.0618826766257
10.4413507894584
14.1376153078648
11.7611239198595
9.27510749533834
6.65889605879784
16.2324553355575
14.5146567607298
12.9417580150271
6.90273817162961
8.6474291048944
11.9747816571102
5.7120357407257
5.69934011436999
2.06631987708197
0.93726406339556
16.8599569471553
14.0421973928974
9.87703667487949
15.1030292268842
8.9029495138675
16.1288983246328
26.4311882434413
10.7772092920608
23.2227567117661
16.9550369726494
5.81264788455199
21.9855378360284
21.9457817496732
21.0627659922466
12.3189203208312
9.9140265956521
9.17401670012623
15.7375308685005
1.24733757693321
8.17811817396432
16.1567996023223
13.2074504857883
17.4834344536066
5.68653887603432
11.0715511254966
17.0794843230397
18.6848167562857
13.7098620180041
13.1062492029741
13.1144406273961
26.2079950422049
20.0734708225355
4.16787727735937
18.214753779824
16.9096057070419
14.5313332322985
9.30469483137131
13.7937436345965
5.69740106452525
18.2430206332356
3.49448854103684
4.39497682623133
19.8501543374732
9.44482816848904
7.51983420923352
6.44826092757285
15.4090032534675
17.283215932548
19.7498288471252
15.6465786974877
7.43697884026915
26.621721079573
14.5517938071862
23.7889474956319
10.0792815443128
18.9297278397214
8.25382200482168
4.71792162861675
9.83011114876717
18.2010828051716
20.8312159169189
24.8571709031239
8.1351951463148
18.4140148106962
22.6579069858417
8.81366062852271
19.7921621147543
16.5173255605623
17.5305710639805
13.6201603667588
18.6639286810532
3.04504055529833
16.7987934685729
5.45196705497801
27.5229488965124
3.0207644984986
9.09002962397074
10.0001472979784
23.6229919595644
19.8991237673908
17.6590278744698
22.9677207069471
13.2141596404836
12.8843282923067
20.0975825311616
11.3760920474306
17.9313185509765
11.8146947119385
11.0948780458862
9.7567153751963
16.0369696794078
11.3387636141852
10.0239039864391
14.3560722935945
9.04618704225868
6.69792952771678
16.1309612399532
7.3601305950433
13.2157722255215
5.33347853925079
13.8515923932215
19.1334591479972
10.2844898356125
3.38861807249486
9.50979511253536
13.2909829495475
16.8832333991304
23.9934353390709
15.4080967891901
14.6377698983997
22.6549337152392
14.4915358629078
4.98173079390642
9.61032409686595
15.0720635137228
10.6259604076943
17.7299236180261
19.3590087205857
2.29683395009488
10.3169745998457
1.93364616330884
15.0500302668661
26.1745117604733
17.2579354864591
8.64647495874048
16.5244252886623
0.902506473689829
18.4683106141165
13.1907909875736
15.0181623408571
11.77661747206
4.44288237486035
8.98773677181453
24.3474965970535
10.5875223875046
13.5055163715
23.787401500158
3.24969640715717
17.0013308757916
15.7983942190185
13.6614098614963
5.77517263319369
10.9508482040837
5.7452634209767
25.430872105062
9.33452474419028
13.6369497539064
14.7348332684487
19.2804004065692
8.91607571393251
13.2428031414747
17.7228467771783
24.9021922715912
16.8613908325001
8.51569720543921
13.9393726130947
16.3906717672944
2.10488289364244
28.4407272609849
21.9138602958992
24.7058682376519
21.0376819362864
28.1446964014322
16.390583710745
15.0246076285839
13.7769271852449
21.747635002248
20.0263662962243
8.03801680449396
15.4124525375664
11.2987803062424
10.915024811402
4.1426713578403
21.209081611596
12.7779079498058
8.05131867527962
14.0871330862865
14.9953551473219
5.74227895122021
10.8117124525381
18.4348037233576
19.1574672004208
12.8481406951323
7.92380748754269
2.38097503315657
6.90142945386469
7.77807789854705
19.5174930384383
18.937774351798
18.5193720273674
16.1194616928697
16.4082362549379
9.82564447913319
14.8588004056364
11.6411200957373
14.4375185883861
10.1824656166345
11.3809913164005
13.9697876288171
3.75866116955876
25.0964744947851
20.5431342124939
16.256093303673
11.4369142102078
2.83562509068574
15.006487482439
9.73218630533665
10.1227990118787
9.4226123765111
15.246845932718
18.25895763468
10.423512159924
21.3651169450772
14.8786407895386
21.0864161606878
4.10497410291337
16.020636819303
21.1726038949564
8.43483654316515
14.138403092511
7.99801999672729
6.51119768153876
19.5710680680349
7.48385051265359
10.5514795985073
12.1403419412673
13.004461908713
20.7397272577509
2.71166265718004
9.000133886002
15.6171379610896
16.5443978095248
13.2471770280972
5.61521102208644
6.795530340355
21.2000585859641
12.6699360754991
25.3701692912728
25.6805456243455
11.7111572530121
2.77160108089447
18.9003514591604
6.34022089652717
11.3407870056108
13.9244993682951
10.7839222113695
25.4221205832437
17.549027944915
1.77923862356693
19.3346413318068
16.0404526519143
21.6464522993192
12.7049208437918
18.8914476661012
7.30296848606017
10.6127819494601
16.0365990308782
19.7429298656061
6.31451557856053
16.1518506705761
14.7248791016805
6.03327304124832
20.8539505023509
17.6175405038521
9.43944335449487
3.56810905316937
1.14505363162607
8.4723839070648
0.144744291901588
13.843278051354
3.55739764476757
16.3860636297613
14.194652531296
26.7285178979641
6.26091987360269
9.68099602032453
12.6769882859662
27.190423454158
21.8470057705417
4.26208168292835
14.8532983360393
12.5082427170128
1.38240489177406
12.1241285440413
21.5329039143398
35.0010643876177
10.6137204682454
14.3670091029812
20.4802374352392
23.7798092523272
11.5821958397275
20.8465475356206
20.7237703027204
20.6209690310061
12.416208731619
16.4092995226383
21.5979157003468
2.97582536004484
11.2265316393589
23.2371317921206
19.5324284373524
17.0024213148281
6.86180519405752
13.2722597103566
8.92596387455774
17.1659904764965
17.8260615829739
11.7789435581048
12.2893433785066
13.7716712197289
15.2524262433872
5.43687483295798
17.3946921015158
1.37504294980317
10.4844807608209
7.73803200572729
20.9500879980624
3.81826385855675
8.66614945698529
18.4954492731461
17.1332281682433
25.3074099542573
16.2270799732095
14.4416664562721
11.186450929381
15.8743504201993
4.16433184654619
12.3776743691258
18.9846269553527
7.20581171059875
15.360628021881
19.0677464690477
6.35569833684713
18.3870174223557
12.3501621652395
3.4634894458577
7.64762698276147
8.54305910534084
8.50637997871723
17.0738331507891
16.693321801722
13.7876629363745
16.8489771895111
8.17576629206102
18.0203936609985
13.4842205094174
18.1717177754042
15.4128791215505
17.3965757479891
21.0488536162302
8.90077634248883
15.2286558877677
4.67794275293873
11.2324761116154
22.1516676014289
11.3286754814908
13.8452687067911
13.6157770175487
20.0391936522529
12.5060401158407
6.16421720002703
12.2386816467589
18.8663997687399
11.8346839211881
10.0906299659982
6.58031802158803
11.7100352710176
4.08435175195336
8.39423490688205
11.5134013351053
16.4688763154099
19.3111729808152
14.1309929778799
14.0338642755523
11.5751171950251
9.76414096658866
13.442983943969
13.9195838710293
15.7199035550945
18.6221016338095
6.34605849627405
16.9635229045525
8.75074968371437
9.0813326747716
11.5672019077465
16.3681781118747
7.94466340448707
16.7366976384073
15.0970784481615
13.1951400311664
8.05325503461063
11.0686373030609
9.69230066074055
8.72922239359468
18.6344881115351
21.308499025732
13.9035367872566
18.3217367216562
16.0208696033806
8.42275049071759
15.9873828990385
11.1415704479441
10.4151217266917
1.40907328882895
11.3953024381772
3.74482330178436
15.2207215410604
24.4502919958904
19.9217575835064
16.6642880532891
16.7692352784798
14.3028809921816
8.56894282624125
16.5187513222918
15.1901213219389
8.78684113267809
13.0051458021626
9.32686580345035
17.682658668003
16.8146547173162
9.06682408198432
20.2766598089113
15.7230295677816
25.0216984888539
13.908309790838
7.92989497998758
14.0439379398742
17.5007607767689
15.0406171636568
10.2148288395256
16.6133478516713
16.7224370641634
7.71315296020704
24.3015865562484
19.2645721137524
23.1963977683336
10.2929116925225
16.7045663110912
20.6325501432089
24.26718599163
5.60767902061343
10.8866845971044
22.8758886223659
11.3779820036143
5.75010733653237
18.3179588522762
13.5704323667128
21.6147711966187
9.9855434562334
24.0812636911869
11.4090383285657
7.66460214929271
14.8629481671378
13.1991440499791
10.6128567034109
11.3149696961045
17.8339909994975
16.7985995998606
12.5271857716143
6.03068061172962
12.4074544990435
3.51532020806436
10.9913547057658
14.5670267287642
9.78257383685559
20.5986045629613
6.77616351749748
13.4469126118347
11.4416412776336
8.58722351193346
15.1376500592982
14.8982821032405
11.6762455411377
6.64087380282581
21.667214226909
9.24198035142667
22.3719177301973
11.4036998423145
14.1099650645629
6.35769131023847
18.9889967208728
10.5027113079544
16.0196215242513
2.67357049206436
2.44489587288356
18.84920084849
15.0287506598536
24.475388135761
10.9573544934392
16.2847361527383
3.60123108114787
11.6099670296535
11.5469915381894
18.1637060362846
6.06658780016005
15.3421414783224
6.81023041252047
9.97256457339972
7.55979447964739
11.8746530264616
17.8109264234081
18.0395407602191
8.97051179861309
9.97305375058204
13.6824764544144
8.83399394806474
2.23012589849532
14.4533712649718
7.43766794912517
5.53936960641295
16.640960960649
12.6359890831249
15.7612527863208
2.64497552998364
21.4690402150154
13.7971192132682
17.4400801448101
8.40883958153427
11.5682002389804
10.4627498583262
19.426436140202
12.3421583910602
7.3584470897913
6.48553385399282
8.16693176137856
20.7150776172057
14.154196426503
14.4934407811675
3.1545148660544
22.5603743223473
22.2644983790815
10.7477101963013
15.6370888231322
15.2733634226024
4.86093771178275
14.1523403814062
18.6048669507727
13.9005405828357
3.35855149003243
17.7078718785197
13.2665307726711
12.1424224926159
21.5431586573085
8.84664615150541
5.43989224825054
20.7244097488001
18.3833946743737
16.4817313430831
22.6107151247561
9.29373500338041
13.0939092487097
11.4797116106678
20.0942558934912
12.9704647909536
7.77514239957171
11.817264650017
25.5284525322289
20.1060089515522
6.99324179440737
13.1342803680072
22.4439827492461
12.8773405892882
12.5060423715293
13.4245462552498
9.40525871701539
13.8944877777249
14.2366532469168
12.5849024719829
18.9865143038332
27.7534204069525
10.4212829843163
2.96887822914869
20.4823744716123
2.68807031679899
6.44548181444407
13.2085733348504
14.6541232476011
11.4758441457525
12.8351666034678
14.7704914677888
8.7395143462345
16.0976525449686
12.81143121887
20.1612622709945
8.02428016234609
14.0227769967169
12.9595074385031
27.6411574566737
16.3250362267718
10.7553497655317
8.26395216863602
23.3419529162347
15.3416549951539
14.2813483020291
14.9877076180341
15.9997497228186
8.50365657825023
12.7723726676777
5.3771203616634
9.96215320192277
10.5238066520542
14.7701103007421
10.217433120124
22.1264029980022
15.1204162975773
20.1313099823892
26.2034417828545
16.7632285502319
13.2144874032865
14.6429845597595
14.9255144642666
5.44634862745277
14.3846279010177
8.48663258160876
3.37247543502599
16.6504577966407
17.7419144194573
9.39923597073157
11.4917706465349
7.64376470337153
16.2145515903831
13.245301018469
11.4707472530947
19.6752741932869
26.6000808682293
17.7295203553513
7.97131965105479
12.5503146555275
14.9981176221212
20.7712792791426
7.204311597161
13.2410374702886
14.354209182784
14.3973370781168
16.0286789061502
5.9376755496487
19.0499554621056
21.2563237641007
12.2000803171848
18.9811919350177
16.1827692299483
17.3715106444433
15.9503927687183
11.7485315948532
14.6951919654384
18.6081393854693
18.0486902827397
18.1565867171845
20.2953510684893
7.00145934242755
8.41561506967992
12.1593073708937
8.49741700099361
2.87829733934675
15.6934858066961
6.35944816749543
8.23327642865479
15.644572977908
12.6303694242083
2.78498313805637
12.6736269565299
12.2890849597752
9.89948133938015
14.2379473025755
19.4958592765033
6.84674791991711
5.7234036969021
3.01075000315905
13.6076629394665
11.5839512503461
9.58964631427079
16.2419589236379
3.55599993793639
5.52429624367505
10.9622962074354
9.98204494067152
12.5441487878561
15.5406138859689
14.9401236791164
13.369977590628
22.8355960221961
16.2145210895687
11.8797068251297
7.12798677850515
22.0937218051404
16.7865030362765
12.4766948400065
14.9813656695187
28.4595869947225
9.75269936025143
7.92285813950002
20.1847122516483
13.939932314679
20.7831011153758
9.52713425946092
24.8800786677748
11.423278413713
14.0734635717399
20.2992442762479
5.3991449996829
11.9101884774864
4.80255538132042
7.79264960438013
9.15835646446794
23.5521596856415
16.8857673648745
17.2525608213618
9.52479417901486
14.1763601917773
16.4258498004813
12.7333119569589
4.41583522811217
9.07133140135556
7.14591895230114
11.3951806677505
10.752041102387
18.0418625706807
2.52924892120063
20.5345266850955
5.2632677834481
14.5872324006632
13.4911726461723
13.0749816540629
9.28770054597408
8.23661553194325
19.6791395777836
18.2145229773596
11.0597402756871
19.1799430409446
4.60314026568085
15.2904916321859
15.6963067129254
10.762641322799
17.4770255340263
12.5112428224904
23.5334614058957
1.90749559485758
12.2685649432242
8.44920196152226
7.93325982522219
18.3830673107877
16.6601999895647
16.0507534865066
17.9780740756541
13.4630667744204
15.5041229212657
8.04337630979717
5.45940140727907
20.7954843295738
2.71590171617121
10.7715610759085
23.5501037444919
7.75445938382225
22.8736803168431
16.9643328059465
16.4543590508401
11.2184929661453
15.2179673546925
18.9882541308179
14.8683212697506
6.24635272423789
21.8179661082104
21.4118545409292
2.06900185439736
12.2881565243006
7.06061751116067
22.4572958822727
17.9995382286183
21.5544565813616
12.6641806447878
7.56909373717958
9.2961173014052
9.17028756812215
16.1366059212014
10.9834034761227
4.99709754816997
11.8182937381789
18.5921859530296
19.5037423400208
14.301846222952
15.5655026264946
15.5547993600116
11.5680719344508
20.2892767265439
8.36454328166942
10.6031536825543
5.95477502781159
13.269142434001
16.8756378116086
24.4455391075462
12.1767033591602
15.0150754800142
9.29774797987193
20.2331996290013
16.1796116735786
15.244205459021
13.7428484857082
2.98036742796848
26.125949596428
28.0327753396705
20.8772191544995
3.89753561466932
11.6458430673773
23.2433983357623
14.2957411240786
14.8761293901044
16.3133445719179
19.8029483202845
11.0003762137961
15.8950519980863
23.7762957578525
8.05576684274948
18.0537430103868
12.7986900741234
12.7403846215866
16.843693703413
22.61958043091
2.12462500536255
4.00263115107412
1.57181539107114
10.7307550264522
6.25995665322989
17.9539222445797
4.98998818438759
15.2281223097816
13.8535760808736
2.5034433696419
1.29250912408202
17.9159980034456
6.40766033902764
3.27686393274514
5.29494694291221
21.1894513573498
9.23077191691846
16.3224899210036
11.0722068930045
6.52595560532063
17.9814755218104
21.4161123381928
1.07817984777711
23.493068665266
9.42567800212581
19.5827101590112
15.0942629668862
11.5969592472538
10.8311794739152
5.57835791260004
1.60182882100344
11.3489974755794
2.35808027849042
17.4526092596352
9.46697683539242
18.2709473672112
9.19855305074358
5.52813615649939
2.84855023492128
15.368764847517
20.061524385807
19.6058021625504
19.5499926462954
20.8173512248322
11.5258141247918
14.9222525302321
8.32599326474353
6.81477396283299
16.9666614383459
4.31982560548931
17.3339579952881
15.2263557569855
10.2284378604963
8.25315213227984
19.774217896444
15.9062027232721
24.5968435425311
11.8739292009277
1.74768939614296
10.5085267685354
8.76711183227599
7.80024755855136
11.743077239953
11.0870323842391
29.5129797654226
9.39934635062074
12.520167673938
4.41591422651228
11.6886841821792
7.04692591613698
12.4041673727334
9.81449817772955
10.9965599840507
22.3607628373429
17.0717588393018
14.740871777758
10.1240806023313
15.1693200176037
23.1489987345412
7.09199450339645
12.356059551512
11.9398937094957
16.020516707654
10.6286839814857
5.17623531632125
3.95354412030429
12.5525853481323
17.2463893982301
9.99238141812384
28.9288373431191
21.7976283514872
27.2571076406166
20.2542467042804
7.50681555364281
23.5951920272782
21.343222935684
16.6848824359477
8.41414921748679
7.1998464518377
13.3003108294179
22.8989051130515
9.89158198449706
15.8827439255448
5.35498359240592
23.0915216030553
7.79456056136632
15.3508674353361
16.0680899629369
4.3746943380189
3.51183626335114
0.974565756002044
7.59798858780414
17.4518452957273
21.8285641865805
8.99817058816552
17.0536289922893
9.20402200426906
7.88411744870245
3.91182635534669
10.1043833478233
18.7051781453192
14.0966469796496
16.1092168884352
14.601654233411
5.68533930798586
1.89409848293109
14.6003110799938
6.96683879941702
18.4355686884373
19.4746749009937
14.8656218605153
18.8480689849172
10.1785987538849
9.6859443699941
16.406864952296
10.3395103529784
17.7868529688567
18.9587543291933
13.8899290468544
20.0656209839508
23.7696949159727
23.2419476145878
19.2735071544324
17.73213374406
16.8531369650736
14.4429971696809
9.70040747817311
17.3779182403989
14.6374620730057
11.904160794802
22.6167267576259
2.08726297132671
11.7567527340725
21.8839047723659
21.0362615762278
5.42710586450994
12.7645811298862
8.10956873465329
21.5941441245377
17.5501328194514
1.50717359084065
11.5072220570943
14.118661545217
10.0841585779563
7.80128554906696
18.2498635025695
11.5709814560167
17.6535083213821
11.1420168308541
11.993657425046
7.29772921185941
16.6546747748397
9.20662621114582
8.76960095331261
9.88986510783434
4.99873100779951
10.2509039221331
5.70624654646963
14.3827906674343
25.350078754127
14.4203554606065
22.4882614100352
8.76932833217395
14.311606621227
18.3826311025769
18.3127877069637
9.75361415945337
9.56608839333057
7.80077783856541
1.21277228463441
10.2768639568239
11.1293123914139
5.97918815910816
14.6610745927319
22.0988666173071
23.4415756771341
18.4863254893571
18.2113275397569
23.3607303249117
15.3974007582292
16.2001631688327
19.4827764662059
18.9403054672779
10.4473077610533
11.6533992812037
14.6714048022246
11.5080132381991
13.6048023356125
20.7590234931558
10.7123439433053
18.5623889556155
11.8265769466388
8.78309739826313
9.8059089621529
27.3012331686914
14.0017101308331
6.71590538368559
17.5887510346043
9.81612673494965
15.4534701490775
22.6049981778488
22.6004482014105
19.462045849684
8.96301658358425
13.6458083068807
7.62543769588307
18.1396241299808
0.481481291353703
7.10607131477445
21.0566064342856
19.1784925758839
9.0405500261113
18.3686621487141
14.7872338537127
13.4722691727802
13.2431247737259
19.0294772619382
10.7769302316245
14.1177496068192
10.3838855400681
14.87933145836
14.705828286481
11.3249009878114
13.6034865165129
14.8950071306899
7.33814105912951
16.1025939715534
11.4811598323286
19.1909899606274
13.3222379721701
7.3022679425776
22.5681405628521
6.3748752232641
11.0498361056671
12.5232375459746
14.2163440585136
23.948468407616
13.9348009319629
4.2072914912254
21.4812165443603
18.1963127531942
16.3707042345777
11.1592055796765
9.48250124468758
14.8318247403949
16.2881771335378
17.4505275208503
4.64249211363494
12.3330874368548
9.49852835779392
21.033156523481
11.3255655160174
8.42249498236924
15.4966133879498
20.0177061371505
7.70996427163482
12.5824318500236
6.88747632808819
7.51993028923433
16.755275751437
13.6654801899567
1.87849417668586
15.1713812025264
20.1138644246385
4.05944159720093
13.4523200996105
10.1280181278991
17.5269834464416
12.5683788210154
7.92903027031571
17.4359197961167
9.1025103116408
3.83531330153346
12.2761014616117
11.3483980008101
8.63899113931389
7.08572388636607
1.53455827385187
7.70447598770261
9.09702533390373
4.96589029207826
11.1298072850332
7.54574532620609
16.5470047388226
18.8217752147466
21.7471162322909
11.4551710925511
11.1424072412774
17.959223059006
12.8827480366454
14.1001340467483
1.93735102657229
9.30551772471517
4.9324101768434
18.3821457411383
5.50207579508424
25.670111970976
1.8409700173293
9.95151949892141
4.84685362316668
19.8536175180447
14.368414427227
18.1172956081172
10.1586852745424
10.8354870250841
15.7088990090415
21.1551219923422
10.6955421390012
12.5944985542446
11.1121354198788
4.16376490611583
10.1747036808792
1.36843753661581
6.85640953015536
21.6163314413279
17.4184593139216
15.4043155023828
17.6556672668085
10.1202790159732
8.64147159736603
24.2312934948131
16.8535683689614
27.8316022536262
16.1615543533117
7.62161671514602
7.34504358842969
11.960970057766
10.1720342692615
19.5294826524332
19.0844117907815
17.2686153761938
17.2372329281643
10.0601067068055
11.5692009337515
12.0963600464165
19.1920169163495
19.2730750422925
12.2171079739928
16.3158517907018
18.9800811000168
13.196881650947
9.75140533410013
11.8881230185782
23.9999801153317
14.8948051733896
11.6170541460256
12.0098550105467
4.70070318453208
8.36623664945364
19.7686316766868
9.58467311939908
17.3881616443396
12.9070991978452
26.5837155282497
6.08005449133495
17.1387377660722
21.2476016525039
17.288987183435
5.73420440778136
14.9134164574291
15.5937425614159
17.1920567983761
17.9677084417826
0.891742040403187
16.9436479685828
11.4321753382683
17.2406441532075
10.4661605553702
22.2569721518084
15.0583031587303
16.0652557387948
5.00558462306999
26.9775541033596
4.59814444360033
10.0234511088448
8.64392943501218
22.653274911519
9.04150477144867
14.888928248547
11.0369899775833
5.99290775135159
7.95557915698737
12.9082622006536
24.6417329646647
13.6064684949815
24.1588026518002
14.0526372240856
16.9790426036343
19.701957333632
12.8951957366699
21.9601810602855
16.7704576704244
