"x"
7.99796463329286
5.18633790898649
6.78607525769621
6.23848554678261
5.54896577394325
5.18140404019505
0.210422284950216
0.0840134670771643
2.97048222273588
5.26479251121726
0.357313475547337
7.68940658984778
6.09562936886056
4.07705983667739
4.7839440165929
3.91501872800291
6.95967064239085
0.400247887540422
5.01706877257675
4.79863109067082
2.77962556574494
5.87614793632641
1.2050147970609
8.93348164957857
6.42085892613977
0.133068487048149
1.18720454629511
12.2451360339184
4.24256212237013
4.1015112772584
7.23304345970729
5.48938552383333
6.87380483591668
7.26403186563402
5.15432585962117
4.44715933408588
0.0587408430874348
1.83285044040531
3.73186417855322
5.3427903025769
8.13581529073417
1.94310074670453
1.15124359726906
4.50943221803755
9.85002040976732
4.95761805333674
4.68884841348411
1.2071681611113
6.15283106136767
6.32168562151492
9.86442838329822
8.4482881706208
6.25926293432713
2.594292789445
0.365841284249582
4.35323264335099
2.31105659622699
8.57776607200727
0.614684558095282
4.17971753049642
1.25141955470628
5.53554480918013
1.23903551138937
7.72279504174622
5.04970271140337
2.63503182863683
8.1424216972664
1.83508773334324
2.76964108925313
2.74604219011962
3.52615739684552
4.75019942969084
3.61470673959393
6.56103877605911
4.85176455461646
5.65630085766315
4.75983317010105
10.4046397729801
1.66281407615494
0.349056860432029
6.21594391608074
4.40253673911174
1.48553548524086
8.87749507189063
5.76607698011823
6.68766209193742
12.2920481255278
12.5842307927087
3.99997350759804
4.28199516609311
1.53979121241719
4.97932662256062
0.680817617103457
1.03421173989773
0.383602206471182
5.83723864983767
1.56883047841113
4.29570814594626
6.37881541624665
12.8338875249028
3.76223099867744
2.0030805375427
2.16802952345461
2.33285089489073
3.5176364024228
2.17742891982198
5.11655386129023
3.05931672641138
5.4145437432453
7.59498926345259
11.5119784837589
2.26654614758474
6.75793350892577
2.8541131370987
0.968928990179692
3.95992944948559
5.2446960525366
0.400900817476213
5.02200110349804
5.12857434805483
4.88066242542118
5.17560404259712
1.36893016751856
0.345056498548934
2.17166359070688
4.3757529246496
1.21837520176347
8.77327860798687
0.37950580008328
12.1841640910134
8.68152503389865
10.8741587511896
0.503299827687442
0.130123203220385
2.09390665404499
0.267666462296609
1.06448685900316
1.81483715291172
1.71354660662303
7.44957704152327
7.68047713208944
4.03805840760469
4.23261587681731
6.57751173712313
0.491893213334093
4.22891687154664
3.55307008139789
1.25777674838901
11.4212331135796
1.13024194724858
2.02267069835216
4.68129143118858
5.29197303112596
7.70606233272702
3.38374911807477
12.4380493039049
7.99451186256552
4.86497552404104
1.56719309743494
1.80732135195285
1.23032471440649
8.27765027852733
9.24338179174811
2.25678072310984
0.347335477317866
1.02762146883823
3.51295263972133
5.03343583550304
6.71107363887131
4.45246126037091
3.92550782116707
2.06239285773656
12.8150493372232
0.090377308675103
9.72277272410285
2.2055246040419
1.07883086893708
2.73956462581012
8.36668184492737
4.2189738617812
5.07903309103765
6.29896264886021
0.739070889540017
4.77197265718132
2.8117845300585
2.9067977188403
8.01134733483195
8.75531996134669
2.32865663710982
4.12672033999115
3.42698376625776
7.1659016865889
1.38678294606507
3.24215169682893
6.21404103102295
3.41173321940005
4.42744001239454
10.8830985845998
0.349675375036895
1.55720794573426
7.42113067789186
1.45625682222433
0.493423966690898
12.8765028668568
14.0160655694189
4.68837816733867
0.473751965910196
10.6881795234085
2.31791432871369
2.73725960869342
6.51480329688638
6.94250361993909
5.2804950857535
8.46072896383703
1.98462276574915
6.40870801707597
9.81142530217767
0.573646533302963
2.53182488122087
7.95073346234858
7.48581911091042
0.467706727795303
3.91882949043065
1.89246905501932
2.48567742919184
7.60847146157175
4.17718885000795
3.77721348777413
1.5560215106234
9.96735119260848
1.90180654171854
2.58980894031435
4.1738455183804
13.6399007868022
7.99514825560154
3.60181527391318
7.43828784737656
2.08149114623666
6.66219095814283
1.82876985054463
6.69224508849832
9.01553393341601
1.53599739575551
9.83850167644908
3.958700876683
0.882726282965624
5.37847195134244
3.35006836908706
0.333423592772765
6.60619282522415
6.96763370651752
0.414335916730658
7.02710137702525
1.92059231113129
9.47004859335721
1.35779171250761
1.55840434380289
6.72016004100442
4.07569555100054
3.36952144280076
6.26434716396034
6.02017021737993
0.0376834301277995
6.57244932372123
7.91595799382776
0.224721943959594
1.80271138265343
1.02806804784303
1.61387948149114
0.171642406080979
4.83181341551244
3.68180111981928
4.29488411173224
4.48735661339015
3.71251141490633
1.82631764583997
13.4462653659284
3.25867925955489
1.17721358165081
9.45870143138614
6.90753560047597
7.59199995081872
1.106904021104
1.8911407311877
6.04981513030792
3.94077920354903
0.0891041110690101
8.31877507735044
0.567236682400107
0.765290553681552
0.941264379868209
1.92377296101626
0.786423194222152
15.969643346034
10.9387580072507
5.26681871931374
14.1368378796871
3.32706279587001
4.98937414959073
0.228364855076285
8.5860424907878
1.02294269781249
7.58085350971669
3.77126587554812
4.67078362125903
5.43143433471023
12.6539935850917
2.36118445566469
1.71475501585789
1.98426209246115
6.68738993881788
2.17903410039133
5.08268627885011
3.08073016669394
5.67167288333175
2.14583192817281
0.604230631142855
6.11504205967302
1.548874804724
2.66375491260887
10.0378972478211
3.79567707423121
2.71033339668065
4.85357597935945
0.862000370398164
3.48006710342883
0.639583958116375
13.0154821866042
3.03950724191964
0.496723194882776
2.42181122303009
2.27515576280182
1.25967492349446
1.83399305678904
1.51203698478639
1.98469085153192
1.14373579458509
10.8465729859617
1.65992391282822
1.15968594327569
3.95689157303423
2.02394258230925
2.4341968819499
4.05998015776277
3.90070674475282
0.523124076426029
2.9105407824628
1.60535364411771
1.25534565415204
1.7965659731999
3.14314022614072
0.897276513316185
5.18946661613882
9.93712498982981
0.834687589871789
8.00916824449457
11.089279552731
1.61719964817166
0.457939296029508
4.33902891818434
8.78290752880275
0.639963219873607
1.73946293957295
1.8293839180842
5.13647582146198
6.24833859037608
9.21608295757324
1.57220184337348
12.1394672655733
7.745575630439
1.29688576455652
4.75505806971341
6.57305703909731
4.48186879511923
10.8185386244051
0.666172318109952
3.30820714589208
3.53794465772808
6.35240853632768
3.65818909707824
2.04820539062145
9.33558028646043
4.84340626280755
1.45200228632494
1.31513266815143
3.25301939155906
0.57195850337381
3.20526852193735
7.5824983777585
8.05830014149555
5.0354763427208
0.91181095205602
2.91543109342456
0.991483754478395
1.20408078655601
6.3380581792444
0.793841091875657
4.62360866200893
6.95973539259285
1.98033819593299
2.28143134244875
9.44099179469049
1.20113147422671
9.21572735533118
3.24324269313365
0.466828868849616
3.39500950649381
2.04338729381561
10.9355857828632
2.97827850530962
2.21894218120724
3.77618477093398
6.28195989411324
0.408192910254002
6.54167616739869
3.87059912379467
3.89408536721021
3.41765175107867
3.48841734230518
2.03919249623767
0.0885033278327525
4.8527276609093
8.25622559771654
1.30692508136029
6.31390794383495
1.10145352689228
4.40199272336729
6.96447917725891
6.40379650336849
0.227560522034764
10.6708278181031
7.2305770823732
7.49205650665242
3.56519622728229
2.64816170971385
14.8669238202274
6.74250239972025
3.52757988827666
0.917869806289673
2.96547007267658
9.25928193708775
3.09678255580366
15.3380562085658
11.4300517365336
2.38873352173806
0.0417971285060048
4.55315797589719
9.28679860662669
1.75012773165632
8.48113093525171
1.46561786532402
0.12060753069818
6.62088089156896
0.971299975052607
9.13319305982441
5.53915745113045
1.61582908776819
6.25587357208133
1.06439824200317
13.239128012941
0.691669783554971
6.07168827833858
2.86980708514441
9.23008117824793
2.54996763542295
4.45838861633092
7.01970051756376
0.658115288228839
2.36763975117356
8.59516658820212
3.21517977902614
2.58580147816499
4.49828202538576
1.7805551411584
0.464543630369008
1.24928380828351
1.47432668600231
0.547204841859639
0.897969794459641
1.55486578587443
0.802198308520019
3.76933895840245
0.505298492498696
6.15277916773017
0.627319165505469
7.01737578492612
9.57379838039295
6.16116723977029
8.33208633121103
8.83396107237786
2.16067988323943
3.70187053922564
1.51322572363393
9.93695084471256
0.683364169425469
1.74739704988013
1.10497872810811
5.31729909237583
3.97695621941239
2.32849085884606
1.90962927881628
0.22531496360898
10.7092789793452
6.98101305633257
8.21956736035645
3.47610991448164
2.96753332950175
1.1684927623719
0.533317076042295
0.394165422767401
0.826904682018249
2.58366053458303
7.42422605399042
7.81128427252024
8.95971719577769
7.01200734834225
4.06417234335095
2.62374026211733
10.0014538504183
2.53844783595729
7.25757876505923
4.90012816153467
15.2325813891366
0.255720154382288
0.727460987601416
1.3753105265336
3.75128923610529
5.0384674448613
4.21510909218341
5.05430672783405
1.88044967354842
9.13129621185362
2.40590160246938
6.51937345974147
3.93659912515432
3.04932959843427
4.3497518170625
0.712515950844124
2.29418880134395
2.28175153024495
2.23716066684574
11.0035099165215
1.32483898196369
4.24364730715752
5.61341957654804
9.12098013795912
4.03851486306101
0.673671113327146
4.76360977999029
0.332573847845197
0.322532607242465
0.769013329409063
0.747847787593019
4.15903758257627
10.6478092260659
2.59330845437944
10.0610452704132
2.81682056651465
0.199604546651244
6.23836189042777
7.40677717695851
2.04849816885955
11.5008764434606
9.06534753739834
2.55477814476185
10.4028604924679
6.36221580207348
3.86487170750993
5.6467749277145
6.16606090487375
0.207409588620067
6.59809999994948
5.18691269680858
8.07579811662436
4.45623924024403
9.84225873835385
2.36769078765064
2.05867122858763
5.29786453116685
0.959902434479118
5.40887713432312
0.805083129061157
0.826183399996623
10.5885912998452
3.70956724378678
4.81250974123906
10.5864806566387
0.499008943790389
0.528046907800109
5.86116495542228
4.33191602654165
1.14019918388053
4.00540623813868
3.26294947881252
7.72147251653851
1.60618714340703
2.29920450579119
3.39702222613288
3.21355161722749
1.42879721242934
6.07037069275975
1.79939613692436
0.166815076954663
9.80960065498948
6.63669834388439
3.56350799556822
8.95435891747161
2.95764736365527
4.43227527933158
3.94154945388436
6.82050453033298
8.93755939323455
2.62126654852182
12.0591182028875
8.15774914550863
6.11019465140998
6.51096682230477
6.8391966616315
12.4436367340563
3.87142025865614
2.03075964700146
8.22746425401419
5.83177729468681
2.26919192355126
1.70708880759776
0.476272284340731
7.606156100519
8.55801664292812
4.46765278466046
3.80469621159136
3.47984752152115
1.36103515978903
5.10318845044822
3.48175328756376
2.88243111824332
6.7823275225237
9.05684500467032
7.06618893891573
0.0920497508002928
3.66859501227736
9.41171369049698
2.59074660855632
3.68716620246349
0.502109504304826
1.32225414272398
2.31600210536271
7.37267598035277
2.87593633619201
1.51249901391566
4.46791271679103
3.35642321342084
7.04033714719117
0.983480172707087
8.42927433550358
7.38279490882308
2.62026653543033
0.655455309617279
2.58368053654275
0.664410460740328
9.76563803851604
0.158256219980209
3.00706074528485
2.69327571096677
0.983198231532456
8.10897818300873
5.04393270239234
2.94818915248054
3.52442532312125
3.4525488037616
0.373796536110213
2.55998141190694
6.19006375782192
6.55779632344212
1.70319243334234
0.000711372927108356
9.17336387426221
12.7833901904523
2.76493805657831
2.3781426018104
5.74819951306591
2.5125474203378
8.34584457016642
3.54337429162115
7.12061442142924
0.173626145476774
11.1994439836549
4.95696561411023
8.23677576393823
10.110240599068
1.62156925071031
3.23651386585961
6.55591499526054
4.2144105785085
0.563109177164733
10.6979227616324
7.84857668913901
7.29560295585543
0.515932915732265
1.487050672941
2.49951648027838
2.63521654997021
1.18139976255047
4.98727072011696
4.58863857202232
3.56618270743638
3.10396726708859
3.25430425714732
3.76013273177473
0.965783162973821
2.70866968203336
4.52848240364764
7.55215794073967
5.41885401298347
4.56449729390442
8.79271452147223
5.35268876701593
4.31575352680028
3.3050627913326
2.41797778289765
0.456071994267404
2.42665142286569
5.9166641742082
2.76545493397862
4.27546300925314
2.64577816706151
4.40301685594022
1.10246338881552
1.89356557860614
0.582450806202774
5.90300062222318
3.61945035547598
3.78683883892401
3.23307740036398
11.0211372596302
4.49959526304156
5.0117362664118
0.0422002675148948
7.18394869472831
4.98436219058931
1.97575951644503
10.7932728461043
1.40157234854996
3.77948698587716
4.15029488503933
3.99013277304022
5.76638258046642
6.86037525314627
9.79011898930045
1.04499692082766
17.3264432931319
2.34280456788838
2.48805654791432
4.34982705379275
5.03895119763911
7.25056598894298
1.77833354100585
4.88399983967506
7.15467326808721
1.1180909853497
0.803917793724134
2.79870205558836
2.2469154244157
10.029783221974
1.42559603418566
1.69885462296352
7.20934243071781
1.78188390564173
4.19741929508746
15.16043827869
0.305535248480737
1.89182325266302
4.1106542089203
0.708607684540785
10.0907096872106
4.52993598300964
4.41953692852744
3.35863884538412
1.78167397959695
1.93291257601231
4.02649543248117
2.66657781321555
0.425677157831468
0.96090160688918
0.567034725099802
0.85369816349606
8.92349921632558
1.1772352270782
1.82641374412924
7.96338755171746
0.128424882865457
2.62892874889076
8.18388983607292
5.89943283176192
0.570468209449392
0.178036410704412
0.817153979696249
5.72605284396559
0.419076974503696
2.9806517495852
4.71803001128137
4.98840697109699
7.22126075997949
2.38454360514879
5.46959114726633
4.31980181019753
1.27850463613868
0.114883338624011
7.30402886401862
6.81328917853534
14.7472384851426
10.1379362519581
3.34490113891661
2.38003053236753
0.942528829909861
5.0266234902665
0.320776400796606
3.59165836125612
4.79638827964664
6.32177256944108
9.66743261087686
1.01393176426744
1.36085053511137
2.75977912214111
2.24814231041819
0.505451764911413
1.8016656665486
6.90134858432451
0.403751712698549
6.46476970376372
0.400941632688046
2.54616079915995
7.09904151573474
7.62569746263447
5.44292258223117
2.51893643289804
1.63851843681186
5.9216219233349
3.7585208658129
2.36125763040036
0.997240981087089
4.75095410365611
5.61139627825469
3.82788978865287
7.85401349040544
6.21250893454999
1.34813079210198
5.5600953655
0.340935687009768
4.90743773989379
5.09919349569827
9.00706651154906
3.99615456528351
9.15313558750571
3.63468129653484
10.0122003568205
12.3363889902325
0.348314084112644
6.53760605920465
4.55286304932088
0.773769663646817
6.32183980196714
0.869850651361048
4.64482912793756
0.903694774024189
2.54118191490676
5.14199796598405
2.17631660384352
6.14410087000579
5.62177874456666
4.90855276029843
0.486078196780556
0.294180330820382
7.95226040344181
9.79491224748663
13.6608029250056
2.46655771834986
8.02554492838681
4.12674688268453
1.53519868077705
6.96734569501132
1.92987043517932
1.18149113924942
0.0735439592972398
2.92585447304105
1.43581454176456
3.50131117738783
4.12218822166324
10.4120211210102
8.16626385774475
4.35684376592752
2.26934622041881
8.65377719481696
6.06147858779877
0.324164641370148
0.828944053500891
5.98235153593123
7.55720238666981
7.17157444953718
9.52004885766655
1.58659017179161
1.23671425972134
8.69312905706465
3.14531219191849
2.01050811260545
9.07545192573929
2.00573108177194
11.3435782724991
5.87002141401172
2.38202386535704
2.86120465025306
8.0721999052912
6.76594413816929
13.6133887917432
5.76571472920477
3.79387985449284
2.10106319282204
10.1730432594195
0.493065710179508
1.86340937166624
10.0825935394736
8.12800957355648
5.30911961104721
1.07313953340054
13.8182093316123
5.03770309701114
12.7380384365097
3.34424725733697
4.46113387097808
7.37695989655602
9.09499332774431
3.07918975437697
1.98929863182862
1.45474462016342
5.95499881357564
8.31735296199676
5.09697585366666
2.05688623245806
8.34777520503849
4.67086065530487
1.26251124311239
5.61678532976657
2.44570682898285
3.97809685673565
2.6293636765331
1.07930753985198
7.19554312897948
6.98508292641107
13.5507402119993
6.70357279013842
8.65995758213103
0.355045450851321
4.58001833735471
3.02537709940225
3.42305222317512
1.04543585330248
1.35429995134473
4.05528852315228
4.3061357922852
0.610626323940468
6.57983159180731
4.52498446684331
0.798036716878414
2.7758999762499
8.75883416738361
0.232471109606893
1.93497312720865
8.77740033902228
9.4338740498248
1.69374954421073
5.33488425426185
1.2286621844396
4.3545781634748
3.05165631852842
6.40957637007209
0.042081787250936
5.74742150492966
3.0441552400589
5.04086627624929
6.04016054421663
1.6496344935149
2.84060435369611
3.58191695995629
6.59768700134009
1.08296675607562
10.7628913283035
7.35273133032024
3.54396847353122
2.64803622849286
4.78420618455857
6.37254731263965
12.9634897457436
4.9406915688635
2.63865386896978
4.32702216038279
1.0754330274105
10.2375766495243
4.20489599990293
0.474387593567371
5.75444411952049
3.51084524299949
4.90026981569827
6.23585570137948
7.96659053303301
0.285160541534424
5.62502501998097
0.659044128661852
1.35137713411926
4.9409227212891
6.64640751201659
2.78430048375091
0.346770067699254
3.24605037458241
2.9759073671201
0.794641130218531
10.429059388116
3.54122868739069
3.72254396788776
7.20922443341396
3.31629619468004
0.839521372058515
0.673040377688372
1.3430833350867
14.2501961905509
3.77024994231761
2.01837106786748
1.76249051000923
4.90898754199363
2.70163854292845
1.33786096781125
7.42230783474636
7.53283277153969
3.85073856450617
1.85112080071121
9.66831552796066
4.07538379076868
8.78504232969135
4.05086328131273
5.96723354352715
3.63204989116639
16.3830691250041
0.938979326747358
0.721600298836991
1.92748827433254
3.13561163019501
8.91150783281773
7.07543864972149
4.04561532195657
8.21414869278669
4.16586278006434
3.76391538884491
2.01286090121767
0.0451737221067657
8.00166924672369
10.2114387555048
0.970607217989548
5.57432461064309
6.40019704587758
4.51595689664324
4.99067818745971
1.05252583147588
1.9191408297047
9.17261373251677
1.47479365559613
5.77042346563653
3.33737540058792
8.40688354801387
13.3396511431783
8.14224244095385
2.32234345188423
2.85516488903634
3.65021890029311
0.301215052604675
7.39136044954973
4.92698927409947
7.83015070483088
2.45257725473493
4.37692357227206
2.16962892529022
7.8740595607087
7.18164859341908
3.2136487674381
0.258966442197561
10.3264717618003
1.08317646663636
7.17991485726088
7.64255549293011
1.41208499994941
2.11504877734158
4.68294764868915
3.89540330506861
8.19075643084943
9.11267616320401
9.40812815652831
7.01084629780099
5.04806435448589
1.46598333958536
5.40980372548569
1.4044159175741
2.11727228015661
3.80454931873828
1.1824227393814
10.0451346486807
3.95706668496132
6.84427665415367
9.70239927992225
6.16742037938422
0.659894269258684
3.82301465939749
5.15330764465034
0.90560547541827
4.37927873863717
6.78141881337711
0.53749519714553
1.04004104213511
5.20691899582744
6.37264696415514
0.685050967149436
4.25415878894151
3.5014464519918
1.2202279176563
4.80477458331734
2.81667278613895
4.68579092994332
1.12548253238556
3.64253363150138
0.878584918931559
5.13667458434158
12.3836522966803
5.91703211793117
0.170420412905514
6.16678746882826
4.46262626291926
1.84739699309296
8.52105021476746
5.78567955758557
3.20611648382448
3.64529937505722
2.79500572942197
13.1041112355888
8.75753001309931
6.7195093003815
8.95856719210156
5.24933915585279
3.45901236869395
6.83067422707987
7.20247265417129
3.32923724142402
2.22478385549039
5.88810259941965
1.05657516978681
13.2932207593203
0.322466345223106
7.96322445385158
1.28372085466899
5.00598929356784
2.67981226943366
4.82636217121705
5.31341878231615
0.884540970626773
1.07119280644082
8.05759595241398
1.14961871425782
8.92177137539993
0.5365153426282
7.45471748113585
9.05661445576698
3.45474469481425
1.86986428332992
5.05696441591476
5.13432726729661
2.37415803130716
1.07011900918866
4.14154720492661
1.22720394283533
9.88420317880809
12.2535884996113
5.70628966755492
4.74917716346681
0.984418136067688
0.761110428720713
1.51780790183693
2.31272431556135
7.87409807089716
10.4457263889938
0.592477829195559
1.00637916216848
14.5966226002201
6.7113127523862
1.01072606630623
5.22611788474023
0.582406231416035
1.10595149453729
2.12972708977759
4.47511769328998
7.00988047578803
13.2385661825538
4.14309566840529
1.13968715482228
4.49020920787007
0.109019759111106
4.34513068757951
5.11511705065446
5.07731430698186
1.49628191720694
5.46218582894653
8.20826416812434
2.20520560059437
3.43779486138374
7.76949109287939
2.7702998450278
7.91200093053361
15.4640846187249
3.13961391802877
3.14589894064846
0.1064796699211
8.5159440866568
1.36643875605374
4.29010640167716
6.41312241378276
5.04699579905719
3.56685055781915
0.317066023126245
1.36996573201983
0.0538695370778441
2.88380724777911
8.32894253544509
1.98081116153313
4.0064643890706
0.745876136001449
4.85700619126027
8.05107910673676
0.964272805111239
3.70915094390512
0.943940225988626
11.6893952479586
4.15975954383612
4.10011934582144
0.705077787489834
3.27488437324426
3.56602915198256
2.09230646938527
0.375157222151756
6.39385388092922
8.32221996970475
1.0432944367164
2.40717817955067
4.81541994959116
5.50086367875338
4.42044887185628
7.34164013992995
1.1321024288591
6.29841960035264
3.689165241243
2.73740571815391
1.70359562616795
8.69153172243387
5.68469704857222
1.65662032086402
1.19140943276364
0.972563255494887
6.35517164860131
0.716117513366044
7.29326198343188
4.3643846642226
0.391693762503564
3.17799265030771
9.7157161980655
2.56834726314992
6.21825852431357
3.81094121839851
0.224642269313335
4.16152102407068
1.80293411133981
0.9296210969784
3.44468946536032
2.83297374844551
6.80076952558011
9.80721091853338
2.43268533467909
3.30282202921808
12.3794109702172
9.69953174177187
9.27459027152508
7.94193958863616
0.787297474449739
4.49631048676432
2.71025372203439
9.1433249303203
5.09166684933007
0.055960426107049
4.61128375768345
2.42698029454996
6.26399815870645
9.20852774288505
4.52913166955113
0.404900754801929
12.375371879898
4.70956114586443
0.963682564906776
5.20536205731332
9.81622789986432
2.00961455702782
10.1858631009236
2.00574180586527
13.2241281049762
3.66030093282461
0.404344592243433
7.03794581349939
0.717088719829917
5.38272060472562
2.41603549792281
7.27738940622658
4.80708067100611
7.10114231333137
7.7150870734373
9.84765393563043
0.603107246570289
7.1455356432125
5.07004880230538
3.32362668123096
6.7334134303339
1.8772580428049
5.59808803620575
3.69975143032173
1.43840066618066
1.69623746003235
7.68399480730295
2.86426108796149
1.92498581018299
12.091359635815
1.38802111614496
5.84146069908676
10.5926500504349
5.54527951008973
4.82885977253318
3.38104290422052
5.49960437004792
5.99263166077435
16.0828517051414
2.04366033431143
4.31792259369916
2.71897614002228
1.2693467317149
1.47014958783984
3.06786135152484
5.53187612025157
5.01530894543976
3.09761959696358
0.0843205441063745
8.19433995056897
1.35347590131827
2.00085476972163
1.81115360464901
4.7483738290021
10.688225296326
8.23127047921203
4.07511819479471
2.63367534783487
5.3702680683578
2.50319004306124
3.7557866335826
7.07705896347761
1.34673076681793
10.356981260702
3.55585180222988
12.2292335610837
1.3437962410713
1.61225763149559
4.59462597500533
3.50547641028353
2.50967820174992
2.57563481573015
3.72564243152738
1.88266893146351
1.54284397140145
5.87564669549465
3.97367808036506
5.32022116240114
5.10585042648017
1.47977874148637
7.38675148599684
0.598770996111135
2.56034274687714
3.27590208034962
10.4534590616822
3.2806218136102
4.68745181214638
2.22928200512771
2.13872629683465
2.97437105327845
8.60251958947629
4.06941921470629
8.83770992022415
1.1537529853814
5.94374585863372
1.07418386823484
0.236210146651092
5.68413306132212
1.27264869228625
4.21608594978785
5.42084805201739
5.37284146994352
0.441576017559743
3.59045136719942
3.67725442629308
5.24727288513032
3.92788904719055
6.88075125217438
1.94368648070522
3.53324739004447
0.545138740201501
14.2326420871541
3.4427632112056
9.49963023886085
0.359755149111152
4.81744813376888
1.98889528401196
5.30208429101037
3.707674445348
2.32536723467033
4.93868917325718
3.8700100267306
8.361551980488
12.9494092481214
10.4344186373055
12.6835338072851
11.180016072467
16.80330953033
7.84855207893997
9.14831361733377
4.62541561573744
1.26591788335005
0.825430150143802
10.4837666964158
3.07606703396231
9.95044963141602
1.71711801212854
5.51922323942228
7.34165091998875
1.68552526083962
10.4909454201932
11.0577704617754
0.471097493738437
7.46011678129435
1.49675616300194
3.06287798881281
12.7764798700809
5.63554638065398
6.01091530136539
0.628961529582739
3.82345067337155
4.05283207073808
3.5638262052089
1.51263335667258
3.42467756482417
2.25945907119573
1.9176549045369
4.18134646024555
1.9151340058418
3.43731539641789
2.09927059392317
4.98571382222988
3.00748530318302
7.89376576431096
14.4318497274071
7.36699413973838
4.5909013133496
1.25460200943053
0.767888261503512
6.75973732724627
2.58737225085497
4.98405923135579
1.03547123726457
5.96543605153409
13.3382166745071
5.61907505616546
6.30096839322404
6.04210076853633
5.89061484206468
8.88326443237187
3.92601510547973
6.70296605676413
8.79234657622874
0.224162035289901
2.4719401238486
1.63106139950425
3.56774134561419
9.0802512364462
0.762541159171307
11.0426581697538
15.5467830800713
3.46050749067217
0.0865333713591099
9.45273864989872
6.91845212131739
4.32881727193376
0.588703929001139
2.56359481718391
2.25516094360501
4.02401001192629
2.75975044351071
0.299790734425187
3.4616805929575
4.65712652926395
8.27934148255736
0.215610446374673
5.93631064984947
3.55705989059061
0.799716781459877
0.962385138744213
7.77275303844362
9.36600875575095
5.88459622212436
10.5766356383992
12.5965799437836
1.8584413567537
4.59276083856821
1.92900280841977
5.31352398558204
7.22048797179013
9.39847324480974
1.27912438474596
5.56390366937428
4.65600821189582
8.53731210809201
1.26259282696992
9.80357044793017
0.952276866883039
4.02724713323956
0.224608439020813
6.0217869002372
3.94217013381422
1.62366402801126
1.57157352659851
1.8878597315475
10.0601776345085
4.05183965340257
2.81652050977227
1.56433618761248
6.26410364639014
3.78909297287464
10.7241253834218
12.2017535148188
3.99872119828809
9.04834776025731
2.93475722428411
1.34966934565455
8.81367560941726
6.05879064771629
2.87439453595627
9.33922526892275
8.94034791777345
8.80154357291758
0.39247190579772
0.66359626823787
5.24984458461404
2.00662038265842
6.44544141777916
1.41938091776774
2.88033499382436
2.99825999267213
3.01097622141242
6.75158868543804
8.19353919941932
2.46088937856257
6.79861921814555
3.14566784072667
4.35656295157969
5.89089239947498
3.53032955899835
5.2934180945158
5.48425555382762
3.9551732697109
8.05464836303145
0.353843501082614
4.15196551475674
5.13788009993732
7.01148597504016
7.10695164743811
6.44119080355724
5.03083537332714
9.68493219995828
1.83185325497757
0.91656157746911
1.94571126860574
3.44173018045084
8.55203187093139
0.829400991115068
9.94901924859732
2.27101502010348
12.8050311468542
9.65720762033015
11.131402105093
7.08500167820603
0.4924595487491
12.0925263268873
5.45395873941869
0.8742367150262
7.80716389417648
7.64891607686877
5.3755245404318
4.08188052239799
5.43923620134592
13.5523204226047
5.52945262752473
2.11863884712691
9.01265854481608
1.66546220425516
3.65458133132851
1.16930434014648
3.584547014907
2.2300505167342
7.15881779757151
1.99526521395408
5.09356760240114
4.85150068998337
2.37967083173354
1.92788832355291
0.406480859965086
6.50826873241194
4.15636471007019
4.13692067377269
2.20073328819126
4.89882190037335
10.8887169136574
4.1508995444233
13.2209633709863
10.1306262128732
7.09129980163325
8.56009472627193
0.322884076497529
12.1733300709907
4.72419243486878
1.77203515805303
1.73405348323286
8.63382725510746
5.66225665329619
7.80579887053744
1.41130671836436
6.2608054606244
4.07209121622145
11.2324657587097
5.93227872159332
2.07177377305925
1.5897189732641
7.5182262558184
3.5973081830889
3.42466516231743
3.16968978896292
7.65537931583822
9.96302776038647
2.33377797994763
1.01644227532383
4.29865297149077
3.97950352635235
6.94645899347961
6.23475229737494
18.3891552500427
3.032001831285
3.84012293070555
0.538468233108408
2.02512494288385
11.0134638147429
1.33743993937969
3.94116579554975
4.38114357696805
2.61996950467366
4.30775561835617
1.37953923549503
15.4948480551618
3.67939925567587
2.90683869472137
8.74287756159902
4.12522191181779
14.0959276119247
4.53093596161844
5.16000002798552
0.577426748350263
9.9472182802856
3.6811196374839
9.11034944001585
2.91339097857035
14.4494598032907
1.74093856476247
0.373262772336602
6.09140831511468
1.45740022417158
1.59801479894668
1.76349661778659
1.67166258285671
1.44461789168417
3.98457765113562
5.67118529616869
13.5492695262656
2.66044065356255
6.32235021800797
3.19832747336477
3.54256073656609
12.4977723229676
5.75371119193733
6.89626149833202
7.45716583915055
8.75832729507238
4.32883236151581
2.21935378638039
5.21429618820548
6.43695003387549
10.0637902821818
8.79642984364182
4.02001725453323
5.27275911657625
8.99672203231603
9.13163113873452
5.60067790071123
3.876818343997
9.15853246115148
1.32750574616931
9.32942987419665
1.27436721231788
7.26882657036185
8.16858633808415
6.60552377575042
0.66122296747723
0.618893699720502
0.157800316810608
2.90916437857098
1.20931016359404
4.6529064886272
9.46752913296223
4.77668228559196
5.28376431187805
1.43825467675924
2.51677853446222
3.71959216496789
3.67030796001983
2.46752521070692
7.58428920526057
7.00458298348277
4.87752000335604
9.9582701921463
5.93729628077418
6.99139791540802
0.0647489447146654
6.52205252554268
0.551920885993822
16.7709360021059
8.32364847883582
2.18548153988764
13.2115449523553
12.7844185568392
3.02620442193361
2.44974861852825
12.0326622389257
4.58386702805152
8.14922172576189
0.323253020813112
9.218405559659
5.44696333818138
6.66434345766902
5.17887435853481
0.813732738606632
12.1289635077119
8.49418279519633
4.58698598667979
0.226349919103086
7.51745391171426
8.14709211699665
4.65005123987794
2.53097999375314
2.05561472103
14.235839828607
7.08928667008877
1.71376811340451
3.64302140660584
0.43860190935496
1.27162341570618
9.11560943350196
5.32016039360315
6.67706199456006
1.38276052754396
1.53607183601707
1.72948208637536
0.28726146556437
5.02194890360738
4.24257285453276
5.1322750028608
4.07682154327631
4.20391165078817
11.5877011405923
4.99511850066483
2.93973130173981
3.00349765457213
9.08034655041189
5.89301199652255
1.67219084687531
2.97585314952559
4.60269306496363
6.44310878124088
4.35221092775464
0.173637232688392
3.61827979795635
2.29764474330431
0.0431857382616907
1.350327138789
0.780699262395501
4.21935359481722
3.37011118309316
5.25340111944672
4.8604350304231
5.09580623469402
6.91569728402721
2.66726438421756
6.84330596122891
6.47271634568637
1.5412958321683
0.661153742112219
1.01273199543357
8.78362781368196
0.152326398529112
11.6528473095968
5.01078504603356
1.43945307980052
7.61770028620958
1.98165441397578
6.73606477212161
0.510540837422013
6.17113523185253
3.28906506765634
0.545315607450902
4.85236797651225
0.609813608734819
2.05088832881302
6.01951964199543
6.55647962426555
8.02136606071144
3.65763087756932
5.89260247070342
1.2557788139189
9.0630159014836
1.38507104918787
1.05568284634501
3.44528420469447
9.9901685745153
2.71517401905989
19.0084753325209
7.18870165292174
5.95733423251659
0.782891832928255
3.17106228731587
9.87703659572363
13.2461442812645
10.186859080568
6.98086514603347
2.1774890832603
3.36128766699865
4.35550084803253
1.35592836886644
5.41641042866156
0.563964224420488
6.08873825985938
4.30973044130951
6.25935923308134
7.59439275290735
5.79519206658006
2.59392550740423
3.27700250782073
10.9179749919018
8.82950001396239
10.1430931690715
6.6879212212145
1.37477286625654
5.40791145962039
2.85182575012415
4.77243189234287
8.56501932913611
7.4675606098026
2.06216685473919
2.14668755589038
3.4778953762725
6.20834135916084
0.963925962595235
4.50163120403886
6.00840989500284
2.84103818371417
7.42345652312737
4.92302677615573
0.690838192727672
8.51191331166774
2.98756978230885
1.28542005550116
1.15642932852364
0.584875023923814
7.93374413870351
3.45009592542809
8.73031274112233
6.27203879412264
6.04694816283882
15.6929742270318
3.36233469839861
4.95095384029392
7.6250032056123
0.871810681048543
8.45948372030061
3.89460450969636
6.41695817466825
3.49149142857641
1.56057325657457
7.4226557988944
0.914547645457139
4.39614471953493
2.01522808056325
3.43213836255152
4.9594959942624
6.91719201606399
9.17289392091334
8.2634792663157
2.67195754485275
4.74023162387311
6.38249232433736
0.817107936297782
2.05735736526549
2.86600587423891
1.35102933942642
0.997369200922549
4.58316109143198
1.67128462344408
8.88342396233817
4.75614447959621
9.50224057305604
0.67752676864702
9.10758676473051
12.0587437711926
3.45849024597555
9.49069464113563
5.69661981426179
3.65404940675944
7.32866587482315
2.82735122270375
2.00411130793658
1.99640328064561
0.115226154561706
1.93622084140074
4.00566999116508
1.08527023257715
0.446683469893511
0.285822339355946
2.08723663610577
0.957321049645543
3.90560607457983
2.01346384702504
10.2204081835225
0.346159958280623
7.10934123490006
1.82997293304652
1.93615676835179
8.84594763629138
7.67517596814189
3.32687743939459
7.0759548805654
7.36028510145843
0.986852939240634
7.86195669788867
4.84029016207539
6.57517475300148
8.05962313897908
14.7841237252578
2.68997490120682
6.54058113572485
8.44132939819247
1.47301134194736
3.9008702384308
5.54468082264066
7.27668972685933
4.83134750283711
8.09171108251974
7.26914093829691
5.68499554794062
9.20388102884614
2.31122213881463
4.77640515650369
2.37561548128724
3.46700956579298
3.93819089513272
2.96805123798549
2.51565310172737
0.529920638494308
0.209595682099462
2.26334510371089
2.31616464443505
1.0209902753514
3.63318319432437
1.68221030560517
3.25062894262373
3.99598944329563
6.04861266007434
2.15863586620842
0.466376962140203
0.52894854663897
6.05611716917385
1.63422415976174
