"x"
28.1802945770323
14.1875366240161
39.2891575404865
18.7594607938081
19.090335490182
19.6687253372984
9.76731134578586
30.5078784935176
13.0673316307366
13.5206110309809
36.4143973216414
29.0072646923363
11.7696857202649
5.66622954658487
34.3975371215492
23.6922758537787
36.2974551412595
27.3448279127479
24.7827577294294
31.7937339509525
35.3894446510822
40.5188388656825
22.0354310236871
18.7419680896751
31.3853586692768
28.9203674593446
25.3901848103851
27.0787618397702
52.3229243699461
38.9699613675475
26.6436339395276
21.5355189982802
15.6438423542387
16.7901343805069
32.0288591552526
17.9358073044568
8.30189315602183
13.7066085338638
29.3003679718822
13.3328580763191
22.583403903991
37.3983818106353
12.0694402675369
42.5863726530224
12.3623647261411
22.0158390700817
17.1718750149012
22.45983928442
39.938841573894
12.573598138988
15.8361915033311
10.8169519104722
30.9548256918788
12.4882722906576
37.4315830413252
20.09362783283
18.3422386382133
21.1655528750271
28.553517954424
27.4357412476093
33.0343632958829
39.2841660417616
44.0802373923361
15.71523132734
27.5934774428606
25.6183668039739
27.2065656725317
55.3376611322165
21.5447257272899
30.1223882939667
15.897005982697
42.102253013699
20.2377120032907
48.4696994885797
13.3270153775811
26.1103912044726
15.5005360487849
6.80033788084984
32.7084120362997
42.1953647397459
32.396642351523
13.8287104138344
41.1676260083978
36.490835994482
27.0909532214678
14.8946373596072
29.6986853252533
11.0997879412025
22.1022518960031
30.7970010209829
32.4613843218661
17.2916623645987
39.0511894132942
8.13072663731873
11.8651766330004
27.4953811429441
15.5367832165211
26.4595764689147
15.9461149014533
13.4821221935994
30.4456948768348
30.4657175205648
33.0966643989086
16.563683282584
35.7816427946091
18.5009524759941
7.15082138776779
25.0246634025105
35.1352186233987
49.3307491298765
13.0016701761633
13.1063160952181
26.1517936363816
12.7860014609705
29.7773817088455
20.3611699864268
38.3914882784338
41.9852710794657
3.60414604656398
25.383976008743
14.9372679787742
1.3647313695401
41.0198615398258
6.16147992563665
34.9446261767298
29.0862698610403
26.558947423473
30.1159092690796
26.1921948753297
11.7976909037679
16.9815811794251
8.00357002569543
44.1737690009177
26.347372867167
9.14406729741031
10.9691494211835
39.2212212085724
42.4946074839681
33.8936819783472
32.5757383368909
15.1938329450786
25.1605824567378
16.6823294945061
26.7052522860467
37.4201798064134
34.1373959643463
23.5223506111652
17.6924049322127
33.439894253388
5.71401896301108
39.108790224418
19.815032556653
33.220262080431
35.6486758984798
51.5877529940804
44.1550963558257
30.926726013422
23.0139773538764
18.7506734874263
21.6645740500584
31.9119919091463
21.8471430707723
15.2194559285919
19.9097805066645
1.93292933553817
13.0300687160343
54.3813109863549
36.1848471686244
21.5442782267928
21.1799792721628
7.43936956860125
26.7090255394578
12.7087017604781
40.3415875248738
51.1184669099748
34.8694910352165
33.2733054443117
25.4111064132303
11.48278019391
27.5288886390626
32.5040852185339
10.7220095513487
34.496201807633
33.2441328118342
30.8186662849039
17.9237777367234
18.7345762279367
13.446094840765
15.8629849087447
36.3675930537283
45.4411946316213
21.7296121337077
46.6690151486546
51.0339495260268
8.63288403041235
45.6605324987322
17.3023469280452
15.2953766286373
47.1104362048209
33.6293443571776
20.8893745794222
18.3888097293675
14.0233013313264
25.2067549154162
34.4388553116172
12.5458447753489
19.3482551723719
37.8541839927437
23.2618420850486
43.6865578405559
26.6202012076974
9.22994725702387
24.7233345638961
30.5151393637061
39.935226785019
35.9097708947957
46.531502250582
12.8796675480864
38.5897720839858
42.4745872079234
57.6903321780264
38.8400256168097
41.9291682775844
30.3189552854747
32.1335543412715
49.3088985327631
20.7842320501642
23.3495404799276
42.0422073453665
32.7296786475927
18.9234409015626
18.2875472953766
13.4987583849579
11.1964330633253
24.0928111132234
25.2391166519374
49.601175643299
26.2402782682329
5.24129963776701
24.4904654100537
15.0887656556506
30.5884520521509
8.58112350106239
32.1772187482566
40.5247460585088
29.0960090234876
5.86725880072326
41.189538827166
39.1473753843457
20.7174469963792
19.6452643256634
49.1649431642145
36.2508028745651
34.7135704476386
47.1779673360288
23.0434935539961
25.9507312439382
30.3117412978428
33.7062929291278
31.9295757450163
21.4888896327466
25.1714082483697
23.7399110821121
28.0819401610643
32.3140650551581
33.1857607699931
36.2576486542821
25.0732096843421
2.9127913992852
44.5374581497163
31.1822503339499
30.4384466260672
10.0118759088218
35.5014383737322
30.4027668200433
45.3293178696185
30.8236686047167
30.6080631992098
47.8673009667546
19.8878228408358
21.8012795317918
41.861957591027
50.8543389849365
35.9336729313458
36.8243134114891
17.5303742913288
12.1213960224658
33.416417427361
26.9624261651188
13.6795968102278
33.9494840919466
9.09918534487974
33.251232188195
40.8491818275799
32.6837726868689
17.8993785779147
19.1225825104861
38.0510485731065
30.2273090182057
27.7554750908166
6.07660501264036
28.7993504200131
33.6069024167955
18.4746973216534
49.025612976402
38.3387860376388
17.3553536646068
25.8751730727667
32.405373128131
43.1622270494699
31.0804499313235
25.6279547233135
35.6137750024415
30.7228749152273
22.6509077474475
39.1849799081683
24.4080074429718
19.2162997892108
14.3934801220894
32.9836280085146
35.0650683507394
35.2794952977935
8.99465032853186
30.6173515040427
41.4370060178094
21.944228745997
5.25431758724153
12.5605189984897
36.4849685691297
39.5562970079482
4.86525345477595
29.7866707899274
31.4310280397725
12.0829462073743
57.2044942062348
27.7800311055148
36.8428927846253
27.3722840473056
51.8336868379265
35.4213812854141
38.3177085313946
32.8273057006299
28.7670597434044
36.4601699454071
21.6698742937297
38.6938447132707
46.3385803159326
34.8619035092079
10.0174138322473
30.8290276148869
26.1579298879951
30.2495047927974
16.7022424284369
32.1356739383191
5.30366702005267
8.32810087589009
38.7826544698328
51.4102174434811
33.2811465237144
26.6918878536671
11.2438207026571
49.8812513891608
17.580513516441
13.044966571033
45.4170756042004
42.4887910485268
50.9100249968469
44.0509390085936
49.3649693671614
22.7898185141385
18.5409920121921
35.2825285401195
11.9364620427704
28.6038431091044
19.5538291707635
8.7976900569679
26.9496721681207
16.8521786108613
20.2273382754036
12.3380315194803
44.7971674613655
23.2081033755094
38.3768564555794
46.6786516830325
51.3489411678165
13.5852170262278
31.8928168591112
31.792021356523
40.5374004505575
19.6327285841107
45.5551747232676
32.6378974597901
23.5477224186968
23.8202862907201
26.6856911126524
26.9198959280518
32.6495004352182
30.0265070276976
36.1571083776653
41.2204062677727
22.2588821610679
8.73414929956198
21.4525725072041
25.3104303497821
29.6626643277705
6.30403109826148
6.60540702111802
44.4768028799444
42.3869671765715
39.9819696787745
29.6160688158125
56.3051728531718
14.9605843041146
21.2674504967917
7.92765826918185
17.4121165182441
26.4283716212958
43.2510967832059
32.0385478625817
9.51792828298136
31.530217686668
15.102896373719
31.9528572726995
25.621962300958
18.2515741325915
56.1589724384248
35.6080164201558
32.5545952655375
8.05402249097824
22.1662232188257
34.2454619669815
5.84993951102849
27.9747565742582
7.01064471873735
18.2883006520569
32.8136362601072
45.1901661845634
56.9738886319101
23.0591351471944
27.0627864636481
36.2770088948309
14.0255721285939
37.8166644368321
31.0786986257881
31.9568682616195
26.6578296199441
14.0095330876204
29.9685280770063
27.415347442356
36.1624015495181
27.2065362244716
10.0601711776108
26.6049686353654
30.8553161844248
26.0192389126162
33.8570415508002
32.4279514242896
19.2873127292842
53.8564230315387
22.8837271480187
57.513749692589
25.5033586379853
26.5051961876452
35.3842164807328
44.8177822399884
32.5815552033543
15.9861027048194
28.5118697676808
23.2153159100562
48.9229759667069
11.5901857492111
16.4641932918656
21.2903978303075
11.7245515342802
2.29401811957359
34.0365643147379
31.180186429176
19.475570763108
24.7809737920761
41.9051824137568
36.2069500391562
25.3354403649603
24.6300011873245
25.030855089426
30.0911139204881
23.2639801450973
25.3435667138547
35.1351214107126
21.2271285191228
26.6341620124876
26.3717689551413
4.75284772062247
11.0857249703258
28.4783104434609
25.6029242836607
36.3207269459963
40.3749343939126
34.0445975362671
23.9550962578505
18.823319318738
21.8636728357524
23.4934869222343
22.1194686249558
28.5787308588624
10.5989184230566
40.071114897728
38.5788285173476
32.3380578309298
34.8775353748351
15.0517377095337
28.2086667413262
26.4099367428571
16.7379109188914
19.7768131271005
37.3411322478205
19.6909541314462
31.1201660428196
30.9356313805372
8.24297928477894
32.3383412715794
21.4176355091391
18.2476410176605
11.6717759519815
17.1440000180155
26.8079305067658
41.7462969227147
40.2357210405171
37.1039760008561
21.0717343259603
21.1692931045164
39.6684976294637
17.8492277860641
32.0351426489651
31.2815414410641
38.2547109003738
37.3700700700283
19.6718912571669
32.6340414118022
14.6162335760891
24.7259120784348
15.4646887980283
39.8764626123011
42.7150979258031
7.11427633702161
28.4747479483485
51.194818271324
15.9749713541563
48.9013975486159
33.8882362935692
5.73325713110675
24.1967974696308
30.3814690094441
39.7778262849897
25.0474158674479
39.0155713073909
36.9398475624621
14.1120827756822
17.1381891705096
29.5650949637522
53.6896698642522
26.2705820621872
38.4554158430547
20.9510198310689
23.9288613200188
4.28759464994073
44.9080337030811
24.9235991757446
23.5789130689361
17.0837675686926
29.1736206971109
25.870948377121
18.8983874717788
33.0016088671982
29.3496632017195
20.5584120329261
11.4451713798482
12.1602253522724
36.3187789316723
26.3821412343532
40.4776910785586
43.3526705484837
35.9878536779433
20.3360312152654
22.3578085657209
47.1038108691573
28.7166395262548
26.1445056181401
23.6381465103477
33.2880648318678
1.85342496261001
21.1153600830585
20.6476802895983
32.2992529720068
1.81726207956672
37.4214028473943
34.9949713796377
10.9976625985793
19.8049611042639
22.1070729196072
49.4272192008793
35.0468723103404
34.6977207809687
27.4251760914922
41.592329654178
39.1550568767563
16.3883114795116
37.4261873308569
32.0497212465852
37.6267790794373
45.6256106495857
32.7998200897127
2.92399140995512
33.9943041368443
36.4919370040298
39.7042463067919
33.9697018731385
31.4079362433404
28.256304608658
30.3168574348092
34.8717477172613
29.4614283367991
34.3127158470452
17.2267921734601
49.7999510141766
26.966272798213
41.6225982583308
40.7219767570496
17.7921093069017
6.30059197674109
24.3185928091407
17.2505021969592
6.33829604910366
27.1549532387042
43.5335834044963
34.2245489359721
45.0620491988957
39.1268964391202
28.789751464501
15.5339834510394
19.2923450376838
28.6739902105182
27.999991318211
12.0441304389535
7.86165790632367
18.2376337660952
17.0259664300829
34.2381864786148
24.9319017864764
20.0214010661169
18.7109469436109
22.9870329281624
35.655033076182
21.6179931719758
22.0503298565745
25.1521428115666
29.866450233385
16.3028308190405
48.4203000552952
42.1118977013975
37.006063060835
24.9121696688235
22.1941711846739
26.8914679301363
4.72878473810852
27.3283851332963
42.4090579462747
12.3721362091601
33.6246794182883
46.4525789488107
15.2228665937368
17.6209867150584
27.4132925085723
15.8397469203919
18.7391289044172
4.74759209901094
37.6450690906495
23.9647248759866
21.2470081169158
18.9189370255917
33.6443765554577
32.6743066776544
26.2103786226362
21.956211176844
46.8631838914007
23.8790147006512
44.5357567630708
28.6035351920873
34.0524913277477
7.2014895701441
52.9277957510203
25.0049961265177
16.2734548583241
17.6594007294625
49.8818124644458
32.2283419949206
42.4227055627853
23.4169038012624
25.3772214520723
39.7496638819575
13.6782864108682
20.4712593033791
29.6724995101205
23.9755895454437
33.5027114022523
20.8237407397075
45.8392789587379
41.9468215554079
17.9863282033013
24.4039432145655
32.9766623043025
28.8712460082024
16.8625414575119
32.7819925732911
37.3419677752659
33.9109488660388
25.5309998312021
17.4755946219868
34.403474921919
23.7552748993039
22.1308647614719
27.7049384545535
36.7084656842053
16.952828830108
36.3878840046617
43.4648946393281
27.6273927185684
18.5259472113103
14.7630943916738
30.2083105081778
19.2272447391545
23.7775988411158
40.915350522846
18.8014257231133
30.8920504059643
28.6474505905062
13.571420032531
36.1882514320314
43.8032529879028
21.8878403290257
34.3483286322185
25.4245091695338
16.1992099347806
1.06180874868527
25.9624383851204
16.2716682534665
14.5724571273843
42.7774443291128
45.8573550079296
20.3147097956389
6.46942458115518
40.2892071288079
16.4913205355319
34.6772459801286
9.30776030993898
12.7650923193614
42.5429288297892
17.9234171374535
42.5621852334573
38.4748515055644
38.1537539418787
38.0677405856165
20.5785088063093
36.9565537199378
35.9648588579148
5.68816191516817
5.77002046629786
22.6210258435458
25.3722092602402
16.7131098429811
47.6775210816413
26.141709741205
21.6824954841286
31.2805667993115
16.0765397827642
26.8111458428458
47.2558457404375
40.6590920872986
0.233910651877522
38.7313747778535
42.2660114843504
12.7980269026011
36.5694919135422
34.5663726329803
19.8613600339741
11.5325769365528
23.0226552514696
23.5692365095019
15.6045386567712
58.4190546534956
20.4513667477191
37.7303748758469
33.3287061657757
36.939172912389
32.4696480762213
16.9059765854114
39.6839398890734
21.9832503702492
30.5614877921093
12.0897982762832
16.9839977454499
21.2611383390296
23.6774542691688
23.3875691154821
33.7294253739638
34.741441346705
16.4709465112537
27.8372849982926
29.2068658862263
16.366914473474
22.5149383277535
35.2037868623164
30.8133497834206
30.1250897363848
26.7439534349
31.1783491633832
41.833764193389
40.8100106443781
47.6508221589029
28.6066170781851
5.87677625007927
37.4659234657884
15.678702387366
28.9021333375133
25.4580169450492
60.202972823754
48.2491358183324
6.18310455551344
32.3030744213611
47.9085414140725
17.6568978466094
28.3552770502865
31.5075674512703
25.6006496027112
41.9110613439842
41.698463074863
17.6956829381443
22.2585284616798
21.8015567865223
26.5215368475765
9.27924565039575
12.1875932926492
20.2298995107412
15.0131146412782
28.0084268189967
21.9981736503541
19.0203770755758
30.0559605006129
48.5922953113914
20.3317782375962
29.9281210172921
45.5851126581211
16.027981415391
12.3558523599058
22.9238722473383
41.7482653304496
23.9936856555771
43.2323850225657
24.8105665541848
9.80799961835146
36.7318512871861
42.6594967488199
33.6699564475566
12.0079217012972
33.0784142932377
18.8505471865156
16.0079805646092
30.6808740831912
34.7222391050309
32.0797432679683
10.5391065590084
26.5624262470878
59.8292395006865
44.219843489923
16.9869030360132
29.137376064431
37.3822844121605
25.6529374041836
9.65562075139531
31.8248776718974
36.5447680931538
33.8223420083523
12.0672315400521
26.1677922215313
28.7010778672993
29.7579500358552
31.1429676280887
36.3724240567535
19.399989489466
13.1708500346412
11.4178968715444
30.0612764898688
19.5548404473811
45.5180695746094
31.5564322142533
27.3412518491897
39.1888675279915
36.0132599715143
32.6112839858979
26.9269186072052
21.9264731742442
37.9334096726168
37.2344736009836
39.1765008680522
35.4165979195386
24.1345702204853
31.4737287349999
25.6141567103156
20.1370012946427
43.7090239221987
60.4745400138199
12.7047778720192
45.0281662715557
26.7714619636536
26.7002995125949
19.8159295599908
22.5564369216341
27.6351778302342
28.5914284177125
26.8616393446512
32.3656017426401
7.47915424425468
28.6683930549771
38.457923848182
33.997196983546
36.6749770369586
33.0625162925571
29.7457021873561
13.9737870078534
25.8248331956565
33.8812951099038
43.9908481668681
32.7821670005743
19.2280039191246
32.9334707930684
17.9012493149004
38.2039073278307
30.3772372193635
28.5678425803781
25.4821330308914
19.7898987803007
40.6466411892325
33.4148607327584
29.7170321922749
43.8971504569054
40.1745014544024
25.2760430332273
35.1572789717466
15.1040630880743
43.7788319773972
27.2804722655565
38.0597025669949
35.699139737556
6.11912729218602
20.1182225381544
24.3256343528628
34.2985715251416
16.8494527863255
36.5342362318188
25.5923657678068
9.42452349700034
37.4483256600797
21.015250403434
16.8252628296614
19.8856312781572
19.7645500302315
10.207483638078
8.72012097388506
16.0186074559223
19.13523953408
22.6455451157665
32.7044521458447
43.2609169278294
39.2882246058434
29.4621902759962
15.7135742339415
38.987881783396
39.2094901297241
11.4045781083405
1.43264099024236
8.40312135405838
42.6315657794476
47.0159590709955
11.8240093130416
33.4528737622959
40.9558737184852
29.6709801070392
39.0833798795938
23.8595391623676
25.3420548146596
24.6283114836676
21.7670698504875
20.6637424476538
3.43829610628051
25.3154249462114
44.2601552698761
16.8708141635154
21.3208505883813
42.1135865617543
1.11220078542829
17.048354819417
30.6178358258068
35.3192187845707
35.3653399273753
49.5367519091815
33.1393046770245
46.9713948201388
47.6266711484641
13.9625709998935
13.1130834995387
30.4475964684305
32.8594818711281
31.3159061595798
34.5713727796272
44.0368282608688
30.4450608789921
26.2501152632029
23.8778348080814
43.2430391665548
31.9886525376302
4.23966848117718
48.506908165291
2.43222081763104
38.6340142059606
24.6803886169351
26.5148131609005
20.8524691406637
15.9386809093444
29.2819662485272
8.41119326651096
43.1006577594308
49.9653313774616
26.9785523880273
22.0574625302106
14.6062180418111
46.8329239170998
34.2883135657758
33.7029519956559
33.8264849968255
36.2243921919398
30.1522677197794
22.5569681730121
26.683315820992
16.5789066346474
26.3824454974383
24.1585518145205
34.3717287760228
43.9309490844607
54.4048962648958
31.6683126695659
30.830412870273
17.2035053372383
5.00522563233972
25.2127156592906
29.9143688287586
17.5388884730637
14.6739328397902
36.0247984994203
16.7820387985557
42.7526708692312
28.6858356557786
24.2602024693042
26.9696833181106
20.7702183630317
22.0945028588176
14.922339329496
31.3412851188332
25.5750198216184
17.8141528274864
25.0663814600557
26.3165540061891
22.9523778874106
39.9900812305944
44.6386958938092
56.9958764128387
36.1859194003046
44.4837154820561
7.13793649338186
26.1029814369977
35.1221031975001
31.3741677906364
21.3589346142057
22.9465758427978
9.73175712861121
28.8649469588542
25.8269869859265
39.4943336956203
41.5204933378845
40.251810895279
23.7184717393919
19.324848568067
26.2876643889588
30.2501179624018
29.2397321667522
36.1770302522928
27.7371969074011
13.7323244009167
36.8162044860795
50.501893600449
24.8726851772517
29.4941429048777
22.0888782495871
25.7256184983154
19.3091391447552
14.2055896870015
51.5910108108073
29.3846491724253
40.0117964483798
26.5475648920983
26.3610407710075
45.3314267098904
33.6794894654304
25.6520987488329
28.4553999186824
28.5886865574867
39.2563727041469
37.4777116812766
21.6799920685544
30.634889472276
22.1021078913608
25.8406915236264
30.5967976339161
22.8899386332538
13.8134921900928
53.1797184143215
25.194743508473
27.859599608928
15.5046821571887
36.0521979629993
20.8077704533935
22.8732463438064
3.35107063874602
28.4899365344577
54.8684548120946
19.6472899056971
24.0966768461777
5.08494072696161
29.6863734851168
43.0019851308316
45.1377129647881
37.6487953122705
36.2566302530468
30.9878822780077
39.1939084045589
26.4081825502217
14.0068426728249
44.4133453536779
21.9252156093717
42.431672802195
36.1395287327468
30.500431550597
42.701543867588
13.7959220915593
18.8914056867361
19.2454816852392
39.0315033789933
31.7474096764576
19.7172976098955
36.0724648460746
33.8489077519625
15.4601314053411
34.1457082424313
2.30058641172945
33.3027519648072
32.4552626349032
31.5206790069779
36.0890748910606
10.3353710845113
16.9264514464885
25.3214490946889
14.2078761942685
17.5384440459311
15.6981194678751
42.7150705829263
26.4925789553672
45.2813436277211
48.6910895444453
24.19703300111
13.5010496454138
25.6087356712669
24.5221553836018
39.7380008362234
13.5055898223072
19.3572267889977
16.3724585260038
30.5909988936037
8.76000685180275
30.5170216597617
19.8639437556267
29.4713919982314
28.5083308640761
24.7769924346358
17.4537227954715
16.2334316543796
10.9727878123522
31.9045073818415
32.3730099480599
28.8881257176399
29.511735022348
40.6974297948182
38.4792841970921
14.3844047846937
34.6755057107657
29.6594582541128
14.6805145442895
24.4375759735703
55.020048096776
15.8711845055223
18.7256740871817
30.122954729981
32.8968186293864
31.9633733723686
21.1498691328292
37.5194774474949
14.3231493768371
13.8670327141881
41.9739586301148
27.7015374075487
20.7640931873372
0.681910526239894
28.2874452881515
0.0906338449567556
28.9392782375216
20.703505165875
38.5545326396823
8.71412177290746
13.2580129895359
7.93523439206183
20.1754327114908
31.0846834476985
31.2152204569429
16.6092515923083
15.2495837235433
34.2292305547744
33.7021195245174
32.0390551816672
5.15054515562952
8.81439333666635
37.6324049662799
40.2628519417146
39.5453934092075
28.23446393013
22.2973199095577
15.4941068177731
25.3678936178211
26.8597302027047
19.8910350335957
40.3433855157346
35.7045439866368
23.6105737394829
28.4302663058043
18.261974491179
15.5418028589338
14.0071582940402
30.9202623087913
37.1943187434226
34.753544209525
11.8279851041734
25.0672836322337
25.8327758871019
14.5330061204731
24.0030551329255
44.696564362523
36.9511041324586
10.2639291057324
20.9778275951993
17.201341758861
36.5133044775575
30.3214271087199
30.321296537295
42.8017068188637
17.8580018226057
33.8406820315868
19.7856189217418
18.9406565390527
27.1268078591675
18.9987141173333
23.1135692447424
61.1846467480063
46.9389216043055
13.8160485308617
41.5894680190831
22.2915945835522
33.760937768966
16.1580741364126
30.1764177158475
24.1868783254176
10.7063128193962
3.26528549194336
11.2695458486123
25.7671882398427
29.88346000202
24.0155043358651
32.9782360233366
20.0233586448576
23.2860717128107
33.5559674073011
30.1103961792128
48.5154251182017
30.1968222949654
26.8413648531104
26.7949902452528
37.7805397959514
49.3504706942862
41.0366326204513
20.4044192563742
22.5528300739825
43.8441238366067
20.2968947589397
40.3962919954211
14.7044091951102
25.1104722265154
9.77792306803167
29.5785944908857
10.9993882011622
23.4981929394516
36.4724052138627
15.992449875921
20.6942950841039
14.7190695076934
25.1299685442055
42.2971436806153
22.6417282130569
53.7390312645584
35.6817546766251
23.4620668339059
24.1370767354965
14.9875720031559
29.6701897711983
14.0685534782284
14.0508557669818
35.1071734447032
2.00810879468918
22.3921527041226
42.258679044902
44.9242864735425
31.88771578959
8.5816074841998
43.5337053792297
34.2084611659737
43.3865413496229
5.14813791960478
55.5031678639352
22.7956329472363
32.3482580017298
35.3652610768798
54.3252124916762
23.9102039020509
37.2585214505333
22.9789420496672
34.8152709193528
5.18996496684849
29.1672934312373
21.7426903545856
10.8435839253528
28.0363714322448
24.4965828489512
28.9010990876704
32.1956623337748
24.7460931073874
31.5253841484604
23.9752468187362
44.075403502211
29.4294132851064
26.4626748859882
46.2520794477314
28.7496864795685
31.5212104830376
14.7525265324625
24.9522027559578
32.4942188337445
10.7759819038436
8.67888308130205
45.6620909585854
30.5726459715515
44.5385639555752
26.2356043793261
18.5152821242809
41.2808297667652
31.7620053887367
26.4454720610262
46.2886810768396
30.572254396975
24.7959744650871
34.1027255170047
7.63113373874804
26.9850295360178
51.9237645308664
47.8107170738877
50.8522046264261
23.7055647186935
9.06232320703566
32.1301872842014
27.311515334363
23.0960815127368
3.34725183000984
35.4512309189886
27.7719171717763
12.3107929714024
31.289888639003
22.6784499827772
41.6661720328606
4.10291870010682
13.2176828683975
40.2188686504529
2.81935934908688
29.2975959554698
16.9528115075082
18.5190111864358
18.0360412225127
21.4804257266223
22.3568815737963
38.238399497928
26.4113133464842
27.246840018779
36.0736433416605
18.0317660334402
41.087724128738
25.9692946070428
27.8396253939718
22.8433965705335
18.7078337185085
27.5732873007655
23.4409379307181
6.88262467241257
18.5056892223656
17.0490774666625
35.7072926145256
29.8249798826873
12.7200432121754
12.7549732103944
36.3179987296462
30.8850773751563
39.3363745417446
14.3730504955425
34.0228296350688
57.0288680493832
19.852340221405
31.9591099862009
32.1063907686916
46.4485570322722
35.851007560268
32.3185259010643
23.7335588317364
9.50916679576039
20.3476658787434
35.7828908072915
30.9137663018017
30.355139169842
27.6412902097128
1.6491987301395
35.8450421005795
28.2924977293615
43.300291383639
23.8776342477649
5.97899784334004
26.5216675586998
36.4313653670251
40.1786724408192
36.2355718938198
32.4227766599506
15.0405008124892
31.7671536467969
30.3004574375003
19.071891810745
27.117426384203
29.3918582610786
9.8768746946007
6.52144527994096
33.8875368388573
32.4267368298024
12.2514161746949
13.7563956979823
13.9591543003917
19.0767914056778
29.6551910229027
41.2705345079303
19.6006607353719
27.2234390955418
26.7916519660503
5.89922258627523
18.2571433852817
5.4523644645562
28.8230570498854
9.08305179327726
20.1531065370885
6.97037533673463
10.9227292705327
36.3588953856379
19.6429034635182
23.218603245914
13.4966477641838
21.9392735976726
8.28392249532044
10.2755170315504
28.1543903539265
27.8095567212419
23.1747498270124
22.978162067011
42.0870479661971
31.4802977256477
26.1035464704037
39.9772075004876
26.9773589447141
28.5030918195844
31.7497481420708
28.9317008812983
37.4601203948259
27.7903643060501
28.4339974042256
18.6727894004434
21.5939729008824
42.9349108133465
23.1668361462653
68.6632378492504
36.8595826439559
45.9797274321318
24.7199368197471
34.679802833125
58.4422712679952
42.9396952502429
44.4094910286367
47.2171660512686
26.1584314983338
40.6033568655381
20.136694656685
18.4103770647198
26.4079003129154
17.2717664856464
40.2569183791451
22.9160337979241
24.0136153064668
20.9698089864105
19.9569877879957
17.83795543015
29.6059749089181
9.3326959758997
30.6251686066389
13.8918787772292
50.5905274767429
23.8605521775708
30.8988559059799
14.1238217707723
32.6929177623242
23.0164093748983
27.0342765375972
4.9718442838639
18.854210323769
16.9823993463069
18.7664621509612
40.9652886408129
23.8291911315173
18.848912427999
15.0263447510711
25.2067875117064
8.80065644159913
5.53825996563233
22.1767342183739
35.7579210307449
28.7912684191415
40.6776601914316
2.21489993855357
28.484092047438
35.3486917313433
46.78187337704
11.6896796040237
22.8882383555174
44.3398673327139
49.2726822849363
44.0170451998711
15.5200067539151
28.92802557908
41.4900039322674
18.333303835243
23.602561512962
27.76611992158
40.763134509325
49.0423888899386
19.4286245852709
25.5274186842144
49.8497534543276
45.0044222176075
8.58212094753981
17.6308651920408
9.56118409521878
22.1270794048905
28.5263048484921
41.8179620988667
59.1324761509895
13.8480284716934
26.8966318108141
19.6401517854359
37.3396440874785
28.3405663111248
33.0480890814215
34.5484824162424
31.4989427570254
7.97514338046312
29.3829915579408
19.7171536274254
43.3602405308949
45.272118318826
26.0263978460791
38.585384420854
14.4090443292011
19.1584686283022
24.6017970706953
21.0967426361355
25.5289104163163
45.1195043511689
28.6321298219264
48.4204079024494
21.1361359508958
43.6016714666039
34.4755020923913
39.949366543442
33.7453290672
31.3035022700565
46.6027796734124
14.3701651599258
2.48143086209893
43.3716481085867
25.8296652231365
53.7358782719821
24.4496644474566
18.4146367479116
4.63630533777177
38.6393417138606
25.7840551901609
22.5917289686883
27.4362233384689
14.086141763255
34.769251383841
31.1805746591071
25.5386393982917
35.1005278993398
20.8822203800082
38.3777471259236
20.8598371018311
8.81226235069335
32.1699419058859
33.3563238220422
29.9279123280377
54.0899462997913
31.0288492828585
19.7623187684802
22.7396783884615
26.8874811008573
25.4529539961368
25.5723992211674
35.6363476719707
6.67771613225341
18.426847178489
49.9249794054776
11.1406214535236
17.7345987875015
39.4249708857387
20.5640187244853
27.8560035396367
28.3073369879276
48.6730322707444
21.3289451592513
16.2284966186766
10.5704807431314
37.3144829180092
31.3063017092645
4.00048545285417
9.48051861487329
32.6018531926829
28.3638133667409
38.3621829867431
10.8444122223675
44.5908861700445
54.3756578117609
30.9346011839807
22.1576730255038
29.7537327744067
22.1031029708683
40.661473914686
35.0950245279819
17.9727238602936
38.8720255810767
46.2119314819574
18.8455356750637
15.7399701896601
57.8063172288239
22.7734996937215
42.4906192813069
10.5598201975226
39.014833425484
40.8891596831381
32.663102960214
39.9627121631056
27.3109831966211
32.7086796984076
26.5303156338632
17.011882411316
47.9363805148751
42.1838742575183
27.4784383829683
12.7233043778688
33.4483734332025
37.306893337518
15.1330922954234
3.9581336081028
32.1539480704814
20.2209128066897
26.8548514212435
36.3068197681522
38.1280208937824
19.4166149478406
31.5850508864969
10.0478179999364
24.7662072983208
52.7746929321438
20.9561102557927
29.327604174614
5.37163349799812
39.9270752444863
12.9834498278797
38.3183746539402
23.5694682225585
29.3397549404704
37.4104912858456
34.9589085206389
25.9461632464081
30.5017952614875
2.6604831200345
43.4043980203569
50.1122820656747
39.3209589645267
22.8926887943086
49.2365499027073
36.3904346246272
27.1068448666483
26.9226831594488
15.3954764362425
51.0253445710987
16.556977840757
22.1547682769597
47.368646459654
1.68282403610647
5.26597979478538
40.823312336579
30.5074094329029
28.8657679222524
37.5673649366945
25.8034546859562
16.3242369424552
15.6279742252082
35.514602297917
29.6676534693688
33.7637074757367
8.63943486474454
20.0233032461256
26.6481798738156
24.6306259650737
43.2977933902293
15.3931671325094
31.1565743293613
36.7984788026661
23.7869938835502
7.66435091178636
43.40486000292
18.3617300819606
17.7751477342099
26.7278052258805
35.1238005794585
28.1608315650374
42.7857907954603
43.6581570189446
27.4091794022063
33.3739701658487
28.985944064334
9.00139496028915
31.0087683144957
41.0422868561
38.0654068198055
15.7806775532663
17.6872319541872
12.3636515317715
2.90117207914591
33.3247069269419
15.2242999265063
22.2902078181505
9.57421967759728
49.9418707564473
4.15022424422204
16.3134427994485
32.6701421210162
22.9905232787132
32.9428953863201
5.20262527279556
9.44739961996675
28.0860566999763
25.840367609635
23.2032486703247
31.8860423791494
23.958002217114
4.10766037935802
20.4298748169094
23.2773921918124
21.2776848580688
28.0141043942422
23.5424311881647
4.40304077149844
36.0258082859218
22.5620158948004
26.0079300962389
30.7151718065143
25.2465576753518
26.3232978963092
12.8637383074617
14.1922061799068
25.7027588628068
46.3114472106099
28.8676539653183
19.7293800022653
48.723000427708
29.0743952617049
24.8123469957571
23.8737064359886
46.6729814652354
5.65943471156061
34.0796982869506
37.4147998136339
38.4311175905168
35.1403165620334
12.9529057140823
15.6263229298842
33.5469616577029
36.8513164576143
25.2686869428125
5.68232527002692
50.9374930988997
45.6540689337999
18.9129921142012
40.8204307189456
19.5907576475292
19.5651941001415
30.308027937296
0.0630117487162352
54.9741213209927
20.9089426789433
11.0250035010441
25.0673857983202
51.4058979185266
50.6869672331959
22.6466155610979
11.6166113999361
7.55456825718284
43.3205099310726
17.9723904485957
39.4185711863712
32.9654988832772
22.3192327655852
31.8278171368914
34.2086876742542
14.9946117307991
34.5813978463411
37.0678133898189
33.0464279297978
23.4098990447819
39.292431762442
32.6957366894931
31.3625892484886
40.5547496744582
28.8374764379114
26.7255920451134
34.0969151183933
23.4877316281199
4.82119836292554
27.2607808027097
14.1141409985721
30.1744041964412
25.366754959574
17.4372956489041
24.8850972921646
42.3723068253992
28.412849814943
56.7231594119221
26.8436763901263
40.184205584228
21.7749765332603
21.9628640916198
12.2718312636577
25.7007899224984
39.1900845091451
31.2495519467376
38.2769312243909
24.5269503552537
16.5468611288816
37.3812669422477
23.1866122223437
28.7075372878462
3.57216885313392
10.1864560507238
5.56488326567417
35.4363820049912
19.6881845072513
26.9820977933705
11.2579846788705
12.9694991545344
32.0656687021255
28.304138898096
50.8012860547751
58.0023360438645
39.5271806560388
41.3984632119536
12.7276910230937
28.2058769837022
34.4043336808681
14.0957122202963
13.7797395233065
32.8416223584713
36.8879519402981
7.09307813085616
24.41003809725
33.4820979740471
20.2123156283051
22.9058617725968
28.4521465189755
19.7432116605341
23.816995267868
31.6356354453472
46.7091305181384
45.7386968191713
36.1727576702833
25.7595888270914
14.1457647231068
13.313318323344
38.9535094611347
5.68264340981841
26.3466092292219
15.7116011716425
36.5150948986411
37.6626240555197
32.8189649072234
36.5138015154266
44.3736893155668
25.0199822243303
1.91326756030321
9.12698865868151
36.1233549811743
26.5520337695099
41.8215486221015
35.1955017074943
28.7365050986409
23.4222143278323
40.7987616490573
25.7827099077649
21.6216844065152
49.9739147722721
14.988314324133
35.7966394177173
18.2954250577954
49.8797112610191
40.8659095875919
15.053088683635
37.2915429528803
18.4586457908154
23.2266563302022
25.3969787154347
14.3288286402822
32.8432785328974
24.1085442714393
37.0560075156391
54.6935820486397
39.5293182227761
4.69456287100911
6.73378774880009
31.388597143814
21.0521114524454
43.5133136343211
27.3797654978021
15.9372879657894
42.4437125213444
30.7832046877593
34.1340776067227
54.3854241725057
31.3174542751374
36.1821956932545
23.5551208488415
20.585530390963
29.9251646684644
15.9092260058969
7.02630144312426
37.7534460721374
22.512529278174
6.71281082511121
30.4518026299775
7.24701606668532
32.3945511750816
28.8359554484487
24.9696841633594
18.2105066254735
48.7936783116311
26.6379279550165
52.8430435806513
24.3944637477398
8.36413813849552
