"x"
20.4528837268028
20.9616389591247
15.8382036723197
9.82457939865175
13.1755380208021
26.5669440850616
39.6213454194367
20.7822324242443
42.5522211939096
31.6822264809161
9.59978671744466
5.98859977908432
19.4836944807321
11.7091909050941
8.27877124080999
14.3346455726138
3.73408212326467
23.6431763041764
18.7083296943456
17.8737279829946
21.1871575880727
2.02763963786998
9.30724106729031
3.58590028366378
3.23025519945544
9.06710079871118
20.3223036481569
15.8164060674608
13.5005430784076
2.72104884522953
3.75706054128667
17.9460997649024
34.015812817961
4.17557749897242
3.12931553033036
1.29578160122037
3.74354715459049
9.79166508240124
6.80655399337411
31.0777365230024
14.0070928843332
16.9834342342883
23.0271090753376
21.7735964339226
21.2029674999599
24.9461724888533
7.96219087205827
18.674771534279
11.811272753621
22.0334290061146
15.802402504223
1.11180720850825
25.5676610395312
3.89491299154745
0.368684516555356
2.34316568718395
34.2762087937444
21.1789921857417
23.6857956771517
47.9058527387679
18.0060351733118
27.5484117213637
0.926371663808823
10.8959733242064
30.586112011224
24.1514750290662
33.0285743236514
29.875573330002
25.3424501939863
2.5665654335171
23.8755349069834
18.0491438900796
19.3189808167517
10.7935973850883
22.2032691917481
46.008490018402
12.9412494073501
30.8238033670932
11.7706917192987
15.7928152009845
9.58529177612423
23.7588624935597
15.8858403561957
21.8564895913005
8.02702782675624
27.4926658254117
31.5431415103376
11.4160630386323
13.3956579685969
9.10532930865884
4.49427226558328
31.8633938673884
5.60342250391841
4.39195060171187
15.3266070410609
20.7575224248022
9.02251671168847
31.7176301032305
1.66885969702698
20.7209180109203
10.3223176673055
11.5757441613823
35.3744727093726
12.539932547996
6.26656312943621
10.0514831021428
3.9177255704999
3.25215696357191
4.87539400346577
25.6784034704608
33.8331732433289
26.3013037088503
0.906289415434003
6.2688481528312
19.7720708325505
20.0582788910657
8.56095850467682
14.2264975234866
16.8443661183119
34.8608871921897
24.8740091929239
16.9581868685782
21.9232143762578
13.9787980355322
0.0119022588502732
15.1994940824807
7.95390335842967
28.4300795290619
11.3205028023187
14.7666087114137
15.5720101669431
11.9819816667587
3.90227530151606
18.5343025664632
30.8387913741171
17.8157975897193
2.43204552680254
30.7279898319393
13.3079164661467
9.34151843238957
30.344259234174
16.0975231134735
3.45240458846092
4.88956971094012
13.5029120548868
22.007698751986
24.0444919094443
22.2881485426171
12.8053802930203
26.2591104954481
11.744001427968
5.95263466238976
29.9937656149268
0.404941290616989
12.1484361123294
19.1076167437094
26.468709576875
16.5052727330476
34.7027806099504
31.8638302851468
2.25424607248062
7.27004052463146
46.7483466956764
6.83332486078143
23.5257011372596
16.1701087639815
10.2108920975225
19.1813327733676
13.8340172357857
0.515915313735604
30.7135774324822
8.9132090059063
5.72594441473484
26.7095579765737
3.18727364663973
14.6916876081377
26.9569575069912
9.29909469559789
1.76538098603487
10.6827042531222
26.6105569433421
11.6101565305144
19.9123781257626
18.4780429722411
0.0821309327818914
20.2410083264112
30.0289894919842
21.5216399772778
34.4119931571186
7.00270365923643
29.7388030206447
13.0315242601839
19.9701663672693
2.92288723987579
5.80340842716396
1.66340577336479
16.0764130948294
3.92016409180027
7.71062881685793
11.4366583526134
19.3704944666251
32.9890298191458
3.23541552988071
25.1802360173315
5.5600689304889
30.0683449193032
12.2832933585929
11.5299236231791
17.9318845394118
16.7503574514522
24.4743234609035
30.5828672833741
8.91122771427035
31.5153947100043
28.5943649795053
17.1860913746059
9.13490569218993
23.2557284031228
35.5282734613866
17.3751586582512
14.0373297967017
3.11717023141682
26.2180583085865
21.9953156076372
9.70736433227601
29.8034134320915
21.2674726732075
32.9176869709045
18.3789043698068
31.0518839396536
21.825983048578
7.69553207792342
6.18872218765318
33.2366184797138
15.1600835844874
22.3790145479143
9.15076988749206
13.7291915714741
9.34530892409384
6.66113116918715
22.3277802579105
29.9124825606478
20.3465746518136
6.92112683318555
17.340666565003
26.1905303224921
14.6947851735611
20.6166360527277
10.870722355321
19.4619945773822
11.6586052387409
7.51492604613304
42.4751614686102
20.188820140263
15.0492175395309
17.9363136179745
17.5468311670287
17.0454504434019
22.0736071729569
4.82103161900932
26.6374394763261
9.09269546895992
30.8214614167809
31.3798347022384
41.5664496365935
28.4041149319871
24.06653938815
5.45096720153625
26.0327914264053
7.78655791655183
1.99845642782748
4.96716112829745
24.7272152453661
19.5225776638836
17.7889712154865
3.5069340839982
13.4160178978355
22.255910653621
11.2448231317103
10.5894855149324
24.0478695688537
3.52199156243345
24.0931032296853
20.1871662400663
22.381877573207
8.68334025144577
21.584056969732
19.2693585995585
1.26933683641255
15.4161855578423
39.1545400489122
20.9777483716607
12.2822651173919
8.20812550373375
36.6166903171688
17.4408174443827
9.47910663671792
2.48863114975393
13.3523251754993
23.1971735134721
2.22454373918839
16.4881062693894
3.43585624359548
7.40384575910866
33.8026270270348
9.10055511631072
9.24610539127653
7.81473625245665
11.6172395646572
34.942870028317
11.8670226540416
8.818328846246
23.9360051229596
13.9763260725886
20.894037745893
11.069238325581
45.7856900524348
38.8979899231344
20.1198329758152
1.79766118526459
8.30411640927196
16.8562657665461
19.6271002168689
29.4487969949841
18.7140197145282
20.1122427385234
21.239438187331
13.6695731896907
20.2195085119456
17.019577883184
15.2555083855987
43.5028437525034
9.36914151534438
20.4648349434137
21.8892109580338
11.9380423333496
10.593044012785
19.4488654378802
12.9609408788383
0.041404040530324
8.41095340438187
27.2371738859102
34.5971245318651
8.67366101592779
21.1991553194821
31.5229065036434
30.7647156529129
27.8615989305998
24.5977490441989
18.8359308987856
17.3124365508556
25.8914729114622
25.80276704477
23.2976099818926
13.3275200147182
5.83820535173603
3.72685329057276
22.0860506394369
5.60199534226296
31.3796812668443
13.1587944269048
11.1813283059746
11.0693621449172
14.0571228694171
19.3280096631497
14.986782465269
8.46694298088551
5.78536641244636
16.2273468915373
15.0106413538807
30.9648813975557
17.889477875464
7.94902752907824
10.5407762634067
14.5152991637588
14.9684976786375
6.30425550043583
9.27963419817388
12.225680785643
13.9017449915122
4.28525911149025
4.70959865488112
39.4151590298861
19.432585675941
0.029112467812393
7.53410101256188
11.67036392726
28.408791590482
22.4740558769554
13.6930407956243
27.2632191661976
25.260943826288
36.1977426344114
24.32875870727
20.8083872217685
15.9574451193166
2.52759309266468
33.8912221603096
32.2341402061284
25.0653317950228
12.095693172887
25.6558923962281
2.40236991085112
20.1021339612265
20.9271632600576
20.1277786400169
11.2827886917529
18.2253198440805
0.779591087722674
34.1409459710121
8.55599520229339
12.0851411949843
1.00526208989322
19.9053786229342
10.3914303239435
30.6356632874367
11.6258689150041
13.9984774403274
6.69442317448556
12.4231791259992
22.4144303239882
25.2703913021833
24.7837300878018
19.9401360171268
5.58004695922136
13.1656622048467
0.677365669980645
5.85023709572852
7.20250867371333
11.0168322455138
12.6115619204938
0.68996180780232
7.63869327493012
26.8491214606911
29.2664029328577
7.7384508214891
27.9000201262534
13.6592337395996
30.6572199254321
23.2135664163443
41.5857519954443
2.0029502896725
12.7268919721246
30.5135559290648
8.97787376306951
11.980076567241
22.2238037566736
31.6492724232376
30.2829053647773
26.7677110538568
9.05435138851708
6.51633171364665
14.7838141303509
40.6911712139845
34.0644935145974
9.56756104715168
17.3131870571524
33.1562057527189
19.5093924179673
0.684967465760006
29.33659576298
22.7402985561639
20.9010622929782
0.204812059039809
20.0391086749732
29.1049099813908
13.5437020194007
5.54681091707324
16.3048703514051
28.1124541535974
42.7564575336874
29.4444090998436
3.19011961109936
12.659503147006
1.75620855886336
6.10520374029875
31.164854997769
0.938158096607889
17.3474689479917
6.80562499910593
26.6773076262325
12.7961936872452
2.98905866220593
14.9531877133995
23.9363693166524
2.13782102800906
4.48785593919329
5.30252539903302
21.7895885929465
18.7989965546876
23.5121469944715
32.4645486660302
19.7722388856552
32.1494078264062
27.0570359192789
14.1740312382865
24.6058646571632
37.3346434906125
12.6684242393821
30.2965195084677
13.0751545540988
9.25160213373601
18.6440663488106
14.0100058633834
1.22358198277652
34.7684854560882
1.39895211905241
11.7234779663928
6.83330553583801
14.1254330053926
24.0299285389483
27.7005785144866
23.0162534397095
23.7973569892347
15.6389334469136
15.2875687927008
23.6823877319694
14.1839822754264
16.8433512095362
16.7308602016419
4.51053532278555
20.9545732475817
6.04214770213813
21.917612994295
25.3438679501414
28.9876921069003
5.58606547223319
14.5913928747177
19.0919712033656
3.02208997706836
19.6720574516803
21.5815322473645
15.7766983130442
15.0580454617739
13.9882601014903
2.32522650621831
24.291766108945
43.9822271000594
11.1838800832629
9.97701766900718
14.7233987692744
39.9778560269624
5.71664436720312
4.61276244796135
19.7876077298662
17.1084543910101
6.97675812989473
28.7671597051502
8.73932172544301
18.1754031218588
11.6433543618768
20.2191796153784
14.999849582091
4.64980117465669
28.0386245813862
13.2475125137717
5.80514390021563
27.5132645852864
7.78166999137734
23.48971394822
11.9141072034836
12.0092995930463
8.91125162082866
3.59732824548021
22.0916314981878
8.95739840343595
20.8988764788955
18.4852092526853
4.82494613094715
18.7908403893798
9.60062316266688
11.6008092668495
38.8165050651878
11.9731534738094
4.90611316636205
23.869830975309
2.0125810419212
4.57289055921137
28.6335801240057
34.9196011666209
20.4607411753386
6.91733442298585
10.5402717366815
32.356115395168
16.0650398116559
33.2848711870611
2.81772194430232
8.28730142188503
21.8405209006297
20.6367927607593
22.3545998503523
29.7639906872064
14.7943783551455
11.1310463398695
17.5892272032797
10.5191790368564
21.3224297855049
17.45380833745
9.90529614500701
10.1867119379913
21.1771971080452
21.8837154989775
9.19075911216349
36.1060031689703
18.0078096687794
17.1275654515676
1.1962148360908
22.5603037979454
14.4383602309972
15.88334152475
6.6765882107948
9.69903933723957
12.1791647362781
13.4458144195378
2.36856662668288
16.0671092569828
12.4943239231546
23.4053982555254
16.5364696178585
16.2940401791164
14.3673095852137
9.91228874772787
14.1884368184512
20.3837452456355
16.4531366951533
17.3715644289349
22.9263367597014
15.365360276662
14.5702458452433
4.50479500369777
16.2024171245775
16.650892002508
12.8302126936833
5.38783385888264
19.3767971671733
9.30972169153392
21.108785865573
24.4078986688724
22.2408055793494
37.3743537813425
8.61142966896296
18.4457058688155
16.3385606917759
5.33731797285234
2.37616184222647
25.8864435832947
17.9156533908099
11.6552193183452
4.87247887067497
36.3711849786341
9.40458504483104
21.6518463101238
12.0804773643613
8.62147519364953
20.7836475104192
10.2577823685221
15.2710024250064
19.1531196769221
18.2863729540259
7.53779644146562
39.930777236537
29.1441482957453
27.4993408937007
6.46713383780501
4.78319390297949
15.9908883273602
18.3534610428035
24.9409599229693
37.475036957128
3.4893951844424
11.3445905845583
0.465187104418874
20.7960915751755
20.4706272516239
18.7723236162759
9.7307865973562
13.3012460079044
16.1669355817139
24.5041486572846
28.2282664440572
15.3778742067516
3.89634496532381
5.48377908615336
5.2402947563678
27.6588207576424
32.4457248207182
20.9017938934267
0.412714738837937
42.0240266192061
3.23321582386792
19.6607888949649
13.7587608303875
13.8505684677511
14.3008916638792
16.6100161400541
26.1339661507244
23.1984767597169
12.2071157675236
16.1082829348743
13.4375453926623
7.38007004500874
14.4573661498725
18.5407882556319
4.74733703753777
15.0936118327081
23.1628257781267
13.1444923579693
8.20088691987959
16.0603020340204
13.4383373908614
8.00991747528315
5.24088046513498
3.93067150841916
16.3824111624384
15.0118282530457
21.8749407214261
23.4797467943281
20.9461531601846
13.7278941565103
48.3171328398898
27.2524438812549
21.7530695748827
24.9435350151041
25.4126743413508
15.7230593729764
7.59787256829441
1.0973512666628
12.4048835968314
38.8915866147727
6.19300613179803
16.8289673049003
4.91613707472756
17.6230408832628
9.76581657994686
8.70896960860894
19.5776559412479
23.5229723409836
5.37567869760096
22.4329194290663
4.96034012176096
2.48906863853335
14.6516557782888
9.82889956794679
38.5227195814803
10.9078330919147
10.3913533798532
43.1091982369265
8.50516171194613
22.1907357685268
25.4859698936343
27.3428300096697
20.2226100023836
14.1141184605658
22.7565682958812
1.82205894618426
16.83796241658
16.843906436956
17.6215849816799
15.5198243446648
1.52920759283006
5.0734199036959
7.3789483645588
14.2412688020084
22.2616081591696
26.6000023888441
0.302365771201891
27.1770012564957
27.5567786734581
22.1412383019924
4.91897215704517
6.05810326480384
14.4729707867423
25.7121538277715
17.8468404337764
16.6756730902302
20.5810505213303
12.9915887024254
11.7654018104076
14.736937917769
31.2840410508215
32.5270042178386
3.40692026571612
7.98897230997682
7.15431459827093
15.8591902015394
19.5653503710176
5.7370035443455
21.594618447125
28.0072686262429
13.4513484779745
13.509397621803
18.668634221838
13.3960760065046
12.4012399872723
39.6549723576754
17.138702608645
20.0259616132826
16.6658358182758
12.6987452830589
38.8467785902321
19.9859225860661
23.0003500733734
6.06490829959512
40.2801679447293
31.0089400560346
8.28945864923298
18.6346577926748
16.8962953146547
29.9048137851059
16.0472441930324
20.6530629191548
34.3036305789258
1.67191189180151
31.2837869645351
22.3563665058464
9.21344836242497
12.4519040417013
6.93419058807194
14.799607405439
4.41518602892756
11.8189342750667
31.2455404549837
12.6589320905916
10.4709131124095
29.0692417760711
13.9324013898542
31.4651446416974
10.6961964163929
19.6066241245717
7.03978841472221
23.9674407988787
28.2743589486927
6.03864681906998
10.5112516644107
3.48529769107699
11.0119107179344
20.0044301440349
35.2657660698148
3.76717038452625
10.4431451298296
20.041211185857
1.62355969045018
17.4108764156699
13.3758774027228
25.7494948811591
19.7454072041338
6.82472744700485
3.27131189405918
37.6509750767218
21.4463545940816
18.0882026034449
1.25635335580714
23.3948004432023
14.9151807650924
0.735072931274772
9.9168305285275
9.14759524166584
25.3045090474188
16.5929299779236
18.1332959327847
37.9273279104382
16.2092704791576
6.25492935068905
24.2639223579317
23.0368615593761
13.1695770658553
3.40477167628706
10.8228962402791
27.3227327503264
14.6925576446184
6.81118555578371
17.3699209394409
16.1221392408862
27.617872459814
29.4532555327365
16.7726641055197
7.46660493314266
37.2429395285129
31.8833609362126
11.0384591389447
9.8703673232327
21.9263579230756
23.4778061043471
10.8399976077898
18.5915405862033
19.2424902683961
11.9586479082677
7.27191395126283
11.1491060815752
27.0263806916773
11.5386887014376
13.8883455656469
22.8564323535067
21.5551838744432
29.2535712011158
29.1098736226559
23.5669861547649
24.8409028165042
4.50619612820446
21.7466286383569
13.6244832072407
36.8670869152993
10.6671602924048
16.2224455270916
5.32398286539024
17.0993115287274
24.3209125008434
14.9351550338235
46.6051742434502
15.4850697610527
6.81659369729459
31.1031272169203
12.9069445578718
18.1262523401529
6.21313587762415
8.38799032959217
13.7261306281807
11.3435909441291
25.3225832179921
9.13239173733966
17.8136219655477
27.3038838524371
29.1837585992374
26.481036702171
18.3530756371257
37.0985301677138
25.3239063726048
10.7842063070459
22.6701192557812
12.9638822283596
9.2539353761822
12.2512216542868
0.694194389507174
0.681376410648227
27.2063008975238
38.551516039297
12.0456706732512
9.3878023442699
19.3186048883945
13.330345625742
14.4559006206691
3.71467149816453
22.0570328645408
35.0428879726678
28.7905799690634
9.08384993672371
10.3215078199196
15.5363524185885
35.1957864627491
27.5059009118148
24.5568469164816
29.0219572838396
6.52677142061293
11.2924277069599
20.6303143109615
11.2176612019539
3.02824770465876
9.85586140304804
17.8733090870082
9.87460189498961
13.4257702156901
12.0787896215916
19.0432806564662
34.6782670356333
24.2734340960669
12.5370593140506
10.69266772829
23.8241515122354
38.9731820152907
14.8666600231081
15.2507513295859
28.549282066524
5.42453564703465
20.9852731016122
20.4306850209832
7.39656934906287
7.83011239131052
19.3146951496601
4.34341629731246
23.7101744860411
7.39575144834816
27.8656839393079
3.3978747471718
19.399151718244
19.8432001285255
10.494392644614
8.40356419794261
32.206727610901
16.2877075374126
15.9536538179964
19.9937148485333
13.3080460131168
10.9450225512779
10.0781199522316
5.56168570183218
2.02783946879208
40.819282861702
16.7211473613064
17.2467519994825
6.83272271417081
13.4256588295102
7.03347933943086
18.8004910480231
6.72532528525046
3.88496779500301
31.2305480707437
7.5527279637754
23.8967622164637
34.6533382777125
12.3431674670428
28.6815790841117
15.5077933591802
23.3889590483159
8.56158073616046
5.0962526845901
36.6745504940138
12.2717312850901
21.0635903291404
12.4951811889391
4.3176607531389
5.2021796349436
4.53283444891034
10.8282166788623
11.6115604061633
18.036324577406
25.3189925430096
11.0725974198431
15.0998115539551
10.2669041419061
2.10451325401664
5.17796091735363
17.9095443728516
1.31147159263492
9.37826887544424
18.9972766209394
24.360722117126
13.7670219410211
17.661328365669
0.671190395951271
16.7795757297426
13.7221170414363
24.9640724621713
21.5826404746622
2.11372566409409
21.5273282025009
17.1944698318839
7.61846979148686
12.8837005700916
22.9701770096758
9.00828115157391
18.8866078387946
15.6349293887615
5.74067663401365
19.1116691101342
10.854339569631
17.8533365484327
31.4651273190975
19.3779604509473
19.785221805796
7.33615783974528
36.472736671567
15.5570590854422
29.9457334913313
7.87367099556527
20.3975571319461
17.532153474167
8.70863175950944
5.75739384555249
14.9829311762005
5.64868764117385
13.4759568808716
13.3052438497543
13.728521252051
7.89257800206542
17.9755540964757
27.7999952435493
16.6534453450909
4.92389931711607
5.8188633993268
19.9033689685166
2.18265112489462
9.60372323170304
2.12779776193202
16.7404630687088
14.6802504039801
25.3867640358569
22.5185242015868
32.3367838330495
19.7309398131679
7.50912446200929
22.712043300271
0.581234414130449
24.2059663403779
3.66458408534527
19.3584284333593
5.33861005678773
1.32912723347545
10.4193362270292
13.4692980500486
20.5298275713765
10.5321870150907
12.2487956658006
23.1082153972238
17.8793276381283
11.1907887738198
33.059323951602
28.6426523700356
3.37366124531284
29.8465096857399
23.2597137335688
8.31973641179502
7.42886881729557
16.6643374599516
29.2269590310752
20.1152430381626
13.8676569797099
2.01663156040013
7.89764719083905
9.96887510044462
20.0163736473769
12.111744548267
16.6904859710485
20.9941572509706
4.70997076481581
8.08686279174023
3.50168151757789
16.9896483016978
11.3190479110926
34.520978666842
7.95379015617073
38.6701839976013
27.8496301323412
21.69504086487
18.9219082705677
42.5354884544133
20.7567384000868
33.8855110108852
23.3701532706618
2.62627759948373
19.6746960347644
0.659024213641274
35.7565999137965
24.6314754709601
1.35034620761871
17.3460258358324
20.739855710417
36.488640261814
26.7923972103745
18.4096305998297
25.2500675928279
15.4555461735854
20.6062669400126
12.4445002696832
32.4498600933578
43.8497342169285
27.4428550619632
22.3089680182178
22.8414512239397
22.6326743801051
20.524830231443
11.7097146859883
3.81755927519287
41.4826417341828
9.89687601104379
16.2386001993474
3.26933073811233
17.4622525587922
4.2515657376498
10.9508926048875
11.6803824105743
7.50980777665973
30.8558519929647
4.99147387074445
25.3420488917969
19.4492481088671
6.22680760015244
14.827337116003
21.9807359855622
16.0302032429405
16.5330062563684
10.3833379223943
24.2495156076408
12.017775978893
9.23375840129006
17.6957629155368
13.4852894726623
5.84622592454139
11.5472840610892
31.6005086060613
11.4754125010222
22.563716955483
1.97385439619247
8.97776312194765
9.63387563824654
29.0592066477984
7.43096983060241
1.63757326081395
13.2611656561494
16.3765019045861
38.1560530979186
35.7215727679431
3.27283460646868
22.7541834581643
12.1046355637415
13.4311771985885
7.14900265447795
17.8820410193356
19.0151101174836
11.9677408904064
33.1908714026213
1.11922947689891
33.7224182207137
23.2295665889978
22.3922138568014
6.41428963281214
12.0142381172627
21.0428928956389
24.0702077665059
27.2390703205019
19.9845984112471
11.3189415228044
21.6455206274986
11.4415294490755
17.0278515666723
23.655933152211
18.515459029004
24.3818251944676
9.18694107671918
24.8052359132149
7.96310618981674
16.5638579986989
9.7487988236755
8.66068275645375
17.3495563945655
9.4391165766865
15.5918126361499
27.5101999752223
24.3924087379128
6.48975018411875
30.3480232376176
40.4284316115081
8.50080935690771
13.0246089226048
21.6800707858056
20.9973474498838
21.4019668288529
10.7782208360732
15.8727883826941
19.8757257778198
29.0538806002587
34.7781343803897
27.8579637873918
5.67702958360314
11.4913007001709
2.9414074961096
2.77066994458437
6.94498721984915
35.8828538563102
34.64969038032
7.4653928168118
13.2692900020629
31.7025729926731
21.6128399263917
25.2847341820598
26.5363142825663
39.9335892568089
20.1787270139903
3.56414982119748
35.9895184636116
31.5907645154739
28.0918043999827
36.4661043975502
11.0760654788464
10.7056300155818
32.4344222899526
20.8355868039859
12.6348778604815
25.6896821341773
25.2293773926795
13.5194607079029
34.1501636389692
12.2186109423637
0.567966280505061
6.05737809091806
26.0959399864078
18.2040436140937
24.9276972480099
14.6501380484551
6.58126036530058
7.30653889477253
4.04961816485397
9.98646803200245
33.9406622573733
3.95744896427668
9.09689840978573
3.7964654112778
26.8526365610943
19.8369113262743
3.48063986748457
4.31503232547161
18.5170579701662
21.2596060928394
15.8076457224487
21.2894605472684
31.5914907681814
12.4107771034194
15.5556122608111
18.2036409620196
6.99774348177016
17.8973130881786
6.64243251085281
19.6667248137686
10.9229133930057
26.4673493802547
24.4393798522651
24.8503666905325
9.28784825886175
6.58913515821868
12.4095030128956
10.1891814489588
25.8026828523725
5.3617979712549
11.547707952559
0.913372707658816
1.16951339214246
4.71124985827216
26.0470359077849
0.966810481622815
7.94181319183448
2.95380372554064
25.660021373894
5.59104182272769
7.32421246307402
14.7608803585172
23.618498025462
6.60196440294385
1.8240031786263
33.321491908282
32.5112325139344
10.5253073386848
20.6817725673318
22.7527241091951
4.18228679336607
4.8510585911572
38.602061475343
2.67798486165702
15.4150021728128
13.4038899559528
9.83775528147817
28.017912023947
12.9950812552124
30.687588927756
9.15116388350725
14.5128923933953
20.5868185342392
6.16941115520544
14.8922546581176
6.13820115104318
19.7723284709706
32.4104607570916
11.171115117031
1.4607013668865
11.7691598832607
7.60713136192894
13.0438373424113
15.3718311897381
17.9022022341103
5.23088397458196
10.2335733361542
17.143736500293
17.1588662080467
12.2891761362553
3.00536993891001
9.49197239242494
25.8184168022126
25.3598407376558
1.99058759026229
19.6585639379919
16.14239194533
11.4786959607569
10.3109593037516
14.7435841616243
18.5245361855006
24.5446104919781
18.1795691605657
25.3000360447913
18.566357260695
43.1821481790394
5.76493151945531
31.7415818106383
8.85102413594723
16.9695063494146
19.5836794096977
7.76528218884442
19.4877246394753
29.4424796990818
35.273658195579
30.7328518480062
3.41010470874608
16.0963270502603
14.7296465933323
1.85968414925544
27.9732084512563
19.4735873024911
7.65087036415935
17.1664678957313
11.9067345745862
38.3643773384392
13.5007745792786
6.92418338254251
13.5864899493754
17.3254242166877
19.7169068085017
6.63368981331587
4.15702681057155
13.1241107885708
23.0727574731502
11.0732393270199
25.5981444527817
11.4804913628025
43.0286574177444
14.8740089003626
37.0349015574902
29.05781226495
11.0248719715322
46.9011045526713
14.9061994161457
23.9398907952997
38.990424759686
12.9227422689846
26.5904171958362
18.2580897584558
7.8665329938542
15.9022414591163
11.6469856150247
16.8690399732441
20.5104594392122
1.29790855571628
7.29546891525388
3.9958355948329
40.1510793715715
24.7450860956335
28.736763251084
2.58682696454674
10.2760054031417
2.93496353551745
14.1074983661154
16.2438219693864
26.9572481791432
5.22822018171576
13.5104688046035
17.3409344656039
27.3825133685023
17.6994316279888
2.3231509141624
8.63626217629758
15.1641511358321
2.46146572753787
7.93751035816967
4.91650374350189
12.9234596155584
14.0668987239983
1.01245556740175
9.56310369074345
14.8854258556604
3.6266458993312
33.2056690938771
7.19427110142119
18.3394295713034
15.8273324836046
9.51601193833916
14.0509335789829
18.5872910943474
10.9663776587695
30.92603799887
3.87321771122515
16.747949551791
13.8838765055854
22.5490815006196
29.0684641338885
3.26728764921427
6.40172562561929
26.9169494571831
22.7428317070007
23.1753261877309
10.089208158628
15.0146243628114
0.223658606410027
22.6842490867757
20.039690984413
4.66280713556717
21.7200906947255
10.7576667662884
17.3723305109888
21.9475413969618
11.3083424977958
11.4627075847238
19.334318299172
25.2556753495339
25.8836256805807
12.6506785088178
17.1724650077522
21.8662027559994
24.6570949908346
24.4827665388584
17.1028902754188
11.1498304177076
17.1237360545556
12.5196251014535
16.3823072332889
12.3990260064602
4.84641287475824
10.5591957046718
35.0838028360158
10.8843096421383
23.6369389350481
16.8204016052186
5.14765403052237
14.8057205207414
31.0243691317737
1.26015399582684
12.0757930299925
21.5548215001699
19.7034708689898
1.41833578236401
8.46715192310512
8.49519540298292
25.3038720693439
18.8080682884902
25.3888903758376
13.8629544992
14.3747993279248
31.6165158525109
15.8017379231751
15.4588769365692
7.53159183077514
4.25576590932906
20.4161051195115
3.85680291801691
14.5486775320023
22.3226312070846
7.97598549506961
11.1765873741319
16.0125216096136
18.224310956239
21.3635620160981
36.7715585511178
12.4642573762685
19.370930579754
17.391936316869
28.7083410657942
18.9689980977299
12.6646717078984
1.12012103199959
19.8666972000362
4.7962895128876
6.07752609066665
13.3651049807668
24.2552565410733
19.9135499075055
29.5810728460885
26.0679511353374
22.7694827597588
20.6670393235981
27.134323399514
10.5436698067933
12.9251602655714
9.84601930622259
19.7724578379114
27.3478351533413
15.9711737663061
11.9181106579411
15.9587698555112
4.0013423313125
3.16425645723939
26.0581217706203
12.4404756817967
7.12477923370898
2.76880338788033
24.0584496408701
36.8424871488933
12.8415752296541
6.77784863440447
28.1670084883706
23.6108549866981
6.50532706640661
11.7273048942004
4.62531512603164
25.6088277325034
45.6234367564321
28.0553951859474
22.0551455393434
7.84721618240742
4.42478687654532
0.268767210994773
16.5193255990744
24.6330361813307
13.7366972411493
8.90048262663186
11.9582290295511
8.83619310334325
24.0209617454628
11.7184507194906
6.34206524917335
6.18689036928117
27.7687660466301
29.8262528609484
22.3505031821444
17.8575054276735
23.2803262939283
15.6175333075225
35.1213183254004
20.4440627121898
6.56114809887061
39.3432386685163
5.28716924600303
13.0628344602883
17.3695711884648
21.1707783397287
4.81950067915022
21.4238269720227
5.49684478901327
14.8174943648277
13.7596826124159
21.7949702870101
23.0735848657787
26.8961133588342
10.6605460040915
7.59962825104594
21.866223262623
17.5164896994829
31.3219824246987
2.98076956532896
10.3892949349224
4.25937591106647
29.1469310410321
30.1396768540144
20.3659043647349
40.9760324750096
39.9735559756869
12.9470155574381
25.5092080682516
8.32399209029973
6.19873045943677
14.2385927028954
7.18092224560678
3.11039402149618
25.6861290894449
13.730931568336
36.044073945936
38.4289181791246
17.3608138691634
25.9604828882579
6.07345810071836
22.6549221202731
14.1005907673389
0.381797702260588
4.04626689851284
25.6915278732777
34.9394651874386
22.4720043192252
15.944600044014
19.9984757695347
11.3371643960381
23.2619204558432
9.63769555446183
16.2171729121543
5.77117248989509
6.27708258107305
14.9645761121064
12.789684497106
37.2641074471176
25.2276646148737
14.9352234291697
2.36979697582804
27.9602604918182
14.735940596455
11.5292214008327
23.7632822711021
6.17401212208677
18.9849929418415
7.24194785580039
33.1852069124579
26.9017482642084
20.1328390277922
9.04738525860012
8.01014732569456
29.3442819267511
18.6283267043461
24.9347828794271
30.6206471286714
25.5050283391029
27.0272628869861
9.94206918403506
21.1636138148606
18.448049918381
9.99052850529552
3.64730402130493
14.139167945164
41.2625234108418
3.78934410400689
17.7959036169276
17.4498164192322
9.98870679177344
7.18605041009463
10.50193910487
33.2150529604405
17.5827003084123
26.1622380465269
32.5664511416107
0.985176233659356
32.8202923759818
29.1539998615716
15.2121754554045
16.1792435217649
18.8997623044997
6.74411638211432
20.5426687374711
6.88935494981706
21.3993215933442
3.52195713882009
19.5938074506731
3.82714010775089
23.9127105567604
15.0445838458836
22.8614150546491
4.96918074786663
21.969236806035
19.3504313583416
9.28968791849911
14.4997838418931
14.3736061472107
9.39276768824573
3.70470387861133
14.4501386675984
27.7384420391172
21.0498584009687
27.2177404408705
33.5265120491385
31.1526291566294
13.7898000141151
27.8059278614819
13.8408140745014
34.3717741953909
13.0383206531405
33.4369442634537
1.69009049423039
8.50482623592458
9.34693672204412
22.5912059657276
3.6887963211353
24.1192587204067
11.9292473420501
28.3513434696943
9.13864503766252
13.4923996403813
27.0776578690857
18.8394034747034
20.2537571080029
22.4787557031959
7.18957144705945
16.6500799164149
3.4126010723412
10.8651832677424
22.5534833502024
18.7018441502005
5.72321450589194
18.2832974940538
22.8146106004715
33.7512455414981
24.3567446246743
17.2915922943503
35.6732189503551
6.83091268874705
13.1314954720438
14.4569790456444
3.66431580629784
18.0811109517655
26.9688229076564
12.6519872341305
3.84935307297195
14.4651961512864
19.4313006568174
22.2690290415768
3.49718458019197
0.0723754521459341
0.893180506790493
7.67666238073531
22.293189931631
2.85835543994654
42.0066922903061
21.56987630355
24.0673839114606
11.6195982322097
24.9650980345905
5.84991993382573
12.5192127927455
22.4428423680365
20.073262523262
3.57581314821659
18.6494645662606
20.0764399487525
9.82447420246899
29.7469425480813
17.6389362328476
31.1442071848031
5.01657202839851
23.2724230270833
13.373432531276
12.7859050873667
26.2643712572753
22.4343064241111
22.9943798762036
8.75841826579338
4.22415053471923
5.91654654002263
8.35620368120865
8.29109023325145
9.64786121621728
40.3723595562163
8.08839305288382
25.9320830926299
7.54508241079748
19.2557915977885
38.0190189462155
18.4285919647664
7.29485347829297
7.71447842263821
26.4270608313382
23.8413098618574
36.4669908769429
8.15379399660012
8.53445825337835
20.89020799237
11.6837545690425
41.780209960416
0.398063752800226
11.6800420451909
14.5541617646813
22.5895681082627
25.3453974612057
22.4228046834469
13.1498949136585
20.4103287775069
24.0474184509367
11.7061003111303
25.578322890781
7.95870227512443
20.6891159106991
27.8030183166265
27.092810953036
29.3986710757843
14.6482882555574
34.1272247952588
20.0907733291388
14.3600853160024
37.346568563953
7.13099832646549
20.731848509619
29.7336630893977
6.65695760399103
21.5509275440127
15.9329351503402
4.29244395345449
14.589378455578
16.3229970727116
5.98655850626528
22.5260086422676
29.4149774107127
7.61148356832564
23.5757241480236
28.7833631504327
27.1383676738843
28.1097400385842
27.6677034795284
23.1476658955216
23.2624373864383
3.12187429517508
20.5249736320904
15.5362434992417
22.1466663759202
34.8511428619667
28.4056447735273
1.21937971562147
22.675161762163
1.92467050872245
14.0177906556261
10.7658973429352
6.53350990743164
4.25377585925162
17.613681871444
25.1186757814139
18.0748506449163
18.3491718250733
10.9845601773138
8.73490869998932
32.2212378960103
9.16395946405828
12.7775354792082
5.21090063266456
40.3734598774463
17.9586871527135
8.5338416043669
5.53537922724242
1.55294551514089
22.5367073435336
13.6893639174269
3.75455467007503
18.3579832781106
15.757566159349
2.48978137969971
15.0676663499326
9.26168533042073
14.5107447169721
17.0199655462056
14.9462485685945
22.5267436355352
4.43711043335497
29.3920487165451
17.1009234953152
8.38039641270174
10.137363517592
1.72985343377853
9.30006401613355
38.2847364526242
14.4797486396696
2.42355735972524
1.27120403829554
21.5206199325621
16.3091487251222
11.9169299956411
0.465248319858276
10.2737396024168
28.4791343845427
13.7078503015651
3.42529756912162
17.4275788944215
18.3832029346377
32.0616802666336
9.69020165146268
4.32142248104123
6.99732243083417
4.93218712884018
15.8896403002801
8.16018558107316
9.20041730001591
29.8164767213166
17.2156186308712
12.844497943297
7.39832605076865
6.52689539317801
7.58830644190311
27.5799191688558
30.6958556786196
1.26991444267333
18.4736389201134
4.59617879241705
32.2303417604417
27.8346459381282
11.302406213555
12.0240864871768
6.4961100152213
15.3626072267995
22.6622943766415
11.7419009562582
12.3277336359024
10.5014718884181
18.3966717217118
7.53276730331101
20.6807689741254
36.463749082759
20.5118778599242
44.307282473892
35.5147707276046
8.38128197938204
25.667969416827
16.6798389982432
23.5940343234688
20.0470332630438
21.0402716909332
28.4018562175333
12.2338133279887
8.40077441716156
9.11116390489042
10.8993371482939
12.5991598998875
11.2234794534743
24.7246398590505
27.5372141040862
27.3056957405061
11.7182133253664
11.3905957434326
7.42375049740076
4.42857684698088
5.63223944045603
2.43890755809844
17.2459647192925
16.4227154037965
18.9940854907036
6.12743279330882
