"x"
7.53967965525084
6.85593080706894
2.43359580636024
2.73913848213851
11.9727949146181
8.0065677408129
21.9895416266484
15.6295039691031
4.28404610275713
2.79608086396634
9.9821787327528
8.8245574850589
4.64373672811892
2.66315923072398
3.74814905226231
6.39069618011982
9.16800731471602
8.52265293904073
2.8400658013642
8.26773373605018
0.480269232198426
23.1300386600196
10.870722355321
12.3080554418266
9.09669101238251
0.605821935459971
3.06552963991171
2.58432072587311
1.57225094735622
22.4076583981514
5.13192201961114
3.31947668455541
1.32011844358273
13.1296874955297
10.1457017008215
0.78475829318747
3.8317554571468
10.4175633285195
6.73883898235414
2.63077169656754
16.5322993699694
19.8463051579893
17.58325509727
0.438015562087833
11.6555409040302
2.78180013410747
0.0506259500980377
6.26053651175438
6.19625649414957
1.48372572791909
0.147666262540615
16.1977683193982
10.6843853369355
13.8622458092868
5.61081797073499
15.7926484476775
1.82320224121213
8.15324865749125
30.0236638635397
0.458720034093256
8.78484477289021
9.99128157272935
7.04003581777215
1.85518865473568
5.1462205847827
15.5312996823341
7.44595844298601
17.4776671919972
9.23774387460997
20.8409376827483
7.68250972032547
7.14196693152189
0.816619442775846
1.5983279080901
4.65278602205217
16.2327360827476
2.13827476836741
5.22842431874597
14.3788377288729
6.52043861337006
2.51440158638014
3.5095258615911
0.286287410001673
12.2841847574961
25.1127431634814
1.96428606286645
2.77883131057024
2.07185810431838
6.25931183482039
13.2428207725771
3.10831503011286
24.3059097492912
12.3554873255114
29.4893382117152
14.6409180930915
3.64398917097133
2.56820964802452
10.4846661609477
6.08836091123521
4.61222002993735
8.94697321260548
6.65551463308789
0.924469437450171
19.6434327401221
22.1079413313419
0.489650594809377
1.47917987778783
34.6005530096591
3.06948511861265
12.8168036069227
3.57788144610822
11.329135671258
15.6420347352802
13.2961597983681
9.67372907291428
16.4911792613566
8.00999962398004
9.37121068127453
7.15649737976491
3.69387947682119
3.52946170605719
8.74723340384662
17.0313044082209
3.18633034602971
0.103256460611364
25.8256226312369
13.7131858617067
0.661101331934333
13.6002954561263
1.78831401281059
29.551533376798
21.1533044093245
0.941692867513146
16.5341768413782
18.7104847747833
11.2112595702053
4.88058156333864
2.6505536865443
9.90444352116188
13.2961904939671
1.312599144876
8.39053872598957
2.92818602326828
2.56401676154053
18.3299283473814
3.33336583176377
15.3638727989216
5.50398658961058
0.513551750389356
14.6751557476819
1.18966001763144
21.5321447234601
5.58925243094563
3.20846363902092
19.024492893368
9.50309036611798
14.9497746762515
12.6107695983707
3.44364138495199
4.48196838774511
1.62397501990199
3.98602966553475
19.7201141621917
2.8063900664177
15.5286757275462
7.22276912468054
21.9010422471911
9.91205130703747
0.60288249514997
8.4299516652759
0.605124002322555
1.09609700739384
12.2027857743441
15.0065004359931
4.28395844064653
4.24767701459408
7.94126372784376
12.2113896999508
0.559393689036369
15.3114524669945
1.60374213081986
3.57635329069935
5.98365748036402
33.9488964993507
1.48603917871716
3.05064846761525
5.40746408514678
13.9824714045972
16.1493992898613
20.6052395570862
0.90893148444593
0.697697792202234
6.23807488616266
13.6511423625052
2.53253700211644
1.6069897916168
10.8040531631559
14.1901269000557
0.00082249753177166
2.74940333329141
26.3958804775029
11.5362440235913
19.1047929693013
22.0429920591414
4.1904622901752
5.89543752197115
12.4776467556955
2.15012379921973
8.54590735398233
0.748922956625368
22.1460808534175
4.68032583368517
1.67033035835616
17.0396254815799
9.06447572633624
8.696673437953
2.67041567713022
10.7535804621875
14.2544842790812
3.99176299661288
0.261810687732967
1.85642257240881
10.9792823418117
6.14760782271693
19.046431267634
2.01470679603517
0.267103645094314
2.23198211234435
20.0131018928251
17.2444693278521
19.0457804128528
0.422989646784653
6.99107493273914
4.66476063124452
16.7079979088157
7.23391850478947
0.332409236580133
3.39080728723945
11.9507366744124
2.23394138738513
5.41733521968126
3.20488485115801
2.3474745452404
8.7160135153681
10.0574355572462
18.2965710293502
18.9659144263715
7.39287999458611
14.0037896577269
8.05875211954117
16.3486543111503
5.58608123963603
2.99643818789261
8.2819895662343
4.90587367676198
2.74591245688498
4.98676914721727
15.4120484832674
9.34342597611248
2.97926357015967
16.4351972285658
5.5386457747749
8.45610312134963
16.0842882469296
10.381100242865
2.53306059166789
15.8895840402693
16.7624666393089
2.35520880365141
22.781852989954
22.3297449294478
1.44591159187257
6.28396011888981
6.23238562957496
7.6418193988502
26.8319497816265
2.45093766084038
8.73021176084876
7.38243410642637
4.99410266959932
17.471051774919
19.3565883596954
0.745621565876169
14.3902574200183
8.95337961973565
1.2157091870904
12.6105749508316
6.07571771317879
7.43619280012264
7.82650769688189
6.48825752583517
4.86324258640966
9.31006348691881
2.45491319278858
13.8344097731797
9.46115059778094
18.6212477274239
4.41422695294023
9.26956423650888
9.49714109301567
3.79634187556803
0.125542702153325
11.8118724785745
8.31722752191126
8.90389116478724
3.28949070133512
10.0033708694475
7.14404750615358
0.875515909865499
5.71048031884412
12.0062226895243
11.6183756384999
20.6343984231353
1.71083612367511
9.67490710318089
8.35166815668344
3.68600560380275
5.21662370301783
7.74600328694653
19.6119292317764
1.23718027025461
2.76194903999567
6.62725982256234
1.08669297769666
24.5172023773193
9.47206979617476
10.5766996521181
5.74847324751318
1.23606403358281
7.52350594725842
4.06296494051693
2.49470830895007
11.2064294514786
0.922947144135833
16.1585230845958
2.13662718629541
21.8370323535055
0.665564216022939
15.7213292301029
1.71279008500278
0.314107176721451
9.4963745214045
11.3189356967732
30.8402426441413
13.7619022745639
14.0016084425965
17.8035999008971
10.7597303576767
9.90296783857048
2.69193048588932
8.57515097595751
2.3418664822394
9.89093114621937
1.57089587301016
8.78555201925337
15.2428565296514
5.23803429678082
13.0914359819144
12.1802045963705
1.59393025517088
6.24678777221983
10.1006804531523
4.6022055670619
1.63754671627228
0.389316957443953
13.2401839205656
9.12184538319707
12.9412962899552
6.87130931764841
18.2638518745473
14.0508805274632
2.18666269104328
2.11287878247375
8.78501792280025
13.5453358758241
1.4481428796041
11.2960616592318
6.74362657591701
6.94035151973367
4.11241259425879
7.4308268725872
6.39874851331115
6.20359657332301
11.8075733206777
6.60580837172317
8.03193164558855
11.3281246873864
17.503850441426
9.20465106554942
1.55801043308793
1.1543171340174
26.2450247537345
16.1728440783918
27.8593560215086
13.3565804921091
8.04950818419456
15.8515467230378
4.09268898021328
7.7260980848223
1.02129480248332
4.10498364888961
9.89837106317282
6.5763141028583
13.3011333178729
33.0993191258432
19.8886357247829
10.2142101619393
10.9953373204917
16.3601137470042
0.662547210231423
7.63169773854315
1.27704144714328
9.66415274888277
3.02501754964767
11.0524488524662
2.70658596418798
4.00572294188025
20.2638176546935
11.1564914695919
15.2023394687015
7.23826749721825
1.33592259399312
9.23709692433476
8.03165971301496
11.9593389142937
13.4219902252991
6.5248133148998
12.703680479899
0.111400242894888
4.926789787076
2.02003824524581
5.50813972949982
19.7314801625907
1.69436722062528
5.79614605480845
6.47009543053292
9.89454863592982
6.59903823398054
10.0595542695373
9.24335606396198
8.01576586164403
3.36635380454095
13.4921847338348
9.39218741841614
12.5289686024189
4.89585478790104
0.905690249055624
14.8861716967076
6.25061397440732
11.3669568672776
29.8372793477029
21.3425615336746
0.917321013804987
15.3031029044192
0.133727351203561
1.77640989422798
7.00571336783469
9.0733015909791
4.68885097652674
12.1282887645066
24.7259345371276
7.55690550431609
1.46001097746193
6.12964662723243
0.411554406463944
4.24532491187195
9.61239072494209
7.71635222595607
3.34758698008955
8.27897860555829
3.62600117878252
21.6548434160736
2.68271507734596
11.6280046153673
7.91341625154018
2.24724928848445
0.689003388313565
8.84764390044825
3.07405180010731
3.08080110698938
25.4741985613312
8.65222910053095
24.0584353916347
7.81719566066647
13.3887876738237
9.98724667465052
27.9202588657907
15.3950189705938
10.4519924148917
3.08030226003826
0.16318685375154
1.43248544511921
1.76385547965765
3.4315770957619
17.4256616272032
11.561471875757
4.02153586037457
15.5929501808342
9.56862433813512
0.681898510083556
19.6298395005138
7.6132527615523
16.7653591837734
11.6050960030407
32.6130335684866
4.94770687073469
9.94947808794677
7.66508569940925
8.21503312326968
4.59029795601964
33.5723286494613
6.48794338817265
22.6303107105196
6.39884110076436
10.5549198496944
1.28474494506266
19.1141312476248
6.32540186407042
10.101815033704
9.8819712176919
10.771990660578
14.3214924726635
0.137024046853185
9.48559823445976
5.07228600633302
5.64818433485925
12.8295229787445
3.20945252412731
0.0844872556626797
2.98448386594964
2.10052327131154
6.53381352312863
2.98372932229316
8.49207239225507
9.38681163825095
5.91626791283488
3.20647304984121
8.77296412363648
10.114770652983
20.1718483585864
8.45961878076196
6.46579465828836
1.35632064258225
16.0764441616159
20.8476390226184
14.7889240084061
7.74341765791178
2.07891687804192
10.6296788518971
3.26853659935296
7.43363546207547
3.69781506575811
1.71802349195193
2.3718707362812
5.81766502000391
1.01395221427083
10.1217710732107
10.1337656378746
8.93663218485382
2.24870666861534
4.82549537559491
31.1216568574309
21.7050524894148
5.91662126169627
4.8743796069175
3.94218045368231
0.393845821691074
5.65233649577479
6.23892247676849
14.9941111282873
10.5654980178937
5.9522097585179
7.08353100344539
10.0859943777323
4.550701379776
13.5026767849922
7.28480087942929
20.2325822319835
14.6086676377579
2.89415866136551
13.1894828286022
2.07168227061629
24.8944450219531
0.6177200935781
6.39064300346439
8.10785154501589
16.4652823470533
10.7499106787145
14.7997531574219
2.1154701244086
7.6611740514636
23.4414020553231
4.36969760448471
17.1876217704266
6.62670116871595
11.0081805847585
2.88552809506655
11.2207575235516
4.54947049729526
19.5491665279904
4.24220054410398
5.4906886536628
21.8883019895432
5.25391777046025
2.00495757162571
0.639745069664534
5.02207371946569
13.4959668852389
17.831358499825
10.0109503422995
3.44921830110252
8.52438099682331
1.16318976506591
21.2177029044969
24.1836012806743
14.3566163256764
6.2213625204378
14.918630477041
2.51619978807867
11.5150631405413
17.3548223916441
6.30022107965607
13.1349012760657
3.36375370009985
11.3073681481183
2.38409591838717
3.77614325843751
18.7419007756144
9.0351867955178
6.44295577629061
7.80986118775563
1.42323987260805
11.1854809801246
12.5777589347354
3.64206335297655
19.814489595592
1.16196423768997
9.36961126405925
2.78482958674431
2.62335664592683
1.49925560690463
5.93176334257329
12.2149378061295
5.64715646013061
13.0569050985651
1.77952670492232
8.94791800528765
13.4831926319748
7.6663505799709
4.7864303458482
3.52360033430159
5.04624415189028
12.7625886268595
13.8941986486316
0.461132688806634
0.749130870085744
1.03762620064273
5.34024690277874
14.609208635586
17.6549815099375
3.41003740217849
10.9351634047925
8.80004291820378
9.47375199757516
3.25345810278232
4.45342942088187
10.4830224132362
6.51808346459143
3.75212142252028
16.3682764861733
10.7899950351566
3.92652079207194
1.75678502931315
1.13703985698521
10.3434473943884
1.30872833542526
2.94761607920403
15.7433595973998
1.63212603810635
2.8059140779078
2.79539353753896
16.7346971604368
6.82510896585882
18.3686542324722
3.5537910182029
4.94764731265604
0.239377981051803
0.688097393140197
8.36556535473928
10.8046510929929
17.5317302811891
11.7791466784038
30.0004939548671
0.918902950715103
3.86242498643696
6.08756795735214
11.6177244785173
18.5473987832665
6.18901341222227
16.3275262806565
11.2977404613048
11.2523868796747
4.09320867510197
12.1517274528742
0.366733083501458
22.4770371802151
2.16740481555462
15.8461404566331
10.6914578763199
3.2055901363492
5.71405217051506
18.0602225940675
5.29584165022649
6.64948611520231
3.40073113242877
4.52406991936382
5.16604408621788
17.8260321263224
9.68495644629002
9.21665066853166
10.0073408801109
10.1253360878344
4.18613604269922
6.56025628559291
2.317257784307
31.1941583640873
9.23024049521179
12.0200616034191
9.95589208860972
5.81240016035736
0.880734216057173
11.4692749921232
17.7213926971369
7.51014994457364
12.8268767613918
2.96731954440475
24.7055073268712
4.53013941728039
11.7771133128425
5.27245705015957
6.10449891537428
5.7021465282759
11.1261886078864
17.0622444100125
1.40600098537075
14.8975039366633
26.2304901401247
15.0239544454962
2.39596497395696
2.47091203927994
4.98981052078307
6.62375115972021
7.26366215023285
13.8550494164674
12.7750228624791
21.453047497198
15.4799075331539
24.404693255201
6.60070060468689
10.9760872554034
8.03793455568105
3.07971696177951
7.13944635353982
14.0443743206561
1.36551750882752
0.446385098621249
12.3274843208492
3.60822697450101
10.1846815552562
1.69497692315044
2.01555015523225
9.0535553637892
12.396174389869
9.15454282417453
2.36448967125981
9.58981984294951
2.12959198740531
4.61375210434198
9.18879015371203
3.50086170946175
15.4804761804432
9.89549307505373
4.68620120049758
11.0098861606262
4.79329242371023
1.06127373874187
8.19463579826644
8.41424930840731
4.40522680812514
8.51789880543947
13.3378213274576
15.9035552293062
17.4764992061184
13.6238114807624
8.01395580575833
9.28526713340298
10.9545371029526
1.93187934346497
4.49743938923347
1.33891665756496
21.896674670279
1.07760829851031
5.86000718333563
17.1825654933618
7.64800733886659
13.5992203839123
5.34243729511936
6.97456528432667
21.3539312477108
6.52618547901511
12.2291463542725
22.1975519508447
1.3905356969434
6.12732386216521
2.06172030618871
2.19450856360734
6.29250332713127
14.0069849789143
25.4584778312947
14.2090267967433
18.2148364838213
10.3302191011608
9.78290205821395
7.48321362771094
5.41640741074515
0.0862762104241341
4.09368660331866
3.08008540579879
20.0628083664924
7.63382034603379
13.1447576452047
19.0105244661246
3.1982452608645
6.9258554857573
7.05528254281064
6.35064352324784
15.1648348531779
12.6554704271257
26.3235142986681
5.71492437021081
16.199549054727
5.51386619918048
0.0264777783720213
2.33155968443801
11.6763181518763
6.95769358426332
14.4502766524784
14.5445124711841
24.745064554736
21.1472277995199
21.7883467208594
10.9344055876136
2.0897782462259
6.92103588953614
20.7683120388538
7.55065209232271
3.55016780085862
10.2360329066484
8.88562554042744
14.60065339128
27.0172154996544
4.30203480504391
14.7878000201377
6.38390635235846
20.5531977117062
16.240420583931
11.9816644582897
9.49152181856334
10.3449398651719
18.1012259330601
0.922849868942498
5.95788245691182
8.68669049814343
11.1056300267043
10.4800225881876
15.480021154508
0.951025862768609
8.50826791944029
1.60841885954142
12.1840330306441
12.7275434788316
9.18793641030788
0.031006708741188
19.4015359506011
4.97353342361748
2.95159872621298
11.0398217126886
0.0762210693210363
8.67340606637299
1.87571933493018
17.1099606056539
5.05212489515543
15.3981271199882
4.08650459721684
30.7739553041756
2.48167967440462
4.79138041846454
9.98824353924216
23.8233018666506
25.2884254325181
1.58433192409575
4.4849457219243
10.8710529359484
6.36759314239046
25.0290155284662
2.20495737157762
6.94646291641853
1.55770452693105
9.96359358541667
9.20834410761092
7.49709963056478
9.66923407201765
0.572209153324366
5.49117435313432
11.1712195444852
23.1657539959997
10.7064308570465
5.878868515345
13.5405628860396
11.1509911339844
1.46964830346406
23.9434872753918
15.4139480046019
22.3365662619472
1.37693607248366
12.6002709381282
9.68076977878809
0.549412751570344
5.19741140305996
6.13411171667681
26.2896935455501
9.7009807451127
10.1089033554658
6.02299887686968
0.748514104634523
20.355920767743
10.3991591802973
2.16863648965955
24.3388058617711
2.00877045281231
4.73507979425262
1.97867173701525
5.8409207341285
10.3495894931257
0.695369691046542
38.8768708799034
0.559689570218325
9.83778689987957
5.50137888640165
12.3050754424185
2.0833766553551
2.77877738699317
6.18665209204372
10.8008649200201
4.47295834182253
12.0895055588335
10.3436617646366
8.65712189115584
26.0058040264994
0.568040069758506
6.81154480080645
20.3135671559721
8.5454982239753
17.7923386507197
2.15184441767633
20.7364379428327
21.7314992675013
29.7658883035183
1.54589945450425
4.61630756035447
2.2855627973883
3.67250428499793
16.4820295328887
8.70184623636305
8.82404884323478
10.3249086405244
10.7168693134685
11.2682721111923
30.9710515195835
6.03031162172556
1.45840300460199
19.6584552870674
18.2101933751255
5.41911032050848
13.8750826199429
7.07628780586431
2.91520748287439
8.25057541951537
16.1641196523838
7.06664277096308
15.6381248962134
4.74271355196834
13.4620868135244
7.15642427094281
16.5159820578992
14.8756865411997
26.0301687568393
0.0873365439474583
7.31345610693097
7.54427455402217
7.59259246086886
35.6088305823505
1.24809173867106
4.93862791918218
4.25789501787097
4.82350553581193
16.4111610967666
13.6622555553913
9.51074381826847
1.2876044127904
7.13898592301148
27.1005076356232
8.82811439223588
2.34241519431367
12.1158130001277
9.35561964288354
5.57630898422653
4.08406495116651
9.07646056343263
17.6097601467118
7.25477007217705
12.1460526250303
15.6102841719985
26.3907408807427
6.88840025104582
0.252047453795506
8.78852736204863
5.90161122381687
10.0831093207541
2.53546820835459
2.98539698123932
19.0782655054517
12.5370915047824
16.8400990776718
13.8732256833464
11.1227237634593
15.7983486355569
16.1377258133143
2.59344152721614
2.65447492711246
4.51208581216633
8.29647537320852
6.51605161605759
9.2346481513232
14.5900834817439
1.56509336084127
4.2210460325832
4.08413419499993
5.06577366031706
9.65162795037031
2.76140770874918
17.1362296959132
13.3092933832517
3.7496080307255
17.864154977724
8.79764906130731
11.9919516611844
2.09108450373447
0.653241708278137
4.46925177238882
19.9170928448439
6.18429919704795
16.4152484976126
11.6270781494677
6.64289849810302
3.37035753764212
1.80541276931763
13.0826867711165
10.3906597010791
21.3110773995611
4.71731724203339
9.24800706594004
7.18639246188104
4.87624709484701
19.1577481601001
9.78256426751614
10.1659126579762
18.9958977711326
4.17277370579541
2.7538409116576
27.6564622922294
0.370941963046789
7.12602842628803
6.79230769785775
10.5724535567015
13.0961498245597
15.226364762319
19.8818386532366
4.87976433924307
11.4712058566511
8.75028398047993
10.1231819484383
12.7644223096416
13.227182533592
18.8584598405668
8.25530788861215
17.7589165659988
9.87664829008281
5.08888368494809
4.78295022621751
4.80707745135732
7.4006988270251
6.35674581478014
4.43929606117308
2.95554762706161
4.99750967137516
5.46477357856929
14.7881370503455
8.5973870393984
10.1474266499281
1.81145694128691
10.8141643885805
19.0075041773433
0.5019654851395
2.19339700205359
6.64722407236695
5.66992415408964
11.0628959257156
8.61541354097426
20.6798934325109
0.019857873829189
14.6014079994909
5.11959730647504
11.7166640702635
4.61248406209052
10.5741731356829
6.74864758186927
7.5468137998388
14.1700733918697
17.1637835309401
7.42914988659322
3.57675031616226
5.99706135690212
6.26604734008639
3.44913667067885
9.50409018407166
14.7308364976197
2.92317634448409
5.84519910626113
3.35329406984719
21.5257414870629
14.0698421746492
9.67803699527077
7.4910887517035
7.36604291014373
15.6426195520908
4.71372189931571
29.0216408204287
4.12043230608106
7.18887187540531
3.89121207408607
12.1893571437506
15.8045121002942
11.4908048419803
26.6669822856784
9.20556165323667
2.06403038402138
8.41122930266864
5.36275331125338
12.8580122387493
31.5551727544516
10.1190241560126
1.87828820198774
0.788091606068519
17.3996376522172
7.95803908258677
13.8130563361763
8.72041508555412
8.73904703184962
10.2626596577466
9.64402547106147
4.49875846078283
7.81996567218751
12.6365510281175
11.9910645764321
10.4954576585442
3.51275810971856
9.5059597864747
14.8063542321324
3.16137074099705
6.70306834540103
0.666322186589241
7.8556423502672
14.8524438496679
16.9353895215002
12.8006330782326
9.66559192165732
1.14111332222819
0.675912434235215
3.66755496664238
17.7405173141103
5.82892359650515
10.0040385965258
15.9320125244759
2.80525381676853
11.3453990314156
7.86721728622658
14.9264644674369
6.06821386576149
35.1104930974543
3.70369695256105
19.3032842578141
9.07868276664046
0.277353118622528
0.225845919675699
7.16265142289415
22.2939739469439
14.5592655520886
7.90165823243783
15.7865667715669
4.44827573373914
4.28727759727122
1.16774877533317
6.45426539704204
10.8040170239139
2.7150121247901
1.11658391542733
6.50390321142624
8.67627831175923
10.0719850510359
0.908275172488861
16.4338094743157
20.0029550120234
3.11779206033582
1.9735142269836
13.2414288514306
2.58672338707342
19.9818741995841
2.578343776986
9.37652168795466
16.2981795016188
2.10678109043972
16.7150198016316
7.65191460959613
8.7771478574723
6.49038320413371
26.5101680066437
13.8740742646749
10.1617296098234
0.530563062056899
25.4178190138191
8.98151658475399
5.73383676819503
5.60760768130422
2.22589382901788
6.3902599217436
6.07106252573431
7.69251510500908
5.49527949410219
0.539594722858291
13.019048516523
4.71777488404192
21.7125640250742
6.73144499032182
9.96949851805394
7.62171563692391
12.5591973609045
4.10237683079489
2.32744749090613
8.03173094607809
2.29650440664384
2.57660942152143
0.651227310299873
11.11975107342
14.0721115048424
3.33483665447884
7.49075761641038
2.03478592447937
5.99964189882941
3.4995854832232
20.7478114869446
2.4145451374352
9.41721941183787
12.2474369450317
13.5449953377247
9.73166141589476
19.6972293479748
18.5393794905394
0.803180865339096
0.535297451971476
19.3082307465374
6.25785584561527
2.29423539713025
9.18134776875377
6.31581179720817
6.87823025509715
0.193308712914586
32.4575577396899
5.54182246263593
17.817360841206
3.64084677761494
11.7446203250438
7.57742602685889
8.72467900935498
1.47522007750149
13.9724639244378
19.8399424995911
11.1322253476828
12.4954512843884
25.1722603175281
6.9966864772141
3.64195099100471
17.7443507127464
34.6161029301584
9.72727418850495
0.622375056380079
11.2216733023068
4.36520641669631
0.871773483231664
3.18983374163508
11.7599475663155
8.28229156322777
9.12861099817781
5.86758176796138
7.39444238133729
5.74867602108664
14.5175016950816
4.25444622524083
19.7953339831981
12.6575067141472
7.32669970020652
0.284125823339454
11.3173747723078
4.95764003135264
10.2230866905302
10.9200860889839
2.60352119803429
4.05966566392308
4.0795783046633
5.93931679613888
8.42565363273025
6.95084084798027
16.3981512188911
4.96476592379586
4.18151203773013
24.748410936445
11.7737542837858
9.29534137248993
20.8962531760335
5.55200912058353
13.3038563889708
8.15387849825956
1.76745460648858
0.229765515269513
5.9361997603867
3.07939895428717
8.20094727820776
15.4228625262078
6.48426860570908
4.71869264729321
7.27467513643205
19.3923640064895
11.7038214537562
3.90814739420533
5.11408410966396
15.997409960255
15.0190878659487
2.58663888089359
10.5421882770983
27.0877341859456
8.00932566030552
10.8121523420971
16.975996689871
14.197228444691
17.9357116770211
15.6639334745705
16.6226395840945
10.7841363462565
18.1961257010698
7.97459586560293
9.4615584705025
14.6859773434699
16.6548322420567
2.66028079204261
12.3255012556911
17.5368832889944
5.54010909304544
7.73424275719733
3.44205871224403
25.8344884961843
15.2982509229332
8.05231079588829
0.453452430457459
11.7264778353274
6.63126204356293
12.8261194098741
12.0480332523584
3.41829941608012
1.53349218890071
15.3053995065288
4.12730262614787
2.10695862770081
7.49285682104528
3.16195241175592
10.8401580713689
11.2623974052332
6.54833636589583
40.3360915370286
4.29862281653457
14.3661540467292
28.887304989621
6.03456688113511
0.788928428664804
3.31484123144351
2.62754843570292
4.43248503259127
12.9739513720278
15.443204186562
2.27462648159042
7.69414352253079
4.42442379053805
7.2487480430841
0.816840166226029
18.9104179517299
13.4548062924296
21.6362261318286
4.91845641611113
15.7559175055061
2.19016624614596
3.31107345409691
2.05202006116966
25.1020394546743
11.5633383858949
7.56085277578346
5.23297456093132
9.6908708865302
19.5499913552082
15.8037584740669
16.5168964733326
13.2119484245777
3.74218444339931
19.9299992527813
2.95593285969795
4.19764672406018
5.64836771227419
8.61690584570169
16.0213373601437
10.4823804460466
6.09187274239957
12.4769619468882
1.45918913185596
20.1772387165903
7.90893191127857
12.3532326426357
10.1049787569089
1.12156339674157
9.81962373783017
1.00168294532649
2.8176021100329
17.3925905954093
0.715429009869695
2.07883027836573
0.776349753141403
22.498076967895
1.34382303113139
7.93834156356752
16.699896287173
3.68941780179739
7.29743163101375
10.113837197423
5.11997946270059
0.669618602842093
14.9863921857369
8.98920062522946
3.56909818947315
5.02956053242087
13.677087938413
3.73451388441026
9.41093638539314
6.90922704525292
24.6813911944628
2.79297246597707
6.25536081739102
9.50256637297571
7.27127180434763
8.41520274989307
2.97605171067281
2.37393841248577
12.1279384456361
8.98381500008193
1.00009799049997
13.0683480296284
11.8433623574674
11.8514565750957
8.36409758776426
2.72085922770202
6.63163498975337
24.2580548860133
13.8244091998786
14.6106847096235
14.506344916299
9.01443808837337
1.18192809965433
14.7805756889284
9.16987971397651
19.1925428342074
2.80526811257005
18.5070014093071
6.67885639704764
0.381582975387573
24.0013239439577
17.8449921576054
1.26421451568604
0.651702145114541
21.3335338514298
0.0951973004363158
10.5242199578512
2.65145902521908
0.511567462281487
6.81055506947178
12.1011218375582
15.9999941417705
4.33793314732611
10.1639464066034
11.4346109156826
2.20631035044789
14.2715979420139
19.63457814571
14.8116463329643
12.7277956809849
2.34507965945336
3.25930051459309
4.49562954314945
7.19882328994572
5.3648984991014
15.8950134646147
8.68739621875673
4.58391415273554
4.78949726520983
2.8188540773233
2.80263405293226
9.45514091290534
2.04589990898967
12.9872258286923
19.3429189734161
9.4883166324287
3.2989156381402
9.32797067798674
20.3506940108796
20.8635084331036
5.0353983529826
1.45440376363695
9.33049442246556
18.6174805064371
6.01196610368788
8.49583987146616
6.65466338699762
7.58424082101963
11.8619220896555
11.1014785195661
8.95292386412621
10.4911771602929
10.0346685830957
9.24882567487657
6.29360766282659
0.239468519987527
1.96506540054287
9.35294502414763
2.18322137370706
3.64496234411222
2.24429537267684
14.6912727039307
12.1909980672087
16.1586425214286
2.14884276501834
3.40042435396348
6.83641862124205
5.84714207798243
6.87377210706472
3.83052178658545
5.21528804674745
0.330838230934011
8.68790650484721
4.35904106125236
6.13465458154678
3.71959651820362
8.64437998411022
2.69660265184939
1.28406255704395
0.341197848320007
7.61843721917026
17.05063287173
0.899778091662775
11.1067776102573
3.31629114225507
9.30751592326425
12.9642697670807
10.6526922434568
13.5437410790473
12.589578749612
11.582738859579
5.14578782021999
13.355736201629
2.48474427498877
12.1092712040991
9.35371015299761
19.0014999761636
10.1276805085875
3.43280518427491
3.21993534453213
1.05574210174382
17.1175772324204
11.1555977493724
21.066827327013
13.0157446023077
14.8573777172714
4.8011789098382
2.6980388948897
3.82878025993705
2.45213434100151
7.81680257059634
11.3428921270254
22.429932159841
6.58171400427818
5.41187571361661
4.85044382512569
2.23857862874866
8.39309343136847
12.6034993678331
16.0888685844839
12.6757335849106
15.9971174784005
3.67257376201451
10.0041051268959
13.4396499585588
21.3007336016744
12.8173952922225
16.7305370030142
8.27453304082155
2.5055714417249
6.83940495364368
0.102616630055586
2.30888407727591
6.67631486430764
9.473390308367
14.1741989646107
9.83495307154953
4.83974045747781
3.56615935006077
3.24225523509085
15.3881259371586
0.240634614601731
19.5929105393589
28.9086650123823
15.3667218983173
9.83833220511108
1.23070890969002
4.65271477121669
7.52623301399036
1.63712934590876
1.96763407438993
16.815653445915
1.01143782958388
8.9683027472347
7.80032337643206
2.11260965533991
20.7891851610885
11.7474778417303
12.0081718545407
1.09506494483522
0.676191300289793
6.4293681178242
5.73401632267727
13.6670912150294
22.2481644712389
1.41957900486887
5.95640358515084
4.45107873529196
5.62169854529202
16.2035759883398
4.09917393699288
0.934118032455444
10.7884019613266
8.11957539174908
0.272116344422102
14.6195397246629
6.52432758361101
7.35762284731685
9.047044270517
26.2424458984023
15.2594686485827
8.97333999164402
6.78354087285697
7.96517436392605
8.38672514073551
17.6054445101091
9.13036321289837
20.7266646975447
0.481554654786762
5.4921962325411
2.07496908833065
5.34215574152768
9.18929632753134
13.7060031294823
1.09054385684431
3.44962325032259
20.5405398271978
11.4897784437682
14.5531874890374
21.2537246290594
6.31371040748821
0.371957710012794
4.19237014591884
3.96468914113939
14.3491665114227
4.8610408146573
1.80617761798203
13.7710023671389
8.74573439359665
5.66398231312633
1.6909935317087
0.922365812584758
4.97748201948382
12.3638062524379
2.26124726736071
10.1119386963546
1.91261046287364
10.2655902669829
5.46845118515193
9.43275412848121
17.5406817346811
3.27499629436882
5.96546824090183
5.78972743824124
6.52470685506979
20.1687334571034
16.2002322264016
1.12869804725051
18.6343250796199
30.894648430759
17.7702441941986
6.18702665258877
1.2374557603851
3.53702564386338
12.3356664413315
4.83652518224709
3.14245480112731
12.6237476717969
16.3307137321681
15.8348252067322
14.411971207821
4.57754689268768
12.549929969019
22.051057824865
2.60106450878084
6.71102926135063
3.84784494526684
13.9649556018412
9.04950429685414
12.282296596095
1.34545499458909
14.2113536130637
4.86359453678954
7.80341946938962
2.45842656392294
1.23664003533234
17.4990015570074
8.02450627088547
2.98901852220297
10.2270937990397
29.1909876279533
21.7290664557368
20.4315948765725
11.540681309998
17.7443037824718
7.32215658417905
18.5265115462244
5.35685930436904
6.91396971233189
5.85357653908432
20.9193955175579
13.8252908563262
14.8673232179135
11.2067673290076
12.1775047854219
4.41729297049972
1.29485526122153
2.39218212664127
6.12259063519366
18.7676773872226
5.26714002251041
16.0362115129828
14.8270551580936
5.19993757636133
9.37742126053681
17.1276898123324
2.79596008275564
17.6900347865464
8.29259179707191
18.5525752604008
8.5432456351689
1.46804950200021
15.2578468109469
1.5581174287945
18.4051161166281
4.13350386271078
10.189912833738
16.7483274359256
5.65321853429558
32.7744791732263
4.28112953669649
0.548536749556661
17.812010878697
0.618042942276548
15.6443174928427
12.668074760586
13.4585326071829
0.524726094257341
11.2012801226228
23.4488510390428
16.4480356499553
0.693631790798611
21.6782402712852
1.51274701269561
15.108003242757
8.17101532593369
3.00209082601864
11.454937979579
16.1594756116046
8.83515495542045
18.5561037686577
0.327129801735282
4.02254746295512
7.40922847762704
2.6389139238745
37.139337323606
7.02631438627378
7.43094487115741
25.1887315884233
5.1349655802398
12.256896449253
14.3885598907375
0.732092838734388
11.9219378762434
4.76737846620381
13.856871495603
8.02755873312844
11.1953297647299
9.05892178416252
13.9939219690859
0.461585005080326
7.17779258266091
14.4376954269906
10.5865462683141
4.62789097242242
3.38485127589071
6.46168235689402
14.6408887580037
20.0249324087054
6.385033762008
15.7450765203618
3.04094729945064
5.37645474857941
5.58122825252671
13.6727068573236
12.817894667387
4.25033448264003
0.560168407726953
26.210846984759
0.802221801131964
19.9362738523632
6.43310248851776
3.56195676140487
26.7959488423456
11.4958046902624
9.27848497147207
5.8770123030907
9.12924435715883
12.1101892077539
7.17988270334899
3.48258072116387
12.8495156420809
0.534048583358526
31.5722410125778
10.9057912356882
17.3560000024736
5.37559615943049
24.000620859761
1.6847160179168
2.98137278145867
1.33378232640885
1.00483213302944
6.81215808726847
6.15358960739457
23.317438257547
18.884156877175
7.60861434973776
13.9466062543698
12.4895595014095
10.0581946294186
1.97664094157517
15.6142130028456
9.43302827471667
8.27406534081375
4.07451710492523
3.4531170502305
0.69644758477807
1.84441953897476
6.12590708769858
12.7661396977411
10.3439942505248
9.39659642357548
2.59782522916794
7.27784768678248
18.6191772210023
2.70845186847746
27.5990423979105
5.48168607236184
1.69876203587029
7.77745097875595
6.16275668144226
19.2477952223271
3.22260302491486
4.97464388697261
7.80628826469183
29.1844384744763
4.28089089691639
9.54226111061871
19.9611677322537
10.9565583057702
0.695219589397311
1.06780826967378
1.4835708308965
10.3813926579848
2.56987698376179
18.9009271533373
15.1857283897698
6.30828784778714
7.28211016394198
7.48956431634724
28.0013369396329
8.2378096262484
17.8435136690599
11.8375347751777
16.4714724255499
11.2994272261858
6.74561560153961
11.3323187358489
20.9150769308017
5.21443989127874
1.00156050175428
12.8187166915696
11.0691360197961
6.56598491511233
0.0393558248148386
5.74421733201845
1.0282653663188
7.1604345459491
4.72268955782056
8.08412357264971
9.71609577536583
14.0391428015422
4.22498902913313
1.76853779703379
7.87441469408899
5.40796783171673
11.234891647473
11.2774805318394
10.9832732538366
5.95353980430875
10.2150515653193
16.2151154516774
0.26202345890906
10.2200304623693
8.67283165733788
9.7956026904285
0.92888602453126
16.8743207585067
6.74426453188062
5.12356845926966
10.782022587955
11.329738401181
3.30505270833486
14.9411998689175
6.45090900361538
12.9844973795116
1.88673376105726
0.397425942035411
3.03347512320441
9.19038811698556
21.628240076825
7.55748702213168
0.895605236291885
9.23649393953383
7.20651586957594
0.590643612667918
12.4152171891183
20.8501455374062
10.0594450719655
22.8682368528098
7.01523792295669
9.06816273927689
2.6360563468188
15.1394612771624
13.9649425633252
7.44379381649196
9.57508749064919
3.63827577105237
1.52380614316659
1.77406375296414
