"x"
1.85278163378648
22.7261050051868
15.8984002890065
14.2574738711119
13.2277111290023
5.47481471244168
16.4189131464809
9.7328863510462
11.0165111953393
27.3182433797047
6.77823855081831
6.48582393769175
4.39802042674273
23.9885682240129
17.2815690049902
11.5278630721622
13.8621146092191
7.25705230142921
22.2295810468495
19.7277477476746
22.6258721175599
20.5001448746771
26.1484475573525
7.29708902811508
8.62754077713396
14.0988200437278
12.0163781801239
17.8645130479708
21.4884250191972
9.47242269758135
14.1805910272524
8.04045661352575
4.65302954635353
1.68349959421903
8.54320374745747
27.5622792860624
15.6836651498452
4.78001999902531
13.0874670809135
15.6164108542725
19.254856648899
17.2183933435008
19.1644493257627
1.41760540653483
6.02409720886499
17.5303596071899
11.5121896766113
12.9815092030301
9.89649201345423
13.4238580241799
25.4063616739586
15.3953470289707
10.4083227284226
11.7153654340655
13.6403462151065
13.340264535509
14.0941735589877
15.8933596452698
4.89615474361926
11.2902472959831
12.1124339988455
11.3548101532785
8.21839007548988
18.1830717483535
9.92970038205385
20.5808943603188
20.4172564204782
11.0809574835002
13.7029067850328
12.6650397665799
19.489017361775
9.88764509093016
2.65089356960714
17.938927065222
6.79308980622667
13.1498746108264
19.1800671629608
13.3854086743668
10.3549994942424
8.61050845578474
3.12519119250918
11.9853707107887
15.0070916628486
11.5804793080315
9.44896883656259
19.4307466968894
9.94804818183184
20.3374229897601
21.0594874573871
7.64636771275891
17.5638899556662
13.4487881558016
18.7422978494931
18.9165533596498
17.6452102139592
19.4762491388246
7.62718352489173
9.455256909132
15.1183837559074
10.4235282633454
11.5357175788721
3.52477752695112
24.8583514010534
19.3180380854756
16.2047351244837
10.9425117820041
15.8223801990971
13.7200184864923
10.6390933739021
9.2720314161852
14.4705214732208
15.4257656540722
10.0538308965042
7.3245664825663
6.51181597844759
16.7709105182439
14.9500652682036
1.28838579492275
7.55041090305895
14.560134219937
17.6936053205281
9.33649109210819
18.014258868061
11.345809395425
1.53046717690711
14.0450732083991
21.4002866132002
17.7522526031041
14.6079514797388
17.9671104066074
9.563114520565
23.1085928622633
22.2637538798153
15.1677824537479
16.1396485054865
14.1661014407873
17.0433835298836
16.9611723627895
14.7161666536704
14.302713307552
2.02668002921433
14.7645055083558
17.8529186639935
11.1259559169412
0.489174813025215
26.8481792882085
13.0501107923449
9.21213470865041
6.732874377206
15.1236210251227
22.5274542812258
10.1162227791411
21.1786505739442
14.7438772022724
16.0194987431169
11.5355920512229
19.5568441646174
19.9413886057529
8.22657202370465
18.3124331990257
15.2191828005016
12.5944807899514
10.9756579389796
20.0294592650607
22.7995341794696
13.3080609608442
19.1645984305069
3.80186520051211
5.06367494817823
7.93278600672888
16.6811888804659
5.54543789476156
14.7766112582758
6.6841183318373
18.0173992877826
23.3325228560716
16.0680141299963
12.6385704614222
14.7529304027557
19.6079442510381
24.0207958500832
19.7436454938725
10.7164635788649
23.8192501943558
2.51907538622618
6.45129724871367
22.4211770342663
15.0022056419402
19.0878437366337
13.0212709779483
11.7937363684177
12.1658482355997
14.504215400666
10.7095309766009
7.67977701571617
22.6681442931294
19.6882874472067
20.7068772986531
7.02934907749295
13.578265368751
17.8659729142096
21.6567076276988
20.1847996329889
14.5952629164861
9.91378019601596
10.2489883312955
9.19098042065391
2.75856563821435
22.1219402823557
15.3019995735465
23.3985730912536
17.370707671516
9.43887212779373
10.9534522751346
9.73763153888285
6.73909699806847
5.70647437125444
16.7561775073409
15.6678297140994
11.5702951326966
14.4998254092699
16.9657178921625
18.4050675481558
21.7976240208372
21.4571912307292
18.439432233572
8.81876575294882
22.3288858542219
9.50907638762146
19.2456365995686
14.2470335468527
10.5356971342991
17.8254710510373
19.5133553119376
5.53690173379332
12.0594768182467
16.9660989195108
22.7466814219952
14.5532108610496
14.3148189177737
17.4781500827521
24.0331830224022
7.75377470999956
7.36379181034863
12.6820802760277
20.2744712627337
5.83544683089137
9.43008067414665
3.326959763544
4.2324292473495
12.0267458260059
14.0006934758276
14.3359662741608
22.7404846111313
9.92456940856217
29.5544588938355
18.6001775328573
5.16085300090497
16.6874845512211
10.6060292571783
25.2363720945031
15.5036057112738
18.0303888628259
12.3712045938203
16.3270575692877
12.9026098409668
11.4681712817401
19.7418005904183
23.337425920181
18.392120487988
4.38906091121049
2.53634772925528
14.7073741778495
3.68860007729381
14.791305642575
5.46961373183876
8.35901387035847
24.5879612863064
6.54194205999374
8.77006151713431
16.0197068471462
12.6300296988107
9.2231277609244
17.7152295364067
17.9319129791111
2.09074477833684
18.1091106072834
20.0409723212942
16.3853485137224
19.6927345823497
17.2034203689606
12.9740212345496
11.8897264357656
10.6965389801189
17.4837297303683
11.2110511967951
3.70871545746922
14.6202658455647
1.81520160262988
11.312238057144
12.5565891952374
9.14617774542421
15.2735606301576
13.0125973373652
3.0307461601881
20.331323123537
24.253024629425
24.709526496008
6.85508472379297
8.78651554230601
8.79944130383011
18.0155287031084
10.8898132403818
20.5175466602668
15.9251381177455
3.05567986797541
21.2890725117177
17.7823735633865
12.2250375570729
20.1535502681509
19.4066936235004
22.3548186412226
11.3442834001034
4.2596996350517
19.1277786363049
16.7061697458848
12.3192947854583
23.3773156767711
9.87732924986631
18.8744699116796
11.8097941601747
20.4044078957796
1.6526396619156
16.779538593255
17.2679843381047
2.44217819999903
9.53774163499475
18.2788752019405
18.2562834727684
15.2749938453968
10.520490789555
14.3275478156283
12.79728601221
16.2500344216824
12.4247187981382
16.436550882645
23.7016411498189
21.1256956215948
19.666133238934
8.68433013092726
16.8818556141606
13.2546025561169
16.9646456139162
5.14360820694358
13.559141776578
11.6354500249487
24.8707372928038
19.2193661583588
8.1550181974457
11.2474964465946
9.06226700171828
15.7419349998236
19.9382039252669
15.6771844485775
13.0178047072901
8.724111116566
16.1966767732126
14.0843409736135
9.43274225573987
12.9987081512809
15.7187456999941
8.62970126327127
4.16748763527721
16.3332331459969
9.01626823469996
12.0446204207838
20.942676042644
10.8547761023632
8.04770623799413
10.8635262443564
8.78688851371408
2.62441902887076
17.4167594639584
16.0591829143616
15.111973322928
13.8758136192337
10.5186592321843
16.3940866244957
3.88501965636332
16.006104994825
16.8523425003514
3.13755408860743
24.4583100778982
13.3135426323861
0.37777409888804
21.0028863315236
9.27411625161767
11.6919944975689
12.6845721873586
13.9643712202087
16.8453663983997
11.6657613156733
9.52832172624767
11.6062054627737
16.3438037736341
7.33979559548862
21.0970610380173
2.16236780227283
13.0780776496977
8.36778427374397
11.4644609857351
10.0724798860028
12.7777671441436
17.2581996993922
14.2883235355839
23.1125281425193
19.1810534102842
11.0609949100763
15.5368995571502
21.0318857105449
12.5637225571038
16.1246678093448
2.87645228672773
14.8279577150255
21.7863395856661
11.1457850318402
4.87180624622852
15.8970893127844
13.3609943557531
14.6243435330689
12.2165966555211
0.330907083116472
5.95867321556521
11.3197524224186
15.394132833483
15.6106875278056
24.2062333505601
21.0958441253752
16.2773701827973
14.7934192558751
14.4223154755309
0.723231410032116
13.9885530249757
13.2499483181164
4.23610820434988
20.2539202291518
16.2164327455685
3.15081491135061
8.58129942271657
9.64961878489703
23.4790009446442
20.0638793408871
13.5832889471203
14.1372374957427
16.8712374303263
10.8838573742804
4.96271387673914
16.2106096046045
12.8154732464293
5.17469473906682
10.9670734497435
4.07675146125257
7.20508103258908
15.0205961428583
2.87984318229939
19.7258661268279
5.87998197879642
15.2721267426386
22.4753953516483
11.6210180581887
12.2061179171774
23.1507136952132
21.5381551697742
21.5143038891256
6.91129800397903
12.5607431400567
12.5017082318664
9.61374321486801
14.3722042208537
16.1531762517447
17.9681482957676
12.9390271557264
13.3093872573227
12.7226534066722
12.0107260067016
11.41553518828
18.1464585708454
13.1786037702113
5.65737562719733
3.87659864500165
7.78519319898256
7.4194064631686
9.19588605184519
3.55818297248334
16.1923261359334
8.75807169359177
18.0368742207065
12.3865112560424
11.4171485882252
4.97100774664432
14.4274300166044
14.7236690390855
8.78653458718141
7.74046636652201
21.9028219114989
14.8085011756628
8.43974001892935
20.8688627230003
8.52982788346708
16.1674287635833
18.2221134692824
6.84878227766603
12.5814903760329
15.1053123176098
10.7295618625358
9.04636299606102
22.8388029849157
7.4823115738765
14.0084117418155
2.23217872879143
17.2763821668923
3.08738639578223
27.8684762073681
21.0930118104443
19.2574785242986
18.5253906995058
20.8185168555132
14.2793992397912
15.1959438342601
16.9383046350877
10.9138992847875
3.82814423646778
13.700358918868
21.0163754876703
4.65464462385908
20.233389060013
16.7827138444409
15.9803909482434
12.6418624306098
5.5522219362928
9.55102502985797
5.52150885115188
19.9951690784769
24.6587575413287
5.0386475111839
9.01813573800244
11.5529060829431
13.0905663827434
8.9444100856781
12.3864693101496
18.8082383479923
15.8317791688299
14.9099805353901
19.8844370897859
26.6311953775585
18.1490328482062
11.6651891730726
4.12669388591928
23.0168956331909
19.9543903814629
22.5739799439907
9.29755205288529
12.8026840187189
13.0284801125526
10.6442545650819
7.09781185723841
7.38379645626992
8.41361519414932
9.2900003560328
15.4905861010775
10.0271689239889
26.6157607082278
17.9923138115555
6.24225703068078
19.065356053312
18.3178004343063
15.9735239566053
8.68077261839062
18.2795575587079
2.92478082701564
8.11676910874607
14.2792576236603
6.36927231680602
13.9444365257887
4.48859466705471
17.0981227653101
12.0534348767251
17.588791064918
25.8625672664493
28.8277204846963
11.5007970714942
9.6157944528386
16.3516110274941
20.3275652401678
22.5371573353186
10.5347056407481
5.0771021284163
8.87329326942563
17.4582289997488
12.4799590203071
12.9464638181918
19.2749059293419
14.9849504465237
18.814716860652
3.22432600237468
18.798055476509
5.96038466466344
10.3323428891599
10.2933598449454
11.8029809153186
18.931651874402
7.69995984155685
16.9966460438445
12.741468537735
6.79155848920345
8.60737378243357
9.85005500260741
22.6978370919824
4.52216751873493
18.8825574237853
8.55614334648415
22.5064213853329
15.5288151232526
17.6983899204005
10.8803893606544
26.5549939591438
3.3152453135699
8.27262448146939
12.9675189731643
27.8073926689103
9.89731925074011
13.9390957774594
18.7478984648729
8.38262705639236
25.388251664117
17.2170123543664
21.0323484381661
11.751995694871
13.4276499401971
11.4145426079631
22.6123798871413
19.1317367869912
4.98952360358089
9.04309651814401
8.54085595346987
16.1288745002821
6.55414012578254
10.7610469218343
9.38793216309124
1.98393493095617
15.0176200317219
15.603901958093
5.81273976154725
13.4931762702763
14.1970868204908
20.3058827901259
28.0642180237919
16.2118209293112
5.0028482452035
15.3752732323483
13.180952006951
11.0698383068666
14.4215253181756
13.7171141833071
9.1720353346318
20.4700235277414
21.7749422226171
14.8827165333086
2.0575838861987
18.7290519722974
5.72513219810644
10.1986683206633
11.6732976399362
4.13076304830611
11.9930243818089
19.5829152129591
11.6336452541873
12.7660308752259
13.1964914628419
15.0565529009327
7.70125819835812
23.0828310828656
10.7236645073112
10.8631521230564
4.03266385745084
20.2585833379999
18.4222831390798
18.1286728009582
13.634587964043
11.3658506759547
16.0329377737705
6.88118629623204
5.91060220494406
17.3465248895809
17.1506715239957
10.0506081944332
12.479302007705
19.2994120065123
16.4412489393726
22.387310792692
17.6422104472294
17.3118622635746
14.4045053282753
7.24644605070353
17.6640036515892
6.15944631863385
9.20871710404754
17.827333859168
18.5175356455147
9.89378050435334
11.198202417686
8.71455471497029
23.5503069357947
11.2699637655169
18.2988086715341
18.5275885043666
10.8104356076106
11.488371005367
16.4770607191159
22.2197093069553
17.1193870250136
17.6614675205201
11.081347169253
8.65516741760075
9.77493934585422
14.2839818732338
9.46311843581498
15.357309859246
8.50672274827957
11.9903163576149
3.27763443347067
13.883081373374
19.1699918825179
3.88329733792444
20.4319565091282
3.9044909463976
7.77328959666193
12.2302803443745
10.3920447651361
9.60124433040619
10.1181549073247
17.7275662077591
1.24869579638539
10.6084518600255
15.4501969248207
10.2664038617417
23.0563782155514
12.9719227834892
7.74799888820629
6.97500144597143
9.10311834357289
16.3088781605342
24.40634332029
10.9636933077127
16.0141956526786
10.4233593679965
21.2585263652727
5.07765267975628
9.47595832403749
3.87843504691774
9.189019119367
11.9425537064672
15.7834448153153
10.0582696012403
10.9913647396083
11.2213818123564
11.7448642617092
17.4328455374968
16.103707626462
16.4621257367004
9.20707815623193
14.3619242123968
14.5323331863585
18.6077976366505
10.1593855535612
20.5697767476067
7.1281403535977
14.7738337051123
15.9001615131274
6.45269597880542
10.6227961368859
9.30520463734865
17.8806549636647
17.1586488140747
14.915733714588
20.9353325888515
16.6776451515034
14.9438102889743
9.39914050977677
3.02240066230297
11.1491107847542
2.0729650546574
12.4887769282415
21.652486291714
25.1403371528082
8.91279627759491
6.72359797998714
18.0096336996474
6.02116609825802
11.3549575442448
19.7259527398273
16.8860644617105
20.636331108311
14.8930042149497
15.5288258101791
12.4613348852305
10.7210520422086
19.0915387356654
13.3465570164844
15.0967081775889
18.3727888446304
17.590560025343
19.8985639493912
1.00997558248914
22.5136075315182
6.22527606319636
18.4679069789127
7.77057816740125
5.06954048760235
4.50497151146119
9.6610713750124
9.30780151393265
15.4543295968324
17.9076365816623
25.4363317042589
24.9551355140284
3.25825659092516
17.684055888094
14.9956118082628
17.1582165174186
13.303435430862
12.2280513867736
9.49600681196898
18.1997951120138
9.1194219654426
16.323335818015
14.1846516169691
10.0228643976152
18.913128040731
8.85197317693383
8.22504532989115
7.39063182845712
13.7903917516715
1.34853175841272
5.91538077701296
16.3143140729517
14.8523949319497
16.084483708255
8.50683436729014
15.1702776085585
20.781218376942
21.1351852165535
13.1351575649508
17.8089936031029
15.0780629366636
19.3429357605055
12.9569565877318
14.2997622024268
16.1696280276501
20.4244119933073
17.759070568718
10.7719644438475
14.3587150843814
13.612843491137
16.5399557996898
21.6764227021486
9.81632638722658
23.089028056711
1.40701841052658
13.7498573865741
22.3039813874412
4.7625734237954
15.3199343942106
6.13746929448098
10.9398133612702
7.24627000745386
12.9479820141569
24.1977134840233
8.92233219929039
7.73930423068699
0.26921066455543
9.42728486843407
13.4032103698701
10.0062830619502
16.7948540998623
21.9101568218321
12.0113304816186
1.78329867776483
20.3305674484
14.2360793426633
18.936358531937
27.470824518241
21.4831938268617
15.690214552278
13.3445042531961
10.0769659504294
9.16487027425319
16.8187323026359
17.5756692886353
14.8266741307452
20.5594666898101
7.79043608345091
19.4610108818804
3.6065501626581
19.4782407954335
12.0629115263
2.30370904318988
15.1100113289431
12.0873189764097
10.4545843554661
19.7773501975462
20.7033987326757
8.02000015975103
10.2248646086082
4.30834009583581
4.47938693951453
13.5036676233438
2.11176899616495
12.1324387077132
11.0034915830828
17.0108071295545
11.7241703905165
2.2309104911983
6.25136513641268
10.984179500243
21.7729800380766
11.9661341886967
10.5663435999304
12.8003932069987
6.06754266178594
18.8884314149618
15.1010340507017
9.94414682596705
6.92323371767998
8.50826255045831
14.0457495348528
15.1322193909436
11.3566357586961
8.99047903560026
27.5348509894684
9.89996824162274
6.65465935599059
11.9511430384591
19.3751060636714
1.21765137791385
10.8191154337653
13.4468968554087
11.7778576212004
11.8680072662127
9.89205298118917
16.7314239476665
16.7412294307724
15.8271602961825
18.2647803798318
20.8624231396243
14.9083818309009
9.01587102562189
4.81832784833266
3.82733123842627
10.9976524254307
11.7882323094146
18.0235258070752
18.9276679884642
9.98059688950753
9.38488724641502
15.2519679017139
23.7316338112578
22.5783771602437
11.2208736270822
10.171227105731
17.7256971597672
15.0407496211377
8.82308653090149
3.7599562201649
12.7665372099727
1.24503157784637
20.3717620810494
10.9978746435188
7.50960782893095
20.0711915735155
2.08669307176024
9.36051348689944
4.39765669871122
10.8932485803962
12.2957466635853
10.461211681204
17.8188575198874
17.6128294551745
6.19354108348489
18.198632538389
19.1381949232891
6.14619462285191
12.0524113764986
17.1328192111105
16.8502304485128
6.10470983665437
3.88149560894817
15.0208472041413
17.2862244342796
23.8950124708936
21.6468395665288
23.1347042601556
15.5238309865782
16.2365393945947
17.586466553621
8.18632224109024
19.8875473389587
15.9375423565507
21.1536983028054
13.1545553275672
6.42907503922501
12.3145682845514
17.947580688633
17.1914043603465
9.78121382807701
0.0593925465030583
6.81544588878751
14.503554138355
8.31511650034429
5.37537890486419
8.45842126291245
11.0354377422482
20.423216605559
3.64824067801237
16.233098693192
14.5616401806705
12.3266058973968
15.7440673258871
15.7872237963602
7.62943828012794
18.6561308568344
21.349028754048
20.6827848451212
14.57279149477
12.7912527648732
13.1680505137076
0.110371125920692
11.2341608852148
9.99378191772848
2.52916992171093
11.7013801820576
4.37091004836717
18.5184697853401
16.5988828288391
7.45924882613811
10.7939257984981
17.756219394505
12.2154142294168
16.7722188867629
16.5428974898532
14.5525321364403
8.70158819660786
5.87848498981297
17.6600884180516
15.5493099009618
6.29795107524842
12.657080679568
9.77938286960125
13.2011980051175
12.9935392714472
15.5625274208656
13.9380695298314
14.756914251484
6.83615221641958
17.8471096791327
16.3756796624511
2.26723983261674
11.9636822026223
0.0701239798218012
7.45289544574916
13.8257256010547
19.4521348224953
7.08816989790648
14.1388127114624
9.88820607308298
18.3596693677828
19.7322596097365
13.9682744019557
12.2906647389755
16.4521731669083
14.6047651652086
22.9266091948375
12.871779082343
19.0209617605433
17.9807201722391
23.3201763388669
9.91163421537068
19.7377047967166
11.8893285793518
12.3727968893945
14.2587755341083
20.5430493224412
4.94740308411485
13.7539953691885
12.4742096289992
18.5108350951542
18.6669610776841
19.7156630456448
15.7867185305804
13.6017357930541
5.98869766108692
0.619565322995186
18.5304535087198
17.6392342662439
15.6622145901268
11.8974752724171
16.3216754010547
13.5162707418203
10.8905762083825
23.696819669567
9.78743792511523
15.9769622376189
14.251034884407
12.3378268740845
2.73337904363871
20.7382531603798
20.6867368426174
16.1671102046967
7.68672842532396
11.0120442463085
2.50799279880789
5.99649213254452
14.0912647359073
13.3363728411496
11.0251649515703
24.9277832452208
16.7242986848578
25.872070598416
3.40630525631241
5.66560390871018
12.8598039038479
21.1413862649351
8.62909684388363
7.17834653291838
21.4138546725735
8.47204759680373
22.5325151346624
14.4499363610521
10.3842323962858
5.12793419005704
17.7750093629584
14.8507328085282
10.9474541386589
12.9948218585923
18.9415167551488
14.5856734365225
11.189655191265
12.7087410073727
9.54627440982767
5.71881041396409
14.5565831049467
7.46277003255812
10.5994080771038
11.1953784478828
19.1463930317423
9.84719842672348
17.7483608014882
14.514218759723
19.0625337418169
19.3091075050487
1.72322322614491
2.51258926000446
15.0297147631067
4.31533702205873
13.037750357762
18.4135546738823
9.91999777033925
19.6185609791428
19.8917885927982
10.3807511972263
12.1405517304338
21.2604280561209
12.1513471321294
18.1945990072563
2.78831461910158
12.393535207957
5.97382728010416
9.11807722724077
25.5336829926819
10.8470115344971
11.5355307934806
21.2412988068536
6.6846433095634
3.30657595768571
7.62269058502184
17.1476024960276
18.5508278897032
14.6246024174616
21.2238796055317
22.1139988128513
16.1841402994469
8.08568075299263
13.7788149062544
21.0053920090721
5.53573353385649
5.40662312414497
5.44722401537001
16.6156542453795
11.7863849969581
21.2545100666276
12.7519129735048
9.97357638480401
5.40674612857401
5.55625425186008
18.0362527148935
13.0682806950063
8.67961540352553
5.08921418804675
17.7320177899674
12.7129407145684
23.0354128871113
18.7760992906988
15.3100835159421
15.3004292864352
13.0315652815625
14.2916055396199
13.9931079242507
5.28866108506918
17.1821837546304
17.3213194291448
5.93711279798299
25.2597222104669
21.2276137742595
15.1921142676133
9.9712992054879
19.2977524129674
11.0507952980697
6.58689870033413
8.4130666218698
22.0794958528131
14.4953709323738
15.6678509898484
5.7069236645475
18.0126968072727
15.9822430927306
22.832823661156
25.173725374043
4.47794476058334
12.5396401388571
10.9506462002173
18.6982666142285
10.9920041868463
8.75340519193639
10.9831607667729
17.5443233456463
11.0128179425374
19.8942525545135
9.10065511051714
21.3976909639314
10.1385617756535
11.8578899838786
11.7495874408633
7.97614055464636
15.7200247317007
21.0935645271093
7.58652678779822
6.31753911054078
11.92508656365
20.4956539906561
4.3012643000111
13.2101111114025
19.9927196605131
14.2078702105209
23.4531706376694
17.7857691422105
7.992073837988
12.0435471180826
11.9288911395099
13.1890402408317
8.23125868190243
15.5146132456139
9.41151101142168
13.9029580866918
10.3489540051669
3.41866781196933
11.7490318836644
23.3745517607268
8.73521589674056
18.9975709475637
24.0029211621732
25.6136824616975
1.81280272081494
9.09742414857653
14.0705221845272
14.2462146468461
12.9987599560991
12.1709057238686
14.0850698342547
8.98432071895132
22.1577955875546
16.6382479015738
16.0807150701153
20.7429069792852
8.87749260291457
2.85470322705805
24.1733770584688
14.4748852108923
11.9436597814739
17.1490734801286
12.8838878124952
13.5962456930429
2.04646200325278
15.7229153905064
13.5135100921616
4.38518093433231
25.3853022819385
8.79919552244246
5.33778385724872
15.0846244852796
11.3034910755232
10.8192671556026
20.0662214541808
14.6224702475592
21.3039055932313
20.9098744671792
27.428980653791
7.47484669308577
21.9233763404191
5.22181363740757
11.0952922608703
23.1237994972616
13.839121023193
18.217418785207
4.44904996422334
20.3454457921907
9.14239943958819
13.2919257739559
22.9040254681883
14.2222343012691
10.1143383421004
23.1255816295743
17.1119167561294
14.8092259187251
19.1473606128616
22.4917884217575
12.8187118563801
0.602762965213686
22.6638503372669
15.7825212617149
22.9675246868283
15.309068094939
17.3765526618809
16.4162827190012
20.1789140468463
14.9736977182329
0.551767903380096
14.6335213090831
7.08968073789587
18.8618706772104
7.60561337228864
22.8231934830546
23.5470350831747
6.59620475489646
10.6807436794043
13.7815179477292
17.9066561395302
20.7451273920015
7.1669107535854
12.5832112738863
23.9465658552945
16.3599423793818
17.3353451071307
22.8356167511676
16.5340314619243
1.06322339270264
14.1574045876041
3.56483047362417
13.8136893277988
10.2633379166946
11.5371429714551
10.3133738815858
18.1526404572651
14.0928570737684
3.94448621664196
13.4255430428311
21.6882057022303
19.972260762006
22.8963487315923
11.1215742035944
23.696713661775
15.6685780268162
5.94518887810409
8.48459803964943
24.5891708880663
15.1479377876967
22.3025310688053
12.3463157564402
4.74657486032802
7.13519975543022
6.2374405830741
13.545926449734
18.6034908052534
5.31489392742515
14.8065230576321
5.96317171046667
6.22556182201147
13.7185768641033
7.31020003511061
13.1103253923357
6.40145197976381
27.6464452734217
18.5671445979672
9.05579784196062
22.6569673512131
13.3772477908827
20.8105191355571
2.39156864117831
21.0293829673901
15.8002041745931
13.6701744282618
21.943036117591
11.1525780288503
14.2414191039279
20.4483375884593
8.93477404024452
12.7237064996734
7.97883139457554
7.43202135375603
9.48755445424467
15.3244805412389
18.6766345891281
19.9413714930415
14.4435863243416
15.374183397361
19.2760337842628
15.2308253571391
2.03159807715565
19.6857320628432
12.4603625593656
10.1540623931214
12.0831244285019
10.9320044284686
7.754502756284
14.8152595385909
2.03576467465609
17.2987467609346
17.1494019217789
3.72600165456883
15.2731508022323
12.693664431572
9.03931427747011
18.2481947628343
11.1160614870473
8.87850858343828
12.0868881233037
15.3948805294931
6.59973837900907
9.60234862286597
15.2863747673109
1.93909488152713
21.1218010634184
16.5726048406214
12.8507177572655
7.3106897296384
5.24407902580909
5.62998692848564
12.3430754583915
9.41502332893863
15.1119721820578
14.8539681220427
9.7992371302098
15.2434858539848
7.54824683535844
13.0871528992429
19.3586496636271
19.7357016149908
11.3874348346144
23.0899239191785
28.3318607369438
11.496095568873
7.00096995569766
13.0537633749602
20.3882905188948
5.48213261102016
7.1444395929575
21.4200281305239
11.6914374741205
7.31733778667353
14.9442219360001
11.1617121612653
18.7335149617866
18.7803545904028
16.5876692626625
13.0692539503798
8.26451104513716
26.520779938437
3.02963325106205
13.9631706755608
11.7187347862527
17.6181590650231
16.8043023602741
29.1824098909274
8.47391237039119
13.5529127903283
9.79552706703544
18.5453101061285
17.0718782581389
8.72775034449775
9.7515907837078
13.2276165066287
20.3288824297488
11.8120041948853
16.7737198524682
17.1050739707425
16.5824289200827
4.25292777363211
16.3464845460089
19.3470431491733
11.3098996225744
10.4057983495295
20.5668436829001
11.9463608600199
8.29637732822448
21.0207386408001
13.7270603794605
10.4524721745419
22.5910924142227
23.0065346928313
13.4342178236693
12.0566705707461
13.2615692232158
10.9950974583626
10.3910272673566
2.78670855510461
22.2367318114266
17.3529738327488
19.2287552868947
3.70262927183466
14.654945965686
22.30112508405
12.4489221023396
17.0076551381499
0.81667157302072
7.48262734960594
18.0279512656853
22.5098888855428
1.49374462198466
14.9895401904359
16.8529107468203
20.7588465477304
10.5170330964029
7.38038611598313
19.3840892054141
8.97993575781584
17.6474227104336
15.2512432541698
16.6154235135764
14.3260117154568
21.832454316703
20.0299665745663
13.8976027956232
18.5969673896983
9.66949366931384
17.3265870327806
12.702572834678
17.8353058872744
7.61814697179943
8.3350031170994
22.9740496492013
28.7051075370982
18.3809808011967
10.5374252626305
15.7686694292352
5.14069618389615
13.1289219686617
23.0080465553328
20.1020210748538
8.64723713602871
22.2931169904768
21.7245869571343
5.38569088093936
19.412522172262
9.43668999177417
9.98295752797276
5.38803255185485
7.33059365302324
15.31651832629
19.4775371346623
18.1890437948912
13.4261833503842
17.9214332718402
6.77241418195162
6.14729151129723
9.46668251417577
5.75586201157421
14.2987541947965
4.86571417118596
15.0835102850663
16.6274051000437
15.7061818638375
9.26705063320696
9.89410663023591
11.0501584314366
14.4663715735078
7.8010045690462
3.80964725861597
17.4845719709992
22.2479743417352
15.3835684526712
13.5606009978801
10.8913721283898
12.9159053089097
7.22229219973087
18.5526851797476
18.8445060513914
5.31621566038518
15.4565414001101
10.8026772271842
8.79759194795042
3.15527902831077
16.1955984410165
16.8643929734364
15.9419989446178
4.7546555288136
25.4928721114993
21.1626901697014
16.1640321137384
19.4736851612106
17.3136066179723
14.6967621589568
14.6123380857928
13.3848018478602
7.87873356603086
9.5865783514455
7.61945568956435
10.3552565909922
17.2538810409606
28.149304503096
2.61714458159872
15.8002180978656
9.93796105030924
8.34951149299741
16.1520081572235
24.1677245358005
7.65982114244252
18.4530167141929
20.5219528107356
1.28230054397136
7.51705458387733
4.74950812982974
7.30138923972845
18.5546797001734
15.5360341736547
18.5692829773364
10.0541032788762
18.2001152075827
24.8374617491288
5.71805629879236
9.44225990679115
12.3215155210346
18.6293215490878
24.9800690449774
10.8779706992209
20.2697174623609
15.0524713797495
20.1853785198182
15.9096342466344
8.74300249056143
26.8566713202745
14.9039318086579
22.8208717890084
13.9819031026547
6.8285523090729
19.9948002584279
14.9166741175577
11.4871962461621
12.7199970185757
13.5502637362557
18.0438323644921
4.66145253740251
11.5461345063522
12.2389623049156
14.0804997712226
19.8287579696625
1.54299740679562
6.33621907707101
20.9720880491659
16.5422895224765
8.08677850291133
10.7295482186601
1.91069757995909
18.7506255926564
14.1829744543062
15.2810234343633
26.1449575191364
9.23617808148265
11.8830165829756
15.3069278458133
4.40966775281317
24.9298624228686
9.70824514515698
19.584993366152
8.68167662993073
6.22478928416967
5.39833771694234
10.9850857639685
21.07348900754
0.87231125170759
12.6733333803713
5.12866512295573
14.8045521462336
23.3170391991735
9.99815631657839
6.1307928757742
18.2645529042929
24.5880600530654
6.46048237103969
17.46155556757
14.6491606522081
16.7322428198531
14.9295947281644
21.3444170542061
11.6571985883638
13.0165616283193
8.23450843723158
6.90172684844583
1.64520606707757
15.4343805508688
3.42181161745238
10.9004952711985
2.53836950287223
5.27691994793713
20.1783736236393
23.2864435540033
6.92058505786818
8.60386982094496
11.7654963277857
18.7747806077823
5.47214827032465
17.2573995310813
21.7633754205073
16.2489393493161
11.6581266745925
20.7068711752072
16.7563948547468
11.2082943785717
25.0701396726072
24.7753275791183
16.6654020071294
5.56263451448509
7.13077168911695
13.8494135579094
13.3752091883488
15.4157260898501
12.9861455177888
9.94230171199888
12.2981182299554
24.1448991466314
22.0458494266495
6.73611245583743
3.03027606569231
22.8115413570777
6.85313672292978
19.4164022847943
23.0694897240028
10.451961355878
7.6622771594025
12.8883181139827
12.1912407431928
6.53049163520336
7.56222968921065
17.5338238746845
12.0005188975483
11.0029910923913
13.6334880953655
12.6686453353614
3.01323504720761
14.5826497365892
10.0107713369653
9.36207072809339
8.09248441956476
7.27155262138695
15.7680536770859
4.91818182636052
13.5303898015991
0.942442642216158
14.702111762017
17.6898406715809
9.8491732790176
10.0053997943178
5.38480861578137
16.3442675257102
9.28278551436961
8.91730927396566
10.7128530961339
14.3424077425152
13.9010812919811
15.9850128693506
22.2536470508203
8.5968142808244
21.2994111934677
12.9589133769897
27.7211616833509
14.5235187320825
15.7951353816316
7.43549766484648
23.0688820327398
12.9118667915463
17.2722501740825
16.193206817843
6.34569026707624
3.24076109097753
14.8303119000047
19.20703696087
7.98737197183073
17.6822569139331
0.760743005496043
1.33443970768171
13.7490395832217
7.76907701510936
14.1523830057212
14.6796909393743
25.5285903112963
11.1179920094412
21.4401428820565
20.027543278411
20.9138294681907
19.2155650351197
13.7857547262684
8.82557005290713
16.6630575899035
6.08587670139968
22.53893611487
10.9417483056378
23.0791982496157
17.1412643278018
13.7806633254513
6.12068152986467
10.9209075104445
5.03566397804232
5.18972363788635
12.6521307276562
14.1010318417102
8.83552709517694
13.3216060465202
16.8061622185633
14.8646286921576
11.8583391187713
8.91787074506283
10.8475116709348
15.1862649726937
12.1109837347682
17.1232944354415
25.1298387069255
14.6026993170381
19.1120887873694
8.382011619316
6.67167771607637
6.12343440297991
16.872840210226
8.98240301758051
24.4613948045298
8.65058130584657
14.9018611621342
13.2076826311904
18.9046680228785
17.2271919558674
12.7615098142996
5.64907542429864
20.565984188579
7.39229781115848
8.403016673401
21.9071574509144
19.5831120436837
24.2860539815481
5.41755931917578
25.5925822311085
3.74029679223895
5.8267317712307
4.25646313757458
13.3343246299773
8.14875094531142
8.69551167033516
2.12536546809889
8.1299202516675
23.082847520709
15.260419738479
17.4990479135886
0.554746482521296
13.1738591939211
22.8827657178044
17.8024722330301
10.5176840788794
16.199986507613
14.6855585975572
18.5294075869024
11.6779028371958
21.0989265702665
22.0807233149472
10.0950831945993
14.864076517859
2.72236332534991
19.9105490697548
15.9672547830269
20.8177552996391
19.0467285457999
19.3176969187334
15.3056628721859
19.3404799726477
9.46590557711005
15.6221816083416
13.1565502844751
15.1940978365019
7.51936926972121
10.6100738747045
14.6389171946794
15.91499447771
12.3266364481112
11.0662366263568
16.7396625608977
12.2036492373473
15.9304601373151
15.7360557987617
13.7470470741391
10.9180797357112
10.288730985485
24.6944346698001
5.11754129547626
14.2216377560675
9.9665688816458
9.28623292129487
17.1492180321366
15.2508699567989
18.7205737494143
7.33798320870847
26.6702900873497
11.3358242394204
16.3144437363371
8.55131521280407
4.28053359501064
21.1744126165286
19.5754502434283
29.5989714795724
7.62305675349987
17.0220768544823
12.9261002875865
7.61121355462819
6.51282609906048
9.12437436636537
23.9107030211017
14.4956438278685
6.61267292115818
3.03332664817255
3.48830576986074
16.2366963863207
18.0437996052206
5.72345280024878
0.199761358089745
14.4574817342406
28.8031594129279
11.8231888674512
20.3514431836084
17.2591738973336
9.66687769256906
6.66919627643277
19.8811311276349
22.4399925908074
15.1101672323421
21.0415196837857
13.8879383547845
22.2254601074383
5.9200752266793
20.7640868145972
23.4599508345127
18.2833794970065
17.0541966101155
8.89313054175396
17.2642378835008
7.42720800917596
9.18408882294137
18.5969475423917
11.489582561627
8.55788174085319
13.9785825507715
4.57637442741543
12.2784815961495
17.9301776690409
10.709886928089
10.8125487946401
20.5840600887313
18.9429231919348
3.92153318971395
12.9700267976789
9.67636883724481
21.4604889741167
7.79949722345918
15.2683238033205
15.8075060229748
8.7164941476658
12.5513641629368
3.45773890148848
9.54203221481293
21.640497669733
19.7848211973906
14.6125452592969
4.00746294821423
14.69338205643
8.97076476830989
17.8328299662098
15.6678489642218
