"x"
1.07070132180818
10.8144278172404
19.7679448747636
10.1182949729264
9.75199691130742
5.50709203852832
3.88441377333249
24.60951848245
5.95963793208472
3.02497763891356
6.57759462483227
19.415022532145
5.91906122290464
1.21647631749511
3.71044692583382
7.08290934562683
7.91013776324689
2.35853764614291
17.095109471285
12.3440118506551
18.6881906752139
16.9113086465773
3.28986616805196
1.7631848808378
4.35250046778083
21.4897164090932
5.38176760482274
11.109656188637
8.65490264259279
1.41944545321167
4.10904646851122
32.7230799943209
10.2187091465641
12.7164998466759
1.36237200349569
29.1425680587707
14.2840375658125
9.89145240746439
16.4113118758059
10.1856928505607
4.80245444923639
5.79320006809748
17.8654057905078
1.00911129641781
4.93410476483405
8.81031893971323
9.38832805885282
2.09689941257238
12.5659309793264
3.86542323976755
19.8668190278113
10.8601705875969
17.0123151133281
22.4511824082583
4.49558738619089
5.91745009128445
6.6092892549932
5.26148430071771
15.8016419969499
14.8019666783512
15.281574241817
35.3795587085187
10.9151650685817
0.461238250136375
25.3599594347179
1.3045213650912
5.4893655076429
15.0761997941009
7.06343469354369
13.4476869927264
4.10966939178641
11.2030118703842
39.2420096322894
11.6011578926797
8.21263155311723
4.27716360427439
16.7466837447137
27.6497405022383
7.16810973625294
17.537727581836
6.64458777755499
2.91047682522897
1.02020711638033
12.1208534575999
4.62047792971134
14.4719251513304
1.22956641045844
31.0354535002261
4.51381899336246
6.41632794130486
11.4415049552917
7.29991918816262
6.69815479777753
5.59714876217403
2.02328212162513
10.532238194719
5.25716605085925
9.95911760255694
16.0067194635859
15.064465295898
0.558887934312224
13.6495366692543
12.7640614286065
1.22782583348453
0.00114208087325096
21.1632517361629
14.1775464639068
1.11963567323983
27.4866907857358
1.21143969094639
9.07531469129026
18.9277901314199
13.7403597123921
4.79493541643023
5.52605604752898
16.2741794716567
11.1825769214716
4.9248636700213
1.65490147858879
13.9374427963048
6.49862952354185
2.70257676020265
3.96493820626965
0.241071243402104
14.5087036769837
29.6399944362459
29.1923239463009
14.0371770132333
4.2373672593385
2.05321027897298
13.9526472031199
6.89707193523645
1.29780718125403
9.67972259968519
7.42195299826562
0.0491986381416586
2.75791902095079
2.16051954776049
15.8369759097695
2.18727479550071
3.62240714021027
7.40228700451553
9.22637046314776
11.8572689127177
2.76459307000021
21.3356012944132
0.0985125545412302
20.5979301594198
15.5080263502896
10.6178717222065
9.42351562467266
7.38078141584992
20.6687328064447
5.07144280709326
2.08655167398189
3.87303692243192
8.02159113427178
4.75178533335373
2.7074526799288
11.7640974000096
8.14720446488445
1.73318608497737
1.51173688218265
12.3448650828217
0.389604648544558
11.0714219926299
14.4089988898486
11.0885011963546
1.21541170468189
3.6216670312166
11.1567783169448
2.30514723807573
6.27595494985375
3.57985445298254
10.8961936086416
23.2342541683465
12.5983305377259
6.45455963260402
2.15419083833694
2.16106907464564
1.64121333509684
9.78765720871783
10.2961078286171
5.28379180468619
25.422965540897
17.8123253911934
11.240120873135
6.10927116602569
14.9487917231248
4.14350175175294
7.48740471128056
3.92573140561581
8.01104143454599
22.0052126795053
21.668550465256
9.29605085402727
2.45148542073781
6.3119996804744
16.09987183474
8.66709356537558
17.3037159256637
2.02104304917157
8.60026562586427
8.08068185685681
2.91501432657242
9.60075404663518
7.82977412454784
20.0698843773768
6.08303196443584
20.7041843996038
8.22419938631356
5.57582858680551
2.40125412261097
13.1368627306074
4.85140020172985
6.21043227274992
3.82787268608809
6.5062103793025
0.911690387874842
11.6278001572937
1.6985148191452
13.7531829532236
2.68656763323518
27.3798827081919
10.2532924618572
9.6237690653652
0.631984973708553
8.83388803340495
5.47681832686067
9.27928672172129
13.0500968080014
3.04882144555449
2.71397270262241
4.27433475852013
4.41515460726911
15.3938591945916
12.7310121897608
17.9909477476031
5.47544029541314
20.3044340014458
8.32064943388104
14.6726731210947
5.07620186544955
9.97233218513429
8.13360663730892
7.65997655689716
16.3196484102366
14.0691153271153
5.35056870430708
12.5766028790878
1.9374861795133
15.8307624049485
10.6886354789343
2.34166495501995
4.69505344517529
0.897561924287757
3.03197158500552
7.72525777450567
1.07594351284206
2.86450939110678
1.18619836866856
1.74466222524643
11.0126510262489
7.73690309085787
17.4015884753317
9.31606646627188
16.3514915388077
0.932450538858661
9.95770932616815
15.0828551501036
7.52326031215489
2.43934164755046
16.9037799816579
0.054224776187597
15.4729999300156
7.6598913189571
0.0349001958966255
7.58218579746996
9.56767266616225
7.68882562406361
3.03342072293162
11.5195949414491
5.42833199724555
14.3993170000613
17.8068841807544
2.77974136423454
8.24723913027457
10.2548879105598
1.46577614359558
8.84497136601334
20.2300930682338
0.938386409246556
3.2537994440645
20.2724910657585
15.8475110307336
20.6591564696282
8.59931437298656
13.5641034226865
9.79393834810916
8.15927149874291
2.68654730170965
0.984413556153304
9.34103203141292
22.1650363877416
5.18957553431392
11.1840923673891
16.1848964635283
13.1885977554959
3.9718872412255
12.7747323364019
10.3116385173053
9.2774059614552
4.48376825079322
4.64084050618112
11.8391300551593
3.70518175129543
10.9529078938067
0.324277672916651
29.5468565542251
6.62954137660563
0.648694671690464
12.1956402435899
16.1378223914653
8.63809472937833
20.9254296267542
5.52148395217955
1.64537136442959
0.472702541110034
18.6774819158018
2.04379763454199
7.78182850461244
12.9987133201212
6.65920805186033
9.9156173877418
23.5010054761584
5.96501974852492
1.10476249828935
14.5657232031226
5.57197341695428
4.78918504803957
15.3685006204174
15.5752184800804
0.470462115481496
4.34116534888744
4.16664131917059
4.16779257357121
3.3863764856555
2.17836834319004
12.2327921446413
14.7344844114414
27.4004741819796
4.35737974465395
18.2938740585631
24.3458879180253
20.8786692470312
8.29753659662213
7.81656573920521
10.6757196036356
6.28820125117459
11.4284706767648
0.600810581818223
1.13669796846807
0.175651014070253
2.30413865387173
10.7554501853883
13.7728734731568
13.0150377750397
17.687604855746
3.05779110640287
15.4612387996167
11.5488140853441
7.16376304900226
4.22552092932165
1.11211433274381
8.42321659575183
5.86924108764592
0.997922024353685
9.28815079287776
8.58243766942958
13.243076343295
27.3140148259699
9.98053126968443
14.1387435607612
4.37501552514732
20.1803110539913
1.26229310408235
0.119237788021564
1.6337875276804
0.222548628128467
10.2843472630052
3.81066151253878
2.92820539325476
17.8823866415769
4.13650404280838
14.0092415735126
3.59084166183283
5.31762263076727
0.708125624805689
12.8147141113439
3.56308554571367
12.736722221598
2.37220516428351
3.12371561697923
9.76740792393684
6.4555665012449
2.85245049744844
2.81323795206845
22.3696375265718
37.5458916183561
6.44984784202227
8.36586914756534
14.0787804033607
10.4030710132291
21.4445829391479
11.4782897201588
25.7676273118705
17.7171386778355
9.75146614946425
7.63319860683787
2.85679669419086
0.820937898160406
5.22653693333268
4.66180117800832
8.75639317932893
22.6035238243639
15.9419696778059
12.1979078277946
12.8331094514579
13.0976401269436
1.04159639071751
5.55510334670544
3.2632670365274
11.3318553660065
0.565348782281533
14.0160432820256
2.02741003595293
14.9177481885999
9.79223153078638
10.4183246117659
1.12907018138233
4.10683461610202
9.98877873644233
2.21392214298248
1.03242465225752
12.2718549333513
3.14911528909544
2.11807186715305
12.9516352433711
5.65854778734678
6.60400390625
5.48683404062685
16.8320727534592
7.18844495730956
14.3198371399194
12.6465506851673
4.74487156607211
9.98725035424914
17.2157334436993
11.9917159123147
4.72092473342708
7.32209170237184
12.2117930557579
0.223397340460046
21.2088356044066
20.8779310761432
15.9366562962532
11.5907561033964
3.40271694585681
5.77772217802703
32.7830725349486
0.245220910740941
28.9816630072892
2.69846962764859
2.77563636191189
1.94888809364479
1.10095114064181
9.48120108805597
5.06398277357221
11.7301742871612
1.55378910712898
6.82808044366539
21.3550917576093
3.25310593470931
7.15983583599377
1.80688537657261
16.6080327238888
12.2917084954679
3.55066489920053
8.96767526382234
21.5314109344035
0.186280533671379
0.528295058757067
8.82835448719561
13.5130831916971
9.4372810515097
20.4087220234241
3.55646864294865
2.70144836977124
11.2007699906826
7.59658422321081
14.2030075192451
6.80085723288357
12.7134685352374
9.27451988119186
21.7972838900662
5.50343380309641
0.0105780875063398
7.64125343412161
0.287489363800359
16.671019140631
2.45834825948223
23.241781629622
3.66082075051963
17.7314363885671
13.8831814285368
12.3934728871681
7.87758712136215
15.4980157296201
8.46408200817594
1.67762092314661
17.8096468560398
17.3799367100413
0.7691939783693
15.5033730799572
18.2319024112076
16.68038694188
6.59190169535577
11.6997447330505
11.8010355454215
19.5497296195487
4.1428227443248
3.48413928939506
11.520285345614
2.86076025130498
1.68126537464559
15.1235381207862
14.4106657709926
5.49949365667999
11.8178104320457
12.1598063036799
7.44484529557447
2.05187601968646
3.08413016609848
15.1630088221282
6.23634040729589
1.296023465693
7.45176277123392
6.46460716395031
12.452062452212
2.73371236398816
3.85286509990692
8.79495072490725
9.16299281259377
0.174091477523639
8.52934367585691
17.2836373214038
9.58850096710636
29.421824356541
8.40278525325067
16.5657308883965
14.1861352138221
20.190247388784
7.95219717547297
28.6349037307208
1.60482822567793
0.60876091268963
5.18505351926794
2.42046434432268
11.1285907682031
0.61021953463035
10.1735239848495
0.544973634352213
5.39034171961248
13.8059802098209
6.15227199159563
0.0106440943411563
24.5553822722286
5.52906361408532
17.8544526454061
6.76340823993087
8.85373107157648
7.19563478003447
36.5919939242303
28.0684856232256
0.977254426106811
15.2328056414783
4.90655591711402
6.81747612543404
16.8242658954114
11.9622243568301
14.7562653757632
4.07320153899491
28.0881432816386
7.60090472176671
2.37345333487352
5.28765548951924
7.16837198834726
15.4559479276553
7.92981753896145
6.21708403341472
5.79066169448197
6.68800720013678
1.15357366143395
26.1064506601542
1.88090705733951
0.589270385455574
13.7604667805135
2.52219931752898
13.037927262485
8.31989822909236
14.9638464619505
6.20260229334235
6.06785798445344
1.56627802315825
9.50514543808343
15.2071102056652
19.5077816143407
6.61467593163252
3.33062606396117
5.15626785345376
14.596545103287
9.17615212239042
10.3248374070972
5.2903454285115
8.0719915971034
5.04013588461606
2.71205324679613
0.49018319696188
23.1055843643844
5.164520390677
4.15272596292198
7.65096030371181
1.30594703368843
12.2060934547335
19.5385929270122
2.44396277186267
3.48192439414561
18.4110553003848
11.6938345873713
0.581494625657797
2.92043113149703
5.1991215441376
10.1525246165693
25.1547403633595
0.712731666862965
34.3430368229747
2.14503623111075
18.256472149029
8.68681192109059
13.5511020198464
0.808232510462403
15.306353662163
2.72262308403201
12.306265393272
2.74928850121796
8.04850682616234
0.893837073817849
12.8868252227392
7.59988021256044
13.4339273441583
2.08136384339853
16.7174155543507
1.0558271899479
18.5624474128098
13.0985908210278
11.5430843854488
8.24970513916788
14.5633660722524
17.6570929121226
7.5064562688552
6.8288209843262
11.1075127962977
8.10646932316222
0.839720021967991
5.34957465715706
9.76787279775223
2.67198337242007
3.35468370467424
10.7463778462261
12.3037016019225
8.80520913921456
9.98872560448945
11.5739560686052
1.68890780769289
15.2840203605592
13.1790171781248
11.7960869533026
2.31781150214374
9.40746240739631
10.9779246667541
4.87846634350717
8.75890599563718
7.19719212502241
14.9513040820498
2.16381801600794
17.8561233449727
4.75066523067653
7.55378428298132
12.2701036275533
3.96001955123591
3.60565255396068
3.24777695350349
11.4147314336151
1.19753438048065
21.4749161112841
12.2502969453329
15.4313931268862
10.5146974790841
12.889940245077
0.971249743689926
14.118039002642
12.4501698184758
26.2878076639026
0.265961838886142
22.8509014810454
5.14922812407754
18.0613926283276
8.04405231028795
24.983295305272
2.36000858182812
3.92841894852274
20.3293135389686
3.54143583646737
9.73161601803991
1.2452480044132
11.5712704136968
21.4284200092169
4.45863343847141
13.7986282818019
10.0009069312364
2.12641943102343
5.01367417164147
23.40530145626
7.62096831499873
11.901923129335
14.7751390468329
2.40312218666077
14.6811176557094
14.8399485275149
6.56785750761628
6.75630755722523
0.13346770821389
0.839710561558604
5.27114048600197
14.1852958593518
7.99134229309857
10.9228108801746
11.3041369710118
0.866297472274444
5.57315833866596
9.41087151877582
6.65577039746886
0.69330490364966
0.774138560518622
1.41287161905435
0.656240154057741
12.6317654270679
21.4309804607183
2.73149367421865
5.01668890938163
10.5083643924445
13.1447185762227
19.1901850048453
5.31097617824319
2.8468200273951
0.847883336246014
19.7924660984427
19.5147309882069
1.23504875227809
14.4643417729396
5.397852308489
0.993299125127972
15.1286699343223
9.19117568992078
8.61762276604508
8.31361818127334
9.11287685697266
9.423619043082
11.0334681347013
7.63657460920513
2.96818604692817
6.63093389760393
22.7517814841121
12.5997487324976
11.239634687081
11.8900510879063
6.13729602195252
12.6176466713518
8.57171476818621
1.24238522827442
4.92047443985939
2.75548999197781
3.14002022507854
2.55721357102631
13.1528808923261
22.0652664545923
3.69925793643458
5.76167346082139
1.09541933052242
19.7939455043525
6.04616088541778
24.6859921142459
8.46748847728736
4.9134714063257
1.99312567710876
3.04630262358203
2.84465420991182
15.5847333371639
9.4444427639246
15.174563229084
0.369649892672896
9.10859895239435
18.8630384393618
11.1119758803397
4.48939995840192
0.0245547387748957
8.18510536349578
6.52387841280778
13.0760332014741
11.9479069951922
5.96911480287378
9.16319866664708
13.2877628318965
1.05305164289034
3.91432282582941
18.6917293816805
16.2724239751697
10.0182582026748
5.98876016374432
17.116976341404
15.8946799140491
0.264327468631733
0.554601475596428
11.309092899585
10.6672835589585
1.62458144074824
8.59686355106533
1.49542672240824
0.0841644592583179
15.9907752947651
33.2214823458344
11.0488816591327
0.570638350538891
7.31543288566172
2.77799209579825
0.666359486058354
2.55961885040386
0.284765314984833
1.18295942013651
0.800712360069156
15.0594362057745
3.15748322755098
17.2077144961804
23.0502030346543
9.09555754624307
13.5411816557348
11.5060919895768
14.4340744114581
17.3502435757456
6.49592793964419
7.00998050160706
15.0742573533579
4.1194965990963
9.72637492232025
0.327095933894548
2.72557642310858
9.86154185436876
7.67018194310367
10.035426209223
16.0783406073761
4.88402158642565
11.8525678757578
16.0650076786238
10.2672382257879
29.1325627826154
1.11414701677859
0.465083029121161
5.55536499940069
0.649108147252539
11.8533079512417
6.63734790869057
2.76954739131878
6.65538006952097
2.14112321846187
2.03252393384472
16.5286597795784
3.70841316511657
11.7128425061975
0.96114288688525
5.87614215910435
9.6494623782613
6.39861115812806
4.0424051694572
5.44342633219253
9.78497071191669
14.2796892207116
8.62354971468449
23.7152291461825
2.25685001790624
1.83718013577163
8.58557648025453
22.3012270464915
9.55946063622832
15.0302764667463
0.565631501376629
12.0793693093523
14.1182580031455
2.02548266388476
11.8404231499881
2.59611993096769
5.18149045741368
16.9337118510157
1.65531598031521
5.89353428222239
0.791765765979231
4.56524016335607
29.8131408169866
14.1292057000101
17.4814792349935
5.39735217357189
10.8203364070505
19.2948251962662
18.5834160074592
3.76023603603244
9.36672533862293
10.6552777346224
14.0723519375625
6.84528187848628
2.34220172278583
0.563049362972379
13.7357776158514
13.1481545045972
9.63161610998213
7.48549248091877
9.37057207338512
3.77178485505283
5.40847087158011
12.5697197702738
0.130382413044572
5.19691343045695
10.3621087037027
4.38161106351673
8.12595137394965
9.26661440171301
9.06080277636647
8.68380968458951
2.75122979655862
13.5554878041148
1.03326621465385
13.6277324985713
5.04023120738566
15.884629574588
11.9596953350631
4.97915383220398
0.570804481188671
2.39861225709319
7.88068324327469
16.4391085971147
34.5307849347591
0.0437100883573294
1.97702725417912
19.2773158662021
5.47806029208004
5.48227514705075
26.0586672462523
15.5090821063181
8.84772867646372
3.323629048976
10.2221557870507
1.68433434583678
1.38135277666152
9.59198302589357
6.67634992450726
10.3083416189448
6.87399455346167
6.97908159345388
14.0981623529435
4.09074663184583
2.20359423496462
3.01446416415274
7.98012775479545
15.1114226711565
0.0146193895488977
7.744848029688
7.12007596157491
18.4234376065433
30.2254559529765
6.10699434764683
15.4561979144209
9.05567373620029
5.90112791396677
3.43095078133047
7.85384951159358
16.4006770122796
17.5647286862796
10.3714462510461
7.41942444962762
1.94025848271418
5.88825849596323
15.2133894152939
7.09614374306265
7.91890923865139
6.08871020376682
4.66105500236154
3.4424214204864
14.0847907238513
9.15807144627684
8.81284968049271
0.575995668598831
12.5705726302232
16.7415539268404
13.8306802740424
2.09535197354853
0.837878124643395
12.6571169588715
4.00454537011683
12.7603810280561
14.145390743551
2.81050527786599
0.367623614147305
4.71758721396327
21.8107600230724
7.15104779228568
9.69542376697063
10.7507836251972
17.2489188882689
7.20915502940586
1.42796964157952
11.4225041586906
5.61946481768017
19.8817041702569
14.8176595594393
11.8902053218335
19.3151464768215
27.0996952895075
6.23308317735791
3.80866909399629
4.54627692641449
0.726599009348512
20.5758133437485
0.85184518702914
10.3052008555861
11.3958716858178
6.28059568222188
0.749371247366071
7.96760269160229
25.5197793471041
12.4548615352272
3.74925674202784
4.59007858298719
19.3864334388199
14.4002702552825
11.9881350495952
8.27416341502773
20.0314048941603
2.10835794369385
2.03688219189644
3.50982085801661
1.32487928494811
6.4163732342422
12.085547670722
7.68060572445393
18.5128537006676
8.77915669339305
24.7757431556578
26.1505248490721
4.73739532753825
18.9265775494277
13.8742484617978
2.42255637422204
15.4554521501576
12.7552287187427
20.1822854474776
4.69368702110938
3.42443026602268
5.17960188728559
9.76405274498413
9.15148844942451
2.54295528866351
7.3793294839561
1.65578203235926
8.20538288909165
6.92537776194513
19.9959641299954
8.42083539515118
17.8212146397667
7.26561232136057
11.8548820007725
19.0499787202024
5.06299911903038
9.44777399181299
11.7312278132886
6.32766527123749
8.11753802381732
14.8318067658693
14.6965565625578
0.569330481812358
0.914565446322372
3.29893729649484
8.64203236997128
7.71495104125865
20.311774444441
2.35893549397588
17.3875665292144
24.8575722798705
11.6233524407386
21.4631020982462
6.19777427054942
4.71116500156374
14.2816320527345
10.6828371738912
16.0076949122681
17.5105249063981
7.96754853799939
7.25653434811092
12.4842777797271
2.07508611492813
1.05090402066708
3.57790445131754
26.6751674863975
13.5028269607574
2.15013931795581
4.30703279562294
15.2933655772358
3.94499050453305
18.1800596415997
8.12384503336909
10.1078313657357
7.64027680270374
7.10273283903637
2.36567487320164
12.2462507802993
10.4114570189267
8.07822332717478
0.805727018472426
19.0879417117685
25.2525835990743
2.9322038221848
6.51622366957005
0.0609784050906466
8.81180191478689
8.69495938532054
6.8523074965924
0.374622985256309
0.466726720333099
4.32454504006998
11.8068312682902
13.0334615849936
6.73628686927259
4.95729837566614
7.60617847554386
2.92926230467856
6.22718128921361
3.09831178110668
10.9118252287058
7.88574507459998
13.433331809938
3.22905897485635
10.0261367558844
1.65874841623008
3.35686421654264
12.934941187404
0.0300323124974966
23.6089092859599
1.26641131937504
3.80964026253702
7.70335485077568
6.59677761998909
7.84997481622221
1.49292277168886
16.7290846912623
9.59084611386061
9.58795648334279
12.9986764397472
5.35352285951376
23.113736929372
11.8533116299659
6.35692891664803
5.25673208758235
5.92240751720965
3.13470377586782
6.2863131813428
15.3169996570796
7.48806269839406
8.04432947188616
11.0243806967012
4.37550866045058
3.35303731262684
1.25598355614626
24.0877489093691
5.58975622989237
16.6357199439068
0.708860487490414
27.1971064783666
1.37661635636952
0.0610944738329448
7.48895173892379
13.0764586385339
6.73827426508069
6.69916896149516
9.16139309095701
11.4442615668133
6.19791354984045
8.62381081804687
4.971530335024
1.30242063938826
9.00198468007147
5.53051657043397
5.69964893616115
8.79223234951496
10.5896236128507
3.86312614950085
0.494185462594032
19.9117664247751
0.0693148423876951
1.09293074347079
5.63594386780333
1.04720198485247
5.50641342997551
0.449556397205658
0.0222019385546446
28.7866024300456
1.91563703119755
14.3297841306776
17.6747456346949
7.58132267337713
9.16006262414157
15.1590883266181
2.40209270268679
13.1426808835775
0.311510404571891
1.8889747094363
1.55140375718474
5.72359832003713
24.4434863426259
0.630929364647793
6.01853565326692
4.95690344462226
30.9995197994207
8.91717588528991
7.07108466885984
6.36015380732715
0.0776216853410006
2.4202480815564
0.892064426431431
17.7605741767594
5.44674494303763
11.0608317366264
1.09982169233263
2.33270683158363
0.71965110409399
0.260790530592203
3.98586140945554
0.977736601693338
7.75385578162968
14.8726852615922
10.6838350390754
11.2435470800847
18.9141495488839
9.82865026125356
12.840898022123
6.52686876450382
8.7185396313419
12.6428472255395
9.78126781166196
7.0970996748656
4.68651372939348
6.5102209802717
8.50108093582094
7.46117406524718
8.21373999992303
0.59318826533854
28.8044586312026
2.31174869321399
0.799255459852731
17.0976017538035
7.19907423642471
6.36388983618544
8.88555648339904
3.42575151539294
0.0298635568469763
4.16170009432928
2.87200823556105
23.291441006586
2.67188581638038
11.3052369095385
10.0305096711963
1.74357707780497
11.6162544116378
6.08893670141697
4.25740662030876
14.4389825602695
7.6075625205106
6.24469351023436
4.65568713843822
3.96482795476913
0.119425197917932
4.72735646180809
3.98454517126083
6.7451560869813
3.55799412354827
0.130965234711766
21.8243430368602
3.81575722404802
27.8648087025711
6.12037498425354
17.2142134513706
13.3360372390598
12.0175677817315
0.152745399717492
11.7800219915807
17.082476360229
9.048694325611
7.7950342092663
22.4943657405674
0.663898233324289
0.273966451561552
0.228904731272299
1.95617896008432
19.6020536124706
10.4468539357185
1.94019339978695
5.48436956489964
21.9809216343177
1.44826968050903
14.7961025825335
6.08833583148431
7.70374872921347
10.2515499353966
12.0964735280722
7.85821309861233
4.86387797885308
7.13543160827323
8.17310125567019
3.32786129748202
5.89336473494768
3.69550720788538
5.42861330322921
1.53958545997739
3.81316026663205
4.84782108197812
10.764418868348
4.51775487279401
6.62451930820842
5.6449961968328
0.677089486271143
11.8764847517014
0.0343369491345891
13.9199489987337
6.32143803260027
20.5922281897479
4.68731923028827
0.973472883924842
9.78881008923054
7.39658674646335
7.10316085059289
14.6079200785607
15.5912755988538
16.3537352811545
5.03246634229092
19.7763305157423
10.0348353851587
2.66676726751029
23.4630738335323
14.8967778692703
9.89660285413265
14.5129240117967
2.97678115882119
11.7260518456244
19.8751560878009
11.6363031323999
6.19016246140026
12.0164953138468
3.12800691463053
18.1016065645963
5.56919928640127
9.68514840058484
13.7402014294257
14.7243032231927
26.4651998411864
8.53350581601262
16.52506082484
1.72368507085705
8.81388447077183
7.52035239711404
9.361377870664
3.55559061281383
5.09735126979649
16.4984461589441
3.69562944873476
10.2410161402076
14.7778403945267
6.99059248786374
7.44840185357679
3.44528687563118
3.57228809274277
9.92016988356646
6.60767168495725
8.76238499768078
10.3575556538999
15.3616109397262
9.015938638372
6.11143749743349
16.7197606991976
5.82807930186391
1.15376100875437
6.87090172944045
15.9131138585508
11.079312391565
13.5617282707244
13.9135788194835
14.0132732705045
6.22666147537529
16.1655555673278
9.52230226248503
9.93028062977142
1.5185724478215
0.690721454233871
11.287627927959
1.12406108528376
4.49479086902111
17.1628196723759
20.3757923096418
12.6551104709506
11.1290692351758
16.2748506292701
5.44484188023542
19.6054453961551
9.53479055315256
10.3380876593292
24.1397612262517
22.8638500047126
11.6566347168507
4.52847215564272
20.5517643700078
7.00005953025123
2.46806456707418
12.9897626116872
2.00811396352947
3.37319588288665
21.036760834977
7.27975149638951
12.1054396033287
17.7819756790996
5.32642169855535
6.94182181286283
21.7425792943686
2.13661593769788
18.0231897160411
0.141044534337065
16.0073533188552
5.88882230222225
2.12937860296278
20.2592831570655
2.44561294093728
10.3142116116066
3.569125989452
2.10053296759725
6.6131578758359
2.67841185131928
0.697426683504252
4.2997011449188
7.20429323062617
4.03477104899405
24.3653023149818
10.2457512170076
0.594310509040952
5.97650576382875
1.98458221754072
19.2114549520896
16.7166954837739
2.78332894060765
0.997889693826437
1.74093475481133
15.4411966912448
25.078515474091
3.56691619381309
26.3859883153487
8.10645394308555
8.32090470939875
9.47396736592054
7.9749861266464
19.2536272675659
8.43511307612062
0.867579318583012
6.56714797951281
9.69554802755832
1.88264911994338
3.71420845224332
1.58651739712637
4.96854060329497
0.8181727120779
20.3247972764075
11.0567294037733
13.9297695364803
11.8063177447766
10.6326140741683
3.36048039607704
13.7970376759768
6.37370804324746
11.4606833551079
19.7245317921787
6.03558025322855
3.99111340220989
9.61893140338361
0.309481332078576
11.7786253373789
3.7451656900494
6.15840332931341
2.38712715907134
23.2526352970215
1.76296648569405
7.18293548461914
12.7371851820499
7.86312637949546
3.75946410931647
5.39259785780439
5.69329052232206
13.6081157252192
2.38508998480267
10.1005130447447
1.55942699786201
7.64678595587611
7.05190233118583
4.35327181170994
5.13219158165157
3.18072572021017
24.0522371071632
9.6588890068233
23.3526280020765
19.9688991066068
16.3403644213342
4.89708561398446
8.29591411165893
2.84655416025652
5.28508010320365
12.8280402134725
18.7151725869626
10.3008036967367
8.62484062090516
5.17556737177074
10.6740404962725
11.9241723790765
6.74693266297409
7.72618800401688
6.18177026527332
10.6983942445368
9.99993486329913
6.19089296087623
2.94906790679818
11.5857983604354
6.55748257413507
1.96311744040204
14.9710646563173
12.8137581419404
9.85075794160366
22.2048435596593
9.00965504591492
13.9916637446731
4.26400420255959
10.7304032645032
11.8240713659218
0.320926893152269
7.14120793255623
9.26027788177973
12.4423123430461
3.55154713615775
8.08738283813
2.19867701626542
5.89376958251269
22.0881775487214
1.89247028902173
4.35973717311091
7.26456909059866
10.5180460494012
21.5769409667701
0.800736295059323
7.40025746636093
1.39210072061075
9.07304060245962
3.68444958546885
18.3137692609519
3.55581414241419
0.280359382968722
12.5653940718621
2.05727885477245
17.9088453943619
4.86479247920215
5.00556098810433
2.64277994168942
6.16019461303949
2.54417091096121
7.13963364533798
9.48306161689343
2.56141661666334
11.8245359975845
0.374204898253083
19.9972068014577
3.17499332517029
19.3535742815584
13.3200219146979
11.300145694986
14.1170199892157
4.41881456522025
5.10248192586005
6.96023258770486
3.05032283067703
8.11753901652992
0.583364441990852
7.98501796089113
5.19997733645141
1.21552080155313
17.0305623207241
0.77067876096509
8.10493612661958
3.53936324827373
4.77273156866431
8.75791898622157
1.125004224912
3.37245151271357
5.19936708733439
3.1857714182277
3.41314006232527
5.04275443963706
25.0344565603882
3.58218988403678
2.54877270199358
13.4944120422006
22.7044211628218
0.499119476996173
11.1929167062044
3.4737773621688
12.564336694777
3.65150086174357
12.4666174408048
15.6843410494727
4.86663152901189
3.34119567870754
11.6713833063841
5.28156752698123
11.7940176278353
3.16645412262321
20.2218985185027
15.0656389538199
7.58532391409988
11.2363314998273
20.2711478024621
3.62207279540598
17.5065752118826
9.02480883523822
9.57583095878363
25.5083536729217
5.06968195550144
5.53608061745763
17.0761283425189
0.671950320806361
3.86176034808159
2.83943270060063
5.03762743122995
8.9438845607552
0.379190884165871
11.0741208975216
2.02576912682457
19.039018390182
4.51250014775337
12.8356715664268
0.161348190158606
6.23976467177272
4.24388274550438
15.9348776245717
26.1606559157372
17.5015815068036
2.15656897053123
7.22284455645216
14.9671230465174
6.74566351808608
8.96313707344234
19.6477991533378
20.4284515697509
9.0719887859676
5.11687081513678
12.0419433371799
16.2569955457002
9.80182248167694
13.6053605853846
30.6318734772503
1.52421910315752
16.2271235138178
2.43806871656255
0.78043928361936
7.22076939418912
19.5257655880205
5.83427525125444
8.04768004454672
7.9051342792809
9.90269142203033
16.7420206429676
4.70538286738818
17.4645970440996
12.7972774134038
6.58848327584565
8.44992076627026
8.49340598835437
11.5608508232981
27.9412619017189
10.4438720326774
3.36426701396704
2.6615669554899
4.47171558625996
4.29720962420106
17.1878829598427
14.4632326904684
7.90457488037646
6.47263121791184
19.5612015202641
7.27982969328373
7.4238889001726
3.41657556476085
3.52910109567103
3.53318622478678
9.86781302011121
20.7107529975474
6.83014557527349
10.2434874990877
0.403229985386133
0.229952298104763
8.5034925956279
3.48725452150377
0.717101246118546
7.29631781578064
1.94734279066324
0.525547657161951
2.08338270036708
1.53780089937349
6.46990063774655
6.77208459158878
9.66052839991039
1.58323179930449
21.3095467188142
5.95500809140503
6.90995873883367
5.92917124287304
7.70905532368372
11.6773405577987
1.67545663635565
1.41841177120515
12.4397961422801
2.7770574670285
8.86855008869533
13.6945948004723
13.2337618619204
1.36520103551447
4.97766474060455
1.64780952036381
0.0276042614132166
6.89313532784581
9.31680453941226
4.75031360983849
8.96056435880458
6.27314182929695
7.78700639493763
3.62857202999294
15.3064598329365
6.90949925030724
2.10164566185946
4.90381091966132
13.4668569546193
0.941589009016752
5.36683409908831
0.449483888223767
1.80711945303277
6.81940689682961
23.2512457296252
10.5832738336176
7.73961725644767
9.44088720340038
3.58832880261154
5.71983366486211
9.88272489048541
7.49085396379519
6.29003802314401
13.2549083326012
13.8205072812942
12.2367061208934
2.65729037427601
5.71788504303906
5.57627729140222
0.876753229265403
5.1150346147346
4.79203675310532
12.1477508731946
8.86156989012138
1.02671336649391
3.87421039161852
4.72128461115062
5.78819027844363
0.692249359143262
12.7226823475212
8.60890792682767
1.55250099487603
15.2771413350003
4.13631848059595
1.39088784344494
6.54486716608344
19.3471933715045
16.8210429120471
0.166448205709457
1.96288909548619
12.4301851727068
7.06182788706573
16.3809405174106
14.9912863969803
8.12328697705097
14.3514605239034
23.2222729362547
13.1014512715834
11.25723281422
1.61778861656785
6.48437193594873
17.2249252424272
7.23034780674161
0.104754138737917
3.6533678061605
11.1145946424948
7.118524804811
2.19758916646242
6.99635091444997
8.47693746909499
13.4445355617594
1.41023695468903
15.0302560068667
1.23033998534083
7.78829380145906
16.9085978530347
4.1758778039366
11.9948603678495
0.281762052327394
6.2943262658422
0.290647428482771
11.1875851638615
6.88798995688558
0.127148116007447
0.94354534521699
5.50209116190672
6.75486311789054
7.76342292639653
25.3551902715117
3.76743786472819
14.6190137975814
1.97656112723053
4.80948323383927
15.3146548428872
22.4452623631805
10.2788143791258
26.7629355192184
40.0587558746338
4.27499618381262
2.74555799551308
4.44346188852829
21.4086815286797
7.73769170045853
6.52760423234642
10.9934208928593
5.50713201381679
10.3259517811239
4.55739959143102
8.95790169015527
10.1339240934789
2.6493068318814
4.55965246104559
18.3855391218529
26.6457485966384
15.2974314521998
11.3906789571047
6.44006112643575
13.7005094438791
1.25159366588903
7.25072706118226
6.80742101976664
6.9192394060604
8.45160204917192
8.00036695123907
12.4968800337982
17.5780571997166
26.3417062019469
5.25110402511004
3.965130675099
6.44586100243032
13.4216615951824
4.02870080870232
5.65825127996504
18.1709526572376
1.66472145356238
4.43749098126059
6.34728241711855
9.6497839782387
9.31569985114038
24.0161335095763
14.2156438190313
8.52237616221503
2.22877222740283
4.39367419183631
16.9504016637802
1.71140190213919
11.0709994100034
8.0492923501879
8.55679945088923
2.57957011825581
8.67114887037623
12.7351569448235
2.43322087766357
16.5538084227592
5.82758333498657
12.1160146780312
20.6172937527299
2.26333905461936
16.2423465866596
3.88982119038701
19.909667596221
1.8218543734121
27.0318686638244
4.67251791908577
14.2867132555693
0.478684762492776
13.5022503726796
23.3244030760443
25.780802546069
3.4181241877377
6.92479629392947
20.0303999707103
9.1004860507132
17.1315018151568
9.39818814047139
1.70701192691922
8.3890120498836
4.6513051725924
10.9123529121968
11.3639355171472
16.9988364446908
18.9646643586457
13.8790884278868
4.72958018224095
5.82149818263729
16.5351891621086
22.5855501834303
11.371102835983
2.42428532801569
23.6916142981499
14.1712881624699
11.7691319901496
8.43670644001887
4.07225997780773
3.82386385463178
2.65856740479733
3.33147430827363
20.5147942062467
1.26673282568118
6.49573304690421
16.6131943464279
1.11058247275651
3.63178211870239
1.22315622866154
0.612537190318108
11.0494419425763
8.4233273226207
13.13317136442
5.21819911765775
11.0663256142288
10.1529284846038
2.96669979579747
0.708722776898363
17.220921774579
7.68683361820877
8.2503017667171
17.4393011915356
2.86202491261065
4.47433921508491
8.00596564076841
17.3482678364962
6.75147866181645
17.4795995261695
5.69895426667512
10.3531840803446
10.3979775933997
3.447632764996
2.43778963191843
0.41667506823397
6.24829177587681
10.9047921116939
4.10474841279565
13.0753912890401
25.90739055696
4.3867232363882
6.63563571870327
32.5070815152917
16.4807724300772
3.70848645045567
10.261512780562
0.24079806548207
14.6735518560862
