"x"
0.0293801344037984
0.806056156954739
2.05398136792477
2.25862443912774
0.239807208480722
1.41675431514159
1.38019388541579
2.44111459307893
1.55179549015985
0.0879450119100511
0.764643170226992
4.09368335967883
3.48972004139796
4.92808744311333
0.839113388492706
0.852743295551347
4.65714714227856
0.114093967889405
2.59215311380103
4.63137447368354
0.793965213774575
2.11932056539412
4.69409860358085
5.5219120899721
2.07635994302109
3.49562895717099
2.38248991081491
2.27263848160675
0.81053632311523
3.31247489666566
4.0656058001332
1.77597810979933
1.88622475919462
4.78795961244032
4.74841249706474
4.28741295969837
3.26450345089708
1.21611659415066
0.516335407088597
1.15736577427015
3.01560442629077
3.5001572156088
1.12991463392973
1.33959365529447
3.06153956305889
0.229475798550993
2.32650683028623
2.972085645888
2.25126804259836
1.13174926955253
2.37290822170492
1.28406846197322
2.82677857903764
2.29449125466701
4.50650486163795
0.594179817284892
1.7818566178903
1.06623264728114
0.833617325406522
0.901835679542273
1.37291789287701
6.02717243376633
2.93211046373472
0.36942734762984
3.29624975565821
1.17729594931006
2.74857293115929
1.41547370003536
1.59478676505387
1.49443921819905
1.2457086937502
0.517019606664086
5.6761181098409
2.01463964767754
4.09877926463431
1.59810404293239
3.05934569332749
0.395150820259005
2.70862434990704
1.6067004796911
1.55151260487768
1.12101621379875
2.68593152262449
2.08560236578157
0.0112333334982395
3.91648588702083
5.76894201969431
4.01723553043019
4.80264028301463
1.67756569571793
2.57641153875738
4.52906993450597
0.911706531341357
1.84743152931333
2.08124645287171
0.689296494238079
2.27213990809827
1.08445598420541
3.73805008130148
1.99850759236142
1.29114500014111
1.44822007048208
0.996533205851178
3.84691470535472
0.00793458236095131
5.41108934577176
1.91993495682254
0.173678293297068
0.168289307288076
4.95153834344819
3.81326419301331
1.08893626602367
2.63833996141329
4.15411091008049
1.15620525629961
0.908564335682705
0.949190420880181
5.62424334930256
6.9709794687284
2.27625749191935
5.39046100353199
5.0248296931386
0.768644939488575
3.19576087082172
1.06092086799474
3.20779384346679
1.7616975819692
3.46754180500284
4.67502915998921
2.24685661960393
1.14088840782642
3.01102600060403
1.05778646324061
1.62003599107265
3.60287220633835
0.918355537578464
0.117774127321105
0.354653294198215
5.01030548475683
5.12867039069533
2.45271369349211
4.27122333785519
7.39978869678453
7.90834364015609
0.287424071098168
0.350493052974343
6.51169607881457
3.33109463179542
0.318631783862213
4.48228343157098
3.85707599343732
1.04937042638097
4.78427425259724
0.396044398002535
4.85733048990369
1.23008840018883
1.58003495302743
0.642310359131454
4.12853315265364
2.46158182853833
1.56704586097859
3.57070474419743
0.652802281547338
0.750033586175516
1.72509171443267
2.79962751690879
0.0262907603515906
0.399961962830275
3.44021487981081
2.34287597124338
1.13000910439971
0.676212785765529
1.39099580701441
1.38856656297193
2.92239439440891
0.0586360576562583
1.08475296292454
4.37646089121699
3.19987874245271
2.45628034463152
5.5177518397526
3.73855253950666
1.26094471197575
3.97418254287913
2.57506961813449
0.280483787292972
0.53298275043265
5.83976152120158
0.445338420104235
0.901195709479886
3.29187547322363
0.0135468457683987
0.921662116888911
0.505813944619149
5.28877604519948
2.12911398848519
2.43989483438037
0.979012879543006
4.64036557831263
2.1002254798077
1.36803392088041
2.22710686502978
0.49619592292588
0.448670296464115
3.07341743649904
1.69554896759181
3.23223567885596
0.161506790308176
0.95898499712348
1.14446588559076
1.10986754642812
5.16570004401729
1.23936686805471
3.90045662643388
6.51629524018392
3.44462776752915
0.779582699760795
0.426078622695059
0.78124946448952
4.4200499339704
3.14830170245841
0.230668834410608
4.77506952593103
2.5030808756128
5.06560306042136
1.09571940265596
0.960951011149102
0.0446589817653305
2.88327474845573
1.13379588583484
2.89693628158013
2.04731700963462
4.52406602189423
2.11258729935753
0.834089070072838
1.48080325513435
3.11370839579716
2.39618462017257
2.16406615218148
5.44815335888416
0.949687073896403
2.22110851917813
5.08999562589452
0.348557487349796
1.03828135179356
2.19514742988234
0.389606680255383
2.27136808404609
1.1625244464525
1.01518390101303
4.83578740386292
3.39988503858348
0.686252431478351
4.42483469115408
2.33653020113707
0.851579202885786
3.53544101817533
2.8556892182678
2.51811521321373
2.17889662599191
0.626521243248135
2.50256137637539
1.15639205323532
2.73106069011775
1.77524506580085
0.510345865041018
1.24980711843818
3.09573825215921
2.19995370134711
5.26001532562077
5.51413287175819
0.112906276570003
1.93449638459863
6.43118761298813
0.811086362227798
6.41698323666491
2.84809389878734
1.12489942494046
0.561656188065914
0.257407055465991
0.632439577020705
0.741800991818309
1.25652275855612
1.19189654942602
0.790092000489627
0.519253881537555
1.06984981750046
1.8986341659911
3.03024390304635
2.84345712279901
0.997676806541553
2.42240102600345
4.64449112769216
2.97517002720101
1.18108765454963
0.786485667039801
0.187276786589457
0.17171852523461
0.351527221996575
0.917107611894608
2.22011554802144
6.49733832105994
0.152155223569787
0.679608271457255
1.90562791613479
3.85403056904905
2.33173249646422
4.25720871426165
5.31853921711445
6.06951190065824
1.8671848657862
5.15533168800175
2.12344402769676
3.44918209388417
2.83129400541734
0.174757718882639
2.3405370186083
1.51491214055568
0.822364178020507
3.09616131708026
1.20021423616255
4.92726608645171
3.48158651943966
0.696802382307105
1.93329276517034
2.76881569297984
3.50298224948347
1.76003353390154
2.59076128713787
5.5724028730765
3.72099762316793
0.620186001836965
1.80745428660884
2.32281590579078
2.39707491127774
5.96638267161325
3.54132832924729
0.924168190047404
6.1478469055146
3.19475595606491
2.27464573492879
0.185838260222226
0.364186591468751
1.58357579493895
1.37855501379818
1.65397793753073
5.50863109923834
1.14589377772063
0.350734470227275
2.03007434029132
1.88903126399964
2.53472016048075
5.55717464778698
1.31322802398728
2.86007057875395
0.121671892702579
6.38941691722721
3.39324651414195
1.0586267337203
4.57830034405806
1.61725195357576
0.501332548446953
5.48588366946205
1.7719209936644
0.826102654594106
2.94559656176716
4.39587907430198
0.922955980058759
2.10483331992732
5.86899157293409
3.260284406133
1.68721542313709
1.05434483848512
3.62772789498729
3.69129144819453
4.80993597302586
0.943769444711506
0.926567823626101
3.65537784527987
2.06313317926024
2.59938017698005
4.74466361144574
0.0634713796898723
1.40804029396801
1.57134963168269
2.28511596797034
1.45972239085387
1.99561102781445
2.63213433790952
6.23835921287537
3.09115067357197
1.17087795030892
1.89285589149222
2.28121512336656
0.622725933543688
0.100006943102926
2.1092375041917
2.26899781734045
2.66975177219138
0.160580419469625
0.426372194470424
0.156450396439848
3.42824567342177
0.612802302930504
4.75246169360892
0.720530447470186
0.0798402703367174
0.467435782775283
1.32444665214738
1.82652404764667
4.3674711487256
3.88405402190983
1.99512981521511
1.30057620117441
8.09485377976671
1.44317192343345
0.108920674141372
1.55962385470048
4.48043067008257
0.329668570454756
0.663608917966485
3.16160544753075
0.947607087981993
2.60698889615014
2.37752104238091
0.735200930492611
1.84824287425727
0.105016957968473
3.40739215406534
3.36504320575156
1.31503178178807
0.805529742501676
4.02176159407874
0.692734275369602
4.1713761314627
1.3446545577608
1.17943291552365
0.818559360427174
1.12019513476861
1.37385451234877
0.822922690599225
1.42389027168974
3.90684728549971
1.5054470859468
2.35450674081221
3.18092484217342
2.5421940102931
0.781376706436276
3.88015352655202
0.515744567383081
2.23243872551774
0.657252922649764
4.9882672727108
2.44445176795125
6.17274868025859
1.4931469107978
1.06942259008065
1.44002293236554
4.09059673547745
5.75081800343469
2.33624760294333
4.2135510710068
1.06927047017962
0.929345901734564
1.74728272814024
1.43057737957389
4.8887733835727
0.531872621178805
0.46326229281729
1.27844619564712
2.33308060560375
1.57507596362158
0.585553752809525
2.41538522973368
2.94281141832471
0.949413294438273
0.953427969943732
1.36810470139608
0.0289794756099582
0.147355586605741
3.75514948973432
0.141027721110731
0.67593134008348
2.31695927517519
4.71958622294556
2.76523237116635
4.24705819459632
2.39468883105812
0.118040280919659
0.85358135641325
1.83677355526015
0.85986630854657
1.40002508320932
0.28714882209897
0.570457789581269
2.02619700927237
0.606737835479688
4.00300713954493
0.920500024221838
1.39096337370574
