"x"
4.45190486498177
3.27712245682507
7.0307697635144
6.15811623185914
2.55640752147883
3.14110885374248
2.04086678568274
2.67844357978805
12.6461595179065
2.10799217868058
4.25923423845047
7.94605514770264
0.848375190980732
2.24816540665948
0.889041660376533
7.51426536589861
9.15686876624158
5.02956317126033
6.14279307599761
14.4586269045249
3.73309911228716
1.57001219441743
2.05975107382983
3.10705068986863
2.98226472907399
6.18106174887671
7.30879039037973
5.42474125779844
5.1838822895661
1.49467271939454
5.75221474282444
5.01976346410852
3.30855960492045
5.33303124830127
5.15436738557302
1.99486371129751
3.26990919279757
4.1851033824641
0.623836268564561
3.55362026020885
0.0166237729327453
3.17271295848258
3.78255732737074
5.59084625528898
1.71881622758263
0.959435431286693
2.59132345019369
4.55290247139468
2.04484890272456
1.64074080153378
4.75495872087777
1.08433510176837
5.55962724954629
0.157729932107031
5.91694596223533
3.72875018562602
3.79377523736356
0.39263062617895
0.117119138594276
1.62672542501241
0.11248997759548
1.55255759071129
3.97442084660478
5.49067387930681
11.6951908450574
3.94462449476123
2.88463851902634
8.49056849256158
5.27709948556878
1.8076827301849
2.40351299269624
4.21340044799554
6.96486987448393
6.34854468342517
17.592039401643
4.54983141060795
5.44776716113489
3.62601189408451
10.65315761215
11.6861786227673
9.401013283059
6.77901953458786
2.23313064740875
1.16154511924833
8.56776568107307
2.46990319165878
5.55641015525907
6.5697614569217
11.8712078069103
1.55232325196266
1.91112025640905
4.7803875990212
2.51844194717705
11.2616158859228
11.9130165548995
3.62547617405653
0.092407131815841
4.15897968476589
8.2152180769345
0.200347447108933
3.83227880742623
8.78839970793762
9.02728633955121
14.2220969079062
7.12095163727606
16.8375712586567
0.836312468163669
4.46354043669999
6.88651441596448
5.40005043291993
4.30964764673263
6.86549020185529
11.2893166719005
1.68220543175087
3.60950587783009
8.76605039079663
5.19340583123267
0.159133342094719
6.29559531807899
9.61211686953902
5.5472259875387
9.56130705308169
1.44865922573528
11.7327233129637
0.895784166641533
1.13058449759859
3.87584492564201
7.68436996731907
3.26238835144456
0.806755502708256
9.82019503135234
4.98695828507573
9.39448790059856
2.82220293302089
2.29606356006116
5.07193094927449
10.0505323252512
11.2864038812542
0.360294198617339
5.69376862287077
2.4228852475062
5.46234836801887
1.52315059676766
14.503486873582
0.0782824121415615
5.22838599766302
6.67689118862205
0.4924704987827
3.48613543901592
1.81999398933218
4.13761542683763
15.516565553844
5.17158189322799
11.2898725783452
2.34532444737852
1.93964436184615
5.17960437573493
14.0034043695778
2.08042084705085
4.9445508280769
6.42568290925118
7.46233821846545
3.16753860097378
6.19715816915961
1.70815598685294
1.09579258132726
3.8204187590592
1.36221509892493
4.43579247221351
4.60267986636609
12.4883382814005
6.01421827450395
7.15246077161282
6.00797501392663
5.06786901969463
6.67887839954346
8.43448608648032
6.69436717871577
4.74601473827032
3.07391067035496
2.79177507997308
4.23078592866659
14.2203508177772
4.06819521449506
6.87475949525833
1.21964315432768
2.10244073532522
5.78881189660012
4.4563235482201
3.93014986076102
5.31948797870427
1.21516004757218
5.50313470885158
5.93458510248451
0.516735636061709
10.0923469450094
11.2305959577623
1.94921928923577
0.307591567819206
0.301778293214738
7.44238617785927
2.29130440857261
5.27184271899645
2.70704038735935
2.54409115295857
3.13951326353769
0.0180140370503068
2.44549696275303
0.103353590717805
2.44143812451512
2.46269228386549
10.9917595702229
1.07237149495631
5.61879172548954
4.52251185197383
2.17932409472258
8.92495766572225
7.29948940136115
0.903543527238071
8.45245057716966
5.04342692245951
10.5527965114915
3.34225566132631
2.81495318635578
6.80649997666478
2.07887683063745
0.625400670896186
3.57092589081051
0.172549462877214
9.64441879439912
6.28749229096675
6.42579498369235
7.06009503919631
2.61411163955927
3.24791740998873
7.64624149284323
1.11610964253458
7.27266171015799
3.87132265605032
7.61835861616562
3.60204323660582
4.12484998814762
10.9383556991816
4.39987371210009
0.882236912488329
7.87530415691435
3.46968898084015
5.15099475908571
6.42416204883651
5.28932306915522
1.47262304746186
2.01872030696416
0.268148215359226
1.42721294342122
1.22305540912376
10.5173759395257
7.29078466529214
2.26347043644637
1.45226100406796
0.541947898454964
3.56343712192029
2.70886952057481
2.20509308855981
3.11740133911371
10.6312422081828
0.635692822926766
1.18650395488897
12.8250960584916
3.27064758166671
2.04870939880026
7.39004099741578
6.86203940810528
4.2940542800352
0.0893847288792272
9.1243727132678
3.01517366897315
0.489643728360534
7.3608847334981
2.97037379350513
5.09360872674733
8.25621045660228
5.16100359816148
0.793627183884382
0.669685786075855
0.919640363257854
7.07570103092453
12.4911226099357
4.8753126866003
1.4103276769079
0.125984335318208
4.2875111146053
7.92229038197547
0.0912752114302818
8.04064190105549
10.5699045228298
5.44689083471894
4.52881234905947
5.02189213875681
5.86554836028693
2.21007445193808
1.80296662729234
6.54870697762817
9.93668178379041
3.25359171256423
6.70429175545567
5.30505662318319
3.59888147183797
3.23152627483689
0.415455176392033
6.78333744969915
2.02420946116924
7.18870904920319
3.54212544650529
1.08994001440803
1.18896758649498
1.01790577173233
8.22374415073827
13.1151875946671
12.6249245833606
2.19704993069172
1.35962175897541
5.32939482871735
7.12808896787465
4.01865453459322
7.73066463880241
0.937126972712576
6.50865600910038
2.99212957157673
9.9623158108443
1.59591431729496
3.96077719051391
1.07366902299256
6.35280450806022
3.95889764185995
5.56888656406719
0.0401070116445123
2.38217189364523
5.70691674862426
5.14164549613111
2.4522502204685
8.96442218217999
7.20680374652147
4.16007624007761
1.99872441589832
2.39937321748585
11.8501000804827
2.37374969292432
2.80911340378225
9.91453756578267
5.97049060743302
8.84169900858831
5.33310484606773
4.1889876345449
4.90415364038199
2.37108638975769
5.87092256173491
3.34376869723201
4.2534523177892
1.89416266512126
15.7487104790438
8.6435874691233
1.68587826192379
1.00351183209568
0.200052764517165
4.0280380519107
0.982428372353667
0.6634023739025
6.0360822128132
2.29545678618534
7.46923577971756
9.04403782864631
7.38156361039728
6.48522058036178
7.73431935813278
12.8891586791724
2.47481899016202
0.91959647834301
12.3948945431039
11.8391938868272
8.12994147466237
2.31529579032212
4.47566248368678
9.50965359807014
10.4791550663289
1.36138780492503
5.32218221023347
1.2610930742196
8.38307156227529
0.880385598296223
2.94839146585004
0.174023840691191
1.54964574612677
0.0107764065747119
0.708865506592034
4.88726841260064
3.9532380644232
3.27041645290235
0.454756803810596
1.8114765012585
7.27396393194795
4.75811662618071
3.79978478886187
0.0393947819247842
2.42591300114974
2.7160890529288
4.63558583619593
2.74485817644745
1.08121845405549
5.55772089865059
8.75835279002786
2.81790631439302
10.4801234140313
7.15709589421749
9.05366589381971
2.89773789700121
0.477226544171572
9.24886318588462
0.813275342807174
6.82228002697229
1.03172821559585
0.486800633370876
4.36227237805724
3.31744701666844
3.32098056096584
7.83170361597943
9.89111047943936
2.22791894339025
5.89653107285799
3.50649319589138
5.43005142826587
8.82691543083638
2.6067444588989
8.71909998822957
7.3968751123175
0.821083242305725
0.614786287769675
4.89140210273496
0.263318346780677
7.72008637432009
4.15099761448801
1.42187052406371
2.19548307359219
9.70797545227944
6.28954688684378
2.46127981022407
2.7525276338622
5.4955379338935
9.85342527274042
5.42008704505861
0.927338236942887
1.95901184755363
1.05456528253853
1.56864521559328
5.62906952109188
4.78776501346854
1.22889711055905
2.41312200669199
0.197480386123061
0.190568412654102
0.386379754713949
2.91136846621107
7.22057926468551
2.39670823673874
0.135263660922647
2.9786293162033
0.373116205446422
1.23584508871474
0.0388656877544982
9.10859266296029
4.2997408012473
3.89539245516062
0.711734964107241
8.22066278196871
0.950357411056757
5.29593873998645
8.39301170781255
13.1964209722355
4.80203444603831
6.02281889878213
5.96713812556118
8.74727233313024
1.29847640823617
12.5897243618965
2.63492483645678
2.71098935045302
7.24396292681678
0.234448175695549
7.51974299282322
6.05863876744185
9.79318114158526
5.69678414613008
10.3470585076138
4.03643087074153
11.4048871180652
2.4616610025987
0.0929327334286286
2.85836766492878
1.25535916215222
1.37147007044405
0.746815092861652
