"x"
20.8747469587252
33.0450878478587
28.6158011062071
16.2627609446645
24.5842681033537
17.7774459589273
28.5783802624792
39.19645123905
13.1360965565572
31.4248902024701
23.1057531898841
23.6192808719352
30.2521918201819
27.9481576755643
21.9832479953766
26.1458818800747
28.1396477515781
28.7454226519912
10.7662132634783
25.6824022857472
28.5209131143644
13.299430566142
35.7940800309398
25.4721553530544
13.420074689202
17.0311137388444
15.2904881630093
19.7922425111756
25.400248169899
15.88191522751
13.4388267528266
39.0308618058866
23.5675797438139
26.5049856854603
17.9521257057786
29.225676250644
10.089424578473
22.8114893971043
38.995237634294
31.2376297544688
23.8275025039911
29.9757978878915
17.943520238623
26.0260384064168
19.5672183763236
23.0763662373647
21.3047112420754
16.1044000415131
25.462712161243
34.8106411165392
35.3869941096685
20.3793409126356
21.5125150280073
27.2604166995734
31.4219963969663
31.0255754739046
17.7239134674892
23.2318355701864
17.6580029539764
26.9593859324232
25.0857342655857
26.83819711674
16.7648382717744
20.7358523728627
36.2892399289844
20.4323959769681
16.4263781392947
32.5715651502833
12.8788158530369
19.9679493929647
21.7938710139344
29.5934542780742
25.6015218561515
25.9559282101691
32.8512185020372
25.3330040833505
28.728307900019
21.0442304145545
32.7685513533652
22.2732485504821
26.8841637764126
15.5476396357579
25.2750233084602
21.6707554180175
21.4648000430316
27.1468369988725
16.8188076527196
18.2258694199845
26.5484432457015
28.6044634180143
17.895955289714
25.6937593920156
33.7116522481665
17.7373248618096
23.5012554796413
19.4635368294985
12.0121189557976
19.1125857178122
32.6655429322273
26.0767864470467
21.9779375009239
19.630484841764
19.0052463905886
21.8733327463269
28.0564079526812
5.05892883520573
23.645239835605
26.9871248397976
26.2454342562705
18.3043901658129
30.2347728051245
31.4206457859916
33.691166783683
30.5629941867664
14.6440833574161
25.3072618739679
9.32597790379077
16.6576805757359
28.330301027745
20.8260480081663
28.6285932408646
19.4772048387676
18.9058969728649
21.3673339225352
29.4617859646678
41.9874595750929
27.8715250780806
27.3920154664665
19.3565345132885
21.7060496332124
20.4615952447057
28.5316368564963
24.4283625390381
19.3093183450401
16.304540913552
28.97956056986
18.5700235422701
32.6278417054784
10.5318099046484
25.5452459445223
25.2362742139522
21.0389968633295
19.9852043529972
19.9613378150389
27.2029593586922
33.3882839651778
13.459999114275
21.2580731371418
22.4715072829174
28.0499179847538
35.0784638326682
22.2149459877983
23.1191718950868
21.7738826353938
25.0944990199059
24.5946210343391
19.1979073453695
24.0821261657402
12.1239185100421
22.1186048351228
25.9540635393932
20.2724389623194
26.0215306188911
29.1459590662271
29.9969357205555
28.2621937571093
27.8563590021804
28.7328079575673
25.8949670216392
16.532611916773
34.6754549954253
17.8049972746521
19.9709619861096
34.6925445280775
19.6734665427357
33.671980118379
17.6520333159715
27.4882559664547
22.1638217158783
25.9992195758969
28.6131361499429
35.5346353977404
23.4276766423136
22.8482855018228
28.6092023132369
29.850986180827
17.5421702908352
23.6645865486935
25.0968868707724
12.40887893083
20.6848825793713
17.4921449040994
29.9862517185457
32.1910894708708
26.8484407293176
18.7922301318167
27.1429366897792
23.7246633507311
11.4434330258518
17.1163241146132
24.1851451573893
29.055932635601
21.0606725395678
19.9135478120297
28.8282457273453
25.7288534626265
35.5430044027129
17.5279488554224
7.20487437210977
20.4709431483928
30.0490944180638
27.726130373776
30.7369473944278
10.5734013952315
16.5996273048222
26.4288327423856
16.4821580750868
19.363897992298
35.7040270998629
10.7204304775223
31.0149896424264
20.1398956589401
18.5836321208626
25.226234776109
12.746438561902
36.1785741124027
25.8875546976924
26.7433242173865
17.6949271000922
31.3626646297053
28.5263398429379
25.7444557501003
33.460286539048
30.6852656882256
33.7637271964923
28.4814285347238
25.0513308681548
26.5161825111136
17.1836973866448
26.4281526440755
20.8758685505018
26.0082279797643
30.2923887502402
7.62641085288538
23.9914373494685
28.933104204359
31.8464084528387
24.7561547905207
33.0529214348644
34.4890981214121
18.5914881527424
23.1669944245368
31.7901717731729
22.5390670821071
28.844887111336
34.6653059039295
23.3738418901339
30.3911402123049
17.8352795541286
29.1838732548058
21.2229371496663
16.7908274801448
24.8882783111185
19.5469584548846
23.5068585956469
22.9826638244096
23.6680668080226
38.0915552356696
28.2023689469096
28.453142172657
29.5215019257739
28.6180973285809
28.1624655937776
30.9052591444924
29.9009624170139
17.2642831457779
36.2702017629004
23.9782408345491
22.4772740854321
12.5300818122923
19.1462477203459
8.35460491944104
35.7368246211345
34.6957983893758
20.2079554893991
26.5046119256191
16.5191884678747
14.4054146017879
27.1043376065791
24.1920822295296
23.1274583842605
19.9267495190725
27.6648067636415
11.3857683492824
30.3647335153073
34.3051396310329
35.1126939037299
28.8182797376066
21.919630211778
16.228811419569
27.0544491009787
23.1705419429474
27.0029073348269
28.9254236035049
30.8267321670428
34.4230032991618
21.0105264289905
32.13146913331
26.4746724518792
19.1028017085046
26.8087627599016
25.4251779057086
31.7128251371381
28.3696374157444
17.7280707328824
33.6404960602522
22.6561156800017
29.6762952581048
21.5183136053383
22.6065874099731
27.4429644690827
21.5691710589454
20.6496274750868
24.1373054450378
11.7449214681983
10.5858731083572
34.9459908668213
27.2894657915458
17.2189764369591
28.2297668978572
25.9515992132947
30.3179053356871
26.9427621969953
25.5583537742496
27.7280123671517
30.6371366837993
18.5726249124855
17.2613414391357
30.1664958157959
24.2278397781774
30.8116234606132
20.8400595234707
20.3469660365954
28.0998760368675
29.6638979343697
25.8484845049679
31.9644749863073
20.8896521944553
29.5054438291118
19.7682495927438
16.5280662709847
31.8246369017288
22.1276402388289
25.1594066154212
12.0568526908755
27.6736781466752
20.4561052843928
24.9557957053185
22.397598461248
24.6097264766034
20.1227533667218
31.3345160568133
14.9335586931556
29.9813046120107
18.5443967221972
28.8268992910162
21.3760982500389
26.3444164767861
22.1186386188492
7.98764501232654
23.2663951721835
23.6588131869212
28.0345167964697
35.0673287620252
21.7236840259818
34.0775226475671
25.5038398988209
23.1333311414346
14.2726788995788
26.0515606263652
23.5329605388022
20.5622473528008
32.6476253103465
23.6159928608686
23.8083833130077
22.3890543207023
23.3417036710307
27.2873870562762
25.9812448872253
27.027931320481
25.9403963340446
20.411713491194
13.4990713559091
20.8345791324973
18.2240296388045
28.3602257492021
30.3383817430586
23.2150422500917
27.260891138576
29.7407217556611
28.652694541961
24.4038145523518
27.4026942548935
27.4033512920141
24.0845855558291
26.1720173293725
27.7982131578028
13.2731994846836
27.0913434913382
26.6142795793712
29.3900342425331
24.7188639827073
29.6781109413132
21.4710331583598
21.3052976410836
23.6187397694037
22.9468069970608
15.1164965238422
31.2044542049989
32.4435752583668
18.0105862880163
35.5653330140424
30.1612887298688
29.7093126690015
36.907996455175
31.2380263814703
10.7145578134805
19.7722295532003
18.925551045686
26.1962105287239
25.5284764105454
20.9655709099025
20.9513627691194
15.6593004241586
10.47659937758
28.000948834233
33.2036081934348
25.8482574485242
21.0684455786733
21.8957423719537
29.20311862176
21.984395198524
29.7174694482237
18.4441912919283
18.141111289151
20.8402076536107
33.192760287784
19.5720628136769
23.6128122080117
23.7725046928972
22.3005252424628
27.4299504235387
6.68123322539032
26.8386072479188
29.1274843753831
39.3794484881169
14.1390552045777
16.3807633798569
18.6875959923648
29.7078795731068
21.6098627774045
28.0691494233906
10.5409287166011
22.7363847661763
26.1042607482523
32.2554016718641
23.0015215463936
20.0687953270972
19.2167600849643
33.6087023140863
20.589030883275
17.5815174123272
28.4075618954375
31.1011169105768
26.2618836248294
26.325194677338
29.6164193423465
31.2533775577322
27.8031924842485
24.4369580643252
21.376387309283
24.9328045174479
28.0923119513318
32.3569564148784
28.3008810365573
21.3404623791575
21.5298930183053
26.8276285845786
23.2674651546404
33.8474492076784
21.2988340528682
20.9999426733702
23.3117933850735
31.0066344682127
26.6822417732328
24.0368773731865
33.2976897479966
29.3669953476638
21.3413869030774
30.9648060239851
32.5629446888342
31.3969354843721
21.06938296929
16.0025218501687
16.6836381220767
27.9718446758115
26.6824534861371
32.9316787421703
23.1316467281431
18.0023639462888
29.236847977154
25.8887396659702
23.9601826062426
19.1330768866464
20.8864923100919
30.3599639795721
34.7446029053486
24.8380458215252
22.4233243847266
24.9270545085892
27.8263414744288
15.8535244641826
20.2400532010437
20.9262607157451
26.4639453263953
25.7184587884694
25.6260146154091
14.7346933605149
16.93720954936
30.5393245304003
24.386382708326
36.3170783357761
25.9214588890007
35.2320043814784
9.41798283171909
33.8882664218545
20.0391860509768
25.6130600115284
32.7821943676099
34.1118390671909
35.4141152287397
25.4715560236946
9.36510151249097
25.6071288138628
27.984805800952
36.4498419200486
30.7097024982795
21.6819688212126
14.1508149479989
25.6570163648576
21.9671291531995
31.072846846655
18.2939271464563
14.2297419348405
16.5634867968038
19.6780497441068
22.8603595634922
23.6684141214937
15.4993750154972
15.5311511042128
29.3731220299378
28.1785337254405
28.9689102210104
17.5320241134614
21.4498481678939
32.2267632232979
29.640129278414
25.931819784455
25.7046864368021
11.7165959388643
18.4596886858344
31.6946953755017
17.0844207517803
37.8193521385497
29.8932941630483
24.0627740044147
30.6021702475846
23.6330243758857
27.9129127738997
20.6195983104408
21.5971843572333
15.8440546567915
26.1821446707472
21.9207589514554
17.86942940671
19.7648922447115
17.855130485259
9.18562292506948
30.1823222311214
24.7695952653885
27.9272852931172
33.7748850695789
30.2975358208641
30.9569191420451
22.8038541972637
30.5446726074248
20.8552018972114
19.7502747410908
22.3001539707184
34.5070654526353
16.7194717560175
32.182915485464
27.3877886356786
34.3467224622145
31.8983142497018
29.5738532440737
13.3620795561001
14.1058560693637
26.1552762240171
22.7602088823915
17.010680968078
23.3302013017237
21.7903342097998
28.7634423701093
19.3343183258548
29.8369151772931
24.9715179903433
21.30928770639
28.7959295790642
23.3639554353431
31.4064104342833
23.3295730547979
27.2189043927938
28.9085180032998
23.2456472702324
23.9078423709103
18.8840158956242
28.04862447083
29.578272998333
30.5861368309706
19.6522606101743
22.7754396852106
15.2419680599023
27.6092628482729
24.336973856843
28.2172115053982
26.3891482725739
10.7058005873114
21.7680774396285
34.4090279657394
21.226413664408
16.8186575639993
25.49134187866
20.1888445299119
23.776958277449
22.5267919711769
20.2894627815112
37.2850086296342
17.1623778762296
25.4094465868548
39.3461686685179
17.1870535006747
19.3244219218635
21.2838044244233
23.8698423840106
19.8367309058085
18.0822274181992
35.3757359823083
30.9161881450564
24.1122801089659
22.1691882470623
26.7290727184948
22.3358857678249
26.0923479916528
14.9130189720163
11.730848831825
20.2771046897396
20.7301350776106
25.6956824567169
30.5543928639963
24.5501936646178
27.9984055785462
21.625232999213
20.4447832518363
12.9089816837247
21.5045531746
15.4520454118028
24.8949541943148
26.5812932746485
24.9253625748679
19.7091982001439
24.5620667468756
25.2767461817712
13.3391931187361
21.3057653978467
33.825842407532
15.8825805410743
18.1660583009943
26.294311368838
23.795678676106
24.0225795656443
31.0523006366566
19.9481450024242
25.6595108192414
25.9490325814113
34.0660660061985
22.315676487051
21.7088075121865
25.2203481970355
22.178769018501
27.5705346371979
27.8565959539264
34.7739484140134
6.99623999391801
20.4197527142242
32.834480330348
23.4351186780259
30.9399546822533
22.9534258367494
27.2529010428116
22.4694250617176
19.4870771504046
15.6234743153585
20.534302550368
15.4029652010649
19.2733481293544
22.4534099921584
28.1587339704856
24.3398421676829
30.3070440888405
24.4724642388021
22.743006313459
24.5023040333763
16.5827443590388
23.4322053845972
26.3860596111044
33.0657236045226
31.8001661682501
24.6904335916042
28.5795280709863
30.0396596081555
23.2050327331952
9.71924795912365
27.5536088272929
12.762412452139
35.2372840491539
26.4911483041942
20.0372753664851
31.0647666687146
22.2472021821886
26.085710641928
20.0284334649615
22.7534563979134
28.7292798673993
21.6045577079058
20.1473828637972
26.5313592040911
29.5111717656255
26.1397229274735
15.9208648838103
25.6413569208235
30.1658185431734
23.2927817385644
17.29897770565
26.3026854256168
27.6026729494333
17.7978344494477
35.4097378862365
25.8328039431944
20.577682760628
18.3279894758016
17.2295550247617
25.4071230767295
25.8142382837832
36.7747630437321
40.5576788124808
16.9045616639778
23.6507285386324
25.0731972046196
18.1946951430291
22.1797495614737
26.2237349757925
31.833479180932
32.1401426568627
22.7659204043448
16.0644070648427
28.6359590478241
18.2319832986096
23.0809381697327
25.1989239361137
29.8169528832659
21.749738464132
20.2587954383251
18.6100204242393
19.1891029477119
10.4501957537396
25.1882542981083
27.59588889312
14.4953259034082
30.5803923867643
25.9009641362354
20.9394166478887
17.9068432655185
22.1899843541905
35.4265904640349
27.2456076461822
31.1061529442668
32.8325172886252
22.0578369917348
18.4487372869626
26.7324594780803
32.8151420690119
28.8504606578499
25.9952498367056
20.8127125953301
31.5762272803113
22.0489664180551
6.99097530329779
21.4715225622058
26.3208608239085
21.0883628344163
28.5835994099941
18.2605301733821
29.584845265807
28.8385047344491
21.0494030499831
29.4255558168516
32.011024444364
26.7117558978498
21.6092428890988
19.3702482385561
25.5744246223344
28.1153397401795
18.5589259024709
26.6430563060567
23.7612464698032
22.0356225734577
29.5814119512215
15.9994295565411
31.0976292472333
28.3793834969401
23.7919757321799
28.5826641367748
21.3211960159242
16.0301865072222
23.6443037323703
22.145179589279
27.9398852959275
35.0973011439151
19.6891766507179
25.245075719431
27.2089065751061
24.795400723815
30.1088677253574
29.35521453619
25.8366379421204
19.9125580256805
27.6467726341257
26.9447904778644
16.3856100291014
31.6915795439854
40.4488421955562
24.2536939913407
18.3040334868261
22.2872687038034
33.0671047791839
17.1684003435075
24.7966876569186
23.388024745509
31.8851659772918
36.6231467353622
18.3414528844878
22.5912460617165
31.6831093979999
31.0115432366729
25.6445724338587
20.2973041683435
26.4067606301978
23.3851340361973
30.8497745310888
22.2249545855448
30.3727941587567
14.4488397054374
16.5683078812435
24.9927473254502
23.0846988735721
18.4687335044146
16.5084820473567
26.521629979834
25.1381335780025
24.4670329615474
16.7850093217567
10.643502579392
33.9720101561397
23.4276182716712
24.3716130033135
19.3798226071522
25.5711200647056
20.527251646854
31.041783397086
20.4058961709961
31.0691785765812
22.1406940137967
28.4645178122446
18.357094633393
10.0640852068524
20.4336544265971
14.1830284378911
29.9811697565019
26.6263309633359
37.7932584173288
26.3274412602186
17.7281772717834
27.0603849552572
12.1328352409491
26.7381815006956
22.6733769290149
28.4099339973181
17.4047985579818
23.5397292999551
25.937460269779
29.1416636763714
26.5109032159671
19.497150269486
23.6215333454311
23.7472753710687
19.5091490633786
21.5518945129588
20.5031900666654
34.5892439130694
13.6545551475137
31.8016364704818
30.3068431094289
21.7698335181922
28.3934114637718
28.9798578014597
14.6034125704318
29.4875404564664
9.6364441793412
32.9230902483687
25.1103569753468
31.9087539799511
25.7897243369371
21.3727343361825
31.2036114279181
30.8177208062261
22.0021736806268
31.6682016011328
18.2516931896339
29.4227950740606
25.3983174429366
17.1638892032206
36.5810881813473
14.1880851471797
19.1060551675037
18.8899507978931
25.6057237740606
25.7239008089527
27.5761317725255
24.9607691308483
27.7063623135107
23.4415491741538
19.9277460420047
21.3256005663425
16.4917209651321
31.1919345054775
22.9808007366955
20.7790209911764
27.7193194022402
31.9647113559768
32.3515748837963
10.7995606260374
26.4948493801057
12.4260494951159
25.6840203655884
28.2435068162158
25.8774958436007
15.4642738667993
20.5899401567876
21.7723097652197
19.7971997084096
18.4647641400438
31.3850855221972
19.6263524470851
29.1326962411404
24.5214089285582
18.5914789326489
21.9778789673001
26.2041336391121
29.2362387292087
17.166245182414
24.0636271657422
13.1064667832106
20.2202152460814
26.3336148811504
31.7907881690189
12.7703280008654
22.4887065589428
31.710341287033
22.1551560796797
26.0209921747446
32.9083818243816
19.910299568437
31.3124006148428
31.3086272682995
22.3279498284683
17.6057229517028
14.2581510748131
32.5767045805485
24.3643719625416
26.7494119470939
21.920535992831
13.9263974269852
24.4599474128336
14.8328759020401
19.8239209130406
19.9519063349311
16.0418315092102
21.0435650777072
24.9032780759546
27.9912575846538
20.2462799148634
13.8335238676518
25.6337874012074
11.4341121767536
26.1284894958576
15.8350219251588
22.8021268732846
28.0465520918369
29.0705886203796
28.7054960848764
16.2108831107616
29.8783825477585
23.3469834551215
17.5156008219346
27.3795599082987
25.7267168024555
20.9340072236955
33.3776228362694
25.0662409467623
32.4131236411631
22.7468468460983
12.5318567734212
23.0536666826623
20.7868802072583
24.316352349706
22.3611536668614
27.7929813398726
23.9202868621907
25.8167532039806
31.7759953206405
30.6173731340095
27.7953664306551
30.8700288658265
26.4462329068023
16.1809653043747
18.3602044824511
26.1869841720909
30.1443004049361
21.610432327725
16.202875552699
22.5781485062361
10.7822608241787
22.5441321032122
21.1505977740481
34.6461729845032
17.5180694634098
25.8889646735042
33.7734099244699
26.014268072322
12.8779593855143
28.536347206682
17.8959131473675
26.9521211273968
31.1655009863898
20.5951105904126
18.0961420992389
19.7665128856897
33.9868102921173
13.2509054616094
27.7968875132501
23.0458041653037
21.7135498998687
28.1462406506762
25.756436213851
23.6020503332838
23.9732454996556
23.7196901580319
15.3616922209039
17.1868100071965
26.734158070758
33.3933653309941
28.9473379263654
17.9454181343317
18.4687708033329
34.251274750568
24.8550281859934
16.2398606878135
32.768821717731
27.607924840413
13.4070917731151
27.7446797583252
22.8774219285697
20.3317679697648
24.8197297230533
29.079935955815
21.1552043678239
26.4803695958108
26.2571979546919
24.0192715347496
17.0782222681408
24.9769455287606
30.7827845215797
24.7266667431307
24.5577737689018
29.6095303725451
14.4171230029315
16.8409202713519
25.5105720600113
15.4224979458377
29.1298849275336
6.87371374164306
23.3307929942384
35.4548790083906
27.5616969573043
23.2158297648884
24.2125531192869
31.1340015148744
20.6746400333941
25.2145576057956
27.8239545645192
26.2590709142387
35.48099765471
27.9043441418281
14.2578084487468
24.6051121388999
21.2031083879992
27.5034979451448
14.2842355799445
21.2612292729318
33.7024538777769
24.9418987892568
24.3754161288962
25.8490154752508
13.7590137077495
29.6863287920132
38.3342148249453
22.0259621972218
26.4719244092703
14.5144573180005
27.6973625645041
22.6368723902851
19.9878696908617
27.9539644019678
28.894976223819
27.7767549151745
25.2728489227593
17.6871905133016
23.978096130304
26.4785303734243
32.9853034811094
25.0787298893556
24.1593195823953
22.6462181890383
24.6291710814784
29.5427541946992
15.712636033126
23.5546009382233
30.9448232175782
24.8202355578542
22.466141943978
22.9261485626921
24.6524888431533
21.2450437946245
28.7450872594491
21.6657786862925
28.9926642319188
34.638144262135
15.2058379681248
30.3187982644886
19.0249985549599
16.2057256485837
28.0871743569151
32.5947954319417
19.1372120752931
22.1096210181713
25.1415984724118
21.9557766130197
23.7862577894703
28.3478030245242
28.2558494480327
24.1647069342434
32.2679024422541
25.3981958609074
27.3271473124623
27.1104825660586
24.0249645430595
21.4930113172159
31.5194230992347
28.545112372376
20.7541492534801
25.4767232341692
21.8673136550933
9.98221287077414
15.7304293454986
35.7207446803755
15.8712796438306
21.6005922760814
20.3072628937662
28.7444271612912
29.3934747343883
33.5731842555106
24.7822953853756
40.3721209794341
25.2028356771916
25.0114522641525
38.1271521595176
27.7837001252919
18.5171637684107
23.1919187353924
30.2870640065521
12.9341415828094
30.2182083483785
25.6344919092953
25.6256375461817
18.5028499923646
27.8318325057626
33.0311828525737
24.356117611751
26.8366006901488
19.6011210791767
23.5004446469247
17.2565465106054
26.5078672207892
33.4238724550232
16.8152629164979
27.132791467011
26.6491970280185
29.6320273540914
18.4592410223559
21.4765856973827
19.3860191619024
42.1097649788273
24.3903456488624
24.4573286036029
29.830717924051
33.7331567890942
31.7479550139979
25.1733482815325
10.8881438565195
30.7910162722692
20.2411242527887
33.4093309240416
25.020916108042
23.2590681873262
20.0510637791696
28.286007931456
25.6571148056537
18.9292115624994
29.9140679650009
26.4592322753742
22.542824735865
30.0688413903117
16.7510436885247
16.5966369338937
29.1654714383185
28.0560650164261
15.3516779716349
18.528657220304
25.303667713888
32.9913357505575
25.161542952992
27.1931797498837
30.9638726292178
30.5882330983877
23.0095197446644
35.0671004482961
23.2185877859592
19.6734253317118
26.0424208361655
15.3583525214344
27.1748662227765
18.9720853930339
26.4792332891375
29.6159323770553
34.4460644293576
30.718992324546
33.1252021482214
32.3060669004917
27.3954545147717
28.0325077008456
23.8654261125705
30.8832495007664
17.9463987238705
17.6455183653161
18.2152834022418
22.8643547045067
30.1567807560787
25.555163335708
15.0061256955883
27.824142226018
16.997621464543
27.3564875591546
27.4006936466321
29.136703023687
24.2077592527494
25.5858934251592
27.3666865501164
30.2793645532802
21.7177998071526
23.8717310363427
28.1536133727059
19.8391365353018
21.9670260658875
18.9338105265051
27.3959781974554
26.1607685126364
34.9981210639185
22.8532288456336
27.7092774398625
22.317639411959
21.7010889988017
22.1239760285243
30.3795886904809
24.3026470998302
21.6024653753266
19.4209842476994
28.6204023752362
22.0578928338022
38.8314831515259
32.2184359887615
17.3105488764122
30.1944279577583
24.4809929747134
16.0215251678228
15.9361746162176
33.9113924419507
26.0911520438536
27.8538994956762
27.8129532700405
19.1207918105647
15.0904467480602
16.3391246693209
24.4505809799445
26.6754098236561
22.5641172844917
19.3058808799833
14.8090975824744
23.4588141320273
24.2739358218387
24.8330518603325
20.8538737380877
24.5128552895039
33.8665395509452
30.7191879255697
12.3730920665243
21.1524674203247
16.762693086639
20.3124118503183
24.9282436678186
30.0332356942818
27.356921043247
9.75924360642497
23.2953311409801
19.1077152034268
23.1896729907021
30.4886790225282
19.1763308364898
23.54267304915
18.7017226591706
33.9406844694167
30.4601986892521
30.5702150566503
21.9234227202833
21.4915214339271
15.2547234934044
28.4902471350506
15.0912099750713
11.549578118138
20.5054516023278
26.4370916460703
30.3327744361013
26.7786314943805
22.5748764816672
36.271374348004
29.751162417233
24.5337505824864
21.508103177782
29.2710754089057
26.8346842844039
25.3149278927594
31.4353923080489
30.2407773211598
14.2121570281554
26.94550473243
29.236713324844
20.4246039295631
28.4944707527757
24.7982055236247
23.8802563166246
28.2461490016431
27.7177089825273
23.2520809397101
24.9605183639007
28.0937116127461
20.7998663885519
19.9322493281215
17.8925584536046
25.2796704415232
32.6674127019942
18.6724067432806
17.6257739374117
13.491535326466
27.9749062145129
28.6956865107641
19.410224747844
18.2945539709181
26.761258742772
17.0351334149018
14.2354473937303
20.279049500823
22.1119693247601
24.6690040221438
26.1031483765692
23.9453974878415
23.9739898359403
21.2691911496222
27.8636480914429
16.0091385245323
19.8968516895548
27.6245983550325
7.78235944453627
23.8647036254406
23.9297458902001
23.6638749018312
30.4432477336377
26.4536969130859
21.9645376317203
26.6049124533311
16.8741514673457
29.0188994724303
25.9987878147513
26.599312084727
36.4834610351777
18.8425889471546
29.7102980548516
31.4315382624045
19.9579556938261
9.35704296558236
27.3210357408971
33.3792648278177
22.2850253805518
19.8764776345342
28.0129873572883
27.9781917736219
30.3061953280121
34.843841891498
27.3595292121172
26.0652692057192
28.066854470035
26.0586996562779
24.3565316312015
28.0739474450788
24.6632976690307
31.3519775634632
24.844194855541
21.6441244352609
17.5950173829775
27.3396831005812
36.8614986585558
16.4280416909605
24.7836285503581
24.667010945268
23.8179186591879
19.0699292698871
26.2323612580076
31.8000455852598
18.2043879758567
15.8597811823711
14.9855405790731
21.2092995243268
23.5943595180288
12.7749874489382
33.1371803302318
12.0303217042091
24.6139067225158
23.4686999581754
21.3450526506072
25.985160516575
21.5545976534486
30.4741352563724
32.1411514887586
31.964213680476
26.4487260021269
10.5841535143554
16.2694117752835
25.4362256266177
27.7087251422927
18.8916992041669
28.4984483849257
25.4347579786554
20.5828089034185
30.2777084521949
25.4003700334579
17.7024378906935
10.9855015897088
20.2980875736102
28.9202512009069
29.0048743132502
14.1216362826526
34.0192422037944
21.3090046558391
21.9469910953194
29.0713609894738
23.044538179486
23.8698533636645
27.0085430910717
17.1275780800146
27.4485815083608
15.5999768758193
24.7020783368498
35.1732010932124
27.1503619849682
25.6661202924609
29.7992447207723
18.5473748715594
13.0258142332303
19.6528641274199
31.1132392380387
21.5932135703042
18.1863835314289
27.0750193856657
30.7571767596528
20.9496013942184
27.8673079097643
20.0191214014578
27.9908196315667
18.4359284583479
28.7838766351342
25.9961872827262
18.4071093564853
23.3470762846991
31.1706474006059
37.880710324065
21.465868409723
31.0161603847519
18.4897472616285
27.6573240291327
26.1297920092132
10.9441112726927
30.8219350641593
23.7964036641642
28.4792380873114
11.0197533387691
37.288618411631
30.3453669883311
25.6798881481558
23.3013855293393
18.0740654934198
26.2167133623734
25.6202819989994
25.7683161413297
15.1189130498096
26.7483867472038
33.9447671081871
10.2787417825311
29.6893191058189
31.6048223574307
27.2909643594176
34.1307451715693
18.6878929343592
26.564404531382
23.1317435624078
25.5357485307402
11.6013251245022
24.9469070928171
17.0672259759158
38.148190404982
15.7592422891421
22.7141511835401
31.7291243001819
22.299745446071
20.0736542930827
23.0942576192319
17.4805503105745
25.0059889163822
27.073941170238
16.2865704890257
26.2082590023056
21.9372099032626
19.6562092984095
11.9735496584326
12.9869450815022
30.897075147368
15.7891250215471
28.1725176377222
17.7895521046594
30.3024939028546
33.800381119363
27.3125654784963
27.2553933861786
23.5229338286445
24.5784654747695
22.5635892013088
25.608863034787
22.4589601391926
27.246723882854
30.8131314115599
25.4329940769821
27.5338189909235
21.0624719737098
36.5945575129284
20.2223801519722
20.5482603982091
27.4991816375405
28.0684368104099
16.7659687576815
24.4594108080491
20.1557635096833
26.8673470709473
23.2775719370693
29.1425038827583
24.0490394644439
20.2919576513937
17.1278311573203
24.5034901785876
21.7499002348632
16.0111491335556
27.8907610569149
33.9522083755583
21.5883096966265
29.2289237957448
27.9556525375488
22.0637771533802
29.1203134926036
20.8730317885056
23.2190330978483
32.4289737269282
21.8570015160367
26.9809329183772
11.5314170802672
15.6252421671525
7.48656953219324
26.2735072989017
28.7970586214215
35.2036960262602
29.1939273476601
35.7346545375044
30.3169775521383
19.8768149130046
22.2736089723185
25.5426579620689
31.6105681471527
34.7360231892622
23.8326247503143
22.5876546847053
28.1788919586688
15.1081779971719
31.1708795139566
23.9001851994544
29.6481889439747
18.8395094638848
18.4046865426546
19.8301300913687
13.2486542597474
19.6140380576253
21.0679129464552
30.0820539705455
20.0317336944863
20.4365979685771
32.0559952640906
14.5968197146431
15.6240439740941
20.6787476316094
19.6576528602132
25.2198956441134
11.0967131098732
27.0965429954231
17.4801254412159
17.8754157567807
35.8440613353109
20.7495145266876
24.5662886882201
24.4671891676262
28.3205509185791
30.0112628377974
14.2507150070742
29.0581801673397
23.9712263224646
29.7980908770114
17.998923221603
22.2431265283376
28.3448594622314
27.3666628170758
28.7096093874425
30.8263820596039
15.7943856436759
24.4373518042266
19.4737900514156
28.4356154035777
23.1047545326874
28.3050498692319
28.8394058588892
19.0307327248904
24.0373975364491
17.9266143697401
17.9836004273966
22.4060508547272
28.5328089259565
30.7828756514937
22.1005151281133
32.7285432900483
25.4050633091777
21.4308713562787
30.5403499631211
18.0319794686511
25.8845563512295
24.0175590151921
23.8992730155587
23.6653616651893
26.1536814039573
26.9121245512211
17.6560942316428
22.9534245096147
26.5108667081222
22.3768990719691
35.4839935742198
24.503405764699
27.3564145667478
11.479607434012
26.1827050708234
32.6267366297543
30.2498953649774
29.7484318725765
23.6071276944131
26.3364693149924
27.4248251924291
22.2961635095999
14.9642380652949
20.624618162401
18.3083046696815
28.0819952720776
23.7838366767392
18.1442950422167
31.9743381813169
11.2896762089804
25.6717618595139
34.2856441624463
23.3666476560757
29.8140231985599
15.0219449839965
27.1869875490665
31.8868885980919
24.670389527455
22.2826805897057
31.1177360359579
37.5600628786751
21.8964582152703
24.7642496600747
22.200275817886
25.4756771260872
22.9725241497813
13.9056425498608
15.6590506033365
26.4979876810685
17.2379397321492
22.371659334749
24.3940003914759
16.3962560705841
23.3839286771561
28.6932689370587
23.183625144884
26.2323538307101
20.5029946519062
23.8642642274499
15.6616543954455
28.2021924620494
20.1957082841545
24.4671494932845
7.51500793267041
23.4093348262832
29.2707389686257
19.2981970263645
23.3417217154056
23.9875790631104
36.9300513507283
23.1553195044398
22.69139776472
24.9448371249949
29.3258127523586
16.2471190592012
27.7611004887149
21.0661676327742
22.2468247637153
15.4335322789848
20.2373295556754
17.4875107593834
22.7492007194087
31.7305030301213
31.3852927647531
19.3704751087353
13.1386015098542
19.4451657123864
23.23635979487
13.5680377017707
26.3366687577218
34.2897717142478
25.0905032735318
28.4510117722675
19.447537047095
16.5338528808206
13.4330614237115
26.6139132970045
26.8693409627303
29.65463551227
17.3442795872688
25.684473104775
31.4192406367511
20.0534554198384
22.9636461939663
23.1374128946821
24.3622943691732
29.6701625688002
16.2147245992253
14.1719193663448
26.4956760918722
14.3772684969008
25.4007086898098
34.3465805053711
16.2002271739766
25.4652067320421
27.2011974360794
25.9536546654999
29.5889721131789
21.78900640704
22.6690921466798
30.7259821332991
25.113109103404
15.7335055787035
28.4378914162517
16.9279721332714
34.5585654489696
28.6640034988523
35.307087281481
31.680905004032
20.5912045668811
20.2713920600281
15.40076482583
35.1018476899402
25.7336930604652
25.285830329941
23.9799124887213
21.430735509616
12.2655417770147
20.3355489298701
29.3590956612389
25.7454704260454
34.516821638681
22.572408686392
25.1093461411074
22.6918150437996
15.7387193924175
28.2001444138587
20.8217442501336
17.3163869418204
13.2338027004153
26.7135757254437
10.0821932620847
14.2160846851766
32.130364747718
19.6991752833128
24.5984397130087
21.8307635048404
28.5250854911283
27.5321633852521
31.225996860303
15.9352247091666
29.6996439574286
22.6956515572965
34.6167949726805
15.6258394243196
32.1931423153728
25.1228608656675
26.6799982171506
15.680667781271
21.1008832324296
33.0278622685
25.7264426909387
17.1558209198822
33.1710144877434
23.5020642401651
31.4398265909404
23.2003727927804
27.0659466274083
31.7338471068069
21.972102439031
22.2926794551313
23.9394620992243
14.0368817839772
19.7594639612362
14.6472173561199
25.84809709806
26.5779327601194
30.7267922209576
15.8394952537492
25.6385607412085
30.0863596843556
21.3809907902032
30.87611743249
36.8711769094175
35.3688741547471
12.3859694460407
31.3268152298406
21.1399619234726
21.6649507870898
22.8684400906786
27.3187439655885
25.8747300523211
25.9102810872719
28.722336073406
20.5326687311754
25.2411398338154
19.4562347140163
22.2542812349275
24.9483466846868
21.9930290011689
30.7342113694176
7.37199732102454
24.7521886834875
26.175637030974
15.4183766804636
35.5381640037041
20.435630637606
22.8544150944799
26.6681906527197
31.1349353548053
22.0752864610404
14.3628083650729
31.0247278539464
18.7419654801488
27.5626693153754
31.8676715553879
18.1426362600178
11.0588971991092
27.2307448787615
25.3213900141418
22.2891310928389
14.9382064297378
12.4268667306751
32.7724274015054
22.2185231372646
26.1798317745489
27.8860376682132
24.7926166513935
17.9927334189415
32.0659911958501
12.8060197362499
29.2520049959421
18.6200929107144
16.6035309201106
22.0221560215577
29.0777939837426
14.4410619977862
25.8079120889306
31.2148890225217
24.2564304933393
31.2511412892491
25.3994401078671
24.4517271829826
19.2779063247144
13.6450616146485
21.7628314858302
12.7861794050685
30.3206772776321
26.7316260613702
20.7337850839843
33.2266398705542
28.7979503860697
24.8763308421259
27.1584963891655
27.5940827094018
21.4413779554889
28.2790566561744
22.0117046032101
29.849290358834
28.1519187381491
22.5816280813888
18.0555988103151
36.4332900827235
34.2108916025609
12.7143535530195
31.549981603524
25.9968208381906
33.9187698671594
16.9391715666279
30.4926292970777
36.2106228757025
28.0841159634292
18.4818370500579
33.0679945414886
33.4996136603877
26.3779049506411
28.4298182032663
21.7727326788008
20.4235821263865
15.7818798907101
21.5167197631672
16.0949756857008
33.6950053926557
24.6129186591133
