"x"
4.99990319369866
0.556427193805575
3.95155898397065
6.33810237050056
3.44108157050187
0.389243991395154
8.98605638400448
4.5333952177316
3.40693308971822
7.05142251681536
3.78757340367883
1.45604880526662
1.90914240665734
2.91828587651253
3.34375002421439
0.235994486667314
3.80919595100418
3.05585716851056
1.28566288387785
2.22759606307164
1.06636576820165
1.50748770684004
1.57034613657743
4.25522145815194
0.285434629768133
4.77117511909455
0.651944367340777
5.79155268920321
1.74561939202249
2.43627820163965
4.41670292057097
1.16279679350555
3.62762080039829
5.98851265385747
5.47822705600001
2.08275047108739
6.56981046307048
2.58423081406029
8.79406209569424
6.55596572905779
6.38233419543414
4.96365901015616
8.31206612116118
7.57465017959476
7.59657041635364
1.00245140492916
11.6075172787532
3.71775170788169
3.72057531494647
1.92968802876111
6.02186518164852
3.88747185934335
4.22011908036527
1.16369135530209
1.38000037986785
1.57547418737484
0.711793173104525
10.8985916491161
0.793634168803692
1.37215192196314
9.69547533934707
6.20500049930307
5.61206438635028
3.58432987704873
0.022768066264689
6.26020033378154
0.98143070936203
5.60420809779316
5.32083064317703
1.90326073206961
2.52899289751262
0.374986934678158
5.85022237210278
0.131315272132438
11.9517188367482
4.16282422374934
4.119094151067
0.367938121780753
12.7114375017024
4.33403055649251
4.77782540894568
5.25204130602584
5.01587230246514
9.6076300221922
0.479865008924185
5.0214055692777
5.1896242890507
6.22357130050659
0.732833961956203
4.47331399191171
0.463559416370858
6.39714936260134
17.5153896746785
0.74298178471052
4.70847560230184
3.94719510804862
1.29626392852906
5.31921265646815
12.210197863169
0.4825035110116
7.58745759713926
12.3333758441731
3.18849765382223
2.25755407009274
3.07074438966389
3.74953686761105
3.73378682415932
2.78266686300498
6.18824597913772
9.61485092993826
3.28811500221491
3.42488003151028
5.05124796580221
0.48187633510679
0.99346864488174
4.27483695093542
4.39581018872559
2.55611680855998
9.6493685404273
1.23108453117311
7.13314125314355
0.0330015318468213
1.33708682842553
5.44342279784123
2.87565646882625
3.38541339106432
0.0685040396050112
1.49263751227409
6.1658555874601
1.41131922136992
1.48868288379163
10.3498543421614
2.73121513891965
9.2357856906721
4.76305885240436
7.47908130288124
2.82624095223723
9.51090129092336
3.70534292887896
8.60751264117584
1.66864870109584
5.40080721984048
1.39279256109148
6.27362031955272
4.57406288278734
4.50334946208458
12.575508793816
6.40005437578422
0.0903715612366796
1.61466240485887
2.46729475911707
2.47068341181262
5.10305734351277
6.70129398000804
0.442588469013572
6.81448809336871
7.65559845604002
0.962556942108525
16.9629355938651
6.92101416643709
2.41753235218424
9.42281902662508
6.92798858508468
1.78015365175576
2.29735882021487
0.987528171390295
2.81453463201325
2.61686723679304
14.0918007818982
4.76592946797609
1.41382850706577
3.88576034456491
4.57938355817773
11.6885798750445
7.71360460203141
0.981628866584277
3.14436499990625
6.55784148257226
2.54853477235883
2.18404734041542
0.359717034734786
9.35464549728257
3.7494957447052
0.702942465431988
6.51828646385102
1.45529846430944
5.48122041754316
8.38748698588461
5.82186409289788
15.5678829643875
4.13802163675427
9.56666099373251
4.20559806086337
1.31657782476395
2.24663855075846
3.20399310527508
2.0645234179587
5.63483906444162
6.05389865363392
0.830479944124818
5.26346270926297
0.55291258623652
0.562525674798011
4.34419435914606
7.91734891241899
5.36348514724523
7.13751300227965
4.10476556004797
0.496485223297743
12.4527188387851
0.0175922174666484
8.96459596697241
0.269246753305197
6.68470663187387
4.52897121734356
5.46188643202186
9.98899727128446
6.25466520432383
0.866752943642563
7.82343675214568
5.48118804581463
0.678267143666744
0.777962881473824
8.99322312325239
3.83047100622207
0.941804680041969
5.3943649167195
3.02987426985055
0.780987180769444
10.244868369773
2.72575120907277
3.92020044397519
5.41179785006442
4.4075186830014
7.40693270455438
1.1751688787297
6.26962759997696
0.46106050722301
1.44895168120157
10.8985192375258
5.03074126318097
3.23607088066638
10.5456169461831
4.81310191453732
0.414699781686068
1.99482906854799
3.85317467504473
3.86110020335764
2.58020660839975
3.25760173145682
0.591192297911471
0.241869450014965
0.179568205014095
1.83263565413654
5.96537007950246
5.73094966821373
3.22427875362337
11.3533601630479
2.4732104568549
7.57337135728449
8.04221360012889
13.2205375935882
2.58099772036076
0.380731164477766
7.41525788518462
3.19535491668366
1.91951941764019
4.29607836602253
3.70544747318669
2.0265392522901
2.65082986252146
1.78631201852113
6.21395837515593
0.389438169077039
3.91819966025651
3.80291916903226
1.94273735396564
1.19159077403489
6.6743731033057
10.240386234929
2.90813232378294
9.35806226916611
4.36179865209676
2.01453525576583
1.1571791023016
0.637155471445795
6.18092819397169
1.76873057993222
1.23739358969033
1.30597029346973
3.19142714142799
2.15126522816718
7.87130689714104
1.64998162929935
1.94183324929327
0.303324777632952
6.34817136451602
6.67044452377807
2.31000683270395
11.3006101659658
4.42476436321168
5.82975426223129
5.23265153169632
0.520810000737648
7.28156128898263
3.60734739806503
8.62008124628595
2.65304592903703
22.6219346746802
5.18255745992064
0.79456204305618
4.27419035695493
6.16905088536441
9.02489859817921
3.05237611755729
7.89328413084149
2.02156235463917
2.48889466526129
0.968794338405132
6.37229052928025
6.03468480639402
20.0698589673266
0.851287493829303
1.28489341586828
1.10221065115184
0.51951608620584
8.09222366660833
1.99714375194162
2.11769023692063
0.685800262726843
6.40396950766444
10.6766371289268
0.19530882127583
4.97686299964039
10.0213827386809
5.93650257214904
6.47178988569544
4.02644565328956
7.35994200310663
1.91658181138337
1.30785496273238
9.67488894533845
5.30172720048945
11.7258786624106
5.74029623530805
2.5862468629141
2.6538516394794
4.36290518846363
2.74151586927474
8.33100290037692
0.751296570524573
0.533042382448912
6.84255775995553
5.01387621929356
2.01366837136447
6.51439931243658
0.169760840101132
2.63191491004542
5.36878448911011
8.58419700172558
12.3271794148472
2.56935690995306
0.0420983926628706
2.7116809179951
2.68944714509221
0.794342532753944
6.11131938640028
3.70311820879579
0.469283410347998
1.14412703436334
0.297603150829673
5.54264716338366
1.57203661919968
0.520560772485797
1.36194354854524
2.53269844688475
3.53958159685135
2.57452208014267
4.19002580456436
2.27088611572981
1.70262332540005
0.0145400874316692
14.1418821644038
1.56858065165579
3.53141348132213
0.161718018352985
3.88954125365697
3.75683750025928
5.12594364017608
4.12100714165717
6.99942242354155
0.0314667492442232
3.67932203225791
4.68668520916253
4.96803281023874
0.582022754299778
4.12260431330651
10.0904744118452
15.3922853292897
7.16233868151903
6.77447871113106
6.95112131247387
1.51799440274691
1.01575683802366
0.0949189500980527
19.8261365760118
6.31071662064642
2.67000813037157
3.14350351388036
2.47418417063857
4.48413463309407
6.08462393283844
3.59037237583131
9.25050578080118
0.848370709897691
1.84563240768576
2.65937457639716
4.48326650075614
8.18409528583288
0.475050462409854
6.83379769325256
15.5509325908497
7.8531642051539
0.560318722558122
0.767483642833805
4.37618503347039
12.6837512414718
4.29197857156396
12.291360180825
3.10501216073064
1.38730852757154
6.78069370333105
13.8766469666734
4.57518729381263
5.87939187369372
9.03979241847992
2.44924540165812
0.0799329939447518
9.91391488350928
7.73075397592038
9.25931199453771
0.130621320568025
5.88220260106027
1.31587473667751
13.6988463578746
4.96775465356356
7.87494357183563
2.83640332054347
0.146696553565562
5.68710376974195
7.4028299440286
1.64030925562596
0.0294411089271307
2.94891176745296
5.24037334723128
4.5479843812116
3.57200340800777
13.4819947648793
7.31392219925852
4.0772519307211
19.7254671016708
1.44429369829595
0.905259362166434
3.30393239966511
9.90202332165748
7.38417785691332
0.061848412292285
1.77356698463989
8.38532759808004
7.2857534758674
4.24491458106786
3.93052322705038
3.51434529293329
7.07795613264894
7.95243094799608
7.06787211194971
8.30423885490745
10.1516162278131
6.92077829328057
0.635065697133541
4.92282528430223
1.88905984554688
3.10154235572112
6.80785877630115
1.54961845837533
0.699156716189354
7.14975956361741
3.30896266919019
0.939967950761207
6.01276268716902
5.58449738223366
4.38567192759365
4.29488518275321
6.55146790605015
0.203361199761082
6.06564553454518
5.47656175520108
10.2099773138017
5.79806126974933
1.90425679763132
0.543392238084875
0.904734180156997
1.01791921456467
7.06760999746621
3.69252201156522
5.75607111677527
4.29969249037688
3.85390166205807
5.08473080424672
3.09844130943339
0.634823945426457
9.07998265747511
4.17485039072318
10.016674362123
3.40974271958673
0.18660585696994
4.79250997304916
0.775109062252734
5.21278874948621
3.08077274836476
6.17722729220986
7.9901069868356
6.11507483715016
1.02909123525023
3.92173738218844
4.20547984540462
8.86538579527175
7.34325943049043
3.16971184234673
1.56780579127371
3.88053031638265
1.72811496061064
1.67699903249741
4.43034954369068
14.1104558948427
5.56408065322612
0.257466816666315
9.91869179848569
1.87559782061726
14.1166125191376
7.89890359155834
7.00664126702772
9.40235615707934
8.47541118568041
4.94351461529732
3.73492266388806
5.57472005020827
5.83072749551861
0.496946857310832
7.21026994778641
3.7714772490094
10.2362159406766
3.18082786134894
4.05095438472927
1.09622586626777
0.237442087382078
1.37687455767765
3.95386399428592
6.71716602546833
4.10252583033094
1.31825945549088
4.23132718616441
5.19878867817865
3.39429738652643
5.14737744815648
5.43233167261474
0.625334749929607
7.14915247646212
2.55528433165036
3.61966323107481
4.74735337775201
0.493342071427609
0.802698345693434
4.74690583068877
5.80624798934305
0.552520031163152
10.6551077216864
1.67325705945158
2.2746248273849
5.12193857460741
4.18595026712865
2.64693922762815
8.02848928142339
11.0026923939586
6.71218447387218
5.6489453651011
6.70710920821875
2.06321756391489
4.39666940124807
0.297158909961581
4.53101678285748
3.04068834688543
1.09509215690196
5.18668414630535
2.86268913187087
1.14869304505782
7.98228450794983
2.3973652710319
6.97863380043206
7.78952271211892
1.35688381269574
2.82058562152088
7.92830598244416
4.63658822700381
4.2433570837602
0.931482675314013
3.42113226348866
7.4155391426757
4.19359204825014
1.59610055852681
4.10729423165321
2.76614574249834
2.42088853344791
1.22374995757036
4.92412908934057
4.94963567250562
6.57085166312754
2.27661144454032
0.329206167562052
5.0757070243837
2.43381843318175
0.235990500435481
5.14253923512996
0.344347232021391
3.30131112946267
0.76531155500561
1.07305691853513
12.3477325633596
4.30310626220047
2.21955986004146
16.5383421988653
1.49806111585349
0.109163485467434
2.88598536842721
1.71574667575411
5.26627984371034
9.08737336285412
8.30467885825783
9.51649895258225
5.3222106769681
5.03228132949035
1.44046155610796
6.93772833328694
8.55187489105053
4.24746370408684
2.55178022198379
7.82189869787544
2.41300367811869
7.17244937550277
2.19048329163343
2.7973059362958
0.866995200023353
4.16911745504051
8.34307409822941
13.9196151634678
2.1468440303579
0.536675238981843
3.03048486821353
0.581032200716436
2.83019850030541
0.237881620460857
12.0018536224961
5.32581083511131
2.05331038182018
2.73448834195733
4.12245220504701
5.39148503448814
6.72851653012004
1.26499260147623
5.13345536310226
6.85606767776947
10.7913289684802
6.92932065899138
2.90303842786512
7.74713780564515
6.8644609535113
3.65235393401235
5.65119141247123
5.85451680235565
11.9368525920436
1.49334846735765
3.37562314234674
2.38258673343807
2.76117012836039
0.778219573823744
2.23186843211344
3.28202970994468
5.45965924393386
5.91836124382237
0.982366109671828
7.00939488174089
2.2227200679481
5.70235009238616
0.937621085904539
9.5304130576551
0.376676116138697
7.69428111390602
2.00375743706445
3.15833881031722
7.19493301585317
7.72370530758053
6.56547949183732
2.37717237323523
0.682567124791118
5.3179468261078
6.44105784595013
3.08893618639559
9.34073685202748
7.03492504242994
2.25620176643133
0.129647187426662
4.19970885850489
8.31719867419451
6.83006777112907
0.200159714955876
9.48668229393661
2.06708867918309
0.533338193781674
3.64932417869568
1.47733583580703
6.39750866685063
3.20034362126912
3.05699536111206
4.80817593258353
1.25089737121016
3.34133675787598
4.19369736745637
1.42092008609325
9.50188546702654
3.50455253246707
3.3068758284095
2.19417469651803
3.81713513689805
7.84540351014584
7.32506613712758
4.13103178143501
9.24802899826318
3.70712978765368
1.27422729657745
7.05075396690518
1.29878364969045
4.62010582130481
2.95387258303709
2.20830126199871
1.17450476766464
0.771703771258414
2.80796992592514
5.68791266996413
7.21373958334074
7.1989283664152
6.91698475275189
3.26810037151404
9.08535262569785
0.230429957175681
7.66158572570385
6.63709128275514
8.83891526609659
4.00074128992856
4.23296993328323
20.1152794528753
5.62622211873531
7.60213765315711
7.17432674895524
5.35151825752109
4.51346847124784
11.1483122974299
0.474910228513181
2.39830766804516
8.22060427162796
1.88507652672879
0.36122517130114
0.508847739547491
4.83515714295208
1.24330508988351
6.55261272116946
1.64829848728871
2.12905132211745
1.73333799466491
3.85345651302487
2.08701516967267
0.650992663577199
1.32450291421264
3.08275858405977
7.11565301526947
2.29385916609317
0.541970016734847
0.813299953006208
1.88912975136191
8.28765827839639
7.25425351411104
9.45128209423274
0.986145356014057
1.57815557904541
2.8414452877268
13.0281037883833
3.49485848564655
2.06816459540278
10.8014579396695
7.003826322034
4.45408204104751
5.40716778486967
5.03273684927424
3.15435668453574
3.80920920078691
3.72833309229463
6.34263006756086
1.69154386967421
7.31251637917012
1.12117093849975
5.74794136017356
5.99058209763257
7.65951105859131
1.6991248717294
3.8564686985274
2.70492188266426
3.54990831110626
6.91760203309219
1.51082640513778
6.74972548149526
7.58198354865482
13.6611676076427
2.79629828874022
7.68543228041381
6.22383984737098
2.00403577182442
9.39325596936817
3.31903093028814
4.53819587424154
1.15942230913788
6.18787202984095
3.75474784900236
1.03238432202488
4.80972165241838
0.477756590848103
0.515106390230358
4.19749548788009
6.65848928193545
0.159026263281703
0.740671053264937
0.912822704497314
7.34369289561977
0.48672528937459
8.40614775661379
10.8957946766168
1.12958547043584
0.659899669699371
4.44164788675723
9.11719963490163
12.0834890054539
6.37280149385333
2.97044715747694
1.54785646773782
5.95798601862043
3.56304829474539
3.75298797152936
6.46666886750609
1.86793620232493
0.539042218215274
7.82053528819233
0.247054593637586
1.91415204523842
2.01158852667969
3.48136264365166
8.51977379061282
6.29322894383222
7.51277445815504
0.502760894596577
2.85105011333
9.40591260241972
0.733824587120499
2.17971564113405
7.78162167407572
4.25304621458054
7.18255710729746
3.19663665967338
1.35387137997895
14.36631678166
2.10878066718578
2.73974630981684
0.154188461601734
5.62618235262575
4.15497396606952
1.81382275186479
0.876706193343625
6.3759673197812
0.926833437908736
6.33444476407021
0.93638002872467
2.57973785046488
0.528174507565262
1.7168315521486
0.173902581445873
1.35740525268999
8.5839776540739
1.65379652578782
6.41939998654561
7.14051896806192
4.04026234963165
6.48081095423549
4.94014654445714
11.1893083434552
5.99425109103322
2.39461970049888
0.444557162189949
2.1161430221878
0.377100985497236
0.660335877577632
0.966350431554019
6.75570466468798
0.172418309375644
4.42257099784911
2.64025403441777
8.6852049222216
11.582549335435
2.50871536384745
4.47890651412308
1.7067649634555
6.38936297036707
0.336692125351869
0.559651771101144
8.94052179064602
4.13617196710261
0.588879670181514
3.44349416873019
3.12450842466205
5.37318510469049
5.27055105077362
7.12700119596416
4.69080491457134
1.19505387265235
1.76779898786954
3.04173269121008
10.2581557590193
6.43077891125505
5.40871696894542
4.63450227398425
0.922084794855768
2.73800666909665
12.4791072215885
4.99681065244808
18.4578752616837
10.1706732530147
1.92629799680403
6.15885392762721
0.0471411615262365
0.269999384304019
1.17603948305918
3.41438614709945
6.12081962171942
0.619010523395864
2.19094753265381
4.77295103820405
11.9285983451333
9.68534632120281
0.997430458664894
5.43133476749063
8.39050062932074
6.36355734894562
0.257376973133449
3.65645360954957
0.439413083325223
1.15480816676951
5.50880413317017
2.84579099859276
5.30526437604468
2.77510967571288
0.871483116078795
3.13082013744861
1.87606427352875
2.07470669411123
10.4517284033946
1.8315068562728
3.00402196589857
5.91954898554832
5.42566717714658
0.00546516384929419
5.40532127488405
6.92916626576334
1.68931119662758
2.91771723423153
14.075435558334
4.63383269961923
2.93416216750856
6.87103476375341
4.61824382655323
4.41509210504591
18.1234433548525
3.47497938859114
1.43291226122528
7.44848095346242
4.68551167286932
0.611868398274937
2.39349927287549
10.1592829914465
3.18937271240267
2.90664341300726
8.351083798334
4.01451261535064
1.17547195404768
3.93996008206159
0.95971948467195
8.83669325358207
1.60738087724894
5.62377008523854
0.511649344116449
1.36336864744385
0.873837247490883
0.698680756613612
6.30328626599589
2.59111777999738
7.11219344212628
4.7332571586594
1.45366983845724
0.830549921574929
9.03990219381184
2.50318610524518
0.721296505071223
2.38578708376735
7.52982146991664
6.76132554654032
8.61854899202645
0.746880375928903
1.59971350803971
5.9305310016498
1.39018689358866
10.0429440150037
0.0779814086854458
3.994722216968
2.09865164943039
1.77704384550452
7.56945506408049
10.5652084341273
7.70664536394179
9.60622031707317
4.20012880554028
9.75063415259379
0.766388389325679
1.71952158081552
2.31632245704532
1.83910412999004
11.740783508867
4.34569560457021
4.14897202380723
6.69335196726024
1.29673372289618
5.75440498068929
7.22833650652319
6.18289849799096
9.56147144260508
2.14690577704459
6.29442815683282
4.69395911774385
7.99768922824734
1.6246251296252
11.2020666478202
7.84885096363723
0.95762915443629
6.67375202756375
1.83348054132677
5.20550606306642
7.92442545837775
7.54634076729417
7.90396527621551
9.33627815138736
12.1071317698807
1.24861293006688
3.08590260106203
0.863546039909124
10.7466530013951
7.44999395683408
5.8751973572121
10.737732751295
6.06118445284665
3.24045772582412
0.845661875791848
7.09710188675672
2.07946933805943
8.07618249673396
1.07897266279906
2.76480125781662
5.23707206945222
5.32943413127214
2.37393446660041
0.897198507439391
0.994665103490387
0.947268889285624
2.73811591323465
0.0244056107476354
2.93881758599397
0.508408284791067
1.42403447534889
4.08860796596855
1.42419210169464
1.93600189721381
5.02965583000332
0.0334254233166575
9.09101648263631
0.366172357462347
1.66519132280094
4.90648273844272
2.40104661788791
9.97762626502663
1.43970516510308
3.0538709834218
4.52697345351269
0.3627593621915
2.78622759506106
2.21045520156622
8.83023797068745
7.53504540252677
12.5992567798458
4.74603429902345
0.879020825959742
4.16486850008368
2.01176228001714
5.38319507928395
3.43994284048676
7.27698646951467
3.91891461331397
9.94048633147031
5.83956083282828
0.274836023021249
4.07702166891105
3.27657696325332
3.03539902070693
2.13401078187798
6.48865895345807
4.42576794952622
2.4487926727184
5.26273450814188
7.41891073994339
6.35610145982355
0.00378036797426371
0.456492400249745
2.06996253691614
0.848577751874185
8.7929263478145
8.73909869696945
0.28442350770904
5.91123863025726
6.21067320462316
6.15267277407283
1.41560347894763
4.02742212397548
1.29730243875327
4.09029936333773
2.35558378379981
7.99499419517815
9.67324185185134
6.54734317213297
2.46001295745373
1.78192905150354
8.55266717262566
7.46209310745227
4.18756059370935
6.22882305994771
1.78429629880776
7.29159431066364
3.19233871996403
1.57507378894652
0.038634380325675
8.20366588886827
6.08488983896495
3.09947310015559
4.82187774032354
2.29954089856989
7.12952632457018
0.017354660667479
0.202983105555177
1.1598295035848
2.0385313546285
2.83374971385531
3.10032872948796
2.6619013864547
7.32032451525602
10.7679197797552
8.5580003215
2.35290142903263
11.7923900460487
9.59140115249773
0.383717750709292
5.7800872939263
0.51024672575295
5.53466679994017
6.00634336005896
2.36557624220629
2.23474972881377
2.51652407459915
7.58040433283895
4.65773295145482
6.68107843957841
6.56442088396829
0.282412502164731
2.47397666871225
8.60568657517433
2.11210519528057
1.28752908203751
3.90769022051245
5.42972130403014
8.45603810157627
3.49044641191697
4.49327467265907
0.561128044500947
4.91135460324585
1.85961812628204
5.45303657229281
9.23821695614606
13.3257197216153
6.50850888341665
7.17341758953324
0.254966365173459
1.34893872309476
7.78977302834392
1.82830512938874
2.73821428418159
3.38974960613996
4.4073362601921
2.09904364310205
1.5948577399623
0.651989644393325
3.06558445463408
0.186100415885448
7.63067395891994
0.166243240656081
1.61239813641511
0.211874721571803
4.8579370248092
7.7035050929832
2.18882071785629
1.27518582157791
6.16401182487607
4.69005762157919
9.77286887767352
4.13816827846035
9.897259548676
6.39738543218569
2.31851946130007
7.66727363225073
1.39607456512749
1.87012383248657
9.39301697298264
2.76818424463272
8.80367631203509
0.502152391709387
3.98263230454177
12.0060210349038
3.01626564469188
4.82075489126146
3.27877711970359
2.16994665097445
10.5809638043866
2.65490601304919
4.84539249446243
1.48471244610846
4.82962099643402
3.98994423449039
6.86798989772797
6.1762003460899
1.58968449866468
0.727967894636095
5.33683006291747
9.0157617116347
0.887960637919605
2.45556360219038
3.48864198033003
6.58943923347007
7.50509074237332
2.55417603009188
19.0851699793711
1.30284992046654
1.86332410342376
1.11558048520237
1.05124367401004
3.27977756969631
10.6385339189359
9.97264697216451
7.54660130478442
7.49781450722367
8.10309869702905
5.47938280501432
8.18936268330201
1.69376269595374
1.70117826201022
2.72711752007798
13.2551154820248
4.11597327329218
4.8925701295957
5.58157668469387
3.74228649307042
6.39960078988224
1.52002836111933
11.1768739297986
5.73064724449068
4.75811956063825
11.6472274530679
0.622872697884964
4.49078113306314
3.06331613101065
4.48332966170842
7.92094457428902
7.30269236284738
2.88222112290478
5.04795613233
15.4986911220476
1.01255043003624
5.85747191216797
0.698014668838307
11.0006342642009
1.00186590570956
0.981789035722613
0.737831427934121
2.02492381973557
6.33923219224884
2.21385075710714
0.549725908786058
9.58823836408556
3.19801417712794
7.50052728690207
0.377136958040341
12.1959115417549
1.35976972524077
0.736214486421385
0.917367299282311
2.867278587629
7.30944953393191
4.50290048649911
0.83647045223263
6.7078547552228
7.68559454988982
6.28100798286062
1.9130333665663
4.24078898504376
7.21848102051308
5.91619722023299
0.311825664193823
3.58074775431305
0.326521464629969
3.71428245574969
0.155847995309901
0.508088711649179
1.8612572690472
2.97754395287484
3.21490585338324
8.53493111407765
5.71644439141878
10.2798185776919
3.51875016689414
0.495606444772211
11.399328452535
3.12774252613004
0.553083326667547
0.777684910392436
1.56466823536903
0.307475248928756
4.521199461256
6.59200328430017
1.44349243987384
9.04422555273007
3.62945757806301
6.59730083309049
7.47570425737649
3.11834955180328
8.37278648632961
0.941158881902636
0.173072543409608
8.80025780353521
5.654281610623
3.58953445684165
4.70086194109172
3.60370503829696
1.0622211266309
3.79585903137922
4.2083562992827
2.88757766631238
1.21903468389064
1.07020762618865
4.09041398670524
4.71770539879799
2.55736696025895
16.764517329647
2.80715454337658
6.5307724988088
3.12320395910856
1.65487675426826
6.00675949826837
0.808923481963575
2.38904333673418
9.33720297331136
4.34627768117934
5.31885827387345
12.9603673026006
0.226543381137865
6.96410746313632
7.40942417178303
9.45877863033341
1.6352696577087
2.25302705212256
1.95284782591298
0.517390669169662
0.651606296148665
5.35328909754753
6.15838931407779
7.96338146575353
6.13703542406372
2.59705251082778
2.84527458716184
0.160406993786847
1.46340143401176
8.29753773439276
0.7082749158144
2.49491550493985
6.78426565265784
17.9671151307137
5.63755927614997
0.30802998226136
5.54363662377
12.5337061910498
3.49380497362273
4.13288692943752
7.20465673623678
2.6441048876857
0.714323460124433
1.7613930406892
7.81696278136224
2.61762770824134
8.57037588061301
1.52594342511164
3.79353383632807
1.69147772248834
1.83835534781034
6.97928365305249
12.5338918995112
6.59392748493701
7.68931119237095
0.621032495112362
2.68206806511745
2.72842198610306
1.37516220565885
2.45960538305226
2.87469121973325
0.267947488464415
3.45983800943941
8.66562069859356
5.93358219399077
5.03806085325778
1.84037971775979
1.08849373041969
7.45163299143314
8.75273090787232
7.16248485259712
3.56201790533375
8.79517076537013
3.34202004596591
1.63105348352565
8.75613572846526
5.21547915413976
5.75824771076441
2.52309387152665
5.49064034130424
0.340977357700467
1.15129614714533
4.86058483365923
4.40418031736797
1.73142317216843
2.22676186822355
2.33924909336795
0.374640873633325
1.8429841613397
0.196941010653973
3.4353467950199
0.367943849414587
2.34971339814365
6.18206013459712
1.20762623846531
3.87954979584309
2.3705205656681
3.1393100740388
5.18708806484938
5.04926408175379
1.83106861077249
1.40729926060885
4.38612634316087
7.90387778542936
4.0297346468046
1.56529354862869
0.414820248261094
1.88722908496857
12.743848108338
1.4162166742608
0.311135151423514
8.64392446432633
6.04444968048483
12.6517949393019
4.08635142837913
6.46128623743741
1.48626788675129
6.21861733006883
1.74664047081023
1.52875753119588
6.02400731295347
6.93897146343868
5.62960184179246
14.9701496120542
0.167651032097638
4.13558351374944
1.03718219324946
3.82186588831246
2.89638757240027
3.33987397607416
2.73896264843643
1.9553099292674
1.62109083030373
5.18929571844637
1.1904765618965
9.15428154846493
7.41284317336977
1.50673331227154
1.54914990998805
9.74870610747354
3.26067820150286
16.0931524820626
8.1603757495152
0.0267688055730591
3.77013755234148
9.54761940520257
2.93990547223557
1.58520812170139
4.95151454334087
3.94294203376422
7.26781451271629
0.650276944317207
7.69917699508369
0.463818497232161
4.3559614369121
6.05133620052427
3.13571982551366
6.13992067519575
1.84134416634029
3.65208946168423
5.91967583168298
2.87376947235316
3.38513359893113
2.31952765518217
4.11946243370038
13.3925046494148
8.67502545006573
1.38611875008792
3.70950994372149
2.08594727570138
0.347482459530113
7.86827876166496
5.9586735706142
13.0399177958138
6.46528014913201
1.91544042900205
2.78945204336196
1.09781811573716
18.7505557900295
5.57330036364613
6.32657688111067
7.17874288093299
9.31345589924604
5.76455155387521
7.30243112748426
3.37031639646739
1.00636042188853
1.98940497357398
4.9025146922867
1.64512687501438
2.0982628438523
1.93889494985342
0.638296292163432
0.566638167947531
0.738922864665613
8.17259326577187
1.74125258345157
9.03906319691169
7.72312479349497
1.23326497191787
10.2754913270473
2.22377539612353
7.8159229310795
4.50042221227708
4.14549011485489
6.88823058125004
1.63331227291797
1.10084908083081
4.95135695673525
2.74412786873635
1.57139250077307
1.68284520041198
1.98333654552698
0.400520242392344
1.42125566519313
2.3154937196523
8.26043581704663
0.193692465339823
9.91263153184284
1.82032970429009
5.36816145759076
1.78509678903117
1.9188420381397
3.84240339247248
2.34666494652629
6.02550908977149
5.92362035531551
4.55754690337926
1.29171058069915
7.77098457417542
10.8162306016311
2.04009409062564
0.66660672891885
1.28342287980478
5.20501837581302
8.99170067847926
13.7289598118514
6.32963438984007
2.04002213275537
5.13959135213461
2.55207852460444
1.46902657065613
2.47260759980977
3.59100196510553
9.3576964456588
3.2723276574035
2.47856529895216
1.2147754326853
0.255643866046872
15.9546191714412
9.83962612226605
3.91547933335748
6.3910435186699
5.75164234242155
0.371833591288174
7.28263616188053
1.02182372864574
2.59537930390642
1.71230955139019
3.64961985033005
2.01438711157507
5.82048608921468
2.92770997621119
4.9314502730788
6.11645623575896
2.74575017392635
2.69057312980294
6.36763588991016
11.3591609558697
8.26172300148755
6.75048087732517
2.85039572045207
10.2766381110996
2.95426864018458
3.63663586432546
0.918051064945757
7.15214966330677
0.863104732707143
1.66674978613129
1.21828087139875
10.9871347343663
5.94623463694006
2.93508126830226
2.96749798581004
4.65030355844647
4.07081216872259
3.35741899907589
12.3071198167071
0.328412810595611
7.15982952580491
3.32564182976526
1.59346160664368
3.84289775975049
3.87617154046893
2.693673921749
2.52895366866142
5.10258696835968
8.15877218265086
5.37105721887201
3.87152479961514
11.9812763746071
1.25468748155981
1.14232047248247
1.95675778668374
4.6506776008755
1.09930403996259
4.74172121153648
0.946683925576508
4.83968721237034
9.74333856720477
6.05701370821813
4.19007992662168
5.44062114786357
10.4038957506418
3.78255965188146
1.65223595637142
1.46660436189723
5.80833462032207
4.24471069127321
3.54965479289545
3.11654238030314
5.56470870506018
2.18741315163638
1.8705484062471
4.98885060660541
1.08507345474416
7.12953694777597
2.71741743644484
2.3424144600078
2.8816151432693
6.64182119071484
2.76647076271836
5.71584375575185
6.79392146412283
8.65709686186165
2.07494728509499
5.56398460175842
10.7542729703709
2.13207204360515
9.52569473754197
5.11791305337537
0.795895350165665
5.41507475857195
4.41862719599158
10.0307439926082
1.4109049923718
4.58348461608223
8.10740574873273
3.16853597760201
3.41276406544567
2.15605028649869
2.63093169778585
4.38769666943699
0.850626989267766
0.912488216072276
4.57939305573819
8.73667194287553
3.66313618142158
9.19385035522282
1.40516925603151
2.3610869422555
2.49204328283668
3.65389984707086
4.75702824494618
7.32466545887291
5.45866281575421
4.04159633908421
2.37978108251399
2.5473685702309
6.95416058879346
2.6404745037015
2.09447026718408
0.780666321309384
0.0111391052558034
3.12094300714513
1.12563818693161
9.13770206789359
8.46372516825795
0.865255016833544
3.71906054206192
7.66724578758147
0.601474637679075
0.433513126336038
2.11363595444709
4.73092994652689
0.746267093354365
3.16772421355065
7.11154437222748
2.4489228950045
4.03859265106683
1.21300326214061
5.51721202209592
10.4388447084451
2.36662266033981
0.666676368564367
0.910171852258637
1.90318792592734
5.82842226140201
2.66643145587295
4.84437345946113
6.90989727636276
0.239503209887634
0.37842633458333
10.7225779211149
2.9298210516572
7.90039275307208
3.43851613982229
1.22001222334802
2.44885675099166
8.37484600488096
4.29882234599722
2.64271820351177
6.5598025219515
14.8975888034329
1.26079639044262
1.85804234351963
0.151368196965439
3.21286332327873
2.69727660470982
7.75498624424509
1.59211491700262
2.59442774840739
15.1981692295521
11.3181168446317
3.96687937900424
1.61627447232604
11.2441673099802
4.02281489223242
8.05867107119411
5.87993829976767
9.43819016683847
1.42855563379766
8.76817258540541
4.79438354623119
0.433791917748749
0.989588815718889
4.25133807584643
6.69405129738152
1.91329694353044
6.06632507406175
1.81515801232308
9.81411670800298
0.746264331974089
6.41083112933863
4.03462927788496
6.63054129108787
4.40893743318091
4.97585531412388
0.564762786962092
5.63831438776106
1.72891658053537
6.86280105728656
3.64626823043321
3.30585264984619
0.164151445328131
7.11431268919653
0.933183545566227
10.8716983746644
4.7028285684064
17.1951646084771
11.646741994933
8.60889952164143
2.05985921201081
11.8122700136155
8.59036636538804
4.04443845618516
2.84133934594999
5.23546682670712
2.98252780423642
9.49608884846608
9.07969202380627
0.8141387719661
7.85489729605615
0.641350100897541
5.09876376017928
11.0018023522571
1.85479392234872
1.6357250045985
0.405822431027411
6.47820436861366
2.48782247379888
11.0380041180179
8.55004410259426
4.07724511576471
1.80016689986421
3.49718232871703
5.09451352991164
12.6682229157103
5.98859265324506
2.27811525110155
6.29931429866701
7.66970617696643
9.14683749433607
0.59511186555028
0.848082918673754
5.11508667841554
1.65518368594348
2.47421516105533
2.77682314626873
0.770339616556716
8.33885525353253
3.48488802555948
2.29756937608705
0.300541752949357
2.58064095407663
0.963069079443812
0.612853514030576
2.68773140851408
4.86947111785412
5.78740935306996
1.12206512130797
4.25791860442087
7.05938497558236
3.05676038842648
1.34278105917954
5.74623008724302
4.4219571925862
0.0492687569931149
1.42316657584161
4.42216359078884
0.473461067304015
4.47474115062505
0.13603032566607
3.18877818062901
0.603338936343789
0.076656648889184
0.0809512744458709
0.816661585122347
6.93750413472843
3.9976895469648
1.68976769782603
0.556903683855188
10.6101108947769
2.89458424341237
3.37366221938282
1.72210077289492
12.7007060218602
14.767554635182
5.45332455076277
0.355694250424056
3.34339913694261
0.675837163130919
9.26907231613429
10.3122891423694
4.84774350188673
2.7998415986076
5.15805037329269
2.16732760891318
3.49796181544662
3.56667630945839
8.03055495489389
3.40303820557892
5.95002881361648
2.39968393459468
0.056713266137357
0.0701386947184801
0.583266958928182
0.957953699685944
12.5567738199607
2.76986428070813
6.62786408755796
3.11885010451078
7.12560650704939
0.406644490476912
1.27411833964288
7.24142589606345
9.16538524565335
7.01092502991435
3.00315173660635
1.1067709503567
7.61340013705194
7.33969889305483
9.67965114396065
11.4754453068599
3.566436865367
3.29980144502186
3.81545747393886
3.38388672098517
4.69277347438037
3.83831902187048
0.490700430236757
4.72322385315685
5.81306254025549
2.9065515846014
3.74013974796981
4.85260413250586
2.24346434697509
1.500780974136
2.36465837806463
6.6786977827801
5.486591742374
4.50169688556343
0.596248428337276
5.23120216093957
1.62931736558676
2.2003905614838
0.239649877397368
3.99146559648216
10.9817666680052
0.98438779823482
0.502380569685094
2.52682480495423
7.39316816907376
8.85101438034326
6.29387836347299
0.772806496933904
7.06474523584801
0.935169794512832
7.64084859726071
9.3624705914408
9.11564119577917
6.10161271091217
5.71509025071243
1.68410304468125
11.5551166567835
2.94331049694315
13.8813286321238
4.26972014829516
7.25954772957549
0.370948924683034
3.71785516041173
