"x"
26.2822606600821
10.8336468142422
23.0815621070939
42.1779879368842
13.2208102205876
50.6587506271899
0.871960471375523
52.2655687760562
9.1531747020781
23.662236193195
16.8016485062576
33.0014936625957
33.0532437190413
38.5179603472352
30.0095538143069
22.1623252328045
42.1022829023685
28.7537823629969
21.463058469817
11.9812173768878
9.37855552908728
30.3240469656885
51.7025436274707
31.099866842851
16.8200667481869
34.5818949469177
8.95388941280544
38.9182284526369
24.1579715353634
35.3680266067386
17.1878647286348
23.3491846360266
28.61323854886
40.3551612515002
30.0963255111128
35.8525355870217
29.451648844406
21.9715662766248
9.2442249711366
34.5311040990055
36.9650511536747
31.8324509542435
36.239336617291
33.5944036001855
30.2823193836957
37.5466315541416
4.81703276745975
24.2114474970941
47.7419841083776
32.1209159679711
40.6346095363805
23.059401288689
18.0954983598773
28.5839242152649
47.4693926808583
40.4085019603372
26.852155663377
17.0789901167154
29.0377607103437
16.5038850624114
31.7130679264665
34.8177300300449
35.3564610239118
11.6607128902339
25.8035833346734
12.9821736365557
33.54054723574
26.7249324438156
18.3712662493172
54.5163759496063
14.020896749571
14.7006260231137
20.5622699577361
51.5971401706338
44.3041663151234
32.1208838839084
32.967953523621
19.3377368617803
20.1876764144986
17.8797399159521
35.0161946378648
16.4327739900772
15.9362615086138
5.77184930443764
7.76525170304711
20.4198521096259
24.6721727994628
4.34735884198185
3.42099913395941
21.02140216052
28.7953044062494
9.66714304327274
10.9458987601101
20.8984866738319
23.511522449553
27.0520177669823
20.1892207807702
4.32680278045392
10.1630934659612
21.3426933158189
30.5832287762314
10.7848236404067
23.4728357441053
21.485985070467
32.5385877879438
33.7143570650369
17.7825002270895
22.4221548531204
35.8389297965914
9.08561279065907
55.9336519334465
30.8533099945635
35.0228180643171
34.7801769152284
40.8266554586589
56.0190330259502
40.7739250628329
34.2673344537616
25.2206636127084
21.6616133227944
25.0084964727261
3.64545387716063
22.6291378178163
12.9052396863699
26.2310022022575
33.7088174186647
19.1733146551996
15.5262912178561
12.7597210928798
39.0064694557517
30.2163361571729
45.6405575852841
11.6214563604444
35.1707354187965
43.9645313192159
24.0485326389797
1.76112033885759
15.0052375405417
7.94816929847002
10.1268313282368
23.6828582277551
43.6282654292881
19.8249357286841
44.8435633908957
25.9323637001216
34.8724734628647
24.2135688662529
44.8480523191392
21.8538330751548
22.5669176783413
31.4011022192801
2.78557511046529
22.1726196038912
2.01741046668852
39.1147239599377
22.8778784098805
18.0065227672458
44.4007913582027
31.9233747664839
29.0605762042105
49.5959255378693
49.1454662148328
38.2681669667363
26.9070314709097
10.2943093515933
32.6602717591155
34.0028822422028
34.4601344782859
14.0826527318083
26.8773907329887
24.2096241563559
28.2422016840428
23.0713470733177
53.2092624343932
35.8505298849195
33.2081614993513
12.3175013442514
28.9853939070702
17.6331558264792
15.8046511467546
19.9250519706209
40.0035039521754
23.1902481988072
32.8429114767969
3.92398227249188
25.64837327227
30.2977514918894
38.3886239957064
13.7469269800931
8.15025088204361
45.78564821664
38.7963737361133
44.861664576456
32.3189680396205
18.7181605379195
38.5724171530455
37.2178010642529
4.64997876370567
8.89055759049124
44.336153799668
16.4841500110924
34.628416773898
33.5536705330014
2.78597474098206
24.433548101814
34.5885959919542
23.9502576179802
16.5170887950808
25.66018434138
25.7982859387994
10.0473906844854
24.0241464380647
24.1717741939286
11.9447811506689
27.8907572384924
42.4092874396592
18.2711256986354
7.32112293973986
28.7046114448458
35.2352681569755
17.4178630579263
22.9359389748424
29.5873168390244
9.796346532433
20.7973106298596
35.9550291280482
42.9544365624149
11.7378059774637
21.5833926573396
17.4393803029058
17.3130960103965
13.4876748081297
25.113467220217
9.43459803238511
42.2653954941779
33.4742412902415
63.4891879744828
39.9840279947966
28.052694350481
32.0781950373203
12.8789870999753
23.2063960728981
15.7932552043349
20.8332093152611
17.3625172115862
16.5000166697322
31.9656327427502
18.5194151941687
18.2933919131756
44.0606855787337
9.74435512907803
35.5439600069076
38.5940096806735
10.4100447613746
25.2883649431169
34.5777318812907
21.1847739505449
47.8365855757147
24.0962532814592
32.4865565169603
6.04441496543586
21.9906598329544
16.7843828935145
7.01313423924148
13.7293568812311
25.1539785414934
43.4806313365698
19.8179418082804
11.4518936676087
7.5346322949585
44.2620831541717
15.3613554313779
24.7675083577633
31.0595903442459
4.0600946922108
16.9339949265122
34.8529184237123
43.7327471096069
25.6737855096438
40.8755221404135
38.7537128757685
38.7573244306116
20.2907140519624
23.3981776516885
46.8768667429686
6.92592144417635
22.6346074927428
30.0439654159032
6.53253523340184
21.218480495736
25.0628071837127
6.17123247582725
12.4968220014125
30.613654204059
13.2597613614053
46.7531421221793
30.992331309244
19.1412354819477
36.5358864824566
31.7777306307107
18.9790595244025
33.1828623078763
23.3750190585852
24.62915846917
22.0170677678541
25.864307070151
50.8881885092705
38.2528562564403
9.85898758352445
21.668006060645
19.1587365698069
33.4234122186899
26.6894733998924
38.2555947639048
20.113416807726
20.3472708060499
39.2844869289547
27.716850489378
14.4278921186924
34.352524811402
35.8097749296576
24.2254017852247
19.0185781102628
28.0157095420966
30.7388416025788
40.7584602424247
1.46744772791862
12.223198544234
32.0616828277707
47.561830040254
27.9975562356412
37.5885053851834
40.0246919132769
15.0409708489352
32.260306738317
34.6788681577891
20.1506992336363
35.8359037898481
29.6343354233767
45.575661631301
35.7137746177614
21.7734392266721
25.6248911377043
13.8133190401512
37.9462744109333
10.6333648320287
36.905453260988
26.1089117731899
8.31477033564908
37.7561925444752
32.6965332351576
20.9535792004317
31.917966902256
20.5971890129149
23.6321753234525
26.761636370793
23.9655910648011
26.8037808518605
13.0331979611191
24.5344790883774
28.3905660733581
47.2842361661396
18.2462923694402
20.3628447838128
33.9844382368028
10.6975562870502
21.4920817408711
14.1566533332314
25.4585770890117
20.2001705765724
27.782326464953
28.9659533649683
39.1262892168015
19.6376141626388
21.2436379864812
50.9300434030592
14.2059736240676
13.1618190731055
14.2588973045349
2.86929236901086
23.1928377848691
31.1117995880146
32.1896926034242
13.3155722636729
25.1845862143769
15.4047611635178
45.6971645214025
28.6417991532792
26.8997240811586
28.7554305046797
33.0311463214457
30.958897434175
37.7846732735634
32.2827576193959
37.6488900515325
22.8479348123074
44.2371513694525
46.7284546699375
42.7627123426646
43.000270286575
35.2453907486051
26.8154512159526
51.9945364911109
41.274860361591
29.4701166478493
25.93922636349
23.4225094542353
40.3840522393313
19.2731329705566
32.3730824049562
12.0066342875361
3.01005783484239
35.5485737737817
11.5079340190799
16.8128078089593
28.4190437756479
47.1917257644236
4.55128847517469
37.4930345453322
6.32500709801017
31.8990441039205
20.5993719367972
32.3721285080471
35.5266601663048
34.9458867218345
37.7738774754107
22.0950646325946
18.7572486698627
42.4059945624322
11.2024204319553
28.0842942651361
31.3838373403996
10.4601806961
28.1226995526314
35.3697841987014
24.9260476790369
55.044477208049
17.7648956421763
42.5089304801077
38.7191278246081
24.7409388813605
33.1829469650984
51.5535796526819
21.2240894288837
42.4993547145277
11.1801015213132
29.9943226598918
22.4266303237528
44.0192302688956
16.8513092890745
29.8731327522546
13.108484307304
28.7028725985289
19.2494732793421
15.9281695727259
20.747228525579
26.2363554444164
53.744461806491
23.7867759348317
29.9835345124925
19.575473992154
15.4263314516641
28.3201628561079
38.4736864284448
2.10175990694104
11.4129526074976
30.3743035998195
19.5820815861225
26.1470966041088
39.2981528841532
25.3814689159244
20.4469366930425
38.3271426210065
28.7014128640294
38.4870018344373
16.6914689354599
28.858035011217
38.2560037076473
31.2049224041402
43.2705708313733
24.0773214958608
1.99564769864082
13.8531270198538
35.6213214341551
38.3228137623519
4.23918426968157
37.5067044515163
44.3052500952035
34.1851986944675
38.0036812267832
17.2492266350496
32.9306687694043
20.0512576382607
29.4023782014847
10.0273688789457
10.4958274164188
15.9429438373108
31.0590863227844
28.929242817685
30.2798982709646
11.6217961803258
1.22349021502685
36.7122681227923
33.4313236642629
28.2741871196777
16.029589879673
28.8769571041814
24.7772158020336
21.1576839224681
17.0351469889283
11.1999464221299
18.9533288175196
1.4696286853261
28.791709632065
21.947818706361
19.9434879701585
16.76051071845
22.6969444658607
50.2385429106653
10.8913957098654
29.2904632166028
33.0478192307055
18.2750302366912
44.6884887894015
42.9781915507815
19.8691906407475
63.2767719216645
28.6877337937857
42.9885003715754
36.2033015117049
41.4050820283592
29.169686883688
23.7285471055657
26.2532434891909
23.0585086793915
32.5580111786418
24.0597665342464
42.9444707930088
40.9579232800752
22.5906791631132
12.7389268949628
20.6229000004438
24.0486880213283
32.4011606379564
42.0437760651112
12.6224602106959
27.2019624244422
36.2346889451146
30.0790823064744
30.2364732138813
22.8081925306469
7.04402299597859
24.3549126908854
24.1842661052942
30.053936643526
32.5882486067712
34.1395725961775
23.3917176257819
23.5453077591956
15.683353645727
19.9265350102489
18.5483037942448
23.8671713558771
5.02387355081737
12.129630835059
52.7719598263502
11.0698648123175
33.5321292746812
28.3024016433917
8.33104699850082
15.265116100091
37.0369199197739
31.6791280172765
6.4764509908855
40.6278241144543
10.0904610008001
44.6202982217073
3.88854281045496
7.76287440798535
4.63558034971356
22.6858497131616
40.4435265809298
15.6079050702009
31.0094793327153
6.75487839616835
35.8312349766493
4.21843230724335
34.9084088586874
17.64182266816
34.6891011111438
40.3567684348673
10.8866761243445
34.4156091101468
56.5768075175583
40.0674716569483
26.0980201885104
30.3712072782218
14.4566695205867
43.3859875700313
18.5095680411905
36.7368195990118
28.930983459577
44.9896795675159
38.2911092800785
14.3601919990033
14.9337489914104
3.72621403075755
35.5366632808
7.7707261312753
22.9772754072859
25.12177079916
23.2988423569343
24.4061461649835
29.9031525671702
19.5845004636794
24.1087345872074
38.0790029170794
25.896092607628
23.0483855586499
35.381125472486
3.7204441614449
28.4087207168341
8.58902898617089
17.7372652267549
24.7074858589617
27.8177370660924
36.0814726116134
7.29143201643105
1.44853265883992
12.268240051344
24.2613937705755
26.5735310036689
24.8240294400603
31.6436358287759
30.913863889873
40.6757439952344
48.7055797595531
36.2026123329997
10.5871305335313
45.040268261601
38.375121448189
35.5843076631644
43.8100737053901
29.5510082039982
32.6811984647065
30.4432965669534
34.5566103700548
9.67649249359965
31.5987598959396
11.5891552530229
14.9568679902057
12.1152808039226
34.2945624179391
35.088790487498
23.6399899236858
35.8365134336054
23.2475392054766
33.2304755225778
1.83499790728092
7.53654367290437
14.4067655317485
32.8164501275099
27.2034987807274
9.36980759724975
36.6305912379175
18.0544345639646
20.9340303204954
26.825390166215
9.02387467724074
19.4219834171236
15.8693747333798
15.7654838170856
17.6881537772715
31.6517533734441
39.3713727593422
9.24411035486744
28.2419560942799
13.8812166638672
11.1620475072414
32.7513086143881
26.1666669975966
17.0007995795459
0.50699757412076
37.8028513863683
9.55592673271894
13.1687156092267
7.54959275946021
9.70954010263085
7.63742013931985
28.2875634844494
43.1468010557728
28.714786702767
18.7259685332119
7.43198195138752
11.6465395766626
9.00338371284306
44.3252451252192
39.0638812445104
38.6791765342225
20.3817043919116
17.4120688810945
14.7637846356148
26.6470935661346
63.5839311871678
33.0683077107891
19.218971048697
31.7732389550656
18.5167971998453
32.2265659753221
39.1034347005188
21.0879232734442
33.0882577225566
4.48825438506901
38.0573601927608
22.5940908352576
42.6059299640754
30.584574630484
15.0913381017745
26.1865213979036
34.6293100771549
21.3402819864476
42.8089599125087
13.10647923329
45.9064215887338
21.2825543247163
3.74978920444846
22.7282598297796
31.9731558112287
4.28360087132463
45.2637677546591
50.9656199719757
18.981978809461
28.087520798482
22.7481621783227
37.995719909668
23.2121749632169
24.2486504837871
35.6205352116376
5.13145714066923
28.7906791023738
29.3220965467137
19.7199608199298
31.4126372767826
9.45798675529659
52.3826852321929
25.6091758143157
26.6884927009037
34.2041346710175
41.7384564410895
29.0946782100946
18.8184959813952
29.0486376266927
14.9558562319726
11.8055028375238
45.0952665880322
16.314185045499
25.1487712841481
17.9531666277069
35.2281438186765
0.387184228748083
6.50073049365845
34.6705865114927
9.1429399792105
21.6554345097393
23.4810777939856
23.036878509447
32.8839198220521
23.426777256056
16.9170449953526
12.6328565645963
17.9626886381334
29.1855406016111
22.2551182843745
40.3959909453988
21.5873941779137
11.9265746325254
30.9068159200251
32.4872300484829
24.571633609459
28.021458350122
8.88132322579622
29.9626954365522
11.9232673663646
28.0181253794581
22.4222110063037
38.5904673486948
18.9500563312322
32.7418636530638
26.9861932843924
39.9452769369609
3.83653989993036
24.3751876056194
32.1638152625087
28.8346275221556
24.5372655935378
7.25603401953073
22.3293642270077
29.8629081342369
16.2021425552666
8.00526093036806
34.8260063779831
13.9630248304456
22.1943416632712
23.0890156701207
42.8781823720783
16.0517607524197
36.5826658438891
2.6586183346808
24.023609248944
16.1160195246339
22.4781284108758
32.7927878592163
48.9150485955179
36.5795478224754
22.6887163938512
47.7927070111036
13.0894003901631
20.8646153995439
10.4020903818309
31.8832851946354
26.435833889991
6.85930149629712
21.4320505787949
24.9321449305594
21.2697349488735
29.4170435052365
31.7071788012981
42.8218711633235
28.5764377006937
37.5750486273319
13.9933659480343
32.4567346367985
5.40524986572564
37.8085982054472
20.6213358324021
18.8661099411547
31.1737673693909
57.105113286525
10.3087555617094
11.9562281364359
33.7545343674719
36.7767184551171
23.0657509062439
33.6224072147161
25.1602168660611
54.5847220346332
33.1162754446268
31.4512251410633
0.750863008856896
30.2193032577634
34.4397326931357
40.9894762095064
42.328254180029
27.158463280648
11.6343365982175
30.9315976205547
34.8019868458424
11.7870294115084
10.1670053311702
35.1689035538584
31.7294940818101
20.6896892283112
28.1652806792408
19.897986156866
49.0055416986708
39.0946013387293
11.2947510345753
37.8601497356624
24.4669126040442
13.8970767105702
21.0138449911028
17.4275006864979
27.4626498576254
12.3334979796298
15.351953255641
40.4381465350154
38.4039417185627
25.0097203999758
45.3156867064536
17.7877203671308
18.2221027556807
40.9251192118973
18.9128762947928
29.9021135084331
36.3524992018938
32.3727842886001
35.8962967991829
36.164265871048
24.9174467753619
42.2420000657439
30.5171847343445
33.2926138769835
2.5083938669877
26.7664249373091
9.71176591701806
17.8271844051778
45.8037077449262
31.3662781380117
15.393687505275
36.4748510113102
14.9986435193568
7.31241240991688
42.6602643448859
33.6012287996709
44.1315713716059
15.327482810244
41.6247392198745
34.4154838084362
15.5673574266222
15.9351305485608
6.60335675845252
22.7853776258244
38.9107516035438
39.8552998900414
34.6914184745401
46.1758223362267
29.6023051468322
21.2190636433661
19.7884241972941
13.9248935505748
23.1055079959333
39.3543990187908
54.220263985917
36.9393813423812
18.0532879573276
46.4282476343215
15.9549929089181
39.4773909356445
30.390832769198
29.948221379891
40.85918138735
14.2884723376483
25.5905643571168
12.1626013889909
30.7617982334304
20.4552036244422
26.6725522931665
37.6756910700351
15.7352427020669
33.6834708345754
20.0642509764505
28.4885349683464
35.7049100260061
52.1684582345188
42.431014450267
37.5657574739307
19.3575909534866
28.3337057801988
25.6738977696787
36.1838164739311
36.079013068229
13.83036673069
42.5109193064372
18.7354436144233
18.8890889286995
29.0436126757413
41.8692294042557
23.653925769031
33.9612499810755
21.3646831456572
25.7710134610534
17.8573082666844
23.8328803210322
25.3201976884156
38.1152041256428
20.9722459316254
28.8974042463626
17.3318560235202
17.5825385729845
13.7660607229918
8.61476245336235
35.3855998255312
28.2066450919956
36.3592555746436
11.8857765401548
57.6064786873758
32.8585427022109
16.2249946501106
12.7536114305258
30.4938324164201
28.3581388153033
28.2667124643922
44.0517708028648
6.11655978920115
24.8627976514399
18.5345542477807
21.618695910757
37.5804339596796
15.7022724859416
28.0351776528286
18.4493280947208
28.0244051944464
25.0964852515608
13.1746539846063
49.5903905946761
32.4172440343968
44.9403298087418
20.8059459924698
23.184909282722
45.4949556384236
29.5622967419751
17.032222263515
21.8393046874553
28.067413950339
37.8545985091478
28.6521945680806
20.6773645244539
38.3167695254087
37.7835297925984
26.9743982073017
23.3404201751553
33.3898380096986
31.2362999655306
45.6883354112506
31.0026788152754
36.9011103365139
49.6519598644227
25.3114219141051
22.8074734541257
37.7773382223839
32.9665653404537
19.7809304042186
26.9643633447489
29.798830812797
35.7021707575768
21.001339342731
27.2813783958554
33.0437384080142
19.9093204457313
34.4698166647639
11.7526205722243
47.5706830155104
27.5988639373777
14.8418049328029
17.0161697672341
8.66043171845376
23.3487171374601
48.21947914916
34.0954748913646
40.0751887355
10.3185195475817
35.4119470342994
11.9733011351023
23.2058142605748
38.6313788709766
18.8950988464057
21.3072563462004
30.2814005408436
24.0575822070241
6.35755973231078
33.0635127611458
21.8770064879209
29.7173057682812
30.0212280359119
21.7046292033046
21.5180711820722
47.3198003135622
43.4367044363171
17.0371651649475
20.8148463629186
24.0680223796517
40.0761391988603
24.242277815938
50.8722360320012
13.4718851651996
36.8717662476518
25.5808268576389
33.795417053625
22.1199286635965
16.9615657068789
49.0460651926696
14.3997951416457
14.7082708310336
3.76286685107068
27.2247578017414
12.2853125445545
32.8182202763855
28.443315345794
22.1883566500426
55.3558186162263
21.3404634501785
20.1386558823287
41.1781698659538
2.14800368214699
39.2878179890659
32.947792718187
41.1285468151613
43.4988177381456
41.235194215551
19.0583616850556
26.3874762772468
49.8216741252691
22.6801888551563
38.9756900974892
12.9756895359606
35.9538811724633
31.4619650132954
30.9667076449841
49.3527240449735
26.8684359506206
8.49277139641345
34.3953059054911
13.4215112309903
19.9155944822789
26.6870782710612
26.5315517783165
35.3008974087856
23.5683372731096
36.8489107582718
41.0365354735404
45.6867000088096
38.7050791177899
22.281749462407
21.9763108994812
23.663702899044
43.3703530579805
34.6536773256958
25.8562685456127
27.1248823497444
34.1225877263507
41.153973992914
33.6986302482985
19.0504582598805
23.2836761977524
33.3790743723512
41.4941355586052
32.0424680132419
28.3163969404995
31.9660149514675
30.6487799429389
14.3560485550898
30.245912423263
25.24545742695
35.2379882311529
0.316963344812393
17.139675701037
31.3880437756736
49.5778649114072
32.1151661220938
17.638664652648
34.1890429073475
42.5270752942574
39.189429992472
24.5973447803408
23.3947393018752
47.8963690113572
36.5814724937081
33.2887509372085
44.2893621511757
12.6773575786501
10.3147448971868
39.971767924726
24.9282016919306
49.6717368252575
5.08618503808975
31.0026579070836
40.9944917540997
29.6834701672196
44.4005407991386
46.7442626599222
33.6785858962685
18.8059668056667
32.8155855182558
35.8582062181085
16.7214287214918
49.5188913773745
34.2515373602509
40.0238462723792
35.0878527387977
45.9101350046694
12.6380532895325
27.9804270714521
29.7062957659364
25.0360318925232
26.5219696331769
36.5816335659474
28.2497394364327
8.2799831405282
18.0754225828002
29.0556608455997
30.2954289596528
29.165668040514
41.1678010132164
21.3123959708142
38.0410362500697
20.9557326510549
19.5751511491835
37.4611295759678
27.3288324776252
18.0301258340478
8.68383346353569
40.4179899021983
33.0405075568706
35.7228307984769
37.4042390845716
43.3832053560764
25.8053309284151
14.7463348694146
34.7953146323562
21.3264904916286
12.8719121323217
33.0835175700486
13.7425872295246
14.1139937564731
28.5210748203099
24.3660825770348
0.32803934747471
18.3797539536223
16.4519832935184
24.0286845713854
33.9505005627871
10.3432391258791
26.1341280303895
51.0721754282713
12.9891083575785
22.5634113885462
32.2436356451362
15.1664705315941
31.8550028838217
49.231763323769
23.9214351390377
20.7772227698503
48.5840828623623
18.1841421872377
17.5749581156785
22.6713273208588
25.4907683003694
41.8099667928068
36.310208097488
27.079918468371
26.7100183528055
44.1410503242731
12.4284869470023
23.1270093936473
45.1425606350979
24.9084748634556
24.0234756214153
37.5848250929266
11.9645955921037
38.6340340133756
11.8402437182726
39.3359609374538
11.485474742949
32.9113611485809
9.83094186522067
40.4795738868415
20.4968729522079
7.0535431416738
23.486845055595
10.8744467142969
23.1199176516384
30.5551800876856
12.8138644620776
32.581973168999
23.8162464927882
6.20905393734574
25.4469034727663
27.2679787129164
18.3106712531298
20.3210644464916
39.8561017587781
34.4766197907237
27.478527603671
7.34671593603071
32.8565488569438
4.53018907572311
17.1076545491815
23.8289974568702
28.817897522822
52.2499850485474
18.1482397485524
25.221103890542
21.0476060024582
7.0486511960072
34.427517612937
22.9852973949164
33.4307899232954
39.164988823518
23.9755533843899
48.6331169027835
40.4241227777615
13.6712927792203
25.7878597319678
32.8529425431043
21.2459484115243
41.1618054378778
25.3546111221638
43.6405797488987
23.8509465046916
50.1808831002563
33.7910872322202
31.7708089947701
21.6719434596598
18.803233653307
21.8527204323155
19.5978298783302
27.0795602351427
24.0864849183708
40.4410974122584
38.9746414497495
29.5486321813282
24.3514007423073
38.7562620919198
46.0601673461497
44.9032588396221
18.2171546388417
8.3473007309721
29.0113772265613
38.9055732637644
39.2791306503973
47.8238281793892
19.1783328540623
49.7122033499181
37.0672873221338
38.7027381453663
25.7336733862758
44.1701908130199
23.0173550080508
35.40881248191
17.2422247784873
6.79890490137041
25.3014354035258
56.0817225370556
24.4246574584395
0.285333086734387
26.458085514605
32.4541495208897
13.9523863228058
34.7562474664301
24.9490130227059
11.0726806800812
41.0775890108198
27.7779382369706
32.7822093851864
16.4444881375175
28.7216410506517
16.1821483299591
17.4412209074944
42.5410828483665
21.2354134768248
35.8317326754332
34.3926710542291
15.6567515339702
12.3571333487641
11.3778265193105
39.3891879357398
30.5091520305723
22.4215022753924
22.5787374190986
15.1977199595422
16.1520436616077
33.4770602639765
21.9179104547948
28.8140311837196
40.2515202950058
32.4658258556126
57.9238269478083
57.364360243082
46.1161182262003
41.0683741793036
30.5239447506019
31.2668104656041
49.3902460094818
11.4786904252204
15.099177043885
41.1104361526668
45.0534619390965
19.6294094393563
24.5470711030066
28.1883687712252
44.4775400474932
15.691006463021
45.797706245165
36.203844146803
37.4672040343285
23.0813729143984
29.7759147826582
14.8617105520877
24.2005730979145
37.6429330557585
20.3650136369117
26.8348994199187
19.3599886315881
22.7759776636958
26.5802864450961
3.82295166240979
3.41656962409616
47.6542729418725
26.6785049811006
44.8580875527114
12.9071494098753
20.2217316720635
20.0392927974463
25.4958472214639
28.6743534263223
30.843855207786
43.843131698668
19.6747303292691
16.86777821742
14.2284029629081
20.6550399307162
31.5576263237745
27.904850530449
0.86314408108592
14.9474227800965
27.5435535702854
37.8790593381957
23.1850715354085
24.1364992689341
62.2112170793116
31.5593263600022
8.52053174749017
28.3752364572138
12.0363317430019
25.2128755495235
25.4764261225511
17.3052612226456
16.4948604869246
12.9426470957696
30.3456765599549
25.9035418741405
40.8981378190219
2.88005096665105
42.3175103880618
19.7453086730093
42.9823136888444
1.92917920649052
30.3527025971562
24.7867276128709
45.0574962422252
16.7620067950338
4.62612962280261
42.1301160007715
39.4353627602978
48.9454323425889
11.9244035799056
17.4501406494528
29.0873206220567
27.1270842757076
15.783995995298
36.8211115710437
19.3777108373313
41.3380892947316
40.9758149646223
7.29199186898768
31.816497610264
36.1364508513361
17.6925842965066
47.3418434616178
39.6663319785148
24.0641452837735
38.18648760207
28.0294133840726
30.0941428434152
53.4180093597438
27.5732921310561
32.1075845509768
26.9313154742122
31.8920556663555
24.8589132199997
38.5210536886007
12.0909838171354
19.5427606347948
26.6028480580771
30.2117474469479
20.1259597670287
14.6371841881191
48.2317850987111
24.1841272916645
36.5252758841962
47.5406917277724
34.8428668454289
33.2317991647869
45.1460969168693
39.0878356527537
56.9685933645815
32.6662674546242
50.4766336176544
25.7390586518625
16.9560895301402
20.6564041320235
39.8127765394747
31.088613969118
12.642130704402
32.7566258143634
48.2321919202983
44.2082042805851
30.129029834643
19.8060469570431
10.4454043786973
25.2285717166254
18.1186281553896
28.7036644868836
2.39745429717004
21.713616233319
32.9754380043596
20.1916516758502
20.377382915467
8.85097253313808
19.3436240311712
40.6587015792079
28.6443156920991
13.0596407348885
17.5357674248517
29.8438926693052
27.2302774246782
25.7345422996108
43.8442312090739
38.1895260419697
36.4597465842962
10.7579285019478
11.2834227285547
4.84281468142826
35.4038456920534
21.5589481405914
38.22888629511
11.371753923595
22.0422552432865
14.7680955274719
23.4494780555577
13.5240250107543
28.6414337810129
12.8338645678014
8.49405168555677
20.2997318766856
30.9225819073617
16.000355839859
21.0804232396185
25.8667218900917
26.6688403197463
22.123930977484
37.5229619538523
20.7909786426418
45.2920909505337
14.924646820873
18.5935848863936
42.1616211067885
10.2016886628709
33.1282652914524
32.7206448186189
36.3116582855582
7.07659921608865
7.89324320020544
37.1751649770886
43.8014892395586
45.658936429009
4.95841279015267
44.364270940423
30.7872587641711
15.8813006836808
22.6748657412827
17.0685040850785
20.1519108612015
7.76111420420545
22.7955325040966
21.5032041072845
39.1956218052655
12.0657559949905
27.9909862383049
24.1237534630859
29.4987070374191
45.0072668937938
23.4400706936776
18.9681021800213
10.1685435045511
21.8525543808937
23.6985719859205
9.32479961775243
21.0075061768293
14.246992498348
36.0686511266977
14.0909255016595
24.1974323901247
21.4586379866117
9.18511087074876
5.40426378138363
11.1802624538541
31.2798511496579
26.9395774716421
33.4728452377021
20.3212512506757
15.727589186281
32.0352003443986
0.620120963317574
24.1882256697863
31.9630152080208
11.740527564103
20.3811573795974
33.3448275458068
28.8463074248284
38.0590958689652
30.7701474521309
23.3130280972202
17.6152077037841
3.86894512921572
39.2178990878165
36.0813322942704
28.1986425630748
40.6013545114547
56.7515945993364
7.53308917135834
44.9743679724634
29.0612569179663
22.2298241220415
35.6065568514168
36.8643331807107
14.2971051856875
19.3289405666292
19.4382624412597
48.683108529076
6.92374317021163
32.4992541052751
27.4676493861881
7.03168116154771
37.5316853635013
13.7541003869599
36.7957295384258
11.4194988273084
15.5214537866414
38.5500496719033
16.2614290602505
19.6770933578169
31.1805122066289
16.0241821780801
33.6285996250808
37.834016274117
18.9716005099894
24.1081681568176
3.78642296358749
37.1496372390538
20.1773387597123
35.3120632960322
13.3377708960325
31.1245005295661
37.6860812772065
20.9443112835288
15.7818532083184
14.6343613043427
10.018010233233
24.1218277903384
39.8310336284339
26.8854239311926
26.813583355397
21.8547072380434
22.7296754717827
19.2787994985273
20.0722612440586
26.5622343592477
24.7939078492731
39.9354263771107
17.3110707786847
49.6384608093649
2.22649295813927
9.80121680397266
30.4854412531629
34.2236459255219
32.7216529672844
14.9531997274607
21.8973915558308
7.0507163181901
29.3787655886263
32.5346052180976
35.5064732911714
15.6788165215403
32.4954639895922
17.5784730199789
21.3150397874415
19.4871522836123
36.8777866519763
54.2446176055819
7.74045255966485
23.552525555715
34.4692675862461
15.0592715945095
23.0168810090647
22.821979287214
6.72501852292376
10.4992267038575
26.2046478688717
3.83577020586973
15.8474767114967
43.3523122686893
25.4104491788894
9.55709128391786
21.9178202562034
36.350594258331
34.7490899264812
13.0465815775096
36.4694486372173
7.74562228710391
37.2919392306358
16.9155906826348
44.9353614356369
10.1405671891762
7.7060068026185
39.2473018480156
13.0439002996331
28.232520353049
31.5469206310809
16.8063669931144
28.5915947053581
12.3213807708937
22.816006001085
21.940228711148
39.6338254213333
24.779863236472
12.9596222242274
25.5721665026936
32.8730857347501
15.3332926332951
28.756607696414
45.5990826711059
33.7965856822533
48.9081824664026
29.7795247286558
24.4704259913172
21.5079721063375
22.2707366981063
22.7358852653372
21.1815551389009
35.0031489205799
24.0232901182026
45.4998829384542
44.7755447588861
31.4802576322109
17.415441153571
32.6126384548843
27.12990664877
29.6325748320669
37.444405304268
50.7421781308949
54.8596829724081
47.5597845390439
34.496617410332
21.77759611698
42.5448023248464
6.06106025803348
39.892438147217
29.5309459324926
32.9301398801943
40.0206823219871
37.0276439469308
39.622494019568
18.1355640757829
15.890653943643
36.3533759489655
31.3240965362638
34.0059284120798
27.8110724873841
23.3487396346552
33.5611881222576
13.459261925891
26.3792525518652
23.4115161933005
36.1481408588588
30.4771906230599
27.1803031675518
64.5431447308511
32.6657095603259
16.8411497881878
32.1897176194393
15.2676711324602
13.4133100509644
14.7441609762609
23.62967049703
33.188482420519
64.2981244251132
23.2056103646755
38.6394248136461
29.523813445121
13.0360175389796
0.586281251162291
23.2560569886118
14.1719484701753
33.7429547216743
43.4472452383488
27.4516036733985
33.1633919384331
44.934620289132
22.8994015604258
17.9479800630361
38.5938336607069
13.742085499689
15.2314586017517
21.0207051597536
37.0282628690492
16.8208082206547
19.3641867488623
10.3055687155575
41.9026767814105
44.4989250507206
32.2180977556854
38.060083752498
35.4807314325225
15.8655423671007
34.0736816637218
49.0126140415668
23.4924205045688
35.7418606521364
33.6709785740823
25.464888999309
31.7921134177595
12.4713070009437
7.86005817353725
35.959946282193
31.157130561769
32.1801320184022
37.3692213557661
27.4670068640262
23.8676057260382
29.5729047181509
41.4170011412352
5.0380255561322
8.53300416638154
40.5864933505654
33.8434985311409
24.186794347755
30.8730838364386
15.4762312304229
24.4408899016448
31.3807469327003
38.6690681765289
20.2779952902347
48.6745615489781
29.4625215232372
45.128754619509
25.0215672887862
16.2653979379684
20.832403190434
28.2261929940432
30.3932034876198
36.3977964967489
46.4936197735369
35.3312583418142
46.7248241741456
32.7672943857416
26.528700767085
12.6458917278796
21.3251770939678
37.7118556760252
31.3292366452515
6.61137382918375
23.7666067667305
33.8776335703708
33.4992435295135
15.6380031862846
31.0259929392487
33.08334373869
22.3917725495994
48.975203698501
30.618095677346
33.3227971103042
27.7492779772729
38.2244064472616
37.1153438929468
46.093619428575
42.8703290876001
10.4443277380551
15.6392740551382
45.6565240863711
18.1386217940599
13.7410851195455
22.5999396760017
23.4277695417404
32.178500734247
18.46678936854
22.1142089460045
12.021074493631
21.0625869221985
19.8971369769424
19.3328183609992
7.95932748411729
35.2779556065798
45.7708687053353
10.9053016174585
16.5502060398011
6.84804194606841
9.67098716646433
21.997650898993
34.7072601784021
31.4901439938694
33.248882368207
54.1896096342219
19.5398049190141
18.8428596173849
19.5379397366196
37.4586242251098
41.4042462608393
40.7210127413726
22.6075744177516
37.3769442085177
57.3218244127929
33.5882810875773
22.4068766459823
35.6337177567184
43.4439000673592
5.64850484952331
36.1499569459996
20.0686755590141
26.2488109746024
11.4554377827578
19.9802633633952
23.1950144749135
25.8554392494261
25.8393802291131
15.358771989122
35.0758189335465
37.3816567938775
18.9529403112829
24.6873861644417
28.8070439361036
36.324062851423
21.4426085818559
33.637459622696
5.54282432422042
22.3117189481854
37.4340350445061
11.6965277120471
25.8721733931452
29.2839587200433
42.6386449486017
33.6907834396962
9.85728511586785
26.6227887712909
9.33327372185886
19.26215053536
42.4360694829375
17.3765409737825
31.6557895392179
32.6565591570824
33.4731959917873
32.3591323103756
23.2458780054003
21.8685284075718
19.217169949729
17.7047189325094
26.0620499935013
21.8056896235794
46.9193059019744
34.3007562682033
13.8819401618093
26.1954129673541
21.5457547916564
18.966804491356
45.9200252778828
40.5102734453976
26.4360373839736
48.9360677544028
14.98693828471
35.2906201966107
27.7496779337525
29.937980696559
33.5575319360942
8.23204734253906
17.2006266191602
47.897125640884
32.5317922979593
24.6286329321115
39.600775759239
47.3276909906417
28.0621768045027
11.3954489585012
39.3839061719705
39.2619324162693
18.8877935986966
25.0845837872475
39.8683650884777
20.1089073438197
26.8899193499237
14.3181985575926
52.0695091225207
20.0708712037652
21.5712845730886
16.1553991958499
2.8195315040648
33.6317632427513
23.5345656052232
19.4416739046574
33.4447097335603
35.6580459978431
6.34448795822856
36.5034361835569
58.891412941739
57.2455578949302
36.0510802827775
32.7950569335371
39.6961185149848
15.9279923886061
39.5598100498319
20.4760084860027
21.3407618028794
21.2614686228335
29.8747168388218
23.8153794314712
23.3887863811105
39.1852622851729
17.8929934278131
11.262969346717
16.3156157359481
13.7291309858028
