"x"
29.0984065504745
13.5084070431923
29.3319620424882
20.5626459559426
29.5598185388371
22.3680896684527
14.9391583167017
33.314306275648
29.027599003166
24.2837835103273
19.7768529411405
25.0171958934516
25.5335131194443
22.1371772000566
30.5849260883406
25.4716258030385
16.164107946679
31.678694463335
24.4334643706679
22.3137889057398
21.9262851169333
19.6471155621111
23.429901083
22.9685842921872
28.032775351021
23.8839630968869
14.3542099744081
26.9559813240032
33.805491309613
21.3941738242283
23.7659253843751
26.2498878873885
13.3175306254998
24.3737172102556
31.6503736423329
27.1082248538733
23.8889391753973
23.039168282412
14.922402868386
36.1981797476715
33.1192556070164
21.3600587332621
35.0952446098779
15.7825196478559
28.9456907659769
26.8606871758858
16.0388023592532
12.9279991162499
24.5417804922909
35.0840530802912
24.6348469995211
11.9903347920626
18.4797687223181
20.6840973981372
22.8808649815619
12.2517390978421
24.2812683107331
24.3453081930056
32.1938261622563
20.6476564053446
22.3899818539095
28.3839844865724
22.7414479013532
23.9081742241979
26.1773065896705
31.834424007684
32.0330649381503
22.5865290180236
23.7617026316002
19.0007699653506
20.9002695965672
6.18976959958673
29.6022209571674
18.548613646999
18.5279288329184
37.3470516410498
37.0277578441392
29.6574236825109
19.8231714544818
29.1552404174581
20.5961420884193
23.8028547726572
14.5234388997778
12.5186176499465
13.9359918422997
11.7284183390439
26.0707122506574
18.8090397244795
32.9054235713556
10.5792459989145
12.5592733267695
19.2433893169912
32.0877017686144
28.2930010231212
36.5855572954074
19.3052262533456
30.7147664250806
21.4487562887371
29.2611044831574
22.5707979174331
9.9318050313741
34.9382335764772
19.0139353275299
34.3041311018169
30.86388038937
18.5375622706488
23.7793792039156
23.8718823995441
17.9270266089588
23.8729369128123
28.5172064555809
19.3645653082058
28.646912262775
34.7026235402978
23.4343189746141
31.0395886655897
17.2994750551879
24.0107465503006
16.6149007588006
19.2587539786473
16.0313858062228
17.7409860072657
19.1737645771354
26.887016906403
33.2762274425477
15.1975054363666
26.1153883067891
24.4925746694207
29.6654113568366
31.3292625360191
21.7451910488307
23.8406223943457
32.8721228521317
26.6998832346871
24.3686378277315
18.7810006085783
19.9186338344589
25.0728100538254
34.3483492732048
22.8766093729064
19.1748290555552
30.4325229022652
28.001123201102
25.3301825607195
20.7469189772382
17.4777023028582
23.526747028174
26.2157853459939
29.3864099308848
17.2639120745107
35.5192157573161
28.4924434730783
25.5638445960358
30.0465415930375
29.19068147894
26.3065894367173
24.2722246097401
12.9787559155375
28.0488569056615
25.5190841155127
24.9748386442661
16.5294582921655
29.7426613746211
27.4614052148536
17.3498726217076
12.5989981750729
29.257278307341
28.6367957713082
29.7441522823647
18.7626720638946
27.4918775983722
21.188234584406
15.2643434004858
23.7278709653765
26.4401955297217
23.790638637729
17.5166056258604
36.6917802465564
22.8705924469978
24.3781039956957
27.1816892316565
17.4794172402471
17.2915819566697
13.1146924337372
25.6057732272893
11.7512271506712
26.2318117544055
26.4060274930671
23.4052045924403
31.3406341010705
15.4781946446747
14.9802532745525
31.0093243140727
29.2557490989566
15.6562281656045
36.2178386168039
31.1171924695373
19.2185256397352
24.508968857117
29.0710723279666
21.9752328470349
26.4740417944267
22.5794890662655
28.9639533264562
10.7881881296635
30.7855016784742
27.7141820639372
7.5374434760237
15.4581831069663
30.3181036142632
17.5241748336703
24.5686880080029
26.4813446439803
24.2304706014693
20.0271530309692
36.6322874393129
22.7175635518506
21.2036309530959
27.8193036094308
23.1010915245861
39.2102703433395
22.5271892366419
18.1553629925475
23.0700199728196
12.5442419666797
24.1060253232718
30.8795663531612
31.0809615068138
22.9099811729039
15.7022702042013
33.8892685715109
24.4265638524666
27.0207145949826
29.1378109715879
19.2187626026632
38.0087665726847
22.3395958775654
25.2994370418105
19.9581948341802
25.9651331230998
22.6547869620845
34.7974457291371
18.5897992691025
25.5107602570206
33.3034845767543
9.52163666952401
26.69799097348
32.7750583877787
17.7642199676484
23.8994558807462
11.3291797235272
19.7184451622888
22.9396288050339
20.6320093713211
27.3143159225583
18.866182374768
24.3289402686059
26.6459811246023
12.9632741445675
22.8601726703346
20.0602188240737
32.4823870090768
11.4412665832788
29.4193132082
25.2479082439095
28.2143941381946
30.1063030958176
27.1661887411028
22.3825126886368
8.49489544307209
39.0353071947998
12.9464445170015
30.4091961588711
24.87701419846
18.4702285332605
21.7205857625231
21.2088431930169
14.9895619601011
22.4945807131007
26.7736236099154
16.2588625627376
23.5266190975678
12.3403336813344
31.6512661520392
31.2468582298607
30.7852655882016
28.4771765582263
19.3558070808649
14.8660998791456
16.4783980837575
23.6960597399657
29.0763975586742
25.7222009822726
30.4986446397379
28.2618035562336
23.2607325926857
24.7612458653748
22.4853979532854
21.4839991880581
25.3102210117504
19.6174386399125
24.1376674035564
22.9982157689982
31.766733317636
24.2594076087698
22.4834883626433
25.6564028095454
27.4726017611101
30.292805749923
26.7545890528709
23.7241972470656
29.1983646107838
31.3726743217558
22.3260437836871
23.3818142555243
15.3444082467488
12.0595651447521
26.2715871911496
22.1508140442893
32.4519098969176
20.3067706179963
14.5590834890376
26.9595037214458
27.0498983561993
27.0941998781876
20.8748723613098
29.2217720067129
23.6483847489581
26.5402734279633
21.7134920181707
28.76012083143
28.74030333478
21.2086080422124
27.6458570035174
28.3462978200987
25.4880105145276
27.9483737191185
31.45795033779
32.3645247146487
17.564708343707
12.4404656947019
21.3557945851528
14.7536535628552
18.8014910601966
17.7409296389669
34.886764943195
38.4191964731968
28.0462470836937
29.1408027056605
9.82502738479525
34.5856231171638
36.6855993845916
21.3327395962551
25.7759404368699
25.8073387120404
35.0503864375603
29.0207209506577
25.4360669991001
26.5170158352703
18.4037946397439
22.6382105611265
34.0113888029009
24.7737510828301
27.7345969807357
28.8705329177901
22.8746983688325
19.0430249889167
25.094176386483
27.8323939768597
11.5800220038752
19.7593711840488
20.0927210273221
21.3952162535861
26.880741189234
23.1320134131238
24.0049820626155
17.660172493197
14.0242985216901
9.39575866796076
20.5298625165597
20.517433132045
18.5787006679143
28.1426830492485
20.6560452934355
20.9438407793641
18.014589138329
23.2653812505305
24.3992404546589
33.8420467451215
32.2031539166346
31.2001916347072
21.8799206788955
19.4817299721763
18.2528644101694
30.2390457829461
30.1498511107638
18.588764854286
20.8156375447288
19.3991059038287
28.4422761527821
16.3775934865649
26.7179467903981
27.8013159753755
27.4516593432054
30.6010000407696
23.924064449966
15.6222861260176
30.0152041018009
12.1740930015221
30.0883899210021
18.2560925371945
24.627045262605
24.822474247776
35.6920144034034
24.5116929756477
28.0075520575594
16.6350548621267
21.2106850696728
25.5150666693226
11.3282988147077
21.8915458768606
28.5111139295623
18.546299659647
24.5404295157641
11.2850531470031
18.740746867843
22.4991327571471
23.6388521967456
16.8293475885982
15.0444701310801
20.6078694202006
15.4857464833185
22.8220223853198
25.0163415214047
35.1882338929273
25.9967007674277
16.6687110904604
23.939341516234
32.9447726486251
26.0506875347346
33.7893208023161
29.7735541127622
23.9199083638296
23.8478611689061
13.3461048128083
27.8150485130027
29.571174364537
33.4933179197833
33.4376658080146
10.7705847638118
31.4772073412314
22.0538805238903
17.1357337385416
16.6239838479835
11.7200380889699
20.1501135947183
32.3554021771997
27.8683298444368
26.1789283482358
17.0362937502807
15.4888918623328
16.4893072331324
17.187235121876
28.7308189319447
27.0584167446941
24.1393960779533
25.1673447201028
28.0098085058853
23.8504885463044
29.3384347343817
24.6243793517351
26.7352094873786
11.526804161258
24.4940725853667
15.8227590145543
23.9439601078629
34.2126616276801
32.0428631501272
20.0412047328427
24.6819990221411
26.7096225637943
27.1412843838334
30.7963882340118
21.222136169672
14.3556363880634
39.5688453202552
11.0355167840406
19.250337254523
23.5535711282864
32.1943204151466
25.7500996813178
21.775670783143
14.2319851182159
18.0432783439755
26.202300703153
14.9804166285321
10.8957369811833
21.8533185688229
18.8670201925561
26.8358984729275
24.6440302690039
23.343684989959
14.5842071428419
25.4145943792537
35.4445288058503
14.1886360412806
28.9759319275618
13.2337632821873
20.5852772827156
25.6413851398975
24.7042114380747
36.5063120232855
19.8898753384128
22.9410851607099
9.48579385876656
28.9764007553458
12.1525750206429
20.8940297132358
28.3426269656047
22.5653022760525
27.6930619264022
10.3060456058937
13.9887367142364
27.4680755333975
14.3476056633517
27.9988950351253
16.6456304723397
25.905240746215
14.1857208218426
24.8789862729609
27.1190866129473
21.1010551545769
16.5524462703615
30.9091644594446
23.7365873064846
27.7418812933541
29.9320346675813
26.1844895780087
19.1905584186316
44.6498280294682
20.9674005862325
26.4543924946338
27.8613746864721
32.2807931806892
27.2206739056855
19.2237324250979
23.898713872768
30.3498707478866
12.7801405033097
28.0533242272213
6.52029015054457
14.1026873141527
34.8131709711111
28.6767781479284
31.6226172959432
27.8645417885855
22.8711389183827
9.70493385248952
21.6121043375097
26.1017825817788
30.9436914278194
25.3969767363742
36.9510921162969
26.5710319858044
24.6169473277405
25.8504225639626
32.2419269476086
23.8520115613937
9.67433607757715
13.8949889579591
22.1551369177178
33.1240174360573
30.2559496369213
27.9334448976442
20.3349586592802
25.6133185699582
22.5980349350721
27.846497669816
14.573957095854
19.7188998805359
23.1969869519116
22.7141088600868
33.8536265306175
16.2903084652498
11.1403548103745
35.3323692434883
21.5058695524931
17.5471452297643
35.5989648358844
27.9151439201087
29.348901216872
28.3231940120459
22.3127688281238
24.5306116295978
14.3979532411322
18.9704267075285
37.5653568446983
24.1128710564226
26.6209338326007
23.069326672703
28.2398721436039
21.4160351082683
34.1298135463148
21.4680733857676
31.0784932225943
23.0487206323713
16.0712138516828
20.0372380437329
35.9122324750629
20.3845393378288
35.1738357607222
21.618856373243
25.4325993917551
20.4396711193113
24.7793335933238
30.0705059897155
29.5202057110146
17.1519712079316
24.6107657672837
14.3151537980884
28.7244040683925
25.9063853416592
30.5836681043729
31.3704359345138
24.1595532745123
25.9833115618808
20.4968916485086
26.0547132231295
37.2667820606632
12.6473025416423
27.0673816804586
16.0082665272057
13.87784993276
26.4941393164918
26.1331718647853
29.4058411149308
26.082528065291
30.8619475457817
30.3759396774694
28.263469808735
35.462057090291
29.2737754993141
22.685202723369
37.7310779856002
23.9478843053803
19.5000991225243
39.306219145308
29.7340956050903
31.3269793987274
22.9823714820668
27.9730687475483
24.5666444068775
24.4210403645411
24.2983144009486
25.9723032591864
25.3255989402533
18.1129278149456
23.8291182058037
24.6704471297562
19.611364393495
18.365905364044
27.96387122944
28.3737160498276
13.7900028843433
23.0658440152183
29.5901109697297
26.3017713325098
34.1050824150443
19.3744141608477
17.360577872023
13.3353476412594
17.1234681271017
24.870369466953
29.8635986400768
27.3958625970408
17.3329837406179
19.6863643359393
29.932300420478
22.5569067057222
25.8481676923111
29.6885824296623
26.4724289532751
27.0354319363832
21.4173353277147
21.4929718291387
17.5330349942669
26.0193805210292
19.1847218934943
22.114858799614
20.7346013979986
20.4861572710797
26.6444871900603
28.6548250121996
22.5804624613374
23.4009934854878
10.7318129856139
25.3792394883931
32.4838907923549
26.2700728606433
34.3015278689563
37.0216418751516
26.8206287641078
29.2976262979209
20.1201768359169
22.0469644991681
20.6308759516105
20.6935353829926
30.8500711340457
24.7307911515236
28.7016721675172
25.0487556681037
27.0116241415963
25.9582117665559
16.0486856242642
29.3828480411321
27.2977417334914
24.7542646015063
25.8575244108215
32.1568708634004
21.7326421290636
25.7537950761616
24.8117637354881
24.7614099876955
26.6895676730201
22.4048843607306
12.9367647432206
21.7879781732336
14.9679608177394
34.8840686937279
10.967545141466
34.6783039730692
26.7729333136231
39.2939879900543
15.5575675424188
38.94649464427
37.1940491700029
18.3804573298779
26.2125387089327
27.6733736740425
19.7624323191121
24.7978585539386
13.2164263580939
26.2012682855129
11.699481587857
23.7215648172423
16.499332328944
3.44164701829441
26.1181676061824
24.3772444250322
23.7947704196057
31.6821729997173
17.2375684138387
29.2306458344683
24.1353229280631
28.5578203761022
16.6365959215909
33.9148497907445
6.36006519198418
23.8039204435922
23.7976014846936
33.135257079266
27.8729108395055
23.5166866797954
29.9787640804425
21.6634515905753
13.8648672495037
25.9039173834026
31.8317470373586
34.0576097602025
34.9155172218984
28.1483411323279
20.1003695372492
25.7628763327375
26.1027419939637
41.6098364607847
23.7647519214079
29.6456139534712
23.8136391388252
25.9547736030072
26.3608845649287
33.6171451956034
26.4828217914328
21.2594934273511
25.5325775360689
24.0427640732378
19.9395216302946
23.3099510893226
24.6840469529579
35.6147513238198
26.9338373793289
34.3076250981539
20.1008245581761
19.7143574478105
25.6872188532725
17.7302301569735
26.4576207964987
27.1383468527347
22.295201360248
20.4028983600438
29.4664850691333
27.9371363576502
14.0090880682692
22.8435812750831
28.7655435269699
28.1804128782824
30.0847750157118
27.073689410463
10.8141459986568
26.0183200705796
31.3468204112723
26.560557121411
26.3172840233892
22.5154532818124
26.6043601557612
16.2113625090569
27.355353301391
25.886791315861
23.4441948356107
29.9579129321501
30.039381608367
24.1134993964806
26.0890668258071
24.6140442788601
21.610951202947
18.8374596880749
28.0212460784242
34.2794790165499
27.8296760283411
6.18841659743339
26.9738711882383
18.1139079404636
21.7137879956531
23.7681262660772
29.5107301324606
34.4772563548759
26.2746506603435
25.9862534934655
29.7594812351635
18.9105922969222
11.4686544984579
30.2406682167202
30.3835336817428
18.4839146677405
26.3587835012004
24.5259975167367
19.5877492194995
19.0481057856232
29.030270059593
21.8913106988859
24.9478096840903
22.1624003256657
13.5321207577363
18.9066853141412
19.973634951748
20.8877449156716
24.9881823780015
17.9324785014614
27.9916263185441
16.5800139773637
33.2373160868883
17.3358242939177
25.6013829353055
27.3579390952364
23.9976461278275
23.2852882239968
35.293142380347
34.4989353790879
25.8748824242502
15.7202187459916
36.9055709460743
26.0674260403954
26.7072344897315
22.3316270625219
14.8393403738737
19.4327199133113
30.0370773533359
25.7610284490511
20.5828835256398
24.1779886418954
22.5747149204835
30.7789000915363
27.8465872863308
20.0877538154803
22.0296420622617
28.2089363550767
25.6202401360497
31.0927607584745
33.6052812635899
19.7364060906693
18.2485959026963
18.9696945021143
26.3466935837641
21.0359593950188
20.4222503351048
24.2666692007333
35.6939085345109
25.8691180497408
35.3415803497142
13.5785570657035
30.6423709029332
16.4995327359065
18.8371505990933
18.1571295386732
20.8103103903541
25.0856070313603
35.5019902328316
30.1948896376416
18.3454033918679
24.8082522535697
13.3948458591476
19.8509274571005
19.8039087001234
24.385542050004
19.6937576144037
37.3432131176649
32.645824085921
27.9186555882916
30.0392855657265
29.7006808919832
33.2677415804937
17.705437812292
34.9342412628978
20.8051404413289
23.2870185980573
32.3547697393224
23.6027893791562
11.4797053392977
27.028543734941
26.4435015618801
23.9226744510233
13.4123649359633
15.9976956667379
18.8269989797845
24.8926539439708
16.1754902818578
23.286793497391
12.9510975908488
18.1138994637877
22.4440964637324
27.6100454619154
25.4249454635162
34.1864336980507
26.4040654525161
34.5319087384269
22.8538366034627
32.7637223526835
27.5382987286176
20.5011239263366
20.0248304056004
23.2052314395897
22.476470214174
28.2039299374446
29.0289870463312
29.9826696980745
20.6743884382793
28.8908376824111
19.3508472526446
31.7275381009651
27.0090800942853
27.5898890104145
26.7742197262123
12.3867195810369
29.590643523261
24.4205512106419
17.2315896954387
16.1125237587839
30.3594369674101
26.4076001476496
27.859719004482
19.6032098028809
30.6621390726928
23.8050543935969
16.742973588407
20.3841464128345
21.3563165161759
22.210028146386
36.1706716453141
26.007092720829
30.5804913397878
25.7753315136802
27.9539871399183
25.6146187178128
29.5235079480335
21.5731419622898
21.5404681395739
31.6941944183782
35.9207715646399
29.1356838308275
37.1220308334983
19.073091658957
31.2080005183816
28.9606234463173
13.4181000987714
30.0618263659999
18.5035775182769
31.0288551263511
21.0030085640028
8.3591754315421
34.1003470122814
17.2476021805778
20.3315134625882
21.5140403015539
19.6895261062309
28.153713904909
40.1099103947586
22.2261343151331
25.2431140746921
21.4482352603227
25.0858175102621
21.3866681326181
33.8528376771137
36.3849612817289
22.0412427093834
23.0556148570031
31.1029177159071
19.4809553911909
15.2244482804987
19.2933947313577
26.5019378857687
27.6282130507752
20.0539812678471
21.8818904133514
16.3315685000271
31.3742440892383
21.8470580626194
24.5638136877483
18.7885450897738
15.8679869025946
25.9719230001792
28.7261763354763
21.8109411653131
31.4716317458078
27.5342526147142
11.4004258145453
23.1344464684463
31.9703361252323
15.5372023349628
27.8056367998943
25.0218351604417
24.9985657928437
11.6612674364086
21.0232270415872
17.4875814467669
27.276403999175
24.9816887892887
22.4508553510532
32.4625932378694
21.5776911005378
31.2558402074501
26.0603873524815
28.2221253262833
22.8092452976853
27.5934058241546
22.3985349293798
31.4626532780439
21.2512301048264
27.5445563485846
23.4526025597006
16.4679944947601
23.7820944121763
31.66453843005
18.7529421877116
18.1498539151323
21.2220042943954
24.5402603410184
10.7534299138933
28.1853833701462
13.168070348911
17.1718940279713
17.5918740374443
16.4716357965007
29.8540626419708
22.5126255070791
29.6848293626681
26.6897561750091
31.4161379355937
21.3543276069686
31.4768415410072
16.1264635622501
15.023014578037
32.0980486692861
35.6440545808359
18.1947880424559
30.8458696783936
14.1452602809295
26.1695004068315
24.2131692357361
29.0376485092565
14.9447688134387
22.3006711574271
28.1125213485211
29.18766355142
26.9265609722321
28.6696383263916
24.0938235675994
27.1442336961627
27.757634970323
16.0891042789444
23.3766619116068
21.3832638620351
23.8596582552418
11.9630666449666
19.5865407586098
17.1515174908563
30.0331562757492
30.7990066474304
18.9731251914054
23.4047992620617
25.605849083513
28.4755512162933
23.7828945741057
19.6806088322774
33.7795987725258
25.872348101276
16.2816308205947
24.9632997903973
23.7488196464255
21.2841612325189
31.6225802991539
24.7847801933729
28.1049861572683
16.3401190191507
20.929512870498
16.2731816759333
20.4711466562003
26.0371271288022
20.7948534516618
12.3080256860703
32.9905587481335
22.8579183341935
31.7096420796588
35.3028930237001
27.9907765332609
29.9141033086926
27.9889990775279
21.6999153839424
33.6083841510117
25.635779183358
20.0491201132536
32.6443824451417
24.1398819588172
16.5396892224533
34.7611471341235
25.9114676894042
34.0673943748698
18.0749237537384
22.6620519533753
9.385333978571
33.3356685237959
18.0936310440302
25.3360865171999
24.8048101319
19.1477996297181
27.5578846223652
34.6063456963748
25.57179084979
24.4115785928443
43.9353309085077
31.9860842078924
26.9571185136385
27.5113879702985
18.9915303373709
18.9813300501555
21.9679775326243
36.7576909601808
24.8018480276903
18.7184224370867
33.0554886488244
21.7920613009483
9.62548642419279
23.5606843131862
25.1098736189306
32.3769856011495
11.3842318203447
28.6883735330775
22.8833793662488
25.8179706986994
29.4243775909201
19.8398385662585
22.5533491466194
28.5250049550086
27.3999964352697
25.8188423234969
32.9869413282722
24.9886044766754
21.8787911580876
29.7271892195567
25.974511471577
29.834381211549
27.2467950358987
23.2928815064952
25.0613832613453
13.8004078296944
20.7449700683355
13.7529963056428
19.653017167002
17.0581189449877
21.5543412560655
19.57041984424
35.122516423226
32.8234616667032
29.6677614562213
30.7137304218486
22.7150917286053
30.0548371393234
15.8499745419249
27.4716783449398
14.1501213191077
26.9123629899696
10.2413123939186
23.1617877492681
25.6998722674325
31.1648482689634
36.4204920807338
24.6254298370332
14.2253620020936
27.7002952760085
32.4112112866715
25.5593271693215
20.2377719467335
31.2779741361737
23.3930655755103
24.3160419436828
26.4184782512255
27.9903652379289
27.7368360664696
29.130600229837
30.4500906495377
24.4061810895801
29.3265746673569
13.1551322061568
22.4837322253734
29.4201684184372
22.5284571060911
21.3998557068408
22.0665820284086
27.7805959573016
30.5738825118169
36.2652630524194
25.9685105178505
26.7341688275337
21.8463353579864
21.8157901661471
30.9115725336596
21.1832821602002
23.4610790852457
25.3698342479765
31.2973303953186
34.6982359865165
30.5764510063455
30.9237397043034
24.0686670178548
26.7013589385897
24.6814429061487
32.8123942250386
16.8108643434159
25.7138131920471
15.2856789994985
31.8836119025946
19.0075455699116
28.4579719416797
23.0694506550208
26.621543453075
24.4277590187266
22.2220594574746
23.5168953891844
28.5534776747227
28.7827626336366
25.3760661464185
25.6864756112918
23.3316149795428
22.5046687293798
30.8030712651089
32.637712196447
12.4169190555377
26.1661106487736
25.3264794126153
26.5875960467383
26.3692411826923
40.0607398285055
25.3010871820152
25.9894051821902
22.9048946119754
32.751141814515
20.8751663332805
29.6497781062499
25.3862042212859
33.4649681812152
17.8825238253921
26.0448421351612
28.1614505453035
29.437718866393
23.1049413971448
12.7403596416116
25.8515910245478
30.7734635425732
27.787675592117
25.3300614655018
25.0688096042722
14.962711838351
26.4772124355659
13.4247459936887
30.7565417606384
32.5363754294813
9.28850907765437
23.5591747099534
17.3259168863297
34.6092209219933
9.78112726006657
26.8094299798431
23.0555771617219
17.697303998284
15.8447414869443
25.719020771794
20.6427759025246
14.4166385688634
30.2678694715723
25.1490431837738
12.2752224737319
30.0752765964717
22.3103529075161
19.777212664485
30.7761633070186
22.4349682392586
28.4571679012629
24.4468471268192
34.8690871128297
28.6824533948675
19.5538961561397
23.5684101469815
18.4704996645451
39.4499410854137
14.944645576179
14.9599772026202
19.9771638583429
37.7278083448714
30.5142718367279
27.0054153865203
21.7695256927982
25.7244232985168
26.4633593615144
17.0466535491869
15.0593645975643
32.2745769051835
6.80914155673236
26.4428909839832
28.487132396549
24.4019682984799
32.2931932052597
21.7774480348453
14.3571000779048
27.6999542489648
15.7739675603807
25.3102911636233
28.8011876167729
28.0246943468228
23.7874580547214
23.5715440707281
28.3616808941588
23.075906136349
11.2778389618633
14.9379551760929
23.6582724610344
25.3115850429771
25.135004078038
8.85167811065912
18.7806244008243
31.9600214716047
20.0429583666846
17.6569026894867
25.2251119818538
17.5662158522755
22.7588799782097
27.099363040179
27.4055772926658
26.7422880511731
30.9226633515209
28.3686818554997
13.97858734856
19.3109407788143
34.7830657826221
31.8752531195059
22.462013666518
28.704611514695
28.5430415910341
28.486101841554
24.7590136481449
17.8893516073003
21.4073109673336
26.098552159965
22.0308584393933
13.154921378009
17.1343885409638
30.6118412176147
15.633623721078
15.2887660544366
21.1061896756291
26.1935346759856
24.6092778863385
15.803793258965
20.9533050656319
28.3048985991627
31.3751282403246
17.4827142851427
17.3648005843041
28.9195795776322
23.3306155074388
30.8190364157781
15.5230549396947
24.9684185347522
21.4389242697507
34.2643534066156
24.019079114336
21.7814038740471
14.039977430366
33.7994842790067
17.8506597410887
15.5213374178857
27.9234616318718
29.099611658603
19.4352859165519
28.5323908552527
31.9296858506277
26.4889808837324
31.6465572686866
21.6907311385002
25.5176866194233
15.3416928240099
22.8119065393202
23.0141528207007
30.5800087517127
29.0938051883131
32.9524284927174
28.4142679069191
19.9414425086449
24.8373777139932
22.9116551885416
18.0637123994529
27.6139639317989
33.6161393672228
39.1038044800466
23.3704339480028
23.7466036109254
18.568448885344
20.5364334397018
26.7664273269475
23.8766761031002
23.0648158350959
16.580150835216
31.1790256528184
31.0683767544106
22.6143341744319
18.9243503968392
28.2193425809965
18.9205973757064
31.7279208218679
38.3135147837407
34.0850299689919
33.9320128317922
29.3822298990563
31.9939688313752
17.7047502679936
19.8320769006386
36.6242991840348
27.4913402274251
19.1640405450016
21.7246984493598
23.0488829081878
14.7372274659574
24.8823431087658
15.5190209625289
26.2848376994953
21.401425008662
27.3568815656456
11.7992420719375
34.0556692332029
21.1012729909271
23.0685388375452
20.7096114289016
31.250786758028
17.1386473113671
28.9374985033646
26.5737268608063
22.7704370394349
10.9341041417792
32.011944334954
23.9447464235127
24.0533071802929
30.9075521072373
21.1884528165683
14.4131155145748
22.4952343152836
32.915321434848
26.9859233405441
35.2962414173802
30.4050618084148
26.0426539229229
16.0453591303816
34.332685964182
20.5583282979205
26.2831620406359
25.6156393093988
19.8033074848354
29.7786962240934
33.0537534551695
37.7454947193569
21.4305760804564
25.1645528478548
26.9815910374746
9.3456563539803
27.6054629357532
20.9096666658297
29.798727906622
13.1235694356938
35.6583885361856
21.8251747544855
19.7104121558368
29.7885704552755
27.6194494916126
24.1609664168209
22.9789944831282
23.1612264877185
24.5888901641592
30.3716521244496
23.5985541716218
19.1734908148646
16.1683181300759
22.8398180333897
33.7814752710983
17.2262062085792
21.6512982196389
21.9651923049241
12.8854788374156
16.60290742293
29.4274656102061
27.247071499005
17.2118731251481
20.636492013
19.9780970346183
26.1749307267173
18.7058685114607
34.0440355008468
16.6387305172566
32.8051121905446
28.5438392078504
20.594474230893
23.8701021531597
20.6944734789072
24.4378793767108
32.9201959539205
20.3445925144479
25.2168543091898
27.6740428525954
13.3283914066851
24.9072546084954
31.4374439651147
25.3857665229589
22.8442411412643
29.7681990079582
24.8192806029692
14.5886241924018
13.5899904882535
19.357810379006
13.8969384599477
18.1475793244317
25.5628450307995
27.6550332317129
23.9353878889233
24.7808086220175
17.8552820744412
20.8858406171203
14.2479435540736
16.8184058905804
19.2854516441002
24.9305967241526
27.5701451580971
23.1030516559258
28.1406363705173
15.0827300729818
23.1036492623389
22.4316515028477
29.1818522382528
28.1106402631849
30.3487778874114
10.0302114756094
16.8830341659486
30.6043165037408
30.461927736178
18.2031396270899
23.0816377094015
19.437336968258
24.242367874831
16.6407346958295
26.4111415715888
20.4713427461684
24.1846541874111
18.3215685421601
9.55128433665954
35.8614074510938
24.7918401146308
22.9704126482829
18.1657547596842
29.188258596696
26.2927842326462
25.4283636808395
21.2597477715462
27.3372267072145
23.400898789987
21.8683120561764
26.5662608901039
23.3991642715409
23.4642223605274
20.9969243267551
20.544005645832
22.1153483726084
23.3379451557994
31.3752716872841
26.9380077254027
14.6831469377503
26.200490396819
14.5616461290047
29.1841023601592
25.3978355089203
32.8397186473012
26.0972646963609
27.9825299512595
17.7092616576288
36.5219348554915
25.8403477134009
32.7636292902753
18.1492473464459
20.9268748760223
30.2522497975726
22.2116773482412
18.83465629071
28.0678655020893
15.5131652252749
16.8873660266399
17.8902611602098
28.0446879565716
21.4163518053107
25.896482099779
15.3537736507133
15.6175662530586
21.8533460447731
10.8042352134362
8.51154723204672
25.8087220071104
25.8572304461555
19.4573179608583
12.5633491203189
27.0176245830953
25.0472636893392
18.8033359754376
32.4163926299661
18.1504798907082
37.1566643917418
22.6049216929823
32.0721700012694
23.2216629454255
30.1665538456291
34.0485205873847
25.9180707391351
22.9306067340076
18.751352163963
18.2182673688293
31.9327989593148
28.5366909345612
33.1601315177977
24.4898505974561
28.2130049308762
17.5042797345668
21.5075473999605
23.9331196062267
26.9280070060723
18.1166141964832
24.5257003931329
15.9451434621587
21.5879356022924
21.258213929832
18.3418724918738
37.2646866345263
25.4998167045414
22.6941745961085
30.9881084831432
29.5521839987487
24.8045283136889
27.0616777706891
33.0420113634318
25.5603695320072
27.2164492648746
32.4349147733301
9.18126758753433
31.1781322583556
20.0577498413622
21.7966963304207
30.1830911776051
36.4247771289943
29.1212823009118
23.7307394485529
26.1566544184461
30.9929187176749
21.3155829228187
24.7128448216245
20.5031171673909
35.4423602556294
38.0044639564878
22.3630321212113
25.6111563881859
22.612213389948
28.3486087573692
28.7894051522017
21.7744384426624
29.0063733002171
19.6525690024986
29.0065842913464
21.5174476383254
29.487664392218
14.7919591050595
20.6187422852963
29.6566730132326
30.5382193764672
26.7147037809997
21.9037928011513
24.4613585295156
29.2866994161159
23.2997839106247
28.4375081304461
30.6116280145943
16.2852670066059
26.1233246186748
23.5035970574245
21.0971335181966
28.2423988683149
18.3547208551317
17.1750453300774
20.5112111987546
22.120195068419
40.8000214701747
17.7296781912446
21.2629604386166
24.3886715034023
18.6366850094332
27.6857012417167
26.7807886004448
22.4171967139831
19.2929688142613
34.9868328755206
20.9833552641504
24.1929574636742
21.4619606966153
18.6642107088119
26.2981593376026
28.7505737273023
19.8288830230013
22.3626481136307
19.2955869948491
18.9237896585837
27.0665214862674
22.0082363115731
18.9928392177535
9.03396830847057
24.8097600281286
25.161295174621
26.1434117332101
25.5058837821707
37.7101461372099
26.6637907829136
18.7936469214037
11.3695106016287
25.5587213865299
29.5618887292221
24.6889349771664
16.4877318544313
27.0670722937211
32.5552987400442
32.8562192386016
28.8153145695105
31.7883741110563
19.2738421726972
33.8740590959787
30.7810323312879
33.0923723755404
16.8172605102882
18.672551587224
20.5058726016668
32.0033462252468
21.5737741673365
23.4825791558251
28.0516576720402
21.9462473411113
19.7856011800468
22.4420890212059
24.6111684245989
25.8646567817777
24.2472408572212
30.5485433433205
20.8622454959566
28.6977972700593
25.9742721915245
39.0717250273979
17.9798010969535
22.8514046641067
36.9198199334961
27.1357617514813
39.0461875435057
15.8413994591683
21.597872953862
28.2562062144279
25.0776271568611
28.9586486993358
33.4287561476231
38.650007683546
27.9793730936944
12.1714908862486
26.3042875099927
21.6416382463649
19.0213748486713
27.9495454393327
23.8200557650998
21.533932838432
24.0123870549724
31.0155304148793
21.1179860401899
28.6485315766186
15.9975444665179
34.8509757292873
22.3854893120006
29.9966365564615
35.7227229144889
34.0883796801791
29.0835136082023
34.048814070411
19.3028846057132
28.4358938224614
22.7277632569894
27.3358334554359
28.3375507220626
19.7328209877014
17.6977070281282
21.8442043886456
20.6016236916184
26.4087023446336
15.2510948479176
16.8996098550057
27.4590516230091
32.6397687895223
30.3068268345669
20.4436139436439
23.5071293078363
38.6700754032886
25.7601512828842
21.0115350666838
24.7894093301638
34.1937754768878
13.3121848941507
24.5148891815916
19.5306110195816
10.8281605876982
19.2679629893973
28.2947607551338
10.4277933971212
25.3590742358938
29.6888089273125
27.3089986993
26.774915214628
15.0159000812917
18.9098569797352
20.1337824109942
21.7829820234329
21.3031713385135
25.7952111773193
24.3074829068081
24.7642113128677
17.9957828915978
30.1463133888319
29.2636645724997
27.3721714038402
19.7995261111683
30.1393237663433
28.4580053994432
27.8988685458899
22.0020088367164
27.3841375717893
10.6258695797074
30.9859396424145
23.6351256025955
30.2080142544582
38.8455521597358
27.9519408708438
26.9747631857172
24.424963328056
21.6271498473361
35.0862438678527
27.4081671843305
18.6992326261554
22.2149591194466
32.1794781833887
14.2198819258456
23.3099496691669
24.1947578731924
23.1018002383906
25.5639557726681
23.5775366425514
9.1841283487156
15.3485533082858
26.3575498014688
39.3271262270814
29.2074695928022
28.5781090938105
22.5430429809406
23.3311931835487
16.0251562250778
11.8530681822449
19.6728198090568
27.3655736353248
28.8757478119805
26.9409157568589
30.7194767985493
27.7848439756781
25.1765701686963
25.6465772502536
26.7362230224535
18.8732439419255
22.184580587782
27.2174283689475
21.5387538075447
19.4383979085877
23.4254643413789
20.149846887216
25.0948278609909
17.1647172886878
22.8882569586858
26.9309500698
25.5768891787546
18.3303227826006
29.8854393186048
24.9219255521894
26.8872855929658
23.1530946679413
32.5039097806439
19.5102222030982
30.8671909384429
26.5255798352882
29.2473732914888
21.1871049599722
22.5645190570503
17.0179971726611
30.5396489799023
19.2114510340616
23.0257880020182
18.551634896139
27.7255146531388
31.8888324312866
17.0209479285404
30.7126398896798
19.9497960042208
28.8419341668487
16.8160232482478
27.4895720183849
19.7124500526115
27.3027039598674
22.5423825206235
21.7131371144205
31.2119494890794
13.7703405693173
14.2653328927972
25.6441710749641
28.1484651844949
23.790193698369
17.1255172463134
34.7297297851046
33.4974013036117
21.0338277043775
20.4115578904748
25.8617063751444
15.9537610597908
30.3916861535981
23.4474935576482
12.4485006323084
26.4407820533961
24.3874173145741
31.3871630001813
28.5607078578323
26.416423203468
25.6056539481506
22.7791169658303
17.3689079766053
17.5088162533939
33.7882211431861
20.8841463085264
24.362559639184
18.5709220045101
27.1769904764369
22.705578384921
18.0270863464102
31.7498564254493
9.44071137345776
21.4636214077473
26.6254791291431
