"x"
27.4265481159091
21.265230095014
12.1469950303435
31.9424152839929
22.8055029409006
29.5139952097088
24.0538840414956
26.8236592644826
11.0722000710666
27.3560513043776
30.710245781876
23.3074834803119
28.6892504896969
22.8985594002369
22.7337005601442
24.6819682186469
30.036673694849
29.0571809746325
25.9771764767328
16.7388956993818
18.5718599955239
14.2156265908852
25.9185104653625
16.2572628352791
28.1118822749704
21.089418977499
33.0182955367491
33.8381424779072
33.7969569955021
25.0054171541706
23.5680986428633
29.2931642616168
20.2060292940587
25.8071218151599
24.3774097878486
22.8856591507792
31.7945808637887
22.8013318974029
26.5744959237054
27.881396538578
28.0456564622
22.9838985949755
26.735466004951
17.2067604260519
23.8075642846525
21.055917115882
32.9025844112039
18.2851647794809
10.7613221328105
36.0268862431353
17.3826142912731
25.8929417002946
31.876868265681
30.8463069377467
10.4202999267727
21.2968550389633
22.0056803664193
15.7826274400577
28.1032665756108
21.555603435263
20.6708299694583
18.7558923686576
21.7053816188127
34.2043117620051
12.6008809776977
16.9708316447213
13.2843597048645
21.6573346334452
25.0701915239915
15.7596799079329
25.1441147411242
29.591716080904
19.0044791204855
27.5873258244246
30.8725304203108
24.2478613741696
20.4181957229801
32.1220354642719
23.3308262511699
36.2110667434241
17.1934702200815
16.8634763176392
16.8239446822554
18.3758084895089
19.1809579497203
22.2986604552716
25.7733670761809
18.3770968811586
30.4974924772978
28.4286204259843
22.9315201286227
29.0865635914552
29.3646275764331
14.3975475570187
21.0918762022629
18.2779217604548
16.0425423411652
20.4033353598788
27.2465937072411
29.1910316795111
16.165074847135
30.5286700138822
19.2690745694563
32.0621275575832
27.1851821336895
22.8842546697706
25.3826316213235
18.8779290067032
32.1177216945216
36.7359055650836
14.5366684797643
33.484684326686
12.3710745248508
32.2636554017663
22.014579968527
23.033847566694
26.0650259209797
25.956612941809
25.6818820722401
25.9514773497358
20.4557746881619
30.507629388012
16.8312552617863
34.4819124788046
19.7647436987609
32.4717224342749
29.9095243215561
25.6223405711353
26.6748039750382
17.502413247712
16.8349435883411
15.4690355760977
22.9530863696709
28.9113887120038
27.4113718885928
33.1665604840964
14.5967514486983
11.6510517812967
25.1023519318551
20.2878179738423
21.8070730799809
25.6790186278522
19.1498374333605
29.9158474430442
32.2104734834284
29.3358673807234
22.3165203817189
20.2499073697254
16.4857849245891
29.5002699596807
20.9186634980142
25.024883588776
16.0392283927649
16.694825864397
24.156674859114
13.3361385669559
25.8070644922554
24.9196577817202
26.7718890216202
32.5251942733303
18.8321894500405
23.0399745516479
25.4470984451473
25.4209753358737
27.7196142589673
30.8480912353843
17.5556308124214
22.7631259471555
29.2192382505164
19.7542530237603
10.4870725861651
19.4438770165202
31.7394782789052
25.9805216919631
24.9740440398455
21.102955029346
29.1314554400742
19.807140782286
20.5977629637346
18.5582209177112
22.6659511215985
28.1039755923037
19.1851858515292
32.5144132133573
25.2402972895652
25.376132898964
35.3175595270092
23.1586664449424
24.9670679041893
25.8200935088098
17.0215157791972
40.2123012093312
20.6195038976148
23.9967734924286
14.0710287587419
18.7872266281438
17.2042507911101
38.4122088996178
28.3725791257145
31.6676130751148
35.7422871305268
35.1428614908314
26.6300876159221
31.4831172814593
17.5268490986769
20.2871874673292
25.2774539636448
29.3988839257509
22.1597819356248
19.1146224737167
28.6559297470376
23.4099936205894
25.2866568509489
30.6919875787571
15.0057103484869
36.712076912773
19.2163917934522
29.6789778163657
28.8121277699247
25.6342684151605
34.0908652404323
14.0749973477796
29.037226526998
13.6677728965878
28.2335369847715
22.9564516549587
16.367076693425
21.6522523900494
20.3385448083282
26.197720086202
18.124493630603
11.7489449447021
26.8984856083989
23.6544063124486
22.7434466710372
36.687071869539
28.1300385948271
19.2425156012177
24.5900855166838
24.9384728726
24.8067332897335
25.7468222873285
23.0648434150416
27.0180518040434
26.1211095377803
23.5015759011731
39.2829071773871
22.5112265441567
32.1963848080486
29.8004278214648
12.7961708931252
22.1641943324357
20.4527281224728
24.1785090882331
22.9068501330458
29.0791956475005
37.8664381696966
23.9840187367473
12.2186985332519
17.4881903479981
23.1060421094298
29.5353626832366
16.0875518806279
27.7981659164652
27.9989223228768
13.0409663310274
23.1560778338462
30.5258438456804
20.5899047199637
34.1081634396687
24.8421478783712
22.2057084785774
9.0504246763885
24.6918935095891
32.3451954172924
24.2071032058448
26.8445021472871
24.2385404184461
28.8551302626729
23.8325467333198
23.3625591983938
23.3944273320958
34.6612222006029
21.8390201684088
25.4809547448531
28.7809932371601
27.7528080066907
30.3979865508154
24.8300861567259
16.5169254876673
21.552417986095
28.6867678631097
21.7761729843915
31.069909920916
26.63455135189
28.4091096604243
26.4531037744954
38.9400662975011
17.2146207443749
23.0418126564473
13.2915420473528
30.1174869062379
22.9918305296451
31.8056710064411
11.4054851738796
29.1367515921593
21.8495988254635
14.1703892266378
30.1945617422462
30.7222595205531
26.7020572442561
36.8586739504194
22.9017354990393
26.2562359450385
10.8139992458746
19.1958374364081
35.9142400769001
15.457077883184
32.5306734303012
20.2069541439414
27.9017498716712
30.629531503655
29.4403047300875
26.4161029896262
13.2470645010471
25.1978073036298
27.6286829030141
27.7721968246624
22.4859882383686
15.1617019437253
30.9127042776513
29.601895599626
27.7529520215467
25.8190936408937
22.3493953933939
20.6378447305679
18.3244061190635
29.6794992871583
24.9260358745232
16.8127863667905
32.8514245105907
15.8181304112077
25.449142511934
23.1642564060166
30.3534594597295
18.1588147999719
29.382709460333
27.2249845089391
15.1665274053812
30.3005997798678
22.2395210814676
26.3549140654504
22.8450587717816
21.4935020543635
33.045168267563
26.1355550261214
27.5329009396955
30.667177028954
15.6779794255272
28.2701556105167
22.2950979568298
20.8253129618242
24.8678144998848
27.6873300317675
9.66777557918565
26.1084405705333
29.9526665126905
25.4400787176564
25.1059277215973
22.7651922032237
27.2894516587257
22.2864625509828
13.3436764590442
32.859138539061
30.1800145767629
27.7092627248424
11.8835668778047
25.9298290962982
22.5561507279053
23.8869369029999
17.1264308039099
24.1856307955459
20.3829645412043
23.9731666643914
23.2572587672621
7.13886654585815
10.6426701880991
27.4947181576863
26.7984083620831
28.5917072789744
13.8906683772802
20.7245426019654
30.8448112104088
30.0521896220744
23.2227286091074
25.5262285005301
18.32054229651
29.31291279383
30.0600296584889
16.7287924792618
26.9235371612012
39.6582783178842
27.2751565556973
19.0874902764335
30.2250233944505
22.0346830785275
31.5737434895709
26.3929347507656
15.3576689956556
21.946834817196
19.9865872506052
26.366946217604
26.5752093400806
21.7699803877622
27.2325997473672
15.0073953904212
26.8715483136475
28.6987683502957
20.1597918057814
31.6946361912414
27.336263959296
21.7988742515445
13.9730861388279
22.948300675489
33.7237479863688
19.7645122883841
13.4706628180168
21.6967934044078
30.6949201272801
21.5336182730969
31.6893125651404
18.9105717202194
24.9939281959087
27.1707220003009
21.5496696531773
11.6780071752146
30.129239987582
21.4269056217745
35.3899147340512
24.9988350551575
29.7502807341516
27.3455034010112
31.4781345194206
25.54015587084
23.0050285113975
24.218675470911
29.04110068921
14.5522029604763
18.494980991818
26.0541804600507
23.3708970248699
19.5464961230755
31.9595822964396
27.5891764089465
14.5456425612792
27.2374982473698
21.0784089518711
27.4945960845798
27.5213618064299
31.540351989679
20.262779132463
23.0816461378708
29.1974320542067
22.8796852054074
24.2403884418309
20.6946436781436
21.8811044236645
27.5292963022366
18.4550600824878
21.3155843084678
21.2201418122277
41.0009954103685
23.04879326839
19.9685163563117
21.4608856403766
13.4690555045381
38.7478909899896
18.0927326250827
21.5435511801047
20.1615878613666
16.0704878839805
25.669609894976
26.3545983238146
21.3211918016896
35.2326610570258
33.5172374965623
24.5257474016398
29.7119296621531
22.1679206919046
15.2292606420815
26.3646536313874
30.8444411959499
12.2446993831545
32.7710077399388
32.8494987217709
24.8446660116315
34.5087302615866
26.5237489249557
3.82790700045956
34.3271953053772
33.0738022690639
29.0752557975831
21.5478087076917
30.5097670527175
26.8787069772363
25.8118849946186
37.3705542299314
23.3785496326163
27.9430812923238
21.5202526655048
16.0073282197118
27.772274473682
27.6267787208781
29.7783634625375
19.3968418054283
30.3758735768497
21.1409024428576
19.4937511114404
33.8405955117196
26.3458976056427
33.9112697402015
28.4943568054587
33.4076205035672
26.1163295246661
16.470270906575
25.5786499474198
30.1234318874776
18.739384948276
16.2670437467948
24.7715518111363
20.189195452258
31.5951015334576
26.9783786032349
15.5823592562228
27.9850424267352
23.630166426301
23.6927216177847
21.8335774261504
24.7602025745437
13.543215344068
24.310434027575
29.4690357055515
41.1896738668388
25.3166168462485
29.8733715666458
30.3511909907684
14.5915960660204
25.2076525939628
25.1071117585525
17.6869489485398
16.7385922279209
23.5480359915087
26.2546599376947
16.305874930243
20.9863379830495
15.4191143345088
32.965056411922
31.915795430541
20.7251913572095
16.4343605345549
25.9737377986312
26.6088337563629
24.5194706600159
28.0761279631406
31.077545462126
32.0593850687146
24.996734992601
27.0612331805751
25.9889208246022
29.9746005097404
24.8309941031039
28.6922917468473
17.0596159994602
17.6760110538453
30.1562517182902
28.7368964403868
13.984428154581
30.8047541417181
27.4893967201933
22.6354737533256
36.8847444179096
27.2663255222142
26.3611655682325
10.1732257087686
13.9488432566651
22.3303138862223
24.2965683573857
17.9959403118119
26.2528524268419
20.6659416937167
30.5904030101374
16.7402558960021
26.0624104489183
23.8693669671193
28.5104588259852
23.1469818390906
20.0135193765163
40.5235287712371
26.2248199433088
21.1814820300788
30.5902679683641
28.4324801526964
16.6361585259438
19.1862546373159
20.5399742582223
20.5606606788933
23.9681197640488
25.3118902910501
18.9980951370671
36.702193228466
22.1881258301437
20.6645256839693
24.8511403422801
20.2068256912753
28.6821361236986
30.5398713098839
28.7099519046023
31.802308303304
30.1020801067352
6.55771680176258
19.5180402835831
16.4664725540206
20.0887647609921
19.7660480820237
15.6382874514163
11.9345953323631
16.5079390634227
24.839937640354
16.5146678918973
16.3291941282524
22.1800849307328
22.7300571743399
18.7388574704528
22.6680660620332
30.27813823428
32.6937483856454
39.321848375485
10.264448216185
27.6388598993815
25.1602917676792
19.7250643977895
26.428893324919
12.8725409507751
14.8397663841024
16.7004624976883
39.1687981763339
25.7699104258791
18.5107319848612
30.3526296047494
21.2097651092336
30.6843972310058
21.9420102890581
21.5883072698489
20.1612288830802
28.0257009192175
29.210251220502
17.7680907171781
29.5589074259624
30.1191002363339
26.5086242929101
21.5627519646659
31.2490487936884
21.9630561070517
23.0522967826224
18.4837880118666
20.0508775189519
24.9037243891507
19.4499138742685
8.78950570167767
23.5569365788251
23.4559542266652
19.284248072654
34.0194155927747
30.6980550987646
25.8407442062903
25.8342045824975
27.4255331838503
35.4040243641889
28.0574891949072
32.0514145074412
24.8361687874421
25.3498430363834
25.8238696477318
23.2061333255842
24.8921546386555
34.0172595577314
33.2005736650899
25.8187538478523
14.7357049165498
30.4098322521895
27.8536185389385
25.3852386485676
34.8182236476541
24.4695054134354
28.0958543531597
17.1950124941931
22.27050405927
31.8702637916431
30.2970598684624
27.9673379147425
25.4309782292694
21.6772341169417
25.9409021353349
21.7157391831279
15.7544019143412
39.2132323960172
15.9286987392893
21.0480551468208
20.6955479539802
26.1162116920082
16.517072217539
38.651468742401
15.4710435308516
19.2077525891364
18.0743450531736
25.4741876851767
30.3902027662843
12.816699553361
27.0196854602545
21.3161782128736
25.6984570296481
9.56180908612454
32.4272280558944
28.9003349142149
28.8039282895625
20.0688934652135
16.5189335122705
27.2899373900145
27.946555474773
26.7565648071468
25.8565707830712
24.0261788479984
26.4621507609263
14.4829125143588
14.0257511287928
15.8556966809556
15.5107064473746
17.2472174208888
32.7757991384715
26.8171976087615
14.7012287983671
21.0526559269056
33.1883664475754
16.9347294373438
33.0142014892772
19.1354103094276
26.5115072252229
20.3695408342962
35.3299904593682
24.082372081466
31.7970951087773
29.6968733193353
35.1809250884445
33.2317376509309
32.5587995583192
20.7094556419179
30.6528850458562
24.4073270587251
20.7360384287313
19.7915772907436
17.1638729710082
27.9006118187681
28.9295407012105
23.7689191816602
18.9042149150469
23.6574487062171
18.0467772996053
26.5288697322831
33.2524850033224
29.9259789288044
20.2602386940271
16.3326544454321
17.8732579573989
11.3474811513498
18.0110622663051
31.4895206363872
24.1213169797437
19.3740022368729
24.7772628460247
16.569864936173
12.9983846007953
30.5128612322733
37.5568502095944
27.0519395824522
21.5745801571757
14.8145915569154
38.0057053153819
25.8812325075269
29.6352778794244
19.8912967927754
16.4051509769825
24.1506346967071
29.8022203147411
28.4265142632648
29.1509639238939
32.0808277698234
27.5353961158544
32.3617585003376
14.8522062860414
22.3088162019849
22.0133441733196
22.0188399545374
22.9657867224887
17.6333863087803
20.3629624564201
24.9598467489704
19.4113810081035
27.4169786134735
29.45641791448
25.3414273139869
31.7813057685271
26.3858018675819
32.5980701483786
32.4195694178343
30.3694851929322
20.1976725831628
25.5942579824477
28.0356122650686
28.2317365752533
26.212010300185
30.2053426375382
12.8597572911531
24.7216258896515
17.4207572592422
19.9947658926249
14.2935973824933
24.7579547343776
27.8695937944576
27.6882152073085
21.715321065858
33.3621032070369
32.5934445252642
25.1023372635245
10.9573500463739
26.4624542556703
24.3331486592069
34.5597780309618
21.8902988824993
23.8550842052656
14.9319199081266
22.3101976327598
33.4146679844707
25.8884357754141
28.1956617021933
21.5205802815035
26.6746534733102
33.3791464800015
39.7497589678919
24.2922208504751
22.9912274051458
29.8534949775785
24.8338110977784
29.0973745053634
26.256185490638
21.2574525736272
24.4161275215447
26.9037564750761
22.1879140706733
24.8040184611455
24.76281367708
26.9641320919618
33.5588473593816
29.1181762935594
19.560767733492
23.811963852495
27.7045739348978
26.7400291282684
28.3965497743338
17.0177449006587
22.357519700616
28.7588979117572
25.4024337195319
16.1879906896502
37.8538027992379
17.4916747665012
22.7265244349837
28.8440492004156
24.6043357299641
23.2436993392184
32.0171627448872
32.2522739646956
25.7222939164118
19.1988915113284
22.4858961300924
21.8734079991474
31.0795416356996
27.9151907423511
20.8016361808404
24.5842683747205
29.4148802524433
25.552423694171
38.8716477198016
28.7896365858614
22.6776907686144
25.1335876993835
24.0457284962758
29.5660747680813
19.1807823022828
24.2769508724438
36.6001060677177
21.2995113156186
18.5984367039055
24.1139995399863
19.762937258929
14.2122578341514
15.1995138678057
15.6217855168507
23.9531104685739
24.9039300251752
29.3044367339462
25.6214916007593
25.4089294699952
14.5929754711688
22.0189768824078
27.8747595148161
14.9460994638503
19.6610603702637
16.7601386085153
15.2602756042507
33.1392874708399
13.6864259373397
16.1763064991375
30.8520572260022
24.8925757777871
20.9222244098783
26.1548788985237
26.7709348350763
14.8122461047024
30.1252838457003
13.8101379387081
22.2494209418073
21.9301589066163
31.7853572312742
19.1735432948917
33.5888491012156
19.7802280124171
9.96335316449404
12.5111939871157
16.2768770707771
20.3958823061335
11.3052499480546
36.5324415631535
22.6014440646395
25.2554561709985
26.3238166691735
25.0612143659964
32.7841369435191
36.4280034301287
22.3492042860016
18.4086935361847
27.0829404704273
27.3267535958439
25.8931030519307
25.8883459027857
26.9247594987974
26.0757708689198
18.6107940140702
10.313069903166
20.2868026215583
11.9520416327644
24.1134525276721
25.1894592074677
25.3446926828474
19.3861862877384
25.7038385840133
16.3570022210479
39.9236880621312
29.2424011854436
28.2742342911661
20.8614494185895
30.9148124186322
25.5307393148541
14.5571270957589
24.9744888395071
28.6252040648833
23.1303821783513
31.8970845080912
16.7733360081911
14.3758912337944
27.4579957826063
27.3939079382499
22.6963635766879
22.4072275450453
29.5399395748973
17.3932373374049
28.2513801008463
18.7306200386956
32.9914752628358
16.1106270272285
25.0996162183583
8.09608935378492
18.8572243830544
21.2000184226781
36.1789732358824
29.0918744465134
18.6068635899574
26.3897505596859
25.4232298582792
22.8171517425925
21.8711236957461
28.1208822503686
31.3229270512238
18.2982573984191
24.3812424218982
33.6902619106695
23.2255379436538
28.4513712394983
22.1613793168217
29.8457496333867
13.227954483591
19.959116471
37.5847963981946
33.7948181200773
24.8002951731905
18.9997199138482
22.7016829419881
9.6926340367645
29.6655018813908
24.2945960257202
27.6669928338379
10.6716866139323
14.2115723574534
27.6410114720484
21.9688167329878
28.654676489532
30.3998825838789
19.8019328061491
19.0719733247533
33.6782486876473
32.7274860581383
22.7064900565892
28.3271069871262
32.3137731058523
13.1565232834215
19.5199276087806
26.0806014994159
21.7614978086203
28.5538259660825
9.97450848523228
27.2191557800397
14.5534208772627
18.610187929307
31.75553844776
20.4189589330597
20.4656457062811
25.4862598143518
24.6329439105466
33.4144636522979
25.498884730041
24.191704045871
31.361731926219
35.9768153612918
8.28385500976232
15.0172930909321
4.85973539762199
16.8753715723412
19.230398122891
23.4696259023622
31.3434455543756
15.9160130890086
30.6103953626007
18.4458828996867
14.2534153426325
33.6349953664467
17.7359743975103
27.8145976830274
19.3629717687145
25.5524529376999
26.5981745673344
18.5844925497985
19.4086793577299
21.9879288924858
30.5963319493458
22.9174269130453
25.0619204714894
23.2680156361312
25.1941091613844
25.658160704188
29.4622901594266
24.2200494976714
19.7259879903868
21.2115557638218
26.7376066598614
20.0708340620622
24.029670177269
33.0476525239646
28.1584001379088
19.7207376593724
26.9448428181931
24.5060621062294
24.7771081514657
36.2754688577211
31.4089725492522
23.6619964241982
32.5922958785668
20.1627033014657
18.1558585492894
11.8218946736306
26.3518191641197
29.9555737292394
31.0697582317516
32.3283749399707
25.8504761150107
26.4047352131456
33.1073035804832
19.8599815601483
19.4772256305441
23.9610204705968
18.4971640119329
26.6608314588666
19.9732162756845
24.5062205241993
22.6238535484299
21.7822467442602
25.3125088056549
22.6499267155305
29.8326508607715
29.4992052251473
30.5231167003512
21.4649375062436
26.8325054785237
16.2563423393294
31.9487276487052
30.8171004299837
15.3426761506125
25.7862095022574
24.8125913087279
27.0647838478908
26.6170177608728
31.9959638407454
26.1624339967966
12.9900248721242
23.9720164332539
27.9692970449105
33.4580533672124
34.4762573717162
24.6597473276779
29.3006210820749
28.5573236060812
22.2739290446043
31.8817039951682
35.2289947660124
38.8166286506093
31.4552836352959
29.1194134391844
40.6221311984068
30.9912948636338
12.7560354876652
21.5721927350387
22.9816839564592
30.2988539682701
26.0536930523813
20.3816391294822
22.1827778499573
36.0591452547765
28.9799834834412
33.9234285289422
20.3005511925747
26.1463404633105
14.3611024133861
27.0581953693181
29.988529952243
22.1390592167154
19.8862120723339
18.5271131875495
17.3287849407643
26.8150869058445
30.3083390230313
21.3052673294855
18.5866363346577
26.5133603010327
18.9859798876569
29.1611244902015
27.0978109678254
22.5416676839814
28.555131633766
11.8870256912612
22.211607825011
26.6248066211119
21.3792609751762
28.6583135137334
19.8079512454569
22.2335240803659
22.5357189076021
29.4853980885819
31.8342725979164
34.1452595079318
19.0542603842914
29.8271856969222
34.5037193736061
29.7958833165467
12.9234720254317
23.1080050347373
27.1284603513777
27.4468731367961
25.6408197805285
36.531303914026
31.5460732672364
20.1068583883245
17.8732567932457
16.3209726864814
18.2157695669129
25.9429311845452
21.6880300780758
19.7290699638047
27.4828888941556
22.3697279579937
34.1776049463078
30.4283837993077
19.4867895916104
25.870867841877
24.0525080589578
20.0216358993202
22.1865004161373
34.5657713944092
25.023576291278
26.6691403230652
30.3788714809343
28.3780697034672
32.9220169922337
20.4445683503663
20.7769499626011
25.2111296867952
26.7536219442263
23.905089427717
36.2855507601846
26.1717644287273
12.925654090941
26.5561777167022
29.122381657362
31.2030143570155
21.7018636107954
27.5683870073408
34.7032061650665
21.9550768379122
33.2342773443088
20.6541220191866
25.0937655800954
24.2769705364481
28.9010015549138
33.4287562873214
27.0358334528282
21.4174888093522
14.1172085423023
19.6807059247973
22.7288651978597
27.5969672016799
10.9672028804198
21.6483240947127
28.7921183337981
20.820511970669
32.6133939903229
21.2173297641478
20.3390194335952
18.6503222071
18.389527306456
19.9846523348242
23.6227817600593
28.1995983794332
17.2319227131084
12.5917822821066
25.2068624559805
20.8978243870661
14.3234677845612
34.2340507078916
20.9019814152271
18.4149160748348
22.9676885763183
28.1184423482046
24.5937771629542
19.2386057419593
18.525314796716
25.3753228811547
22.628394321025
32.049295050092
24.5338269742206
25.6471550092101
18.7507773283869
19.9607788119465
18.5866653686389
27.8594708879977
19.9236942688003
25.0027510803193
30.6805999949574
17.4021503422409
20.7414084114134
31.3185378909111
27.7589961886406
21.34539259132
23.6015096539631
19.7425880667436
32.9080031253397
31.4370821695775
25.7441914174706
32.5242590758854
17.0983254443854
14.5071689039469
27.7241035364568
27.7169512817636
32.2319019818678
26.6550204716623
29.1658403584734
28.1808577710763
20.6626913654676
28.2092579640448
29.7836293000728
25.9687558980659
33.2729075336829
28.1181056983769
9.27307275123894
17.2620989847928
27.2263165796176
21.9968874240294
32.6053482480347
29.6957225073129
30.498451855965
17.646109056659
19.8168931994587
15.7095143455811
31.347450776957
19.3819274893031
22.6168534252793
21.8139826087281
22.7896173950285
32.1924722520635
24.1893026977777
30.9841475216672
25.5077438561206
22.6335372310132
14.7501410228582
26.925222738646
15.3296953555454
36.7354910702485
21.539941849187
23.0710040545091
37.5833769307888
36.3358493407673
31.0616847127676
27.7524295567454
27.318696398288
29.6910527162254
32.6552713289857
15.0305908406153
14.3995424355276
23.394577467827
22.8119105739678
17.2665352933109
23.2233274495229
20.3404848463833
25.5101211834699
12.4608747175325
20.0684354174882
13.1826838711277
22.8153665966211
16.7866308242083
30.3944488521665
20.8014560397714
30.4693163838238
23.2703904577663
33.9071485446766
20.679423189722
21.0579294478521
22.4709367612377
25.3731159027666
27.4973930325359
13.107188032112
21.2528457399458
22.9706060839817
22.3542411863188
25.0371106667444
27.3755915462971
30.2431724499911
25.5555975949392
20.5936362501234
30.8756295125932
19.2856207257137
24.7855674941093
26.8481353064999
23.4831461892282
19.5669484091923
24.282933520536
26.4167703688145
13.2604995276779
20.4050413354536
16.2113021529094
35.7854788239284
18.5497655766085
38.1367254515594
29.8806225415319
19.000364583917
34.8359930668435
29.1672280756757
33.2633609650657
19.7798921726644
13.4746704738292
14.7712077246979
26.7491055419669
26.615001889877
17.1513423884171
44.9958420951411
13.7632351680478
21.6270384844393
23.2066801050678
35.7793494841185
18.4515418171208
23.0784867424518
19.0927888811878
23.1368540786207
24.0841404534876
22.7875363547355
27.1666904678568
25.9920313023031
25.0079113058746
24.048859719187
25.443920709766
26.188720716489
31.0039610369131
24.3750632740557
29.6982853906229
21.4088841807097
28.8844244321808
27.3540325928479
23.2275005197152
15.6724896747619
27.9096750410155
23.1722344178706
28.6283920984715
23.010740429163
12.1146983234212
21.4362090453506
24.6180684090904
27.2248030407354
37.1801570226765
20.0387886704649
31.932240864262
19.3680480588228
29.3012584326789
30.9222522191703
26.7568525858223
17.7240519784391
29.8741862410679
31.8836552556604
23.1490115867928
31.4491138560697
27.6330375811085
23.3641898254312
15.0809812359512
28.6295610014349
37.8797993974245
24.108779054094
29.3507996946573
33.5762457223609
23.6947173951194
19.0534866526318
22.1754557674944
22.9819017229602
29.2161997174844
20.0990949058905
14.2814992461354
34.3746594851837
25.0857678242028
25.1452372807402
23.1656114570796
24.8716098256409
27.4627673439682
28.594904136844
23.3938396209851
30.9598401134426
38.0845601519282
36.66447577788
32.1986863855273
28.6096516944297
20.885955542326
30.4406757699326
26.2745761545375
17.8381033940241
23.9138275527612
14.1434189165011
22.4469175329432
5.91955529525876
31.4604829531163
27.0839349366724
27.016116399318
21.3525666572672
20.7463387399912
41.0885504093463
23.4347912250087
13.5693743359298
35.7669392579651
33.3946819650009
27.1826972253621
15.4702129245588
21.4550796663389
31.4712728140876
29.8487645806745
23.0872609096579
14.3869976047426
18.6084887132603
27.5490439031273
23.4448453178629
20.1072072377428
18.3142308611423
27.8586136410013
19.3964865757152
19.2658036248758
17.6902631556702
25.1506755983854
25.1476572360843
22.7482115575814
30.1219809800386
16.2636349133799
28.8896930422663
17.8923184750602
23.3743596589193
34.716020924027
32.9409883590415
21.8920929124579
28.1145312357694
39.0918489657457
11.8070849346544
12.3436049558222
20.5617978004739
25.4048968199641
18.9037008121798
28.0922205885872
18.4959991136566
32.9890793655068
21.4916616445407
23.5818138811737
18.9800427062437
32.9508896451443
26.4183433027938
22.4750919267535
24.9343211762607
30.3938991622999
28.0647984938696
23.243285517632
25.9484738344327
32.667732425034
18.0250262111013
19.1188975935802
29.9960314063355
15.31592155278
21.4474266162142
19.3218897329643
22.0800034127751
19.105243193917
22.2287135431543
17.0792189148615
18.6622211709619
21.9096621731296
23.9348894450814
17.8780868416652
22.0524128060788
25.8142091101035
20.1316661667079
16.133170039393
26.6829361906275
21.9867912396533
20.0776534302504
23.2721908304978
28.4798415843397
24.6210250072181
16.435685264878
21.922970446758
26.959672461711
15.1244659908116
18.1832255795598
29.7840741463006
22.2442509606481
19.4201286416501
24.7282059397548
29.7317259013653
27.1581499142094
22.6944813504815
26.209300593473
19.0701852319762
24.2555833188817
23.9930268377066
36.3057417308396
27.9338957509026
24.0282548125833
16.7143718805164
21.354289422743
34.5971074188128
12.0111906721459
22.5921852746978
19.0033649327233
22.5390919070262
22.6609905948862
29.4081802479923
29.2354780016467
30.2051370497793
31.3211836153641
39.8885708746916
24.0975885652006
20.5080778105184
20.6487125018612
15.9767037024722
21.0539297200739
30.5547576630488
22.4056189879775
19.9961272068322
38.2306674008674
26.684287446551
29.2983176893719
21.3221354410052
24.8556638834998
21.6637649418277
25.3401665017009
20.2211190480739
28.128496138379
29.4970788294449
28.377814241685
23.7365214852616
35.3701720499445
19.7134317131713
18.9324404811487
21.37698053848
36.9902052082399
37.4806694665408
25.7394700078294
21.4021957712248
22.7736385772005
29.4335400918499
15.5786054907367
31.6198545042425
17.7458809223026
14.3081617308781
29.9036999233067
20.0546827400103
16.2344274576753
25.1392431790009
26.2341479538009
20.5029808683321
30.0782312871888
23.1638090279252
32.2109807515517
25.7807524419943
29.1668331483379
28.1252280576155
32.5751558644697
30.0251657143235
32.5659543043002
23.6613038895089
16.9381297193468
25.4364988300949
17.9324022959918
32.5530263392487
27.4075902532786
24.9983146321028
19.117528105699
21.5693340403959
9.49891300406307
24.6975045418367
21.2363049458433
27.9888567281887
25.218811724335
24.3114730343223
20.7186173181981
30.8903692523018
17.603758430875
32.6552254613489
24.4345953222364
19.3725680932403
29.007645486854
20.239021955058
25.6049305283208
9.36240029978089
10.1019982481375
34.1625904431567
19.0700916573405
19.3172856932506
28.9939463837072
22.7236023172736
29.46505213622
29.7798112034798
29.0546079864725
19.2461473867297
16.7854266008362
28.8357629207894
22.7181874681264
21.4992116438225
19.614967238158
21.2145883822814
21.2816981931263
31.0805054148659
28.8610448595136
12.9340832922145
34.6292010275647
35.3271372801269
21.7643004143611
23.5105186002329
27.0674804225564
27.9083993751556
28.5615392262116
23.8455557730049
17.05448620487
32.6862687710673
30.362642579712
25.4610023926944
30.2586501464248
27.9881243593991
14.7852760414277
17.6866940688342
31.870690966025
22.88761746604
26.2704636668786
30.9942768188193
19.0214546630159
34.5080364262685
25.6001631030813
22.4594433326274
35.1278548266691
27.920494787395
20.3601649031043
13.7992719653994
18.8853734405711
18.7110777711496
20.274700736627
20.5131442053244
20.6862170016393
22.7647488005459
5.2860762225464
23.8195355283096
26.6384008573368
21.1398362876002
26.1256222380325
21.5188606215129
24.2497057653964
12.196105113253
21.4655933436006
18.5848242370412
22.6914156537918
35.799720782994
28.4474913030863
14.2712089698762
22.6547351805493
28.7649422883987
37.4563541582751
13.1843473762274
30.2041779272258
35.3358830162849
22.9578919941559
21.3040247145083
33.7425573728979
22.3207492846996
32.4430999346077
10.3345254668966
23.6621033630011
19.9556463165209
14.8105816915631
12.9264664836228
18.5713720275089
25.2530033700168
29.3806319823489
20.2653545653448
19.6388350334018
27.9946832451969
17.9599390365183
22.0485739875585
15.6569350510836
16.7662018353685
26.1125481687486
29.6264931792393
15.9771319013089
29.1012743255123
19.8152981465682
18.6243861608619
16.4050528946992
11.6788606857881
28.9659695932642
35.2828908572178
15.7507840543985
27.3751840926707
28.0270165996626
8.89211385090399
28.9774327538908
26.5228774398565
31.7292937543243
15.0372606112056
33.5829473566264
24.6252707205713
23.6585673643276
13.4021073346958
28.7507005734369
23.7019765103318
33.7299071950838
27.0660059293732
29.2006391100585
38.5540497002608
27.9709847876802
15.6378243817016
26.0459289187565
36.355883812294
22.4547916324809
20.3494468703866
27.3318469291553
5.99128718022257
21.0742864757776
27.4641273889771
11.2785225734115
12.3130541527644
27.285148948431
20.4196665901691
16.3898324361071
29.5707892626524
18.2083019829083
26.8465999048203
26.068746089004
24.1241250419989
17.0606547035277
30.7088711764663
35.5645006501532
26.6231063054875
28.2452909160494
24.6743424312123
22.8146483423188
27.6616418734193
11.6734730039273
17.110974364914
19.1721324576065
21.5913493186235
22.9795593302697
24.360220413655
17.5923868315294
22.3492164863274
27.1733135450631
20.3688099049032
28.6795289022848
19.6231271605939
26.6160359140486
21.3743244763464
30.2133627934381
34.5114742638543
25.8891094637613
18.9786358379882
19.8893134249374
20.0047081336379
29.4533402658999
25.8597997482866
20.6289891852066
22.7833735058084
32.2511493228376
17.920017009601
23.8277962431312
23.5283337067813
31.5012446371838
23.4167092014104
26.6302331583574
26.3191878795624
25.6934382719919
29.7801037231296
18.2968947803602
19.7605938185006
22.4564528092742
27.738706735787
25.0568258783185
31.4723617164418
23.4271115508179
33.5284234257415
22.0103298417995
19.1371726570651
14.3898158101365
32.4072653893381
20.0873815920204
35.6181157731867
15.1495123186521
18.8480552106303
29.3636603513733
22.8673896752298
24.000196531415
27.6741742156446
19.8925562668592
23.6955491593108
25.0533532816917
17.3002563415217
24.734780844301
23.7458586227149
27.6283234125003
22.4477077368647
18.4699459699914
14.2365816711928
16.6947447229177
26.9134100759402
23.03427583538
18.2278685471111
28.4047451103106
36.6836960406458
37.4370473416007
26.7263945192099
36.5110141871981
26.4923774870113
20.1874712688065
20.1704974053428
28.818373195827
37.6826550409533
24.0372944669866
24.173934943974
32.5690479949117
32.354470831342
15.9825517330319
10.45801178605
22.7626083018678
30.9103726951468
25.5066765472293
22.2140590660274
10.2369142463431
29.1630855062976
17.2290770077828
25.4177146358415
17.8315617033512
26.0394610697404
32.8780077397823
22.7712866151705
17.4523514462635
31.0884582111612
23.265551100485
22.1794014330953
18.7746661715209
28.3167059300467
29.3993485625833
24.296840999246
27.6221949374303
26.6368894604966
18.8543096184731
23.1501808157191
24.5987005764619
40.5299466547972
18.097874396129
15.9437735797837
31.7195196868852
19.90213030644
17.9918326204643
5.74722015298903
20.896485238336
21.3737382786348
18.5953012739005
24.3386346148327
23.6813491443172
33.2065149676055
18.0160676827654
34.0812090784311
27.468513790518
22.3217156002957
9.12382300011814
20.8947988925502
17.5000597489998
23.2442892855033
20.2258606825498
22.3408026466307
26.7101677367464
31.6038479330018
22.6567307719961
27.9989107744768
21.7041939496994
31.9005144061521
33.2252382300794
20.3844158444554
26.1031370609999
31.671208050102
27.948883571662
18.0862353183329
16.7597088608393
26.2989913346246
17.7070254299859
23.1496333377436
27.688394812867
22.0167800974799
27.2200862178579
26.8800080288202
23.2110967161134
30.0988819217309
28.9119264809415
39.4209698489266
21.1638420212461
29.3004372389987
23.1550715398043
27.0856719929725
23.3384490711614
31.9676645332947
26.1208559386432
22.975162952207
11.1339574214071
22.4505197955295
31.4282623585314
15.4801237164065
36.8327411336309
23.7385014304891
10.1538633622889
35.9242688617382
12.8715648540637
24.9011779204011
17.9831622168422
19.428129205929
24.0261943202881
24.1971511187016
27.1523504956035
13.6306440435112
20.9635818032184
