"x"
10.9273011605336
22.8591619525105
9.4700783064946
20.2223947992177
17.1150591224432
12.4643338468645
5.82395859528333
16.1964434199035
23.5789685277268
16.0777375334874
9.05602707061917
23.281338904053
6.95875068195164
8.26673237606883
8.62183447819478
28.9443100336939
20.9946610499173
13.6723878327757
12.9509388236329
18.994347473929
11.0670149559155
14.1427933238447
25.6069960305467
16.8914596651114
12.0314738946642
18.7822444032024
18.3679417965223
14.7813023300841
17.9083137074485
2.43801723700017
3.42710903713398
6.20728712528944
12.3036272643544
15.3388020474167
11.5913256581989
9.46497600525618
4.33041716460139
7.33772378880531
9.58900979265441
0.832888088189065
15.9756542747485
15.3847257606685
8.78666280768812
23.6436560750008
5.10066652204841
14.1980765620247
17.6220228895545
7.76701860595495
19.1438259549265
24.75707444828
11.5116237429902
15.1784335263073
11.369516607374
11.44589094311
9.79283163620184
18.9664403675124
3.38709119241685
16.81862056721
20.9884615847841
10.6853537772655
7.61758942673833
6.46687706466764
15.2765403268859
22.6636122112562
21.5349424630404
16.9803719967604
12.6793364761397
11.3050258951262
6.77279003430158
11.9273876442186
13.7949175127215
25.1242002937943
16.4237166056409
13.4413684718311
7.60389075148851
11.4465367368749
22.0439463853836
20.8219767315313
17.2824847046286
13.7491007335484
8.69017019867897
7.73599205129009
14.4577090861276
29.5238261576742
12.2261055694814
13.777238324391
21.2479464476928
4.84951684436646
7.73841536554245
20.79918961972
12.0625700292488
10.5515559669584
10.3908248944208
10.623697736971
22.5245142821223
16.1208831937984
7.1361669106409
20.2010456472635
13.1024439586326
9.78478941347744
11.0982042013023
8.54164373595268
22.3502250388265
14.8192099857516
14.8930924204156
9.22583402134478
7.1058215796489
20.2780992017215
28.8000945001841
9.06960216816515
7.70109930524004
11.8745518149808
16.3252777419984
15.7104926588631
19.1666414836675
7.68538499251008
18.5944471042603
17.7670229459181
13.1987468792689
12.7635723788464
15.3986748307943
11.0155658563599
16.2341403076425
28.8438100833446
13.5366508737206
21.2467856450258
5.96980072524379
15.5573404536969
8.96596817765385
16.0361632239074
15.7195555990158
13.7374297072141
17.3767522908747
11.6538710962114
18.5439987108111
8.17176436539739
24.2687821155414
10.8054159088622
6.72614242242988
15.0897772224981
10.7200656319037
25.7864245446399
11.3431237405166
24.2173686157912
23.2007537269965
10.9019419178367
19.0751237818469
16.3367299363017
14.1942600719631
15.5225599883124
14.1153883188963
13.2768116658553
13.4781852830201
27.2476347861812
5.58523186482489
12.7639719285071
3.56375980190933
19.7510645950747
9.71230159510451
8.61420067958534
12.0078306877986
13.6444967705756
30.7003090856597
22.1648106817156
24.272860516794
20.6167936742639
13.7960872377551
6.53627447318286
23.1897113844752
2.34710080810175
13.4295802563429
13.9647309435531
9.88643923774362
15.7080897362903
14.6579826835523
18.2721775490791
9.11944378167391
10.5689671589062
11.8769202614203
1.62138969558236
11.4621229678989
14.1959869768471
13.9388616191834
12.4413972720504
12.2657833853737
18.2328375987709
14.6563204168084
5.19474268514467
11.1484774155542
19.8833979433402
6.61891309273773
2.88864364847541
9.28155644796789
6.3816572380511
17.5843148026615
16.0388479707763
13.5728224180639
16.032709274441
15.7529671676457
11.4948183530942
7.2131963679567
6.82481564581394
8.61387003540691
14.1781416888506
24.3584131589159
13.4190652519464
4.84916380463174
22.4385492736474
6.01130316499621
15.3522733831778
11.8117712666098
17.2828862443566
9.95458802208304
10.8853700570762
24.1555624175817
22.5097098601994
15.9248455660418
12.6788836438209
27.0306078018621
14.4244240669607
3.1757420161739
24.8068350780703
14.228899916634
10.4666678467765
14.0320498030633
17.7473420044407
14.9503216845915
8.44088305880371
7.56019094832894
15.7164768083021
17.4392823255234
3.12775200755191
12.647645897232
14.1847774386406
7.06836185418069
5.68140870891511
10.7478727157125
3.25768538060248
17.8649711112093
11.7804219247773
24.2034403141588
15.4251291183755
11.9747070362791
12.7284678622129
19.0616083331406
26.5296383928318
14.6393955452368
12.7897323807701
17.6499783992767
21.4866739232093
12.7982024336234
1.44392128568143
3.75294186811074
12.8502283245325
15.7782040596689
19.8736837832257
10.0284540327266
8.53778122142294
10.6919768046255
26.1192136909813
4.07027733583608
10.7140138046816
18.215866247192
19.9413908645511
13.4224435547367
6.32197125814855
15.4702825238928
10.7642003567889
16.8145720473868
9.16669953148812
11.5107986610383
9.99281846452504
8.76224397215992
6.68283466028603
19.4986547343433
17.7543197525665
16.899357076264
8.98722526617348
24.0685288561508
9.53786236323451
10.9862631617214
11.2041007261723
16.9348089955747
12.398149858741
11.2836945801973
18.2231494691223
26.975481494045
20.7733918214217
16.7852432699874
17.5788288470358
27.0758073641607
16.3023436442018
9.87506818491966
25.1666939240293
25.5000246921554
21.6905095614493
10.2195005863905
14.5659167296072
16.5468409191817
8.74873057473451
10.2110422682017
14.6547461053822
22.4482928868383
5.34558505751193
8.17296674691952
17.4444110598415
15.4924708418548
12.7152422908694
0.855371286161244
19.8581976117566
17.8445453768683
18.8308558306623
9.79217630811036
12.8866687649861
29.8659623833373
9.87087266985327
24.6998619521037
13.7750750873238
13.4082896634936
20.2299813972786
15.0400104466826
17.0792450271008
7.0865352943459
15.2321578223202
9.77131391641728
10.9289721017698
13.9529227279127
19.278373895213
26.9505755743012
15.2950332500041
15.0613857381434
4.62916241958737
11.9319063844159
9.42829318807966
4.34871399941939
23.4372120350599
25.2185970311984
6.19633564169098
12.7598619313151
8.97990181150851
21.9889188185334
20.3773375134915
8.64330971314006
6.88216775664061
5.09675976354629
13.9323474606499
8.33166013471782
21.2655742323388
16.8204088268295
14.7258194396272
14.2988915019237
13.7601611437276
6.39826548285782
8.53923882823437
13.8009046437219
16.7760492535308
11.0710694920272
8.68260727764349
11.4759887202833
15.3160907560959
14.7118407301605
15.1840588757991
18.1970973033458
8.37104842469578
20.882243080996
18.4896101476625
15.8004869474098
10.8699164967576
22.4113290896639
8.20864234371364
15.7510713441297
4.88602938130498
12.3608163325116
22.0623313449323
10.5027089593932
16.9299832778051
16.0591166466475
18.4351948322728
7.37552114296705
13.9387833712278
11.8400412611663
9.64553679805249
7.02476192649907
14.181439940644
21.2334032636136
13.5116918710992
19.0549153697645
10.0844930434967
28.9946090430021
30.4105615476146
14.0346308067099
10.713870334439
13.9070402830839
23.7785128876567
19.0986864708393
10.5007222105466
22.332021757029
4.19107030611485
20.5286747543141
14.5741762360558
17.6030933856964
0.176279208702339
4.00188599200797
23.6950870671211
1.8120152316146
9.2339119175449
8.36001387797296
9.97280308511108
9.88341856282204
13.785791490227
18.170169275254
21.0084460442886
17.1485154656693
8.77056866354065
15.5877174343914
13.9728975351909
12.9010676578933
23.9601811394095
1.14641673862934
5.95408980747025
23.7620121100917
10.5592938140035
20.2424523886293
14.2871536780149
16.538874595426
6.47793042568704
14.790776418522
18.4458029101597
21.9712260179222
17.288106912747
18.2603886137362
16.3544392733654
16.8960048118606
13.0986381296794
8.56718999375544
15.1247512549162
10.8624305576086
3.47201263066381
16.3651287332842
23.7553818849847
15.770929638453
16.3287510629743
15.4471355552575
11.1818713368848
5.39270534081659
30.3939397679642
10.5210603204109
3.03035501856357
8.19174442440271
12.7997387899086
10.2704659449503
7.7038295334205
14.6222763266048
2.07631478551775
18.1658525718376
22.5840361788869
9.01671703904867
18.4817364206538
5.68287062008654
8.96588303148746
14.9529316462576
13.1082996493205
17.0400528637314
11.6897304309532
12.6354142265341
20.7476605114536
17.5810913788155
6.76750152240422
7.37543313298374
24.3219989119098
10.94729027338
20.1811922248453
17.4579366110265
0.608409778214991
7.93628890533
22.4134566262364
17.4580614315346
18.9871170790866
13.0367081368126
27.2125175455585
11.5213892888278
18.2042815453322
10.9244266435703
5.31619009561837
13.9487577369437
23.391300952062
16.6065003490075
6.78128788906233
9.49341721779224
4.61973261553794
15.1808696321147
13.8849928043783
20.7594033290999
14.2044851090759
9.54600169185747
17.0720420272168
19.1757773980498
22.6605564588681
22.4259651006528
9.33249634690583
21.3082943077125
8.32494597416371
5.51477529058602
11.1643626820296
6.58683853689581
13.3388780988753
9.10881308373064
10.7110434444621
17.348683369346
11.8599877827622
5.73848485628562
19.4044257158045
7.32443619053811
14.8704963969067
5.68908979184926
17.7805398590863
22.4510815693066
22.4954995326698
13.8663240242749
12.5193790121575
18.9556031564438
9.72498221010143
18.4163141762838
14.8454926727733
13.802442606593
12.6236744923517
8.33735605701804
18.5241973260418
9.18090177410529
3.93319619722723
25.0481786904857
16.5877140359953
5.70203497026963
12.6381202368066
20.6098166992888
19.0229840343818
21.4164695004001
3.34175401367247
8.95382964517921
22.8647594572976
12.364089791663
25.0479172449559
9.77968203369528
16.3307112874463
13.5721213649958
15.6240423695334
18.3710728767268
23.4110550256446
18.2768617756665
12.5670517385057
15.8122485503554
12.150490963769
14.7607567859039
7.53354958724231
13.8666307320818
21.1002704351697
23.5557367792353
2.82844167668372
21.9300951808691
18.0418495088816
14.3497281505079
16.0377226076125
4.59682567868418
7.18324445188046
15.5057896161452
18.9939574526144
15.6657839892432
23.0757303070277
9.1186585069905
9.74185455124825
21.5357976965606
5.92919830728917
6.4588668057695
14.6505187498406
17.7611355669796
19.5916912285611
14.3062126124278
18.0341736609827
12.1888722517321
22.2566852578893
7.42533940440233
21.1276224348694
10.0619234426657
2.77426959946752
18.1729807052761
22.310468996875
18.855271092616
8.56159561594082
19.8960390873253
20.1215386623517
12.6103618182242
15.9087129868567
17.4759346862948
9.30394173385189
14.5076574187848
5.02924286865627
5.723273800686
15.5451670745968
15.4727332061157
10.4101171717048
11.1030063591897
13.5540627641603
11.6439976030961
7.62763754464686
18.4969047782943
13.6664031073451
17.7249039290473
11.9654715294018
8.6989426985383
14.7186879914159
6.43215428572148
10.9870634740219
22.059241682291
7.93303882237524
22.3968383157626
19.5920175438175
12.6062459312379
29.9452989595011
16.2599121918902
3.20719738956541
16.7475367663428
11.2763311481103
18.2441535172984
11.4006780768522
16.8011198751628
13.2466099280139
10.8318761689588
21.2242634501308
3.88674228143543
19.6612769904936
10.8630803512417
10.113742062822
23.12746073585
20.6355779664591
10.1735796080902
20.5444313352928
13.7816162398142
2.24277292261101
25.3048680722713
22.7084050886333
13.8050653738901
16.7189289815724
12.7071232534945
11.3727848045528
0.525833467846872
16.1186910700053
13.416175547656
7.91227896697819
2.46074718025516
18.5258456949351
17.5833533700683
5.11084722344066
22.9188293326259
18.7328069237992
2.46492944754664
9.54216574318707
9.82577261340372
20.3952997457236
29.1079378633788
13.3250691927969
9.40932217054069
7.43382525276949
10.0674014208969
8.43921007603574
22.2687159664929
23.2301960000768
14.0243153505547
16.9870984507725
18.7654353678226
17.3143950290978
8.52772651705891
26.9609285201341
14.0426757978275
16.7478441000039
3.79621179332935
2.33836143743247
18.5453697420215
14.1961547523397
9.13430785294622
13.6937955098018
18.9323540483325
25.9638350456953
16.0166117828339
16.7819854803383
18.3117862092331
6.75336812763631
8.15114078005794
21.4801995630157
11.445475067012
11.2092771334574
15.1262122771495
17.654206082945
18.252620100975
10.3120645900223
15.3133241676913
13.8528334209695
2.95499911313345
21.633835695684
3.54648537468165
8.38648106437176
3.27157856052129
19.3780282279477
7.29282472748309
23.1441817944869
12.6927803037688
15.8864375436679
11.8996406625416
21.6814574087039
14.5011908141896
15.6742176739499
20.5069797251082
26.0713009862229
3.60316254664212
22.5465821254039
28.2624536426738
8.5825739033406
19.5380338700488
0.451921275816858
10.2899861349136
16.6415529065729
23.5583735164255
14.4732219399884
13.9834728557616
12.1619688114151
18.8290306832641
7.6307026669383
3.46229306887835
11.2227502869306
11.0413210233673
19.8137324536219
9.83904597815126
6.7223322626177
17.900739912875
25.6817838875577
9.51697046402842
25.5209497641772
15.8378032850302
15.0214214110747
12.2246232399514
14.1343262712066
14.4027641741559
19.345346908085
19.343515811488
11.6246805060655
23.9883896196261
3.80754438228905
17.1091537971724
2.59465107228607
18.3893341105431
19.6029694285244
4.36244803669806
7.49395864126576
12.3358740704134
9.33928262435001
7.03313029371202
23.5890679527074
13.1403498817235
15.8062362909316
31.5526033751667
9.43285650573671
8.79987007938325
24.122313916959
14.9508916772902
17.0432169223204
17.1396112069488
7.5571819441393
24.2791400989518
11.1787933157757
12.8509272361691
19.5843755500391
7.69522278569639
9.54756683204323
6.5208499552682
21.5350284939632
16.2769814021885
12.991659335465
15.058706770651
22.1441573929042
2.95596631499589
13.4721456328407
4.03043043334037
10.8929399866611
8.07310452219099
8.94975573755801
12.4289109239113
17.9034516030876
10.8405180531229
11.5383139578626
13.6791156623623
22.2843242809176
10.7597034644686
12.0265319710597
19.8639297392219
14.9532427382932
13.7359405026445
8.10940791032949
4.74646281009473
9.62604188825935
15.7696820097044
22.8144772350788
7.74623346515
10.0324706174433
2.25538769736886
14.1874244850206
22.9149619117379
12.654310587354
12.4811789020896
15.6815194059163
12.6503125531599
11.6532233658156
15.904428098751
16.316871647723
9.52485685702413
20.1205035438761
1.53070728685537
19.248626427725
6.15679829001111
15.2771563196815
20.9808042533014
14.3195081269369
23.3718250645325
15.1699365440349
25.2909342991188
14.2909564959248
10.0894483737648
7.77218068580437
18.7816162128001
0.884048969559239
16.4565152022988
10.7902584131807
8.11243160435333
17.798775807023
12.5759874004871
18.7189039862951
9.34269926510751
21.9159501604736
20.7792239496484
24.1645849077031
7.386943558231
14.457547198981
21.6478740563616
14.712057588622
11.3614129833877
19.3023476283997
0.346644406737506
16.3018205290034
15.1974721505239
5.89853662355874
17.0858611352742
13.430810771893
17.6817898389185
0.748913711868227
19.2912540398538
4.62938996497542
16.5439121670619
13.3951970376074
21.0967128165066
17.528812144883
22.47374933213
1.90849641340386
14.9805612403946
18.8190689077601
11.9790834607556
19.5781751768664
11.131855147374
18.1432520505041
16.8852694343999
19.8654321487993
26.0802417760715
12.9422212651958
11.4724152022973
22.0079527000544
20.5269392114133
15.1917160255834
20.1046557773654
12.2501258272678
18.5935653746128
4.69325226731598
3.95659585483372
25.3514091484249
17.3345001414418
9.09981741277352
4.76827487356066
4.53139972015273
18.6161572113633
14.3969653124393
6.84104111692268
9.26835923455656
14.2086560514584
13.1106355900746
13.4362254465033
9.87122899387032
19.4784808205441
22.4476410308853
21.8680490273982
10.9674707737703
16.2793704909196
3.18820842076093
9.98376540317251
11.0427422488425
16.3532599806786
4.38624430757891
16.6977335931733
23.4566482134102
16.9957516947761
3.29197810497135
13.925312529318
8.79443688318133
7.72675006154601
16.706385044381
6.46579535678029
8.85088533633404
20.166046731174
6.21452734339982
15.8285205950961
20.7877073907103
24.4983157511036
21.3269643485546
11.6351039148867
18.4988450491801
11.2770955780421
10.1297562298794
10.5749403117528
9.81746336963153
10.1551549276337
7.97824838664383
7.09211527653786
11.7177430307493
8.63042033743113
15.945816016756
14.4712649984285
18.0014073615894
9.80815067887306
15.7752552069724
9.06602891627699
15.1733822218517
5.26109172263236
17.2766216099262
17.4648628570139
12.2133489013771
7.45910273399204
21.2052076589316
14.157120053197
12.6200277358294
18.7639517467036
20.9365632385015
17.4116529524326
21.8872836790979
17.6958737429231
21.6887195128947
5.26601183228195
25.6771947722882
7.43542325217277
14.8406891385093
5.59170694245465
19.139552883856
16.9561152076827
13.5104191256687
8.93502466827788
14.5542782731354
23.3175000280018
14.7965396754444
19.5807451382279
22.5787323201075
14.9161017499864
16.0003212225825
9.40464504525098
10.976709634997
15.2161406818777
17.051449068822
9.38209705399263
2.44395870493789
26.6278038624717
19.9664485640824
16.2807613611221
26.1416559107602
4.70311866349878
11.0190043924376
17.3959136402007
8.58519918398276
26.4509915235041
18.1337666930631
15.3569412883371
13.4074461413547
7.76454347651452
16.6169418487698
18.4055495774373
12.1717407833785
19.4404594600201
6.15670238621533
11.0857592197135
12.9534082294415
8.4099573638726
16.4900359464809
2.18991043511778
10.4176235675367
8.83586914453159
8.25988371586838
21.5670531848446
11.6557458415627
8.9395300950855
19.6951060090214
12.985666334467
14.0029681380838
12.3384462669492
5.75437415391207
16.2998499814421
3.45094215590507
18.2372706478107
9.68775751842869
29.289015760903
5.46873626299202
9.5870759376416
16.960305091925
8.35950400681088
18.2422372046858
14.6978865610436
6.44933895673603
14.9753759149462
16.9210403226316
11.7927505337429
8.96274214054229
17.6510869856439
26.924901134346
19.897080771625
9.86792866606265
16.3050652652309
16.863413178362
15.0169438449666
25.9380633709952
9.74230468273163
11.0724136283183
15.6171220121905
11.4711290923879
13.1169641623273
8.15964823799767
20.5452633323148
12.9368229303509
2.97925429290217
14.060363965109
28.4116370836273
6.37404697481543
11.55470458325
5.85190765559673
24.7666068607941
11.3064704928547
9.48647113982588
19.3308383268505
23.8149103010073
5.91641855426133
16.7474053567275
9.88856856268602
28.5410807933658
1.72221516259015
7.17568686231971
10.8774867221973
19.7672861861065
13.6054344475269
7.79958295170218
9.3273060861975
14.177079196088
19.8668218141621
13.3752439869568
15.5779618537053
6.799924160359
8.02698968909681
15.7191897975281
15.927384304814
14.092115844449
9.75649470929056
2.1884409012273
18.2201422292249
12.6525569035646
19.2185448715463
3.10693759946855
11.7602045162643
16.2557779112831
16.4852268761024
23.9624089794233
18.4481442905962
8.78641873631009
29.748457740061
13.2522381143644
15.5937118455768
15.5275704339147
28.4044350264594
14.5445575704798
18.925298540853
24.0532094845548
21.6470149578527
18.7508700415492
14.2349262954667
27.0456200698391
22.5631015608087
4.54220406262746
14.1097929561511
12.725340324429
15.0332734221593
5.71276565621768
14.5837358431891
19.8437867453322
9.6689156092129
10.6403001908258
17.8584617329761
0.45833581460184
16.6952517825837
6.01717901914836
19.4712900556624
16.6858428794682
16.1731132853599
20.2999220619044
18.8070167787373
15.5394880101085
15.9218454949369
16.2509226240218
16.3193179061636
19.3803513422608
5.90998725965619
18.204083503224
20.5281196860597
13.6919214157388
16.1734515421458
13.3929423755035
8.12472873367369
9.10239998263613
29.2111711809412
24.249589885585
15.2521470158597
0.675205350853503
9.09300781786442
2.39105579227579
23.6923982156441
6.6641425736744
14.3808667780831
16.0425554134145
19.273722381331
10.7450061012059
28.0999337788671
25.3250489942729
21.6658542195356
4.45468409945546
13.8872880018677
9.94580979473966
8.92888081180596
21.9109499361366
3.30962401349097
19.9830996338278
15.981783089228
18.7751207035035
16.6525396285579
22.1519387559965
10.9371715225279
9.49221157934517
16.6937023649333
0.35303714685142
14.5523268962279
4.84876916743815
14.0848972601816
10.8168729348108
18.236413430442
0.884122214551859
17.460508341901
14.6016520215198
27.5133683346212
4.06665920745581
10.3842129698023
14.4012351054698
9.83560776803643
23.6416163746401
15.61314263992
11.8521787459031
14.5284549100325
6.82038487866521
15.440082247369
11.5931548178196
27.6717268629
7.29019576812772
12.6760481873637
0.700938239047191
7.44041871423192
20.6274929223582
20.9418101023671
13.1200957112014
21.6118433745578
15.7019819132984
9.58664159975764
17.7977088070283
14.1300947405398
5.23407775908709
21.3584372540936
8.97104141768068
11.484598251991
11.7129633435979
10.9056983375922
9.15399272926152
22.261228878051
7.90928557980806
2.67134856321256
20.5442575737834
17.6905982815695
12.6017708098516
9.80035520624369
11.290026968345
14.3827132880688
5.52172532770783
16.1513534374535
4.941082932055
9.75426849909127
17.2490188619122
18.1913401145755
13.1158858931415
15.6931675272062
12.0103152423779
13.7454833369702
12.42075341288
15.9943226492032
13.5410805465654
21.6400383738801
9.88722704350948
7.11259508971125
28.2232869183645
19.1939865256808
17.5764849409461
20.3639822080731
12.7861284650862
2.90100303691069
16.4779508253559
8.92607623949353
9.29755612936478
19.1058706492186
13.3705142419785
15.5893999617547
6.39174529351294
11.4079539908877
22.1078688278794
16.2199844321299
18.4542380273342
16.6278606521048
14.4767591962591
13.4107347810641
19.6765389759094
17.2847249312326
6.09832918271422
9.13452800255351
16.0919717513025
19.601362128742
20.4065281199291
20.542737862723
12.7483246547565
14.0719207935035
16.3938637590036
2.46069391723722
6.06614169495949
4.5816333964467
15.3012193273753
16.5038778912276
6.2424439471215
24.7082969280312
15.7028666231781
11.1767042661086
12.819783273153
15.8636221429333
15.1637967675924
0.443923690238796
1.4606776420901
8.80639168899506
27.0206474931911
7.84568424285042
12.8311021253467
6.10270362813026
3.04734242489347
17.1891941127434
18.9081694697961
23.1990605359897
25.8525488665327
13.0118715804626
10.472520370768
14.4948828965425
8.49964338409637
8.16851390002105
6.16058487941198
14.25023981675
11.3420580201181
16.9706850778311
9.4493978889659
8.50476442512327
7.58794290013611
11.7735538631678
11.2291080411524
10.5246060978349
8.88155889806702
11.4884838229045
8.02856453228742
6.29975182593173
19.1540197934955
14.318912057206
10.62737649638
16.3226558361202
25.2394149934496
13.4491907865817
7.0031380874132
2.7104601143228
18.3673104038462
12.5468069221824
9.90483489811815
23.3561175176874
14.0806361584503
2.93866698873747
22.1081679454073
10.3963857749477
7.51955648720303
3.01263355650008
11.5404417505488
16.8799269711599
12.6921173495674
13.817776995711
9.0033286716789
20.0268420157954
22.3097841022536
6.49630214514025
15.5386826489121
25.0175358960405
0.733603141270578
7.75504808732358
8.94851200282574
21.1847531143576
0.229080972748977
15.0032721023075
11.3826340192002
6.24966236987609
6.540875765495
22.649294231087
17.2009249217808
12.1717663481832
14.9458483560011
14.6446114173159
15.9137932017321
17.2418561569435
7.55379619326105
14.0041559236124
19.9954899726436
6.16363675799221
13.0729923490435
9.12221251055598
14.1716757464604
7.99279739148915
29.0216466644779
15.6440569087863
10.4443981545046
15.521454741247
19.8782133869827
1.33793584536761
9.96470667887479
2.82366963097215
31.1903521418571
8.5390193387866
24.3962070671842
14.3949295099508
17.2882801195115
6.46253386512399
19.2571294261143
7.57873542606831
1.69356546830386
20.7600431749597
9.56855759909443
9.59543923381716
10.9669154509902
15.7588357580494
11.2775568996493
14.9556207515223
11.1920747440308
16.6569269727916
0.982221635058522
17.5910664785183
10.8303469324512
9.9955985089764
20.9677131846547
17.0396828092635
12.4960800865665
9.21125542372465
17.2910225421122
19.2818898610682
21.4765242300928
9.48964345734566
17.4383635313629
14.0996247995645
8.55957693420351
12.9117274712215
14.6304793381056
8.35460158996284
17.1601578826085
16.975431330502
19.819153053686
11.110130045563
17.4079742981121
16.33983940878
21.8739451374859
19.1871364600956
5.30354199305144
25.5829292815179
22.7929254993796
10.5042110895738
22.2933736129978
21.1565622361377
21.6352553552684
6.34622685611248
10.483006524794
13.1606800947338
13.4117566049099
12.8059837967157
7.09194664377719
19.4347941083834
5.25799215302565
22.7219050284475
8.34260077681392
13.220918760635
18.3122040597601
4.73483595997095
15.2326131239533
18.7346645630896
0.699874092672099
11.124756000936
9.04614683240652
7.84354454372078
12.7918454585597
18.6365503352135
17.4909875495359
0.530748930759728
23.2786824228242
13.6374735273421
22.9248218936846
13.8205705909058
9.90491914562881
19.8175902694346
26.778379175812
6.74721095710993
24.7735148761421
14.2811637371778
16.7271159123629
15.3167802840471
23.0642387410626
18.0391590576619
3.98289521690458
0.405367476094185
7.0348551729694
3.57386869014988
16.0627392586321
17.9257294395939
18.891050513525
6.27594707422162
13.1895841057959
8.82904038298875
1.64138195104897
20.0831869849935
13.4426079281732
16.1483951844275
10.4597430936837
12.923986118564
8.32655529957265
12.340042371708
19.4725040346384
15.9918223745808
16.915652807802
16.2603507749736
18.2813289108942
21.3116501923651
13.6878319617313
17.7838654723018
8.98325241688919
17.1564013464376
17.1732362825423
6.88766904640943
23.3585669872124
13.5213332794661
12.3762718169019
13.1234345412858
5.75569265056401
6.29459381139418
13.8506816001609
8.94283682732656
11.8911997415125
11.042984004927
9.22350031323731
21.0812501609325
10.8422056413152
9.17439623735845
1.97072550654411
28.4018871607259
15.9116064663976
11.8008136236647
10.7689236348385
12.3451984254643
19.3879500264302
19.0844857599586
6.86409581150444
1.43798775970936
17.2168458041133
31.8014134885743
17.6429224243348
17.5667506409809
8.57013345230371
17.1220894437283
17.4047891283408
4.62429304607213
18.0933517869562
21.7542061915981
21.5050922008231
0.507501166900758
16.9681078668472
3.94185355398804
6.47560756187886
2.34225376806299
5.2954690021044
15.479015163146
14.4086804939434
5.54334500338882
16.0408846335486
15.0320919696242
4.11879640214305
8.73862451408058
2.79262800447676
20.0277979951352
10.5164538341317
17.9719584295526
2.12942229819634
26.2292435858399
8.80844970233738
26.8192703137174
20.5708813387901
12.1431455481797
9.8248791648995
3.93618503585458
4.9775603804096
8.11302105430514
18.6835035914555
15.5127030797303
18.7157105887309
17.073417567694
6.09678820034564
6.6096349619329
22.3316843349743
10.7316704262764
12.6721590058878
6.64740317581059
16.1147168837488
10.8731063940548
15.7017024931657
14.1976946266368
5.49836884798116
11.1356280511245
14.7059099050239
14.8927588714287
14.5438998471946
10.3762942831963
14.8213943466544
11.2008255922421
5.24817302357405
6.44453360592946
11.1600676318631
9.19111617040723
16.958615463227
16.3177723065019
9.60645829327404
6.8719872739166
9.22790743602636
9.77877851109952
14.8749592051209
19.8340605944395
14.0757424778852
10.7702488545328
18.4182319359499
4.7253500437364
16.5979980491102
22.9187703225762
13.4195996723853
5.68548804149032
14.7727715549991
7.31373999733478
14.3348298966885
15.8459044760093
21.3482049992308
10.677566334468
15.2246448444203
11.5794858662412
5.16969823954218
18.2718231575564
21.7918368522078
0.989542634198234
22.4066433729604
16.296554915607
22.528280923143
4.78144597727805
19.5363738950374
18.0201892508194
24.8948585571941
17.0594808645546
9.98791314195842
13.2071272470057
19.350850651972
19.7203116718234
14.3192828610671
15.8825254766271
17.3454784555361
6.4539978644101
7.45451180264354
11.122283898294
14.0288587349454
15.6922515016049
13.6407825561609
23.2149099232629
8.41035761404783
20.3156406292692
5.8784311998911
12.6096836058423
20.1244897902887
11.8518301126312
13.6895838659257
5.93864738475531
3.41745915357023
11.9719561189413
2.92483769342884
20.8822133623488
2.60276023981908
13.0989986254429
8.48175908235101
2.99274584785979
15.7056241625684
16.4475773622878
0.140695037022937
10.1966332090755
3.37741296728911
19.0597450360656
14.8087654289424
23.3702174155042
12.4471463030204
14.4385311519727
22.007506317459
11.7148346699375
17.963382064948
8.44957616645843
7.93023815097426
14.5154206536967
23.1387656182051
11.2389134941623
16.4349910854212
7.15056867811792
16.118635932163
8.96153775975108
20.6514995777979
15.8953520469368
15.7153375928158
15.8614306010079
15.2511231836834
14.9421300971881
14.8202485766687
21.752643189393
27.2687791148201
11.9709869613871
12.1378754964098
26.1452081613243
11.0319108236581
16.5128614520654
10.6697111623362
24.2765817092732
9.14767631329596
9.95662391651422
16.5118194422418
4.75802762715792
19.190650805831
0.168868521298238
18.0628836154938
7.57512775440512
18.1703956797719
10.7175874058157
16.6452347565219
10.6967334169894
2.91120493784547
3.98268127114095
21.0989708546549
3.68863651528955
5.17530646175146
12.7722523640841
4.6230745392204
10.7862963574007
11.671599606052
14.9991428479552
15.0484645040706
19.1432263901538
11.6277997381985
13.3896484971046
15.9825224876436
11.61965476349
15.9682156110979
21.4400216238573
5.9856924517151
10.1296077948064
1.84975255754272
9.89434651564807
17.6736084744334
11.1815041651585
21.3276833528653
19.7039790917188
13.5224544210359
6.10719949472696
15.0299575278531
7.28065092116594
13.9724982902408
22.0359532593333
24.0905280224979
20.8547491347417
13.8918615179136
7.69965054397807
17.5111135211372
9.27331862135256
8.99255760535336
16.4403568254784
15.2136004762724
6.45431075245142
11.2711769528687
12.0491388810351
17.256915947148
15.5003089587643
4.23796721734107
11.7329978707332
11.4762204932049
19.687805022113
4.09744216594845
17.4214914441109
8.68795948783956
18.8654196157545
5.88652870535699
15.0512940948829
5.4364861920476
13.6493371333927
21.8323638662696
11.1319808105083
12.0423132088035
14.315202855505
17.6693620160222
25.172413722612
12.3165225842968
21.2001062463969
13.9770226087421
1.14671520431683
19.7850837372243
11.0033294386649
14.1832157038152
9.06516958493739
14.6785614682155
15.2324507012963
17.5421434552238
19.5164242526516
7.03680673614144
19.665106269531
18.805802706629
17.013578908518
4.72264713255891
21.8417040072381
24.1756872506812
18.8910822849721
12.4425708316267
2.49471742833823
18.6518541304395
13.3834579527534
14.1652851632182
21.7470863834023
11.1713657332016
12.1182194212452
15.8533728448902
15.5713101150468
25.7648355560377
10.7800331499887
4.58548987628835
11.6346429102123
16.7131430003792
4.25497137503843
7.46039276977354
18.0228158133104
12.3867608606815
19.845144613646
18.0921790149462
18.9698358299211
15.1273488765582
3.82841529343412
12.8843323834394
1.41441083711562
19.3687360035256
15.8713946351781
21.5612620807653
3.9513906100568
16.1000271560624
6.66111393317258
13.3776807924733
4.33532292954624
22.4353458033875
8.19523762911558
19.0614468185231
17.6400010474026
18.3235303498805
13.0828516790643
7.6233349827987
11.3028107273239
10.2382959797978
6.87488516929796
22.1774113597348
11.2851869427744
18.7420326440367
14.2537166830152
20.0866574654356
14.8113169400877
19.8726510629058
10.2618132396968
21.3063090573996
13.7200183235109
3.68578888010234
15.2885443546253
15.4580563073978
23.140599951148
19.1161064653382
21.6533279046416
24.9310714425519
14.380853343755
6.30754745099452
7.10310391150415
18.1088999379426
20.4190244665369
5.80294037716725
0.779459864843971
15.2474215021357
26.2281092116609
14.6327819675207
13.7577636167407
17.2343892743811
6.92612420135709
29.8945287419242
17.2944165300578
17.0015190262347
1.53488107025623
20.0725239468738
8.10717240085385
9.43144640236092
16.6162940207869
19.0046116011217
8.42435953072535
11.6726140957326
5.24687827238667
22.340565586876
3.56841273605824
18.1571716675535
19.8772461153567
12.7714214613661
4.56242936197668
17.5697729224339
13.3171766996384
5.45972639229149
4.40367280971259
6.25617478508502
17.8564642181202
12.117880792357
20.3416534233838
12.770353583619
15.2703546453267
4.6686041495231
6.80115672099441
11.2741236082006
4.23975728377096
14.7548426873982
6.54061627574265
13.9289361424744
10.534783488349
14.2325803870335
10.9877465758473
2.73567437017369
25.9639134863392
15.380933159031
15.5892092036083
15.5537937302142
17.7062809234485
17.0619308715686
8.61388519406319
11.2143667181954
8.48866221494973
24.6448925700286
19.2877746652812
13.0756352641808
8.20661147590727
10.0981967967104
16.0738046790142
22.0156200695783
26.6183686675504
5.81664328929037
25.6517524201128
20.9939554333687
25.0359790478069
19.789602747187
22.6181055651978
18.0124828709545
3.58640339615082
12.2885415313658
11.9875032454729
2.66526437110941
14.6654680371284
11.3951210356665
17.2733873827383
6.71901267487556
4.32112130802125
6.07251530040464
19.1829887218773
3.76504204256462
12.6965484581888
6.28721328701557
22.2700685523936
10.9679853077978
4.3077759471998
12.766103724823
14.0546085312963
13.9237868685057
8.03009968963565
10.6173457088212
14.1723829394926
21.0666827159002
15.5955265043303
11.6983533138409
13.8124268101105
16.2964406976098
21.941869915463
26.1302658356726
10.0904459804439
21.9893946079537
15.3020950732753
17.4298783764243
10.9359899768606
4.74054394171185
11.0127048057895
10.4883965396381
6.03891395629067
15.3602012898773
16.4905098295807
23.4804303618148
9.47494524541534
15.894438396208
7.30633840430528
14.0933664049953
19.6766332257539
2.49968769458414
10.6532937381417
24.8484112555161
12.3981970129535
21.0498613866079
15.8867880702019
26.1449537007138
11.0769520979375
3.60512232873589
13.2449437315232
19.3469848574566
21.9547003041953
16.5142138954252
14.0216104178996
11.1018878407776
12.1776672080159
17.7407162031159
6.27703296486288
0.881461162724037
14.2986153060873
12.0913100990872
17.0456920051947
3.84719497224526
15.1062719291076
4.55602067522705
3.81292712409049
14.9388453888097
20.7948901224881
14.8051826748997
12.7046709647402
12.1640983211822
18.8651632300378
14.773047179915
24.4970708154142
3.2076433300972
11.3250223454088
16.6836940683424
16.2250103894621
19.383787852712
6.77179725205565
8.5231889039278
19.1774061252098
10.0719780428335
11.3712762482464
14.4123704638332
16.3947457447648
9.92936390135052
1.0325855620733
7.63311777670775
14.1953242362688
19.5430443855003
20.5659919737973
20.1296069659293
22.3152842671126
10.0848286777616
15.8323486674086
