"x"
76.4678821856988
69.6228580696013
58.9426811784506
58.5046921856701
41.0930062644184
46.7778857937059
55.4950794670731
51.8453923985362
23.086403716497
53.1935803592205
32.8604851849377
70.7794857171933
37.0448306652811
52.8825853489463
48.6489077564329
43.1074712891132
41.2544398921003
52.8599698096514
41.8259102385491
30.3061300713398
54.323380952701
62.8615125548095
59.7239893395454
69.6667513398055
64.3407379742712
65.9881482832134
63.5339889675379
58.7200115434825
41.7028035968542
49.4617819786072
28.027207730338
39.4778165966272
46.8808636069298
64.0690999571234
63.0997548811138
62.5497772824019
53.19251883775
57.0480273691274
27.6914969126279
49.7194580268115
40.3010676719478
43.7586174346507
48.4161490574479
27.2671352435787
40.8829318484581
50.9176584175092
53.053014060404
56.3281849492341
19.2331233993173
56.8124893121421
37.3356083873659
37.8135183760689
25.9239558355718
64.0463442541659
52.5848093442619
50.8513679262251
42.5435428041965
34.5837275031954
60.5773096904159
31.3181348145008
59.5045003574342
57.2281712666154
27.4249827779644
41.5431335102767
48.8630084277833
60.6179027910182
53.7892152089626
51.3577988371253
56.599261937663
18.3032944332808
46.6041338630021
47.0610048156232
42.3904384020716
42.692343890667
43.9693352673203
64.5220833830535
51.940448815003
44.3494049168802
37.5278040312745
73.6619219141913
51.5237333361795
48.1782435981646
58.5385007783771
52.9975929763168
84.3913294332934
45.6121791154146
55.0256873015314
43.7026425264776
45.0992839410901
44.3591262066211
35.3179796548643
55.4652004037052
51.8323293887079
31.5518171526492
53.3251943532377
25.9108358994126
50.2187341917306
62.4810306355357
31.9421100371156
72.7291316629056
43.5819135513157
43.810499412939
38.9474092517048
34.7515855915844
63.8880223035812
46.8954478390515
49.1841421462595
67.037903983146
44.9931760161423
43.632314959541
59.8211582750082
53.29848555848
60.8036973048002
62.4406241346151
44.9593224097043
36.359635338763
49.679454183206
71.3174477177572
48.8172858487815
59.0607102494687
51.0988719761372
64.0559060499072
51.1092374101281
23.8600206095725
37.3045076616108
43.1478106375736
51.2511728797108
25.3339421004057
80.236332162858
49.1900711786002
59.0389624703676
42.1160136815161
69.0228855237365
20.7601991068549
32.4179188348353
62.8762908165914
52.2046385332942
19.9053841609711
49.2886719759554
38.1242986302823
63.1758674513549
44.4966509628034
42.8364991811478
61.3228397909552
49.1743092890829
59.7850066609681
62.721341336146
45.8731425460428
50.8631176315248
51.2549927458167
53.8685146253556
10.4290646966547
33.0439957324415
47.2394014243037
53.2878074566872
46.2342552612642
52.404881071339
44.320707033317
36.3293435424566
40.3677982278168
56.6407853737473
77.9315316653932
54.9359898752336
49.346931790933
49.9199056997895
41.6684692725539
18.733764715056
55.7669190778913
44.3633200135082
53.3528388477862
34.8813778720796
61.2333048600703
50.8244328666478
39.2752623185515
51.6930101439357
68.160999706015
47.0336471684277
35.95638028346
36.7587817029529
65.4504929669201
56.6519483923912
50.602388381958
61.3721100147814
43.3447458540944
33.0008098389953
24.6423106640577
30.8041390031576
42.9239027667791
47.3606319632381
65.4196589779266
41.8599414389302
37.7691843770989
46.8392842914909
32.5947982259095
46.594617003575
62.9393079318106
45.2891242930024
47.5011677946895
30.5589232571214
54.828041465953
60.8876036014408
52.8004196938127
31.7688604291612
37.7212146297097
50.6601489614695
42.4677581992
49.2705531418324
77.1909439195319
55.1068774424493
66.9271854683757
64.6452928893268
56.7026844713837
55.8521135244519
40.3471982510805
60.1823164150119
56.7469751928002
40.9150326158851
43.8279260881245
43.6259129084647
53.348291432485
52.5128001347184
73.4931673927278
39.1806608531624
38.4610177949071
51.1386780999601
51.1613108217716
51.1868506669998
49.0454624406993
46.1316712472999
40.3577608987689
44.5233655162156
58.5517901927233
46.7270993627608
52.1415069699287
24.216159481339
45.2205535955727
35.2485340737556
69.6868030312371
64.5718378480524
41.2464132998139
39.6407104562968
41.2817236501724
44.5211469195783
40.6440153717995
38.416519022373
41.1062472499907
47.2841547146738
24.5012641418725
42.7450887858868
52.8852276038378
42.7384390961379
41.5776645493408
44.3943088340323
47.3421096336097
58.5675942711532
39.1093676909804
44.8826370295137
57.6665483415127
56.444381037727
62.5387692564543
44.3789172828246
53.6267548128722
57.3460421059281
42.3662364017218
43.4081578456502
47.9730322491378
32.9769994597882
45.9977495949715
66.2790458183736
42.0605626888573
34.4915778841823
31.7628978332676
75.2653818535519
35.5487067719053
40.7821891669677
73.7019497859192
47.2823793068528
45.8489052485675
63.4920455049723
57.9777443781495
45.4683171585202
69.2752380855381
53.9067164063454
57.7683955896646
43.8766674138606
54.4023483525962
43.0754227098078
50.1470157876611
63.0138995591551
56.5328409895301
80.4545904758321
22.0617209561169
38.6070669163018
49.6815605089068
25.6676408704502
55.0428836606443
50.4570345394313
74.0989204454136
71.3271792936039
26.5793350059539
41.2022524513304
79.9356221464788
52.0270413253456
63.0752836819738
41.1952070891857
58.5729949641973
51.6510213725269
7.88986678235233
69.0313792787492
69.5628221259139
40.8183019142598
63.2760636508465
68.8434118870646
73.9820228714644
46.2618844312311
57.2758210357279
45.7354856655002
55.6181645952165
27.5753992144018
58.8206997141242
56.6376225790134
56.9191828370094
63.0622279830277
52.1238857880235
41.0275192465633
29.5524968765676
62.2689896728843
45.3038462437689
40.7010634262901
40.3840725775808
25.2724502235651
64.9531614501029
47.7391428779811
51.9611860625446
47.872604476288
31.7787778996073
48.7082100379786
40.0565828196704
52.5012192782015
51.5648659784347
30.7713486719877
63.8980528339744
61.8615307379514
52.5010488497716
46.6184254270047
64.3280260730535
43.5792083386332
45.5921890214086
32.4116319883615
36.5785208530724
57.1206183172762
68.533838307485
64.4988807383925
34.6070599742234
46.2250005919486
54.1219013277441
32.6180590782315
57.4628419242799
39.779937081039
40.6643222790635
48.9139721728861
66.229348257184
60.9395039267838
48.6407605931163
38.8255499020074
46.8201182316989
37.1676974660218
35.9437527600676
56.8895487580448
56.0085062868893
49.3755560833961
44.2845954094082
72.5965743842435
63.6878539342433
40.3270164504647
44.7048272006214
23.6956446715587
45.2462070155889
49.1589402314276
45.9723455365747
58.2507537212223
50.9749617893249
61.4218377642719
73.4942667050914
50.0616310629994
55.8384689502418
54.0540612302721
43.130559194833
62.6089281402528
47.0604070462286
46.0885019704004
47.4882753565907
24.4671629741788
62.7068285364658
57.0066367741674
54.042426077649
59.5814936328679
46.8314576894045
53.6821593064815
50.8292077574879
57.6412293895653
62.9936393350363
45.9360382054001
61.022906890139
52.1390651818365
46.0714960005134
55.9249896090478
54.973401222378
33.7360533885658
32.8686462183274
58.9649041183293
46.0487186443061
46.0601597975087
49.9815144654014
57.7720317523926
45.7312740851194
21.5360654240473
72.1245019872845
51.39419734478
35.7188101857901
58.8404544629157
49.5644995942712
54.3324398067573
74.1425813133729
60.1553111802787
39.6944721546277
30.7322573667353
68.295806646347
17.6053078379482
55.5548891425133
46.5885642915964
60.7445003930479
44.08072931692
38.042920498698
46.8874225858599
56.5535194943437
72.3166096188373
47.6414937525988
36.0141883604228
75.8227912667108
47.7088666986674
31.7636618856341
44.9248539283872
40.579488342188
62.2796607669443
48.6269462477985
36.0526839162021
50.2572484314442
55.8834079561139
50.1838111318648
38.5745511390269
40.4896218329668
46.5664074155372
45.7209449727088
48.392151915477
65.618349192664
58.2651091739535
40.9697251860052
22.9597667697817
53.0144222546369
48.4075284577957
60.3917055665063
32.6779113151133
50.4739776719362
36.1831227014888
53.7968740332872
62.879494484514
41.8284859042615
53.0521493870765
53.4932689275593
45.815360173583
52.6536332909018
55.5642480030656
59.4273123675105
40.7244578469545
29.5622354373336
24.1466517094523
56.5092862163164
69.4457547697139
37.8321757074445
51.2539759258309
55.3762809301549
35.353175457567
44.9063003063202
35.808006569325
67.3542496748269
62.0502131991088
38.4566772729158
34.039153624326
37.5666260237954
51.3512096367776
59.9928871262819
40.8859717193991
44.888923885195
31.7010504659265
71.0727349812997
54.1948373429477
49.9314257875085
37.3823129571974
56.2251805793494
55.2207526750863
51.910607283935
52.2020590491593
42.9038931439494
58.4991975221783
55.8015780057758
38.8734455220401
30.7142635341734
52.5535865686834
77.3439858174326
29.2235898785293
45.7690958864987
51.8749087583274
40.5410012695938
55.8171831071377
55.0052514765412
37.6192871965116
54.6069044404665
43.694286653772
38.8734815639696
16.7007385160003
57.4504039250314
36.9056104216725
59.3406083062291
45.2589763328433
56.1794430017471
55.9149923268706
59.0728563256562
62.2071403078735
52.9893896076828
60.8013825491071
49.9244845937937
26.8693937920034
32.4390851796027
43.5638047754765
51.4054868370295
54.5196424704045
52.503595196568
38.1385096441097
61.3827945664525
44.6853969743875
59.440709836781
70.4850937197817
44.1617005060603
66.8324883561581
63.4115126449615
64.3964410293847
37.1791811659932
32.8238787129521
44.1613010596484
32.6977215357088
46.3166629895568
33.4806301165372
46.9847451895475
46.6758537106216
64.826688868925
29.3008299191882
41.9024699833244
40.4815251938999
31.0860997997224
20.6411614449087
44.7639526799321
49.2761184975322
45.3357249032706
68.2686127722263
57.2218836750835
46.213662950322
73.7757516579103
64.080417715013
57.1218163706362
54.7098639421165
38.3096431847662
49.6256365013333
66.3463381119072
50.4497154615819
21.7802554834634
32.7685461845249
33.5378065239638
73.1150919756545
57.6437505893409
18.4953516104662
32.8344589707575
37.2289585546622
68.8471534755081
39.2776566322413
38.2023800630122
35.7179514598101
48.031966900453
54.9132739193738
42.6081136121907
18.6140379402786
43.0329310027561
45.4046292696148
51.4582081697881
39.9506365414709
31.7950250115246
47.6348142605275
66.4412163197994
50.129793677479
52.2946922574192
38.3428595423357
60.4664278682321
26.2301636394113
45.772809907794
33.6885005235672
56.2132748775184
50.5733026162098
44.0930872224271
51.396843418479
23.868132289499
52.3364135995507
46.3789417408407
72.0272615509939
56.0652823653072
44.1126263448666
44.0373002551496
70.5697796951631
67.8519208915532
51.3321874244049
29.9279491724396
55.3794281557202
51.8511748457107
56.7617133725435
35.6253530854261
69.3363181390753
32.1537137637161
42.8498459979892
54.6806966885924
52.0823842845857
47.7024572435766
46.8274494222085
49.4505404960364
60.4742965195328
45.6417315639555
38.3896216284484
79.4441010567626
52.4517005775124
66.3495310582221
45.1659223530442
50.9730948600918
39.7340673487633
31.3655595560553
42.0317241297084
43.87707619394
46.0442317995555
35.4978500399739
52.2685391828418
43.5477745181999
51.7014742363244
40.5599702341029
47.9882834013551
41.2118589505553
48.9322657360962
24.4896796531975
45.2348586637527
50.5704791285098
36.5850717294961
59.6373137552291
43.6153300605687
46.6183045389672
46.3243318721652
50.4213270272553
50.1107954885811
42.1851092483848
21.5656851883978
56.8855313118547
58.7661181110889
77.3384169708681
57.2560353670269
46.3821821136243
54.9901459366083
74.6234016450954
47.1950202307776
31.1609792523086
35.5429025366902
63.1324640009552
70.5374749335361
59.3533449806273
61.1115613952279
22.9237939696759
65.517446376878
66.2475729361176
36.6558196954429
44.3176054395735
49.8661320190877
49.3639672640711
64.2418006435037
51.832792442292
56.7722391802818
43.2252099737525
55.1254005171359
27.0309798885137
52.5655264500529
59.614035487175
53.4613111056387
32.4150482658297
55.1348365843296
34.9620842840523
51.5690784435719
48.9531919825822
43.7412549275905
45.4091764520854
64.903015922755
27.7227065095723
59.1863174922764
46.9018090050668
56.9005656056106
42.1058329753578
50.9416377171874
39.8413376882672
55.6183645501733
41.7969786096364
37.6828702894031
35.0280811078846
55.6808548979461
59.9888600598677
60.3185406886041
44.9941324535757
71.0422673993574
69.1569628659636
41.5056664030999
52.2704586852342
35.452641826123
51.5490001998842
49.0837917663157
58.439929690212
62.3679941985756
52.1731815300882
43.2719703763723
37.0453457348049
61.861624661833
54.8197810072452
31.7888904362917
50.8528714533895
60.9447480179369
20.8754620977492
29.0071100911704
68.1726728565991
35.2581799961627
54.2279459536076
66.0344816744328
34.6650979947299
61.2955940887332
43.2331073563546
33.5807871970924
42.2482188659373
56.3142173923552
49.7848925180733
26.8860930576921
36.7382782977074
48.1630839907784
31.1490280553699
41.6231114882976
36.9137354195118
41.6499179787934
53.1906470656395
34.1683780071658
60.4155348569431
50.8902246132493
32.8799083722658
51.5349694585716
40.8273824956268
53.3750479575247
48.5649981716411
40.3197193983942
35.1947398390621
50.6145870025798
68.8579653389752
55.546508199727
74.2517158347082
67.094326717779
56.1043426860124
44.7474193759263
59.839572198689
51.3210142496973
74.9214865800372
50.3612750209868
66.3051429204643
54.8131036106497
35.6241561938077
26.3019698130313
44.8491058312356
34.0040096430439
55.0539356656373
60.5914387386292
58.1076437607408
45.3923494089395
57.4917227961123
48.3171591535211
61.1693827142367
59.6999296918511
34.5706720743084
65.5999293085188
53.9071060717106
31.9884113036096
51.5784049406648
74.6317309285414
44.8422302026302
46.9508682377636
45.4757388681173
41.7994607239962
20.2070848550647
67.1388360206038
18.7191344695742
58.8489832356572
45.3482287470251
64.8150033783168
41.098008165136
52.2558342199773
41.7263910640031
30.0950335483591
62.9303977359086
59.3432064585874
56.7848319653422
38.2576312590032
48.5977078322321
41.5974823758006
38.6689685285091
52.4242256768048
50.2287084702402
44.7465436888376
56.7369863856584
45.031023350772
44.3859608843923
27.3416254669428
20.3829685226083
55.5790505837649
35.3962892666459
47.3008171189576
70.5818009438405
60.3383729699999
24.9060141802972
61.2695341464132
60.4456231929362
35.989025933668
61.0318140126765
43.0319444276392
61.8414368946105
60.777926677838
33.6115234997123
41.1453663837165
34.6849038576906
47.0522226765752
49.7501868314109
51.4157148543745
63.2036220282316
63.7582167983055
33.9531751349568
53.009172482416
56.8582931533456
68.2897681836039
45.3502029180527
59.4467187300324
54.6959761995822
41.8880290817469
53.1440852675587
52.704401453957
66.4329023100436
48.5231034923345
46.7656697612256
64.202526351437
51.8971384037286
56.3310870435089
56.0889066637603
66.6905181016773
39.9453025776893
40.3397000521699
44.1000893712044
49.0269477013499
49.4672147559005
23.36315815337
41.9518471124645
44.9132862500846
46.6362683102489
62.3817077837884
41.3069383241236
35.9191161487276
65.7850176561624
53.0639518983662
45.191002683714
37.7700970508158
35.218117851764
37.379926815629
55.7048859190852
61.4405155647546
50.4054376389831
55.5435359393908
59.3913739081472
52.9989106580615
68.1644482072443
62.4888983089477
38.0552898626775
51.4277703128755
48.0716175399721
60.4006096255034
62.3933797236532
48.040640540421
43.8693519417933
70.3506636391294
33.5586891043931
49.0169839933515
50.9180195629597
38.6679428163916
35.1056347135454
46.3734356686473
22.8809294426765
57.7648906968534
49.6357108000666
53.9455108810216
50.5879233560619
37.4279004757929
64.9926700629294
65.8814333379269
58.0407022032887
54.3012151960284
50.2870759195853
32.297577848658
44.5527334231883
49.042014265433
43.6526873630389
47.4044312722981
40.6860354356468
43.8956187106669
36.9144489988685
29.4359028339386
53.7241974845529
44.5929369241337
42.5033785868436
54.4560606125742
43.2007539551705
48.6499010202977
36.4701265934855
36.0364553518593
27.9901103116572
55.1063515308482
32.3485875502229
42.7309590391815
71.9356431185376
51.9883438428058
52.4807192385197
53.307885536924
68.890367820859
55.9965194668621
23.8769595723525
58.9199052192271
62.0105348993093
49.1621563676745
53.7160625681281
67.5004104152322
42.4205950926989
37.4197834637016
63.8900609686971
54.198446287129
44.967771647498
50.3923223353922
54.6807742211968
32.703852513805
32.8937674406916
41.9665665365756
52.3559554945678
60.2153179235756
47.0106789842248
47.9855127166957
72.40263579408
45.997682278754
52.7067517396063
41.1960341967642
58.9720970019698
59.2376844957471
57.7379509806633
28.2423043157905
61.9951836299151
50.0435715075582
41.0466275643557
42.553575662896
62.0215077418834
52.9309922363609
50.9162663947791
72.0309996935439
33.5540201990415
49.8984191101044
32.654789318564
42.6280573110437
24.0425800904632
39.1492541413754
34.4258586410433
38.2131113670766
41.4934771601111
39.1164110973477
45.465786382556
39.7801106002357
49.4046967776996
56.7084227688611
51.3481688685715
26.0222390294075
44.2493855487555
59.9714302457869
40.4411729425192
40.6669998541474
23.2147001039055
47.9604862630367
31.4166646916419
46.8763027913467
31.0579364653677
55.0092533230782
34.6302496735007
39.8925383109599
43.3335576149
40.1774198279851
56.4070065040141
31.5012066625059
54.6715037897229
37.0074707549065
76.2932737315905
26.844112577238
41.2679900415242
51.3532168697566
38.8408047109385
54.6975371826815
37.6815060153604
65.574594354257
51.7069328110665
28.2304041553289
54.5999064575881
57.1918939240277
50.6887202616781
46.994470525533
42.4134964123368
54.0096722077578
39.8649158426974
41.4237111277146
37.288588871018
51.5153657836801
72.8281892794085
34.3314744066447
51.1760854627937
49.815692869628
46.9885312020779
46.2087753480764
46.0643362719566
50.5840243306011
26.5606747258696
46.8057539314032
61.1674765124917
47.8064565021555
51.1805281508714
53.2367144711316
34.8114739172161
35.6424469035119
75.0686717511974
48.6623887438327
63.2685949094594
44.5613860444176
46.0702046286315
55.5722064338624
50.6069634575397
48.1759866233915
58.3678933791816
53.960361238569
55.2071252372116
53.2287962734699
48.6724041868001
34.7640201501979
52.4499806109816
40.2592088561505
45.9322047885507
76.4330196479614
63.4406152646989
61.6649474482983
63.1417388096452
63.4637825191021
42.0306292828172
46.0382719524205
56.9679890628109
59.5768814906478
58.2733075134456
28.7423301488161
60.7647859025747
29.1660476905075
59.8266599234194
51.969884429127
42.9922964889556
42.4253011588007
59.5294196158648
64.3166554626077
46.1267141159624
43.7798930797726
55.8425341032071
48.2620549853891
56.281413603574
56.407714355737
56.5674634184688
61.9066699407995
51.321084657684
51.7241831403226
41.0455068573356
54.5501911581906
28.8550044875592
63.6371434031164
48.8249191595446
33.5214176642193
37.7475364599377
38.1827251520008
54.6697520650923
51.6841459088027
39.6589378360659
46.6004579328001
32.4401964899153
49.8917120043188
42.9254449438304
42.2425671946257
46.6315772850066
65.9023614600301
44.5306073155601
39.1810104716569
35.3298474094082
61.3801476545632
38.4013457133236
53.7494313903153
56.2591090798378
63.3934370707721
66.7390845250338
61.0975623130798
52.0147339079389
46.3924044277519
51.4524426776916
55.6188551709056
44.6121459826827
58.7535673286766
44.9409746564925
38.1078116130084
65.7839727122337
60.1666604168713
64.8995094466954
70.7835533682156
57.2463739197701
48.3105498281646
47.6272272411734
42.5546810632682
35.290672397241
48.1169968377799
41.5560028515756
59.3061066232622
47.4017698783427
32.4876843485981
44.5063285995275
48.0628610203153
42.883179616183
64.5457828883082
60.8489927370101
30.7916757650673
32.9552528914064
33.6607872065339
52.7147150598466
42.8039656952024
71.3538207893923
54.1354705113918
33.2943549755189
40.1830379851162
34.0263609308749
54.2942218948156
61.3543778657913
76.5257309115137
35.7576749375816
38.993636323006
32.3919807095081
46.4540970511734
37.1206616087981
50.7831878960133
51.0495564434677
47.8813253808767
27.391906036064
50.0699096359313
59.7649481613189
41.8173119891435
42.4865856766701
69.8872327762556
38.6431308463216
50.0691950236867
50.9652710519731
23.9499831106514
62.4614936299622
50.3594384528697
35.5291162617505
36.2575633917004
35.2369731138155
25.8351488038898
54.9467987846583
55.5162310600281
43.8609361182898
36.624326556921
59.6894461661577
61.0659941099584
36.6519789677113
79.7759820343008
43.8840648625046
54.5644787140191
42.1919506043196
30.31060337089
37.4283082172799
61.7873627692461
57.8909483272582
26.243285741657
43.712956267279
78.0212486071562
63.4650407359004
32.6813882977501
59.8129957448691
36.7724827956408
32.8125605658328
69.7537256895126
30.478973640129
26.6584871336818
47.0143327489495
50.0794185302229
63.3384793996811
40.9279008202682
40.307862078771
26.0797420982271
51.9518771208823
67.3697992227972
45.6221065018326
67.0989734586328
56.8871905095875
56.2397677451372
42.3087425064296
40.7292969057753
21.4060974337203
65.6459092628211
54.8002899158746
57.3830367997289
57.4443160556257
52.6090219151229
60.8374662697315
44.6529128123075
54.0696065779354
48.0121981352568
45.516691962257
43.3696542675182
45.7773950544695
48.3784406911582
52.4624544920685
42.3622493632138
47.5523776374757
55.4609125945717
33.1536437850446
47.605029726401
56.6423435695469
67.3873963300139
37.8507420886308
25.9937845790942
39.8060572414584
62.3101579025388
61.6767404135317
49.4665245059878
58.0940751824528
55.14319636859
53.9276509080082
70.3875107293194
54.2198452167213
36.6255759261549
64.7809389047325
38.20232572034
27.5417348835617
45.8802299750991
55.8953553438187
23.8457204740647
37.8779475111514
69.7422997052682
72.3052499071197
41.5107780136168
56.7423368338495
39.2223271541297
24.0003503285697
67.0463697519153
75.5710620363139
59.7609323911366
68.2177351787686
52.1693562623113
34.7028214210709
59.0185213368386
54.4065332971513
49.5752368122339
37.3536368831992
79.6523783455215
61.6160711273551
38.5470224078745
66.438874322921
47.1245721913874
69.230756117031
41.2068493198603
46.8737731687725
42.8127566352487
38.5097918100655
60.1533422712237
49.8875726480037
60.6293727643788
69.7017484541198
40.0069599039853
50.1307719387114
71.3233366382258
44.1602912731469
65.2539736125618
55.4464628454298
44.7288326453418
55.9916369151324
49.8950893990695
49.3580251932144
52.827062131837
47.6459262426943
48.1557397171855
44.6573949418962
68.4406471904367
44.6595656685531
53.6368467379361
49.3265138605692
54.3802196159959
20.9619760941646
57.5253256159383
46.6078524943441
61.5138065069914
46.6879294719547
40.0447985623032
53.1373498961329
52.9519893694669
56.5043415408581
38.7203613761812
52.9823658522218
31.6522351466119
55.6819188408554
45.4241457395256
30.4725526520819
54.8043241258711
43.6099922217874
37.2129462193698
54.7487580683082
70.6219011875701
51.8730128649622
48.7464779056609
52.1762938022788
39.4504632335156
73.2499469732395
49.735187087208
47.2495558205992
41.3283089641482
59.7744335886091
51.3969976920635
35.1955842462111
34.5352059230208
46.8955238349736
73.3856649096024
40.3103718534112
36.2588174641132
56.2888415530324
45.4485882073641
22.4229832055781
70.5237844916892
57.637309608981
37.2016034089029
32.9821598667132
38.7234773021191
40.4671238744102
34.9564728792757
57.6078422833234
40.1370364706963
32.7427840952048
30.6395282503217
62.0092016644776
40.2838941782789
71.7774825128627
57.9307667445391
42.2598536126316
47.4597292641026
55.8223668020219
56.5597832668573
65.5591316055506
51.030470263152
12.1796912513673
52.8422785576909
14.620453864336
59.7741884645075
47.0786872785538
64.0115922316909
60.967294825241
65.2992120943964
52.9085832182318
45.0994096230716
41.9661149382591
48.7326230388135
56.2425258067632
31.8791763857007
60.1501518394798
50.6498159840703
28.6983417538229
33.4009468089789
70.0345559003663
47.156282234937
37.3643995262682
33.9493632316589
43.4288251988976
48.6832403140497
32.4352051597089
55.4782186169177
35.4304356123111
61.3011878915131
39.002708112821
57.9930814914405
47.3484670743346
54.0679158642888
34.2367326840758
47.862102813803
63.6197267565876
51.5214989893138
58.0170347202329
52.1303033456206
26.4505089726299
38.5470062494278
61.2614999059588
44.4364544078642
45.797675056383
64.8795607499778
32.5987808406353
56.8166601937264
55.2125162784233
40.581090701744
19.1456150729209
34.260586835444
36.0034528879094
41.5561829396523
64.6159774623811
40.2521406300366
27.5913582662997
51.0666797868907
54.2215945199132
32.4342054314911
41.7158726137131
43.8711937516928
66.1252616904676
29.9689615428681
34.8204817157239
55.1469221711159
40.846877777949
38.2936303699809
49.5424391236156
29.7748353448414
53.4920819569379
36.5015439223498
50.0826433766633
55.0933999940753
39.9201799649745
36.554151494056
49.0103870630264
49.0174875594676
44.7979448363185
34.2428743373603
22.1369753591716
26.0865452233702
50.7110470831621
63.9101727399975
50.6447667721659
50.2324115484953
48.8731074146926
39.1567355021834
52.2862103302032
30.0918139517307
44.83313546516
77.0092396954906
55.0409769253115
57.8356015030295
32.8474539332092
38.1153219845146
56.797730922699
50.8164788130671
41.8615354690701
60.4203929658979
57.5484272558242
55.8542622253299
51.4443943742663
53.8851683959365
47.9078506339868
44.6661462076008
31.5899246837944
49.4117061225678
47.7699814364314
50.9253090247512
37.0801896390698
56.5253027667153
38.3622631793989
48.5142698977143
59.027543803677
39.1466116532683
51.4743211213499
50.7389645557851
40.5400506220758
58.3971351850778
62.3864305671304
56.6549456678331
74.1979418280435
53.3677487634122
57.8506864607334
40.638013323769
45.5777795569905
41.3744625169784
49.6737014502287
46.2858569032422
31.8905140738934
44.6330577600747
38.0435689818114
78.3301878360377
55.7064617983997
63.3856349624693
61.6405740845948
32.7703335788101
62.3504828196019
63.6048340419278
57.373257772997
30.449422291719
34.7271430999014
60.4253699537367
55.6928614620119
30.0607156427612
44.299330515787
77.4305141126391
46.4655053801835
43.023569881916
47.6205666083843
46.665201196447
43.754969490692
62.7037397120148
46.064323553837
60.1371618453413
58.9998197276145
41.2838054452877
39.1414803918451
65.1197033468634
59.9096331279725
53.8372242823243
50.6903975270689
37.5542124267668
51.7908400855958
48.4248659107834
43.7824994325638
58.0969377420843
68.3655388653278
68.529496435076
39.7392666682754
30.4417060222477
56.2714671716094
22.2884473486187
57.4636128265411
60.0388621911407
32.3852657402521
65.8639796078205
48.6809995956719
44.064666191116
45.3632711898535
31.972730720757
41.9887764845043
45.2939742710441
35.1253107190132
51.4675846789032
38.2932034321129
65.0243193842471
38.206068938598
44.5889295078814
50.3061686789813
40.0417546276003
43.40679928297
67.8324942942709
42.652603238821
41.6354707442224
18.088166648522
44.5062197590035
51.5164217316513
62.5789687037468
28.4710530657321
43.7606766912311
56.1769833788276
41.7514754924923
53.1501045916229
34.3883207533509
64.4715081434697
42.2738562338054
49.0202295593917
40.0436775758862
43.028160603717
35.4760758113116
41.4251893758774
54.0996697731316
41.6826827917248
50.3376611208614
36.8782888166606
55.7743427809328
32.9983116127551
56.1673497315496
45.6124568358064
59.1162534896284
20.9090773016214
35.7897058594972
30.4596357513219
59.6361587289721
44.6447406895459
54.131072666496
24.9060769594139
35.9152846536989
44.7603523509584
56.5925133880228
41.4065087621074
25.3853051923215
48.0675658676773
51.1522617656738
38.168654916808
42.9169380571693
54.5316799078137
62.7912879455835
34.0399298201758
41.4304515346885
58.4021700080484
27.0306280581016
45.9704727865756
60.4465762153268
60.1710270624608
43.118091346696
68.7567137181759
51.2116397713847
34.3108145520091
54.0153117850423
42.2416813205928
70.2312276376118
37.0591841172427
44.2158762831241
36.2245386000723
51.4974749647081
48.8893924746662
25.1741345243107
44.0295726060867
58.5331561043859
38.9026827178895
65.4716024175286
38.4411070495844
37.3776323655414
57.3283440493859
67.6328144501895
45.9659753367305
65.8877428621054
44.3883650936186
36.5206679329276
42.7121616222464
69.2616883199662
36.6687104105949
59.6166069153696
18.0646100177137
40.7645797822624
46.5407974253107
51.0359098669142
29.6729262918234
31.8623698782176
35.7623612776062
59.8050214547198
52.5255862623453
56.639693165198
26.3718699105084
52.8455176390707
24.6233367954479
63.324613776058
57.8849923796952
30.4701487533748
53.6741363350302
49.4261538144201
47.5572834257036
61.8965155910701
37.9286305513233
54.8719726968557
38.8417616486549
37.9266310017556
37.8126803785563
46.044925307063
41.9901247136295
43.4223650018456
57.3760283179581
46.8894745688885
49.5761717204005
38.7998112710766
52.2353117819875
32.4416756629944
43.3889311738312
39.5654440391809
41.3919816724956
54.4550011865795
59.488464333117
32.7034946996719
55.7490712497383
46.6814913971866
53.3156876917928
52.244225115587
52.8849603608251
30.4418912623078
37.4666957184672
31.1840361123961
24.1425458341837
46.3099420536309
48.7537661639853
50.2687743864954
57.1394844446331
57.8828406054527
67.8746909834445
22.8022794704884
32.3935451437706
59.096580699689
44.5422359742224
52.3931703995913
52.158835157752
46.117038698867
58.2718449644744
46.4565220773268
45.7797864917666
49.6057031676173
57.3895866051316
46.8524416908622
37.1375458315015
54.8070017714053
52.2373479325324
60.8770210761577
45.8242438733578
34.7229867511861
46.726433141157
50.0893069896847
55.5988235063119
48.5003994127002
28.8239567789876
60.7215605054032
39.9107147008181
38.1525128614157
44.6610948232514
61.3611937966198
36.2008225552843
55.6036805734038
49.0190944168717
50.0316829420626
49.8068344313651
51.9958843942732
46.2294274826331
58.8124214671552
20.9512569475919
49.6859255246818
57.5222086161375
19.5737497415394
50.6842758040875
60.2036852389574
61.3538756966591
53.2426230609417
49.7070328054793
41.2410810124129
24.672587900147
58.7025227025151
58.4383405745029
46.9427645206451
45.4988892190158
53.2144537661225
64.830750785768
62.2973268385977
48.61003709957
64.9895848706365
56.995909428224
64.0578004748734
50.607528660951
64.0109427738935
22.7308176995296
35.5734614491168
60.9063888899982
54.0068838745356
42.3438995610923
21.5080831665546
32.8639692225466
30.7597625116348
50.1042130868882
55.4316381458193
69.8100506934417
62.2604674194008
49.4282113333461
58.9204489253461
49.6688836953474
43.4306372882457
27.0935949403793
44.4668295793235
63.7100267224014
32.7340575397615
60.1223885081708
50.8040391840041
51.4798832125962
65.392809221521
49.5716963894665
60.2868774815441
60.0122877862304
29.8686467576772
73.2168219941569
49.0402013529092
61.6038221865892
52.95724212192
59.7008274402469
49.8803965281695
57.0489148143679
50.6286977324635
58.7762714465307
44.3991493782884
26.5822323970497
41.8413846753538
60.9030257444829
48.0654915329069
45.6583400722593
44.8908811435103
68.399898102507
45.545549113509
41.9888094067574
41.8078327551484
36.343959486112
32.6363461557776
57.1582220029086
25.3131381701678
41.9120632115388
30.5195006076247
50.3880482632667
33.108802465722
33.1405217541142
51.6293545719236
69.3728608139169
46.7571027111262
65.4224038589746
63.6348222382367
58.1046767067164
22.8288341313601
60.428775055334
48.1947708219802
65.4921740293503
43.9520305022597
40.1430750354956
40.0197607465088
42.3232199624181
54.7830315772444
52.9918508138508
45.0210277211325
51.1214507597133
35.6885265093297
23.0609710793942
36.6391877643764
47.3783931694925
49.5142713654786
46.0633194074035
61.3798013888299
39.4249229691923
28.8472349527002
42.4140183255076
49.8596682213247
39.2872325144708
40.1253337506205
57.9270890448242
60.9106580261141
35.6583544518799
70.3532015862775
33.3385376725346
43.5461064657713
32.9453458543867
46.1607678327709
33.7587150745094
53.4443196374923
28.5186257679015
54.8542965669185
48.4945708885789
41.8064392681287
40.3594091766112
33.4742599632591
15.7107986384681
49.0637485913515
54.1415338404477
57.5757711660117
49.6787084266543
54.5168763957918
49.3152197450399
55.5961275938898
44.1865157801658
68.9336468931288
61.221639579162
62.341196089983
55.2745013765072
64.8442772682756
46.3915162869969
69.230386056006
29.7753177583218
55.1059150602669
48.771537002176
64.2428373452276
30.829927418381
37.9372218497528
64.4526950083673
48.2792712748051
53.8078145589679
61.2051814328879
33.3902933169156
50.1213427167386
47.343944948322
40.4698534868658
37.4749124981463
48.4188406262547
64.3299959599972
32.7233587840146
46.5170576394963
50.6303728195515
30.5445103440434
65.0553232058883
57.0988949388266
48.4445580281317
44.5370656903833
29.3807929873962
48.5231482889503
31.241011666134
27.6930539799701
54.2408312205225
45.5575649626553
44.2246004473418
59.4573498237878
23.7717199856118
40.3416702523828
48.5595574602485
55.7222390514041
36.070906902406
46.3464164175093
40.3799728024751
60.1019972003996
46.1197046116124
54.7882108017802
33.6757798440636
50.7308664731681
60.6786336785476
54.8670965728277
35.2011533919722
45.2609773725271
53.5646149888635
35.3641448028577
73.2353504574116
67.6863027270883
49.6078770638621
61.3976335152984
45.0137772597373
46.3037718087435
35.7433103956282
71.8823538802981
36.7153012659401
51.0141315404326
31.4318993299921
52.3260495159775
59.0440971776843
52.6930650696158
57.9634254798293
47.6601637950455
52.0721488799877
49.8340890277177
41.5358368773013
41.1357837263495
65.025908080861
45.6116660498083
37.1582048762457
66.9011925812811
68.0562140420079
44.504281738773
29.2053800175346
62.0623781811446
45.5481440760195
68.9891943708062
63.212925940752
47.4878673441708
46.4034737553447
33.5219582747212
49.6309717185795
23.1322466861457
53.7254720926285
22.5789151154459
33.7232584599406
73.4204149763
44.2390684969723
50.9277593810111
46.4322527404875
67.3626516479999
43.1072001811117
81.2611659946752
21.0705408437982
42.2034702729434
48.7513194891233
22.5193593977674
59.0542438905686
31.8506406865118
38.284779060632
59.8027560859919
62.2580314074016
41.8388621881604
30.0844444704726
44.3090282380581
35.6889087706804
50.1243873964995
49.6083348989487
45.0792335439473
