"x"
32.7350294863695
21.4586151298136
43.9711253304995
35.0433469284326
33.9154459649522
36.5255089330748
12.1122048702091
24.1507631726563
26.993090148666
7.95271471142769
34.3650303315371
33.1510669086128
1.15091831459784
37.9101877100766
50.1838119700551
25.739877531305
38.8881707563996
32.5461766050397
3.26190436318717
40.3485123999417
38.9383881826613
15.6594500657265
17.2533241747414
37.4420851003379
25.1803674735129
15.1140084122522
8.95361048227161
27.6688281446695
14.0446868592319
20.5003811961283
44.532382581383
40.6821854412556
36.9761954527348
46.3201489765197
34.3994306400418
11.0714768059552
49.3457060982366
0.302534354917415
44.0429126533553
43.3860125485808
24.0226613357663
32.651184592396
13.777879663905
13.8253485783935
11.9802894536406
56.7117143422365
8.12214241207982
26.5327769797295
21.006395155564
31.9297502330883
14.2691254150122
19.9261421337724
14.7371400003564
47.3993280879755
35.4805729817599
38.3885934349159
43.4510698411412
10.9225157860488
63.7959929183125
19.4655414205045
11.7284329608083
43.225981714204
44.853627262637
37.1833330951631
12.4834112503917
18.7164473813027
32.2734346147627
4.80950186029077
32.6820599374676
53.269117129182
51.1780643835664
23.6129630255173
34.0614787302911
20.3473379835486
46.6139415744692
25.180499907583
42.8490445305491
7.39174107013548
43.0571686476469
16.1145658232272
39.6940937265754
30.5985902016824
34.770428808406
17.0446155175991
18.4454955668438
24.5777980890125
45.806109512365
31.3913565118519
23.6543985083699
27.2516201250255
48.9355660509318
38.0017959047109
25.9285571053624
49.5832160115242
2.48780157432428
19.4899972993881
31.9474023766816
41.2979756481946
23.3835046921778
53.9626539766531
32.5900536030531
2.58988314308226
14.8898121435195
34.5306303817779
16.119713772132
35.1401856296494
24.7085826471448
43.7557924538851
0.109987240284681
10.2958746720105
11.8792085211802
27.4369847733035
15.8361562692542
36.6643211338669
15.0159029755741
26.9934991328244
36.8145074229687
22.267591738714
32.4353801086545
38.6692490428686
49.5612403843552
17.6693675573915
33.4069246131967
18.655614252631
37.5761902891099
23.6598217859864
18.3346031321753
17.3986378665407
21.5179436106667
27.3420232348144
37.1180939022452
43.2244738563895
19.9701504223419
32.9837504216306
14.3863551979003
28.2779949251562
33.8364995472477
46.6001555789262
16.1842477023552
33.3673193585128
43.0492126382887
18.7851208262146
19.184464821592
44.4706613197923
30.1546946633607
32.9120507929474
30.9444056416537
39.6611469332129
19.6364614223804
24.0255626639284
50.5816925690727
6.83493712276909
32.4367627035826
28.8381313836461
21.1478709708899
15.6959011056517
15.8723723609
45.4223116394132
27.8856900520623
10.8120680018236
5.20601909752777
41.8049969623029
20.5990108842523
18.8943281966849
30.1955596543849
27.4351044661337
15.018196683377
19.4730996544201
39.6567438263446
27.8839498758316
25.0424476611339
24.6425101067871
27.758319908239
15.0139272212982
29.0937962941825
25.3433768171817
22.8943521181302
31.7070636432618
26.5996764700106
13.453739190074
31.6713272128254
17.320770630613
9.27447138472765
24.6177420951426
33.710481133312
22.1790106793605
2.27719629183412
25.1919901316423
26.1243718676269
20.9871281869709
24.4485096540302
30.469177197665
13.2447055662751
16.2676529958844
31.2230514775074
22.891985361568
47.8554590241463
36.8078499101102
29.9629023764282
17.267304379493
24.911253945902
31.6687803013618
3.59870023546755
22.6865810807794
31.5793643705547
13.3741989266127
11.4229506549957
27.9411255847663
18.9652147702873
19.1008376888931
22.0354360013718
15.8444929867983
35.4710768908262
16.8094982858747
27.9477593488991
34.4303560443223
27.5318200044637
33.1627734471112
27.7497495990247
22.8046984719188
34.2981831170619
19.7211111211077
28.1646538518897
18.3754355181009
17.9084308445454
42.0794187113643
15.2486535113301
22.775156237185
35.0251787807792
11.477284738794
37.1603389270604
40.5624588020146
20.7530070096254
21.4872378766537
20.6774871330708
36.7114018183202
22.3680055700243
25.5816514138132
31.930718710646
22.5950118323357
14.7434131707996
23.213290469721
9.47302833592247
56.4367525482081
34.9100236780941
27.2570597939193
8.60718395457406
25.5028077401221
38.7762684840709
25.1810163420375
17.5079369917512
40.2464753482491
34.5001431741792
15.5916165094823
30.8408841956407
29.896913226728
32.1957559698764
23.3560917433351
35.2899665478617
28.5654386971146
30.7853577192873
52.8530845884234
23.3250368386507
5.74198891408741
25.889112893492
27.8236434329301
32.2781829629093
13.1469678599387
3.87045196257532
29.5678390889742
27.2773770615458
43.1474407203496
46.4689210981288
15.7850826624781
19.9788892641664
20.5633453579386
32.2863312903792
20.0167280156165
6.59276703372598
20.9565271411882
15.0739968280928
15.3197990185835
30.1470512593366
27.7607086114585
10.0530098192394
7.27337263524532
21.7058938606344
24.3921714834869
10.0363187026232
20.075102080491
40.7856658566743
43.541235756129
11.031133774668
40.4016818418427
15.6913342420012
21.1868340149522
53.8996549323201
49.8871621210128
46.6627104676348
51.0111487392368
18.9510635726911
19.2605355288833
36.0496938872778
37.4174291267991
19.0114475321025
7.661345599617
12.4490898265811
25.516825920503
23.1535140758492
31.5177549848885
39.8360154591501
25.2724848687649
37.2999168001115
13.848939165473
13.6342207908901
15.0511442217976
16.600709175691
13.6716748122126
24.702052725479
23.9061839412898
25.193330552429
23.5960572387863
26.9050424452871
33.2329567521811
44.6155461017042
9.51976785634894
42.9968310985714
21.5423547197133
30.9837273787707
37.8623576562177
23.2181640341878
49.9857392627746
13.5824396274984
40.64589572068
27.8947498183697
23.0490622110665
31.2364023644477
36.2224274799421
31.5289682243019
33.0613513942808
10.1336292091548
38.7788927182555
27.5567411445081
27.2327689383481
32.5401189737022
11.0519018024206
44.4444914814085
8.29172008670866
27.2579782719289
25.5533682402956
30.5383414030075
38.5598024819046
10.6526765972376
43.0128237232566
29.3135328218341
43.4494058601558
52.6748289819807
19.4691752549261
50.794082088396
27.2950513092675
19.9973973445594
40.7948287203908
42.4938404932618
40.2380674242494
34.4583723228425
3.62657979130745
41.8189845047891
32.0501251146197
1.31312538869679
26.8041327699632
35.454537672922
49.834203413236
22.7930695284158
26.6176414210349
32.1850904263556
16.9869318541584
8.58494490385056
18.9073532979636
51.5585058834404
31.9225596729666
24.363907647226
16.5364868938923
11.7872207990522
41.2018122230979
13.4866375941783
29.0638228731501
35.8973311335392
28.8564685503772
12.4256656631795
17.6879021847926
11.2937713253053
29.5487047242921
39.3220664002001
21.5741938445717
44.9431378808042
0.949619011953473
22.7766363881528
28.8909938852778
21.5230594854802
17.0532392337918
22.7970272302628
6.64419797249138
18.0379739962518
28.7673584651202
39.4006255741208
17.8642108570784
31.5634163562208
27.1102597471327
54.9265497035992
11.5333642344922
29.5300445113966
17.7503787675091
50.8376774378121
22.8558029162031
19.4369819946587
17.9894185159355
19.1785775590688
32.7295166407137
14.7871343355601
30.4268684238195
22.0113789197057
8.29484016093481
42.6744601689279
32.3796229436994
9.3373600859195
37.213377840817
26.5234835445881
34.3967232296468
24.6421798747115
28.5165284760296
28.6421565423641
38.8254371937364
23.5582370776683
35.0338702444713
30.1538448780775
27.4717622436583
31.4881045371294
20.7063293550164
28.1403019092977
18.190821928645
21.65960627608
20.3058470306745
30.2834823261946
6.95974563801612
37.9318934399635
37.4020864453677
20.7896355891471
23.103887700507
27.7356673032045
26.6965217422694
42.2881760630469
45.3921588479955
39.899686910212
14.5679371278111
30.4136854489742
14.8622254376765
10.7805396430194
64.9516077712178
34.813874983426
29.6944186557084
44.2070559002795
48.9100462757051
11.3312552217394
35.9997418709099
25.8379918907337
38.8778179418296
20.0200834793178
15.4073737096041
35.2358190916304
26.5542659442872
36.6196011658758
29.0606737136841
39.700138522312
31.1856950167567
16.6722569541031
15.1718788314611
49.8213209211826
29.0376164490374
16.0312782041728
16.0578682567167
27.1310633048415
12.3260453399599
40.9937262069434
50.8747594431043
2.19922542170648
19.7079360277696
33.3177669439465
39.5099106710404
20.6158745568246
31.0472608078271
25.8875593543053
20.9747568238527
34.2634687929054
32.5233857037876
23.2763872029173
26.0842824349705
36.8921898305416
11.7034873459488
14.4187178164373
26.6870820429176
31.776975421235
34.9778826814145
38.8929438809476
35.9776005283319
25.501422991589
11.6292238235474
43.6553895939142
21.4552825782448
40.4227967504797
29.4821846764535
9.65180112980306
31.0234115459025
13.2515075616539
0.834292266517878
37.2789935674518
32.084545475868
19.4120390716271
17.557408567518
13.7573496662006
19.8633703103141
22.9729536920786
25.6679121404886
39.0391109975469
3.21352486498654
24.1760173843989
9.32326931506395
19.7217502092883
19.8715576902032
14.061210516419
28.0380443669856
28.5885684819843
16.4710181887839
9.09682172350585
63.3575790096074
10.439768107608
35.10863192568
19.582830183208
2.24637429747893
58.7480502203107
31.511356914416
36.5932981945101
9.65623403396985
33.286630416739
12.6760224221041
34.9035668652505
15.1826862806146
23.5470553860068
27.1374966017902
15.5772773083299
47.8485580533743
16.1601849831641
30.6181017309427
27.3329203180241
32.6162904966623
28.074991190806
29.3923316760815
16.9565235264599
52.5324800051749
46.9963552895933
38.0688330624253
27.0513567218541
39.3952597994395
31.4608823508024
35.5153992772102
8.66095580122153
54.6227871440351
20.3887981828302
38.590124482289
38.3617817813853
25.4116609226912
29.7720528743286
21.3010284118354
36.3530639559031
30.5282002780586
54.1276407428086
11.3516349178906
38.7298868503422
41.9378277845681
35.8699677338793
35.0998476613313
24.550753319636
30.5198303460831
25.6003261965434
18.4894137084484
61.0725207719952
37.2446655346197
12.8383402246982
26.7806286457926
21.1295287635623
13.9632486915824
29.1865213308483
29.1311620292986
20.9557937458158
14.1663145739585
25.6429789587855
2.18973364681005
19.1211328376085
35.4832792654634
23.3330858871341
31.097172602528
30.1830576732755
24.9890075996518
22.1267407294363
32.6382755767554
29.598593711853
22.3053514491767
41.9222297612578
10.1990045570667
45.4792098607868
38.1138428114355
44.9785912875086
28.5800282949832
38.4595351759344
39.3754469230771
23.0119368061423
37.1452009771019
19.010743805707
34.450385440141
3.76365325230465
46.5262744575739
17.9749576374888
25.68877809681
25.0923132523894
18.1611926760525
17.9211117327213
37.5040003564209
17.2692591768429
13.2620220538229
17.4532953990304
20.336458886507
29.7462391667068
19.7612183909697
44.33188681589
8.06631265307498
40.6071261502802
2.51868078485131
18.2864756323397
24.6014637872577
10.6429604276548
38.3125987008448
27.8142859737785
21.3413159828633
16.4061660378348
39.8970898240805
13.2586855718103
23.0016525705904
3.08951513576523
47.6911187637597
20.7262568753648
24.8486983798865
34.3932175543159
6.99458210880138
42.1552253061613
28.8106991443783
26.5117522794753
24.4711804865579
16.3240516793853
15.9702871444256
29.7087864018977
0.147573449507112
49.5186258107424
25.5725316237658
29.0385030386407
46.0703988455075
22.3063556645866
26.1083744931966
18.2210232131183
17.0350661199847
25.2991412375867
21.6290846467018
20.4420416280958
40.3459193650633
47.7553606498986
38.7261040974408
29.404154807423
23.283214494586
26.5080443778611
42.837479757145
31.1462298966944
7.7373390103237
24.2123423144221
14.7912607062608
29.9309767782688
15.2533227605875
49.1994624491781
30.2491627633572
30.1657713018358
40.1150425896049
24.9863281380385
25.090502994135
30.5340433958918
47.1474044490606
44.3230012431741
14.5796754397452
28.2649584580213
25.8512713684746
41.7932192794979
24.9446366514247
40.2571837782645
44.6729799732566
42.7350304089487
40.9046617503602
22.436694521457
35.7669838238508
22.1415847539902
26.1773308273405
33.7827542647201
33.1980373664128
24.8625323642045
17.7992101074714
30.709301168099
24.1167685036277
26.3654048827714
29.9786265473813
22.0027172006667
28.1972713302821
24.9798870609157
25.1383410301059
27.6351743843406
14.3011527040353
19.4609473119727
35.8977975872181
26.5051890630275
22.3999693496994
28.535936307162
10.8149728737772
30.132342223078
25.1737816259265
38.6737999971956
24.1635606681361
21.7822082340717
21.2169081903994
21.544294571504
21.1294213775545
40.8848027233034
40.2791612781584
41.23186536093
14.2373646609485
31.3719033263624
34.4562660902739
53.7434602156281
4.76444005034864
9.09918653913543
25.9846122935414
49.5532481935089
35.6403560843319
37.5753476750106
27.0128824748099
20.3460073564202
6.02979490225911
21.4355598830045
7.45971561409533
19.5827516727149
24.466432724148
27.4148300290108
35.0210530217737
9.27156358957291
31.6660196986049
11.5991383325309
33.0991784780277
35.6970879714936
10.1200559642166
24.0686946548522
44.9213960207999
32.8484703786671
27.4584397207946
20.9264512173831
17.9346286226064
32.3094642721117
21.3504229602324
19.8641689445996
43.1631008628756
24.6704074636112
23.1895953322521
25.5398173350841
7.074894851848
35.2703565731645
34.4476203434169
8.38571733824028
20.4788968106023
7.49775577723547
29.5136645901948
6.48744534701109
35.8778628520668
46.0969903202491
17.8330047987401
17.5792950205505
33.980940076751
17.7493904251605
37.1078242638803
26.6376408094209
26.0142693726069
41.0691357217729
34.0230314894735
21.4455350973271
16.7739891087108
36.1815482378006
35.8548120129853
30.7035168167204
11.8403298499297
19.9767807498574
26.3583484105766
36.3583732396364
41.5882445089236
35.4530636686832
27.0387832267511
28.1942839734256
37.3119989777072
29.9250203650445
15.0743968319148
16.0185931250453
23.0366994161159
25.1745364074894
35.9211887633408
26.6370403114706
27.6039762232193
10.1697316878041
25.3899622708559
16.3095841431721
30.3043814066521
4.60150120779872
14.4691713619977
33.7625375331943
17.0797518920153
18.3142288587987
34.4217478297651
48.32339794375
37.9660153295845
18.6255161184818
11.3672165665776
11.5094007103158
49.2871687840556
41.5169096551836
35.3532520588487
39.6258695516735
35.2655116468668
14.6152049303055
28.5751197487116
35.6529619530462
27.0162996836007
34.5696908964266
21.3006030302495
35.5798536445946
40.4183104634285
1.38038545846939
8.52398429997265
35.5157379992306
17.6132223103195
35.2133692472096
28.3451815122429
22.1476519480348
32.1743491571397
23.1991395332404
50.3624720498919
30.9159366355799
39.7510901559144
25.0958835706115
32.3163717053831
33.1071672029793
29.9313693773001
30.6971128586747
11.76000055857
39.2417867667973
28.755005588755
22.1851783804595
52.5701056234539
15.471529204132
2.96774040116105
26.6362748574466
46.3559967465699
38.8246661517769
31.500338902697
16.4417064577956
29.4275573935291
40.687303163802
13.0373102676211
17.6984675873669
62.0476852965982
36.6579116395683
22.1486831549555
11.5341325756162
5.90529944747686
39.6007836330682
29.4521010946482
2.29163900949061
25.4803985236127
48.6146933864802
36.0273103695363
41.9512236490846
19.6695230901241
45.639669848606
35.1287915371358
41.3672316613367
21.3544227182865
40.0972493458539
38.2478914223611
26.0497618448155
28.4739978145808
32.3378417175263
5.80054800059273
39.7658643563742
3.00885183025751
26.0643762583402
7.57801681756973
55.489247571677
30.9188718441874
25.8669676724821
5.95646784640849
34.42752067931
31.0976556036621
22.6869870908558
20.8520690818272
26.7545017144298
31.2758406158537
30.2515852730721
40.6766402069479
21.9328656792641
33.8950087781996
46.1287017911673
30.3851422853768
34.4023731537163
15.2801596093923
37.7726507203808
12.5611502271768
22.2044640220702
13.8279777485877
37.5619526021183
30.644348775968
60.8709135558456
48.4611010644585
43.6847950331867
31.4966850383644
27.482851873809
29.1466670110822
24.7087722178549
43.3603543322533
32.040990749374
0.110650904524207
23.9476639635139
14.4150215666741
27.9497380368412
31.2333926092833
24.9039350941092
18.8877709209919
34.9796789397202
24.0325960714349
17.6760651171207
30.7160878386378
38.9665057547901
8.82806390086891
3.77898426765971
34.5317032188177
35.1239028852433
30.8794892393053
19.9152078479528
19.048512125798
56.0417102649808
37.9002197645605
49.5438813697547
9.90667794831097
27.5538415648043
7.76374476216668
7.93762574405547
35.3950145188719
17.0510299778859
24.2159092333168
23.3223040122539
27.97284219414
33.2305038813502
30.6468874511333
44.3254683693714
33.2301429938525
40.1085372082889
21.6386915650219
15.2354129124433
28.3099389635026
33.2587347831577
34.8151240032166
20.2936928719282
33.2370858639479
26.3853039592505
29.8161557364066
24.4664342142642
37.9114043818078
31.5415415447205
15.9923054743558
26.5406221617013
17.349937281438
35.112424287945
26.3946320314073
47.5864354986697
14.598736013768
43.7783504836261
48.2667080126703
14.528736088217
38.6831558775157
24.3643999387881
41.9833535142254
28.6168685182929
39.4092876397567
38.5678839404136
33.3428340964019
37.8907473757863
26.5333042736457
29.6016990207136
12.8438087621525
14.8642775401413
21.0609827797607
36.3210164010525
31.8621133919805
43.1841140147299
2.1089434158057
42.3780062235892
41.7752197477967
45.7595963496715
16.7658403515816
23.9609928092029
29.4868874352715
24.9662085901946
21.2112930759856
4.97097000479698
35.5135886504401
34.714508568868
35.771881043911
7.27408219252321
20.1286763746531
20.0120851397514
34.1821318026632
20.5038754914488
16.4447790943086
16.1026934627444
11.3810072652996
63.4687521029264
37.2800474897612
35.2918155957013
0.898087267683098
33.5068560671061
32.1195852011442
22.052235621959
28.5260082222521
34.9335678882819
21.9047986952843
24.9172847252339
12.4674410559237
21.8788501806557
10.0727243476207
16.0952690988779
43.4963305502503
54.0254401508719
5.47094228994766
13.4719993919134
12.7850152801258
43.0387477856129
19.2144414950783
61.1668153200299
40.67376780871
33.2904301583767
24.9160967301577
31.590449437499
9.94669436701915
44.6638913504765
4.46284553036094
41.1010803060472
43.5525170061737
12.7649091302216
23.5037054400891
5.28144236411212
30.7412974070758
32.4141721828192
51.1438219808042
12.6639602298228
27.3677592631429
32.3114955797791
38.8627829961479
3.01876682788134
33.6925743874909
27.3298042826355
7.00487192880565
17.0626824721694
15.9839793343393
16.8170410674065
12.3282367829233
32.2907023131847
36.1161652486771
23.5054269433022
46.0588957183063
29.3877303600311
8.07479294016957
17.9072381360034
19.2467933168983
35.6327647808939
27.8315532952547
14.3149564600246
24.1908501853291
16.2508531939238
14.7066137287766
38.7347688622851
28.4976305440068
29.7197577077895
18.6498947441578
29.2184186168015
29.8881630413234
10.7746577821672
16.222741547972
13.0033848341554
9.04232636094093
17.8362898746022
42.8805506256767
11.7659120820463
35.7101297471672
37.2295724228024
31.4911774054733
3.068885127216
4.77879247628152
37.9418841110005
39.2145358776882
6.74023870378733
49.264975450933
21.1651689372957
7.50104617327452
41.1218414548784
32.3053971864283
45.9248034283519
19.7890604450828
24.994910415262
21.1866503115743
29.0793194704429
15.9819344135473
25.1362945884466
48.3157719485462
29.4834857593214
34.002264868468
43.3989137411118
29.0176899638027
3.11520535092477
19.6669623721391
28.1787944491953
6.35016157652214
25.0164534430951
25.1997284125537
20.2569391578436
10.2489579934627
28.0887695960701
34.1541731264442
29.5356743969023
3.59746161848307
0.416509434580803
45.1008700300008
12.2109843719404
42.5527634099126
47.8442027233541
31.0021220240742
47.2852023784071
42.4966678023338
17.6337069366127
5.76596180908382
16.1548375152051
34.0071796439588
46.3175809010863
31.4491090830415
22.940845740959
37.4433260471493
16.8573607279084
34.5670294330647
43.1089178659022
29.7350902110338
9.79403899982572
38.4782162960619
17.2111312825623
1.53427086770535
39.1338033601642
13.9184453501257
23.594188503921
24.31585281156
27.1210812907754
34.9896261002868
20.9137697238475
35.9407969750464
14.4745167184572
34.7073968034238
2.92613645456216
7.86232566460967
25.5601117387414
26.5953633002937
6.36502546258271
22.0394102390856
10.0902145934038
26.9532126374543
30.3526644129306
33.2649965770543
8.1198101863265
38.7863641604781
27.0442849690567
38.4117906913161
22.7297382894903
41.1030708346516
29.074295796454
36.3406859803945
38.0723004229367
27.5421614679573
9.85304438509047
16.321728611365
19.1699153278023
10.356513177976
42.0954455303198
47.6612763249146
27.530524430702
23.0150239898809
2.09694821387529
38.2075411735426
11.808709251503
33.0785555299371
20.8423822652549
42.4664305523038
22.9217390639935
51.9406640074085
14.1221355181187
32.3964836075902
42.9435991682112
25.8960313939546
31.5772640197372
27.0790541544557
44.5582792628556
22.3190078030407
28.4208860248327
28.3504132647067
46.2516198400408
1.56666631810367
32.5315837526718
10.398240480572
9.17960526421666
21.5707583259322
21.0045944480029
15.8426966983825
34.5429819166082
27.8474592603743
19.6271006483585
28.3357315606227
25.2408890438827
26.1312941089272
41.2463462598962
27.9147028923035
5.5017214268446
7.05348212166342
36.8794048670679
34.3743994114787
23.7327613637843
36.0494077177925
24.4588270783424
23.2696216153187
27.5046935770661
28.0124592129141
14.4957609008998
24.3294153828174
26.1120466981083
40.6070037189539
19.8674475308508
20.3212501946837
32.4888631235808
22.9245026130229
23.3179961331189
17.7880500908941
24.4009610265493
35.0893546361476
9.61108994670212
8.89653945341706
9.96888000518084
37.3320011422038
27.527520712465
17.4934204667807
22.8044485207647
22.0420575520508
35.7916747685522
7.04891514033079
32.2487307712436
30.2695589280247
33.1879969220608
20.9508011583239
48.9842764567584
39.4392652902752
41.9369211886078
43.7995167914778
19.6689761243761
20.1372676063329
24.2166116368026
40.3349210508168
30.6379078421742
42.9768719244748
15.8213734161109
25.3663164563477
25.5602308083326
17.0465992247177
6.42384424771396
17.0495884958655
39.5173380040979
29.9575075972825
21.4350246466532
24.4351098313928
22.4318291381747
34.6285134553909
23.5127102583647
38.6324199391674
30.8922193013132
19.4277136291564
12.2148488703865
40.8024614676833
26.3595921821056
19.7996048256755
47.0428818841388
23.8476178143173
29.0434516307596
14.1181151382625
11.7954805941833
45.1678999699652
7.91224346933973
10.5837759237208
28.095042379573
12.3487987512664
19.9028123635799
17.0093801803887
45.8971762098372
43.9755028424579
41.7680302634835
20.6149850506335
12.2965995457009
28.9585050195456
37.9568785237752
21.0005062686936
27.9953217599541
62.3336495365947
38.4684583172202
11.1141916457534
7.60066378861666
28.2322250306606
26.3878867461555
43.1250195018947
37.140773748979
45.6139317713678
31.8818412721157
10.6303316578796
42.2688393853605
22.7658000774682
39.2034796532243
19.8522279039025
39.6040498744696
15.9942789468914
10.2685923222452
36.4794389344752
36.8704568129033
47.5533929653466
48.5405234666962
1.79860915470113
18.7901981703127
34.2819031327963
33.3223265256816
24.019783269614
31.5564182586968
36.7513764461845
22.9888727436088
22.283770546501
20.4347239715962
14.8250875877588
19.1144342975691
36.449988947918
4.13141856316547
33.1735206767917
22.6433791878234
43.9385987818241
21.6173292603344
41.7985206004232
21.2572642136365
15.8057565229156
10.1624496653121
32.2605394292623
33.101587630667
27.7718956259456
47.2302793525159
54.3040307704359
33.427508501336
11.0773901240601
24.7194230090827
35.0469305645674
28.5680722910911
25.7821165956557
26.7238231255259
19.0787272062153
18.4254307299852
56.7011982668191
51.012398255989
34.8442433563449
48.4894603490829
3.05214111371533
23.920018993867
41.8174494057894
41.3191454019397
24.4306758511811
16.4134600997153
35.5924320407212
34.2938229907304
32.6146061997861
36.7752114310861
39.3171559553593
30.2060879660595
25.9121146053076
39.9247189983726
19.7016396559775
14.3082869938706
34.4603377394378
22.5194299593568
14.6693392656744
18.027705932036
9.93221323005855
32.330857636407
34.4448979012668
30.9580613393337
24.1006910335273
19.091261131689
39.9427053052932
27.8886879328638
39.9288057463313
25.6871468387544
15.1120021473616
40.8833521418273
13.4245860390365
17.9676450736073
35.7654043056614
26.3314993181588
13.8619521013916
45.3673063777387
24.3171339388937
39.2568574752659
57.5549166183919
8.97783772088587
14.8735741751525
29.712149919942
28.5564679186791
28.1425937867048
28.1428635120392
37.1878474485129
12.4038264868817
41.944383457303
32.9057198949158
29.823221731931
28.8784311152995
9.7822237326497
18.8872952571974
0.830317661166191
22.547439718619
31.4920485827227
16.4161699824035
39.3471251241863
29.4006263837218
21.8225768767297
12.6582480241595
53.5799767822027
31.5010836347938
26.7375741619617
25.7205557078123
44.7409122716635
31.3929977258046
29.2887815739959
26.2988630216569
26.9918350037187
33.1747432705015
40.735902156478
34.4343660399318
9.22866302869122
35.8362150662723
27.8872489445306
40.5653308145702
8.96144318394363
17.9260088596493
44.7431517299265
30.9524278622121
17.6130992826074
23.5106530599296
34.7251075785607
25.1025149459638
1.13653324658163
24.8501705005765
29.5494755730033
29.7793006990105
23.1864005792886
16.9555017258972
22.3295414287305
18.0610772964094
33.0740273930132
29.7846026295651
12.1231762542365
8.475949941203
20.2380945440382
23.4384848189514
31.8109363811141
42.7300641928761
24.9688427895308
37.2324542608112
18.9246358349919
25.2721153119911
5.83218554966152
46.0930770263076
31.5458349883556
24.5659068692476
18.1892575827985
23.9288437203557
34.0939403045923
16.133620403707
32.7433651778847
30.327504359402
42.2223634552211
20.9437725599855
11.9776436127722
44.071263121441
18.8056852781143
39.8632748052478
28.7938122171909
52.3814318701625
2.68771974369884
38.4342966135591
37.5062558799982
12.4229896428091
7.47426636517048
11.3365453202277
20.8576619625092
9.41364257596433
55.441452935338
51.9895149860531
22.0716752577573
35.2871368639171
21.9069674958964
21.5995865447515
36.2665625869239
8.2034267950803
26.1441663047203
35.3157989762496
11.6747502684581
38.5413150768727
9.63985360677274
28.651884335957
50.2033958211541
55.4007026832551
8.62156916783758
25.8188190355135
39.9648412130773
40.036291256547
30.9203520570872
14.972822368145
43.9509538002312
32.5535791182478
37.8727978095412
32.2001974098384
44.7644784580916
22.1211965031391
42.3669448588043
27.5572559330612
40.2945858892053
23.8900916079313
34.2518001329154
16.1138955038041
24.2720877825769
14.9327566847205
28.0846195761114
50.3890636842698
33.4571391809732
34.3533165702209
11.8484476581216
33.4566874429584
28.9435429964215
25.8657461497933
24.5621367357671
14.7112912032753
22.1352998167276
15.8505251502642
15.9780488542406
27.5971764698625
39.2998205963522
19.5511063058659
47.4051105449229
34.2694602906704
31.5600288566202
27.7363231063285
14.3966631415416
33.3057472947985
23.1022338661766
57.1373854298145
47.285291319713
40.065890038386
52.8542760759592
51.5055459924042
15.6284011768655
20.2293413811078
22.012258740142
40.3551927767694
13.6610013432801
22.9691497050226
23.3795547857881
45.1705723219349
14.4750883802772
15.4105839315675
17.5650698598474
42.4960922508452
25.0181425362825
43.7799191102386
5.83194790379544
15.552824549377
0.982910811306377
21.4072839106107
13.5835936758667
17.0481792411355
41.8837571982294
36.1310042906553
40.7419585622847
48.3821087415502
31.2264505308121
30.1104180631414
27.7303235605359
42.7619628608227
25.3672513179481
20.6215759743472
26.9882541615516
23.076642723754
41.4578259456903
49.6103942859918
4.10814383067191
32.6043311040848
27.2269535748149
55.028800945729
45.5985897367631
21.684450795874
28.1705925241113
6.92020072601736
22.5396899972111
8.63320357166231
19.3575996199097
4.04934915713966
22.6519347168505
29.795528575778
24.4032202288508
29.2720289435238
44.1342468839139
26.7151669988913
16.6117910295725
35.2286912500858
2.44695546365432
13.9850280247629
18.6609912113555
43.7994970008731
21.0670218337327
9.09102102741599
29.2860182002187
15.8875066495179
28.104138886556
47.6657406426966
37.2886502649635
45.0641966913988
46.7746687109531
18.4774785302579
10.5452662936175
8.60050438566245
36.2278813030571
20.3375256620347
40.9169619902968
49.9753582871157
26.3867898844182
34.1257266014943
4.26202109083533
32.5040707364678
23.7046429887414
25.5299690645188
14.0672585461289
15.7438887748867
46.2154813110828
2.80459871515829
13.5167690459639
36.6978169349712
22.6297615561634
31.3405732624233
12.5484408810735
41.2423874636662
30.7588212767644
30.233428068459
33.5531895048916
34.0268568135798
20.675781276077
32.8710655382786
22.483732085675
48.5858245752752
46.7013154178858
10.015355709465
32.796239014715
19.7842159308493
29.9661067314446
3.61715476202821
39.2672175625529
42.6427197642624
30.7935865130275
41.0707222763449
3.8599987514317
33.6196179501712
12.7747874807245
46.3753046002239
19.8746481025467
19.5133055956239
44.9473233427852
21.652140468359
19.9156949762255
19.3658581003547
16.6092240717262
18.2972904294729
29.0685004089028
11.6866288519963
34.2689426150173
36.1117583699524
4.31593448881466
29.4129329733551
41.70975886351
18.1048918515444
29.9664761871099
48.7691642250866
36.9882915634662
47.167922908058
27.6037795583564
20.3017683234066
24.2227082606405
45.7538595888764
23.2659236062318
39.8156218230724
28.0514311015963
29.6552315354347
19.3884094245732
30.4338600020856
4.04345185153347
16.8911078479141
25.8970544207841
15.745288413018
25.5333668552339
27.1098121069372
28.9884713478386
45.8319021591579
30.3271390462693
36.5244785002151
35.5784692801535
7.83220147714019
41.5817397180945
40.7130856755601
19.4836149457842
31.8175071759263
40.8301576506346
15.0040991138667
37.2974227182567
20.3167537692934
8.83849472738802
11.7929933127016
44.4326738826931
29.588616362161
26.7625093460083
39.2983426805586
18.0212889089556
23.4134677766755
16.3946895956928
17.6029226742685
10.8946705042176
35.3213798254728
13.2681104820222
23.3714030124247
16.8489521672507
15.4192281963382
0.015237346976268
32.6130071189255
20.6000125501305
18.260538764298
28.8215888664126
48.7759135197848
14.1388664022088
47.6735444739461
60.9501897823066
30.6819766683832
20.6987478770316
40.505054127425
48.3039858750999
12.2800345066935
21.0874755401164
34.8054169211537
29.2667915578932
41.2957220997606
14.4522942136973
35.899540875107
21.1737109813839
38.9711927622557
11.1920958384871
31.4363129902631
15.1465663686395
31.3880771398544
12.8434823825955
26.7051093280315
26.2256598100066
21.6758617665619
49.4032012298703
31.4257469493896
17.7367846481502
9.68522336433734
53.1847237274091
29.7533939126879
42.1519764699042
33.3674844481083
12.1665212319698
47.1463470719755
14.9125926196575
45.3818106558174
25.9444855619222
11.810949772011
45.6399065908045
34.4567120970659
57.3033143221779
30.3346792701632
20.4361141193658
6.23332853429019
43.6011182144284
37.6883836928755
47.3482414148748
27.7731155976653
27.2359931841493
0.945177860558033
18.4246824122965
13.9789937064052
34.1277012135834
23.6760555300862
27.8386441990733
39.277946902439
9.83224380890513
15.309705669779
17.9001512005925
13.1045693602226
18.0298724211752
30.7519651678122
11.5760722613945
22.1231084742233
48.9368300884962
20.8903385051507
22.3164487164468
17.8478575481959
29.8380985390395
38.9254583511502
15.0928889525327
26.6464123968035
34.4829801470041
30.0220177237234
30.990058873559
42.6534362602979
33.2997724582439
10.5141310794362
45.6333185080439
48.365414980799
27.5109791290921
22.6059170490699
29.1522702202201
38.7209217064083
19.7714830283076
17.7505565341562
15.9547248630698
12.265648227185
32.2124174330384
19.3728246260434
24.1035817098116
5.66498484166016
36.5823932923377
21.9369078733974
48.3491194900125
17.9924995172769
23.3813280239701
15.8568820916116
15.6557196751237
30.9060923755169
29.4359118576317
11.6519758769841
28.5257833132804
14.5312250139087
44.3829038180411
35.0825170073749
37.8808758221567
45.9127334412187
38.9942298643291
30.3984708618373
19.9426033171073
39.8800693452358
57.7083779033273
17.6494525745511
45.74915911071
22.5575704962252
52.4522127583623
31.8112410139292
19.475336978212
33.3897784352303
40.4224610887468
29.083331907168
24.2203913629055
43.5828546010075
10.9869782868708
38.7184987775981
10.021360963583
64.8037339095026
51.7329434864223
32.4218850582838
20.2318573836237
34.9337235093117
35.0766493007541
38.460699422285
27.5326069444418
18.5965356417
29.5849633868784
30.5626285728067
40.7360657583922
38.1138524506241
31.4382006879896
42.3531672917306
25.4031187381409
32.2805187678453
23.3955706447507
26.7393560185086
13.2559280376881
14.3235788680613
51.0365732014179
23.9188809879124
20.9614577237517
22.0867599826306
42.0853727031499
27.9728744792662
14.8913831903736
12.1659098860261
38.8001695275307
10.1219316360468
22.8074618666178
12.1806273702532
23.9506649784744
24.1564670577645
25.0468863867657
27.3307197727263
19.7887614131409
5.56017947983327
28.979745041579
38.3426069411184
28.7063062611651
46.2948430329561
41.51314604761
1.77233596332371
21.9896958954342
7.45905672849635
42.693887045607
38.0296031944454
46.4120276272297
45.1722764410079
30.5401781573892
30.4950199555606
26.0222882498056
30.7172655593604
4.78167342953384
29.1029955726117
29.3742299079895
23.8225720546191
33.8387370821164
22.5384615821002
20.1427460648119
36.3341968972236
29.9673084169626
18.6850833706558
14.8087414447218
30.4500333033502
28.3722358290106
45.0481639243662
38.9754297677428
32.4511614628136
24.5897562459077
15.7142430494056
18.1945118587464
14.5699241664261
16.855836405766
31.1647997237742
63.5254283901304
2.67059896141291
27.1619400009513
23.2338916960293
23.6470745876431
29.6445052139461
30.4335724562407
30.0355661026579
47.9388040146697
9.79671641252935
19.5377457962625
25.8081614654493
10.196732589975
30.1457344554365
29.7152050770819
17.864437494427
2.73483162745833
29.5802466148133
48.3346845488995
16.6802887804806
19.2319469992071
36.4780468400568
21.5110764306415
32.5481230158759
