"x"
8.39658000040799
1.43020169343799
6.89447543118149
5.40869142860174
1.04757610242814
9.74130763206631
3.52205368690193
1.29149435088038
1.24535818256999
0.0447805738076568
1.34397874432106
0.156751787289977
9.54414268489927
0.808523876538629
3.11064118809889
1.56370553184535
0.507904381513098
4.71289803602666
4.19838905742374
0.152504025027156
8.8875305140391
1.43004023886895
2.37485822290182
1.69029912044012
2.03960628162674
3.58904754280517
7.20413127180201
2.67861424945295
7.56904052104801
3.57979466207325
8.95552167203277
6.24305307865143
0.0310315052047372
3.94214783759108
6.63523336406797
2.02406850672051
1.00564387185037
1.10095494892448
7.60472482070327
5.85029671451955
1.26751453058534
1.73419590573758
1.82662159204483
3.26976403424604
1.30090441881833
2.81459678979425
2.84960730932653
10.0800766143948
9.10484639462084
1.84076227332412
5.36532974801958
9.97216664254665
7.30434754475012
13.2548904512078
8.22652474917463
18.3529685333704
1.58867470454425
0.401076515396224
15.7310575246811
4.08248810805011
1.99092717375606
5.7881763508401
0.896598957479
5.78649411909282
10.7240508543327
0.633794907480478
4.0552536258474
8.69497520745102
0.341071904782205
6.95848648902029
2.60982433485533
2.71038925275207
5.71002715732902
2.41864803714783
3.13395005650818
0.141320665619146
0.488698133267462
5.30995047399048
8.47304379164386
3.19301059276212
2.85243198820397
1.65796959408276
8.04773147085671
2.68926046194753
1.92431097384542
5.35759555493328
2.85101455194601
10.8339466127671
9.68931775700399
5.49804956210829
1.28694006707519
3.52510785968913
3.98904953617603
6.89145532983334
1.80113518144935
1.48387867957354
11.7782559478655
6.39018482888237
5.50805209204555
3.03664289449423
0.600078050047159
2.82331566326847
2.9333393656839
7.67795373685658
5.78476671049566
3.50708374753594
1.52227428430254
2.43275174871087
13.9814995927736
4.81330839166315
6.86641777865589
8.22628177702427
4.5149072771892
10.2621202124283
12.6927148486005
7.8808264574036
0.213627844749503
6.28552753478289
2.0037138601765
3.34101221524179
6.48025535909219
3.24815935455263
5.32474895620817
1.14641075787786
6.7635560175404
4.50356875080615
8.55302358977497
4.15408614944814
0.654314435087144
0.674034259282053
3.3277673413977
2.09890576079488
0.568375195657866
9.14043956436217
10.7449942734092
8.03187577985227
4.13666187015339
6.969378117094
0.07249707385453
2.17581468168646
1.15432224995057
5.39429525825966
4.37739542685449
6.66181173354515
3.94527143798769
3.5480828619114
7.78745356947184
3.15848197788
2.10884113330394
0.71339902933687
1.70031362213194
2.08891648799181
4.65263733640313
6.87743241433054
14.9784269118116
3.30892227429837
0.233909953385592
2.86220163723113
8.9117269963026
3.36201039608568
5.03179882653058
5.34007130514018
1.98386344127357
6.92192970309407
1.06024899426768
0.497017498128116
3.84608729202251
1.93282696845914
5.6672447361052
0.76191492844373
1.02439075708389
1.94090227596462
1.14045115569275
5.48504991456866
4.14333886495984
2.16545106377453
0.110045368473071
4.1683158028386
2.93128960765898
3.05767332567965
1.59209691919386
4.73837744891814
0.240499235272565
13.4064924670383
7.26929758462149
4.49047910515219
4.43088035640725
4.85674039674535
2.86602733043658
1.73964812420309
3.12682914081961
4.42654504440725
3.57760987244546
0.94582352321595
5.20134342368692
1.85854536996896
1.85841317288578
2.15096415486187
11.1399162560701
5.15631276648492
3.78091784024719
5.01319842878729
6.24579314608127
6.91314308580655
9.63228850159794
0.792885122472148
15.6203666701913
3.29843573272228
3.09457993134856
6.34454509690794
2.05002657603472
3.27160225197202
0.293682192824915
8.02323123466177
0.351678719744086
7.61918434873223
5.31719743739814
2.05024105962366
1.17833386175334
2.74753849953413
6.23284196481109
5.59612976350564
1.06336905988422
17.0350519099558
1.6432125819847
0.879013882664913
2.03324455418414
6.66380624752492
12.4382792739198
7.36995814489456
3.17057929933071
0.541248452287889
2.59642750024796
6.62090524033913
10.4266779945829
0.70322615052592
4.43109650054874
2.6319717178837
7.27613267954439
3.58514306907058
4.10003988072276
4.32572244707264
2.41347703104499
2.73979667453247
6.08816447202116
3.51408971473575
3.47628587203998
1.64404654970239
0.218430999666452
3.90540091274912
8.92681595869362
1.7262284965686
5.75455746147782
6.42536266241223
1.87763497233391
6.30712543492434
6.61667454987764
6.95173852479518
1.94859821349382
3.562815466403
1.84018861905836
0.224293096782699
5.3732565138489
1.30988629534841
1.08548008266838
6.71088836394324
4.37230200041085
4.79196433443576
4.55190327484161
3.06802096218409
4.2873305035755
4.81301294639707
8.43125954270363
3.27897101131821
8.3201321773231
6.49519173749572
6.25349504407495
8.52442439141814
0.21419631852774
3.45636826121835
4.88885260891341
6.48832340356126
3.59797767042799
6.95195979293913
5.91972733382136
15.8106762217358
12.0464993175119
1.36165488511324
3.54911138234814
5.85444374009967
4.37178990010896
0.532929017208517
1.48587685677472
0.81307552754879
2.17188782989979
3.02956038532631
1.23532003581403
0.279409694485366
5.39193575599383
0.759530279188253
8.81605177856435
8.76088100485504
1.35935118887573
6.12894059760384
6.35448454413563
8.78854139669221
7.95727060176432
13.8880090498798
5.16982586123049
4.52887192368507
11.5098986826618
0.149661465547979
3.13737548422068
2.05448055639863
0.301263085566461
0.124729282837373
1.18953954305396
9.72595831844956
2.14325073175132
10.8562592649832
2.88791847415268
3.0585567924657
2.06873430870473
3.53769341018051
4.63071959093213
0.968476133263221
2.97116683796048
4.86707944751969
1.99082361068577
5.13312403796419
0.260601923449125
0.991679883866101
5.90763846412301
3.74083695933223
4.13087986508656
2.6582604739815
9.52523320613314
13.676204578951
0.989239988848567
8.31159255467355
0.769554451107979
0.566378359795946
1.99991769623011
2.8611117820815
1.34862132836133
5.27934985868619
0.0726096797734499
10.0325088443021
5.77426147647202
0.910075264982879
0.594827206805348
5.95573298633099
4.58934672642499
0.856320684439255
0.593124466441579
2.98033554572612
8.0156622454524
8.45313881733853
0.508324126712978
1.36075303889811
7.45727381771974
10.4807888623327
8.85699770879
2.11592114077742
6.50962935760617
3.24810247402638
11.5659852227788
10.5960794026032
0.787343503907323
1.32071215193719
4.39722543217309
0.677131018132749
5.9153031790629
1.73275689594448
2.12082900106907
2.0341209280597
8.3725692005828
6.37910192626771
2.59996197769551
1.94744988702095
1.14652934424026
4.15233937092125
2.81745640095323
7.42212268523872
0.11949340767034
10.962048638612
0.692813564264334
1.74839318823519
1.70460776425898
3.43287432262114
0.764587661251426
1.51995436999901
7.65775896143168
5.76435432303697
11.7816432379186
1.96781383476852
2.96858325600624
0.4173395746945
1.28082951996475
1.23023614582227
1.37317542329826
4.14548106491566
0.0247231504751194
3.46106609795243
6.23762125615031
10.9945487221122
3.14373791883691
1.38421263756345
4.40502060535535
2.09016078151762
0.750129889179197
7.71172563545406
6.32551449816674
7.51647474244237
1.95768218101966
0.226254458539188
6.34011877378284
5.51246762547261
1.4755719806999
5.23578797001392
3.96983127575368
3.03467815828865
0.801430596038699
6.40052256640047
4.62358037475497
3.44804937485605
4.9844355490371
7.96293144115968
2.27926224470139
2.60163907580404
3.9787917256025
6.27145252520552
8.32975627854466
4.66949652481106
3.65288548637182
3.34470209199935
7.27718315811799
2.6626372942701
9.52412909828126
5.36989732458939
8.56909013525286
7.86772473192515
10.1507927291748
5.06920062471181
1.67886567150295
4.6703590080142
8.40966278618167
11.0545289311775
0.756704644300044
2.25978693924844
7.08584962412715
3.49194299989165
1.72439906746149
0.177979120053351
10.982375848107
2.30707477312535
4.61695839270822
3.21917848195881
3.11196683906019
2.62789437547326
1.50243071839213
1.32639987346869
3.06792680639774
9.87187176263162
9.23297483237871
3.96617092192173
9.59978818427771
2.70665481220931
10.3582101408392
6.85822798404843
5.28843172360212
3.11271784542902
3.27551193847132
1.21796787716448
6.0078035713308
1.47917207938487
2.49318387359381
1.72851688413574
2.89139344822615
0.641651172190905
6.06071039760107
6.0269575798884
2.31117985676974
2.59855423266109
9.19472349341959
2.23134530242532
1.85829286558325
5.70295127108693
0.379617733743881
1.70672431122512
7.92164509184659
4.27613966166973
2.08997789304703
0.602248152248594
5.52060162029144
0.305165485798599
2.91110000107437
6.02768052904316
3.74786731429354
7.9617494251579
2.32025801669806
2.12923911712578
1.10371008049697
2.55814419477356
3.59552680760179
0.579962693154812
5.1127765327692
0.452332245185971
10.5158478139228
1.01172511059147
5.06082664688892
2.74832346476614
2.7869016291311
4.52665062621236
1.17581021040678
0.608948967419565
6.20347133371979
8.00657712388784
5.17119690775871
2.80761243775487
8.93740134779364
1.59589597024024
6.10575453489606
0.0460447277873755
15.6983034918085
3.58117724448451
3.87001119088382
0.190322031266987
0.999626114254687
14.8380330047473
1.21902073733509
11.2842139555141
1.37906135059893
0.27853031642735
6.98746228590608
8.73451039660722
2.16773480642587
3.53862110059708
5.4325512381374
0.263913231901824
3.3108638516267
12.2379736871437
3.45342098342014
0.940412657689516
3.64164519123733
1.70927071012557
1.83404686395079
9.45557248778641
4.86861423123628
11.7122539086267
1.32217171609534
5.30688685309393
15.3556342260369
6.01597556378692
7.00902329069648
1.17899358738214
6.4833268057555
6.47820847746138
0.547312196796974
6.21049667242914
1.0306644719094
4.63816779665649
3.15027215974179
3.75415224116296
15.6183996470645
0.718283172962134
4.95815650126751
11.4872805692281
3.00015072537134
2.51967460451303
6.5783261758992
0.024574425295107
1.72934215516474
2.01160255819559
5.32306016569089
1.38913048431277
3.70587590150535
0.612056278623641
3.37425109464675
8.28655254287379
1.35384639493853
5.4069017758593
5.51555140409619
2.97111512627453
6.91510406322777
4.96580130313353
3.06686067822587
0.812677061185241
10.1146569081977
3.90819064341486
5.1185027230531
5.17319020283635
1.562380037137
3.04102424997836
0.161439532732602
3.16001346800476
4.44398906365364
1.6272242879495
5.42580900307919
2.24844950716943
6.91219789441675
0.725711846825257
1.65330008603632
2.04463869758435
10.965056437999
10.473543824628
3.20105912567537
0.706391735002398
3.33238692135398
8.79136158619076
3.46114956773818
5.13084647245705
8.72487276927156
1.45480376668274
2.48743098387248
3.66767817176878
8.75514973886311
2.16118502430618
3.428163100034
3.54764705541571
8.0087406327948
0.436399516266864
11.6634614067152
0.462238634130913
2.91547868400812
1.22087244689853
8.26101533602923
6.88251020139072
0.168784334341314
3.29668961008644
0.919425231404603
1.31194892772639
3.84108776651217
17.5883235875517
1.66358826681972
1.01389797812839
0.661137164570391
11.231013876386
0.657138088718057
8.30428667832166
3.43713140841781
17.8775210632011
6.38002038467675
0.427896302776419
0.40697013027966
6.90399591028118
0.77165669499016
13.0821775179356
11.3136724801734
1.69662064872682
4.25901333801448
9.32894104788627
5.09988066392432
8.82293090689927
1.23165608383715
1.94862480061139
0.134591357571859
16.0395964281633
4.97388994851327
2.31921502854675
1.78470097016543
0.320575013756752
4.19722981750965
11.4011280238628
2.05086229834706
4.63861967436969
6.51269683885128
8.6428480768304
6.0281676473096
2.15488621033728
4.70169538166374
0.571422348730266
2.37746606580913
5.20076793911561
12.9488564329222
5.01058188110838
13.7704248772934
2.32652199920267
0.792705031941655
10.7312710722908
8.26650320086628
1.50185161629373
3.4682375844568
7.22585117910057
13.154024281539
3.7989281816408
8.18242544773966
4.75670805531226
5.404131882824
4.62070484645665
7.66253065631151
8.44832270690831
1.5956899151206
4.52291253228258
6.6783461952582
6.20945817970936
1.48992037253507
5.42225870684995
10.156183084473
1.70419139321893
6.33976232880553
4.16213052812964
0.102996756322682
7.63319203843157
10.8334231888875
4.39468905095626
5.60141294263303
1.32625240366906
8.6665042728157
5.83612532354891
8.55159272905439
6.65291629265994
5.70925881620497
7.47821773402393
9.21718648164833
5.63093139789999
2.95806675253901
9.91823789663613
1.69730435591191
3.35465294774622
1.42859036568552
5.19420937635005
4.43116917740554
3.71069943066686
7.92874314356595
2.80507320585522
3.52777620615982
3.56387898791581
2.37249843061698
1.26644838601351
1.88694230916721
1.71135971322656
5.49134027398242
10.2796914987266
3.84722892194986
4.22245115041733
0.847571631800947
3.72531500179321
10.5562181831551
1.9193049519121
0.224421685561538
10.3677920531482
11.8431583279744
8.47558632166364
4.48298929259181
1.76475771085144
4.35415671483053
2.74388827383518
7.60660413031852
8.35968363739154
10.3101094253361
4.74133833154807
7.20585026569126
1.54355289473144
1.81076369199685
6.35689596822541
16.80192516651
5.41948832414133
5.77972903847694
10.1463068509474
1.38816048856825
6.63287092384975
13.9377166284248
2.90089101895459
3.53710271883756
6.43365050200373
0.743492832407355
0.834476319141686
4.24329009838402
3.79798557773308
1.102704112418
5.51755791530013
1.39661347395685
1.35685870318684
8.45878440886736
1.92857584916055
0.926107144854784
1.33563766721636
11.3386974168807
5.67051402758807
2.32829090171076
12.0983716522955
1.98718374595046
3.16787864372237
1.6405402449891
0.714926047590921
4.24931246707003
0.950420810841024
3.39018811407941
3.85469500288592
1.06543886940926
4.37918456996207
8.7426327796628
1.9085748353973
1.15739910397679
8.79808214958757
9.28646056602592
2.73457530420274
3.67292492928792
5.32845840314684
1.42893701289716
1.1620809789747
3.0678250396964
6.4657910828742
0.285857034141657
1.27600384874943
6.28040307201445
13.2227141177282
7.48745345789293
0.257415842928475
5.0515788311137
2.21338882111013
4.73097634967417
1.76761738838085
4.94137096684426
7.35981092547524
0.0226900447160006
8.40296600945294
0.596485763638416
3.17949918098748
2.33679779339582
0.727250217460096
1.52492318302393
16.1632428508356
7.78236980549991
1.96485393680632
3.40186643879861
0.244453945197165
5.86818815208972
3.12549045775086
8.84773810946982
3.76165757842124
1.51787534029609
6.74356941300781
7.37890664022416
1.58597335685045
3.49881057627499
1.75800661090761
2.7215072618904
0.757926151716309
6.28087309652189
3.26448478735983
10.3596806060523
2.03096650338416
1.21699748560786
3.09904246385723
1.91430866218914
0.49022629391402
8.86750679928809
1.61544070579112
2.61652902700007
1.96469275242078
5.49054534640163
1.84175684116781
4.90983175113797
4.24566892907023
5.60460975393653
7.13496080134064
6.585745465172
0.745973968136573
1.64179150446305
7.02565431129187
11.2949874252081
3.70154979173094
5.89884871151298
7.58340475327365
5.62555275391787
6.35651478078216
2.05498584546149
5.69119181018323
9.91601540692767
5.49900294126804
4.44476495031267
2.54329249728471
2.10983889337442
4.31595568685317
1.37178587452454
4.01209146366941
10.0600756471977
3.54698924347758
1.55175281569213
2.42405273020267
8.97979449946433
7.17864235328077
1.56411286986754
0.999077555497028
2.64218568336219
0.807365416241125
2.22479854332323
7.12039140053093
6.64721833246522
3.87120733885182
5.56219534482807
0.628081363388549
0.867086788639426
0.170925546033128
1.32682725562018
0.94179684845122
3.8134942529723
1.14382730039277
0.591292302124202
1.13352502230555
4.87218205817044
1.02577080018974
3.7993200821802
2.02188965983584
2.95594055780558
1.01940643507987
0.881805387325585
0.626224860639623
2.2237420305014
5.38115304729956
5.10572803028236
0.58110563048341
3.14984101729873
3.28421699814498
7.55417837929007
4.11498049699269
14.5951372338459
0.350701438567334
0.521580239173312
5.2286847261712
8.26460306998342
2.2362524876371
9.01433964297181
5.17753795720637
1.3281750377219
4.45680397097021
0.937577453441918
2.61145662516356
0.854244462851061
0.522479042410851
7.04906983104269
3.4379208033603
7.5692534679547
2.3528748890385
0.537352055917803
8.90706654172391
14.0176381915808
8.70024459440106
7.27322219931693
5.15230891643429
3.01197060478681
2.85669985457904
2.20602465826605
14.9384087184444
0.612421685639589
4.41024759622836
2.42446381598711
4.03146980349216
10.9274967340752
3.46752075343491
0.322888805104521
2.37422233913094
6.32845754735172
4.87918562721461
5.76002747791519
0.292090338750986
15.6908114783911
8.97808042633234
2.01777014881372
6.54233242385089
2.15512583963573
5.42974404525012
0.963815179241299
6.06575389270101
8.4059021395649
3.81043974409853
3.42219183457337
4.39350397791713
5.16544845886528
9.03020051773638
6.97071101941536
0.570001828394149
0.890629084407392
5.68428035016759
7.32778528877549
2.94789217013964
3.19777552504092
6.43457639962435
1.76483001559973
5.66266912501305
7.1251004235819
1.14024493377656
6.38382914476097
2.18437609728426
2.47419769875705
8.66801086813211
4.97657503070223
1.32913831621408
0.911185121727431
0.898418552597937
6.05771296106384
4.06048067080857
7.4621957493946
9.0470974875189
2.00789857190102
2.03606518439403
4.06621161382645
4.87956758588552
3.28696122743499
6.38086799642522
0.502623536163862
1.64957046508789
2.58875346036231
5.72624981163159
11.1113295474355
5.44691818251657
1.05597053188831
6.85034664347768
5.49502079375088
5.83672146312892
6.0614823790045
0.0443535624071956
4.43831181417722
3.83197425608642
0.561492151398241
3.22134024463594
11.0123691381887
5.24045571052749
5.91698539671191
2.85440105944872
7.03159333206713
5.756396939978
2.8436520463036
2.4876202976074
7.47955268184426
4.04477438481048
5.27301767293336
3.14243193568438
2.21263095736504
6.35986237025327
5.22927313577384
11.7023264554327
0.786870066076517
5.49071962414136
9.91592710463019
0.743965012952685
3.95800806581974
1.04759023899149
6.11795310396701
10.8469616388902
9.57413024734706
2.93147334116663
9.26584734968003
5.80510387662798
0.137123465538025
8.42398915814452
3.55770201051359
9.09444410353899
3.01980171352625
4.74050976824663
4.52426806090769
0.452831320666568
8.13107851427048
0.885299920118439
2.15725491123409
3.29946446318461
2.67388487700373
5.90866690552741
2.04526036415661
12.8501403611153
0.27850775513798
1.38278065714985
0.67716373105553
0.87836710444596
1.01938593000849
5.46801520977169
1.80331845767796
0.3175915684551
6.71502037566415
3.83348327595741
3.44437537714839
4.11770260110807
2.50889658927917
1.49788171671358
3.68602914193688
3.47404679593586
1.55174241437061
2.52784327309337
2.23620088512737
14.1506998799741
13.6097696144134
2.06819905433804
6.67276913441142
5.70106385479901
3.52484253235161
0.0138016902497156
2.28037075463285
0.359658501497561
1.33274295367301
1.26374546769366
3.70596460203951
0.258421781472862
0.890335137955844
2.43990919552743
1.74603993160385
9.53612462617457
0.368139939382672
0.734118511900306
4.24289696584415
0.36779516376555
4.46494252990135
0.822869114513679
4.98011817689985
8.4146928136279
3.2141824302768
9.19616983281913
3.32096625418042
1.39408146496862
0.984786163928913
3.07360866572708
4.67624468273195
6.74085609635492
6.14983360283077
4.26473710685968
1.06676211580634
5.71419756879126
10.4689248380698
0.295033259129783
4.50986202340573
0.0460256218099533
4.82955673256697
0.0464908166788001
0.865141658705769
3.68073524046799
0.559730269014835
5.93041549436748
8.48052403889596
16.9429082656279
8.08731475844979
2.9003381729126
8.57474762015045
0.611295597627759
0.319312512874603
2.86424391936367
1.03484392379297
2.00261976569891
6.74220123172781
3.78160253167152
19.3623525789008
0.193961639888585
12.4009278370067
1.10480122732668
1.72382381279022
1.11735356040299
0.526988764980654
5.97372972156653
2.81354577746242
4.66400407833353
6.39232718641411
6.43704610411078
3.35699766874313
3.96922761574388
0.321084542972784
4.48372233659029
0.559469380821516
7.50596519575662
9.8582461282648
8.86001812759787
1.21854841709137
2.09625207353383
10.6352841474681
0.435114674667784
8.50737628061324
5.12191574657126
1.6632326412946
2.24973266552161
9.23818331211805
5.85953743738429
5.59840374626219
2.85119398031384
0.467163836583495
0.789901241660118
0.521723902784288
15.8390566321701
11.4321634639055
3.32098905928433
5.78682248014957
2.02284668631702
8.99403896182775
6.96828473566237
2.68806365784258
6.2009843531996
7.60918405345231
4.41222530789673
1.42506400941389
3.79861486978932
1.15388240073797
15.0497858922697
1.38973315711901
2.33017599675804
6.98073909152299
2.8990410200576
3.55216313619167
8.21010749787092
1.85191654885492
1.43723807440401
6.28525672946125
1.62085720803589
6.45808048397504
3.98133085109293
7.99092344698571
0.814405957004656
4.67945975623029
0.882556739003971
2.92490721847637
3.01445098509489
3.29635448418708
7.79238494578749
6.3996878452599
12.3814829159528
2.90690514536742
0.862262566452081
6.3803089549765
7.99109465442598
5.26688334066421
7.02780785504729
2.68392874859273
4.32805953283638
0.319676985964179
6.31059461738914
2.97712868722729
6.8826984015629
16.007721866481
4.95333115104586
0.403991458006203
2.75126895867288
6.28970042939303
0.260700917562759
3.30893495116115
5.11901443824172
3.67586666252464
4.748276155442
6.79281882315493
0.0264166211836259
1.43515644638802
0.388840539380908
9.08618298287492
8.58783179428428
7.95524434004816
4.03938863862351
1.65845414157957
3.06415142849776
5.85355397429324
3.08503177948296
1.79056464836619
1.6659623477608
8.64296102275545
1.69537493493408
7.96296918932267
2.93764329981059
4.75302591486858
4.6118205352701
8.61439341679215
3.36795485761142
0.531009095720947
3.87480887584388
3.0864134663716
8.10354543825082
0.827302030252972
4.96318765841507
12.7212007762864
0.667738821357489
2.53434309270233
7.6713498230559
2.77975182204113
0.189418078974223
3.42576054493428
5.93773683067411
2.42703979753284
1.58277314621955
6.47097826004028
5.67331294337526
1.07838914915626
2.02927686559088
6.68207462143951
12.8743567736819
2.20098900608718
10.1662197530043
1.89418471418321
5.45109612867236
2.53893493209034
6.42140205018222
6.83873714754648
1.76227441988885
4.68998700380325
2.11454898133487
1.02661860069096
1.01679044120424
1.13712688907981
1.19919455610216
1.14525845274329
5.05247118219377
9.2607923800423
3.60896880738437
11.0821163425417
3.34388629999012
0.34672608414362
0.699933548457921
3.14741148613393
10.2464759383608
8.74017607420683
7.25674349617346
7.02317466493696
3.6059255246073
0.236752117052674
3.89900280892372
2.10298679303378
7.91006835643202
10.0668118568137
1.19472669903189
10.1426980225369
5.39327375590801
3.23655353859067
1.96019888389856
2.1033673081547
16.2502130726352
8.79159908665678
4.34160130098462
2.48990210869895
7.7253736089915
4.09372423309833
9.8726460011676
9.37539351927424
0.9096997339345
0.859034033369332
5.730936746113
3.77243245020509
7.75491406675428
0.294399641931317
2.07634975668043
2.51734489575028
9.3376626027748
2.18138443306088
6.33740611374378
4.69957053790995
0.379913707422882
5.04295149572433
0.586156640201807
4.71719119232148
3.9348802914147
4.54226608853787
13.0565291501012
5.78725435771048
0.279669611544891
9.03819552622736
6.25325943574037
0.114504946395755
4.1263849045364
0.126102799549699
9.4920829598293
4.24511041492224
3.39557489313616
13.5522682298788
0.285432999953628
8.72659553152168
5.14733713316089
3.05597647093236
0.925417826510966
3.31159004784911
6.16503737401217
6.89598028395379
7.2306043934077
1.50353566277772
3.91765660606325
4.49984155129641
3.08348910714195
17.0147209893912
3.87475586030632
1.94452488794923
1.9526833736766
6.05469159781933
3.11068855486177
1.7408012241142
10.1431478143387
3.84952563485001
3.43111695256084
6.31721813011593
9.0653108432889
3.99857826996595
9.75699609790736
4.34251699049991
4.93123538326472
4.42628160051281
1.82598577812314
3.60040369596353
3.71735745575279
5.56410481269598
10.3330167708918
3.05025963649773
1.73965607815379
9.795832936652
4.7069223517362
16.0822126548737
14.3870520871133
13.8007631991059
2.91921191383153
5.43998973444104
0.0984941885187872
3.62836752381069
3.23213479652725
9.17646369401706
0.213200598955154
3.66666375333293
0.334000515103087
4.74811694584787
3.18259547930211
1.52781189462536
9.62179075573228
1.51490260387149
4.750145226717
6.26276487018913
0.0534271122887731
6.72983832191676
7.42899554315954
6.6206187242642
1.89504656009376
3.03601996911191
1.32837877608836
6.07864100020379
0.294878449701182
1.88424158061484
2.51929061487317
2.05525114414969
10.3801495861262
2.96160755120779
9.52412178739905
10.6981846425392
2.41082715801895
7.16929023619741
12.9021706525236
1.49362175824782
7.09924941305653
6.84685939922929
4.28925393712331
1.71206302475184
3.56448780362735
9.68732624314725
2.91607042308897
8.70238733118967
20.4913608729839
4.11250181496143
4.8923401394859
5.6960886111483
2.03162771649659
1.20714554287682
0.201793343771107
4.40964453745085
4.22243578359485
3.98127657630012
3.43871761579067
9.31399394758046
10.1592187114408
8.59799992758781
3.47165620267558
1.02072036549593
3.38148106820881
2.14322919491678
0.251677484679431
4.60166053408717
8.10434102234274
0.341597083024681
5.13771801683587
0.797490632366684
1.48173036873819
7.62757498305291
1.08865343499929
6.90406194132388
0.924553716764644
4.31553665548563
5.67604845855385
13.4192309342325
4.33292298112065
0.98141653921942
0.561875499405774
0.0284151406958699
8.36181319318712
1.64281277867269
5.89803121132256
3.20868155945508
5.04811631981283
3.67340649675675
2.27045987267047
3.59826183412224
16.2972589721903
0.561016256643946
3.6939007230103
0.573490636593891
4.24869966058391
1.20511052664369
4.74169034648231
6.05128839801944
2.02888324537054
1.00989679389071
10.1776688825339
9.89615847356617
3.65657156798989
4.63524454535503
8.06366945616901
20.7157466327772
7.83035305794328
6.73599787987769
1.64329763501883
5.46690117076799
8.88913658760478
4.62085910615124
6.71053169302566
0.863188413176572
4.79687862879514
8.79700006917119
0.807513431323159
3.89136327430606
5.09120136227381
1.01313097402453
3.4340544603765
2.67936239815641
3.818355104886
6.41594972536908
1.34809587626161
1.45618519916005
4.65369129087776
7.34399149660021
1.31278019424172
1.07310808593605
0.811407179571688
11.6465327795595
5.77727793715894
2.12668851017952
0.651952541536824
1.77636640146375
1.06246785726398
1.13098467815593
2.27253306433413
9.01867388747633
5.66411807667464
0.451274374363716
4.37843801490785
2.95395446217558
6.63709661457688
6.44749923330498
1.8394426908344
11.315634008497
3.02939775865525
0.605312478728592
3.29898527615786
1.20823623146862
3.86635942732918
2.9715090058744
0.483157329785567
8.65981136448681
3.43802077695727
4.56764311529696
5.05280600145991
5.84835151676089
1.27643991346257
7.3366062482819
2.40182910024114
6.3960202526835
6.41753466334194
0.149968918412924
9.30198146961629
2.74073396351757
3.23234091047198
0.121662555262171
2.47827847488225
10.5645816307515
1.44703080877662
5.20933291409165
2.48012701049447
3.25089739635587
4.56521862860415
1.99395413100698
3.45494521680021
0.0060716766262763
1.45533997565508
2.80539759959195
5.82640392240137
4.62437017753647
2.25656006950885
3.27492991928011
3.86741373723341
0.682934327051044
11.6918155044625
8.0653773387894
2.95261376491506
6.87370035468231
3.53405818475785
6.56170842703432
6.61395197707259
0.267080799676478
3.59572748290437
0.978503446094692
3.68003915064037
1.1790077900514
2.00710261706263
0.734637842968926
2.6795583287134
10.9869573067032
0.415781127502739
2.85948998285304
1.11040804799451
2.80275583337968
3.94643493309663
5.56464830879122
3.77189003380586
0.540293799713254
4.73799090832472
0.793845998123288
5.5339072990339
2.17062516603619
17.5843691732958
11.9775790488347
2.18178037204586
12.0999396312982
4.01253832969815
1.2460537487641
0.835495568401149
5.36550133394498
5.06250262260437
2.76621191296726
1.75317573846663
3.75050649833134
5.29433867943929
0.97749677952379
5.30992031563073
1.04716881178319
4.53160194475999
5.71068925783038
5.12913930701944
2.89946144647662
0.904006906785071
6.78279297426343
4.99075028897369
2.19896995588943
0.997757841832936
9.43206287920475
3.88298279679716
8.26792328152806
1.02734081447124
1.76915554329753
3.25102350765526
3.36172606330365
1.30436893843949
0.370919890701771
7.48978900242128
11.4117789082229
3.45890366006643
8.41503313615337
2.70113155711442
1.9386008396764
4.90186924580485
7.42478414904326
8.98370617069304
3.82739992346615
1.85417310305246
2.59457015532925
5.95537782646716
1.60772528033704
11.6966634724702
6.28420333378017
1.46464096519466
8.34555067121983
2.58685792796314
0.186324642031878
5.27809855307801
3.23325500836546
0.910680032263066
4.89644752815366
2.2375678398745
1.44453196682924
6.9073332240805
8.95236837677658
1.20598804205656
2.90566942156829
7.77851289603859
0.562009062380087
3.65522143624033
7.38700620136944
2.46399185999762
4.10491852160797
0.0905313761904836
0.157704143009837
5.58722179848701
2.28164070285857
10.6780125526711
7.95112524647266
0.954525685556313
4.31609858600204
9.69176865210737
7.60068404488266
6.34690950530526
0.0358625300869599
1.04312577750534
4.17683698664948
4.33483970165137
4.57132458359647
4.2193328405172
1.454898272641
0.11685153003782
0.947351759342964
6.06978346471923
7.44331497699022
1.55188147909939
8.91343064140528
2.32034395448864
1.01071274839342
2.78330201336954
0.781403467565392
0.987596507184207
2.9491448717359
2.83853878407728
1.16067077033222
10.085104056634
3.20597018580884
9.88667742349207
12.60864676442
9.47114613372833
8.34216106601185
1.62650998681784
7.91971732396632
3.65193089869319
8.62492498598297
0.555015969072391
1.87897714821206
7.34990300907467
2.67675274517387
2.09270424675196
0.135136971036767
5.06292292067571
0.840577110648155
2.54002974834293
3.07687665862789
10.1673866389319
0.0441679963842034
0.434840610250831
2.96968191393501
3.3051398970696
1.74079867421692
3.78633166758148
1.45504379735262
6.47551557049155
0.550039707340144
2.14025785270494
10.2493827325049
8.1692952895537
1.64244100203449
3.75729543156922
4.95917672646877
2.0249305172506
6.79238650482148
6.68484648082915
1.66851573158056
3.46465322448126
9.90420528329011
5.35095513332635
7.66200628131628
4.36022980138659
2.39164421800524
0.119013455696404
1.49081197317069
3.69519100058824
5.14383162152006
2.40075853070707
0.771599427202056
0.122192732165343
10.0563674001023
2.40227950271219
9.1755116866375
1.08685039449483
9.39339878968894
0.719280494377017
2.28291130624712
3.75772727487268
1.67017938991208
16.7669160809647
2.37347250751894
2.07129542250186
8.0776366405189
0.327275460585952
2.72918983828276
0.670561934011148
9.01216662023216
2.23437826534903
2.35876825046142
6.9400085369125
0.427231891080737
11.2535119289532
5.76868183737421
7.1566095110029
5.65731511374123
5.07296042051166
2.16259367298335
1.01510023232549
2.70856597926468
0.433122042908668
11.0831302590668
14.3812505133347
5.68623995430141
1.49905367288738
7.8107355120302
8.30965521745384
5.64237241633236
7.28381662629545
4.27347480152806
5.73976098094136
4.11437784787267
11.8249588645995
2.33735330402851
12.8350044833496
2.88505428470671
10.1583968214465
0.510062207467854
0.371136819012463
2.96541173974151
9.13306451482778
1.1130667058751
2.69592948429031
0.101760984398425
6.07456953730434
15.5822155065835
2.28335824172909
0.266272297886026
1.18065688293427
2.86667197942734
1.38057253007852
4.72081915941089
3.04041395429522
3.77549680415541
11.6739738328038
5.73581028729677
6.76884455606341
3.54990034829825
0.282828821312492
0.652023497968912
0.897055608220398
2.96265710829714
4.69786105677485
6.18226640588929
0.225778575986624
5.49542927183211
7.1486882166937
11.4920153895784
9.67392669990659
5.19030680879951
0.0284218087660883
1.7674766356645
6.8791109835729
2.35504838638008
0.155343441292644
6.72605626750737
0.894912322789837
20.4003358958289
1.75592727027833
4.5322407502681
1.1435895628173
6.07608713358279
2.94637036561742
3.37429163046181
1.19768963195384
4.37297671590983
7.33308617491275
0.0268209027126431
5.46466340310872
1.65408942506535
5.63606934534384
0.577939739339375
0.0860523278285373
2.62341578491032
12.1260520769283
4.83266122173518
0.421542255207896
7.51833266112953
4.021218554719
1.33500811690558
1.81942565832287
5.27998569887131
3.88862029649317
6.19527291551185
5.69869941100478
4.49513073544949
4.07719130163495
4.87864804908233
1.77550192900756
4.5714697567746
15.7727370969951
0.134390080347657
5.22920503281057
2.02290639281273
8.19196400698274
0.0192951643839478
3.63624077290297
1.5993246597116
5.15508059023014
3.80680289660887
12.2436311749161
1.98804962596957
3.50680853795254
5.06063310895115
7.55846369955068
4.1022252291441
3.59982165973634
2.88168715343286
3.85838409420103
8.81514651661194
2.32508977195454
3.14063735670689
2.06238082610071
4.15212731996665
4.69384356401861
2.27734544314444
3.8839587699835
0.521098849228979
11.0055624274537
1.44400887656957
1.16165913641453
0.598639773232433
2.72935016546398
3.14333513189721
1.74794480170827
1.88723546666218
1.42888890113682
1.51191640179604
7.75948528785863
14.7757660219739
7.37182288430631
6.81223552440711
7.05255665816367
8.45490450016987
3.53381845634431
1.93689344943366
1.48373157717288
0.750012593904027
0.092696706543741
5.85358415264636
3.13772986860336
6.23751366510987
5.57725318859762
4.50010249066228
5.22097805514932
5.92991430312395
4.38241071533412
9.92679065093398
9.04254862107337
7.24809975590694
9.57446130923927
4.11692668188857
4.79134790965043
7.28089514688464
1.47894977030183
5.94306615769031
12.4422268010676
3.10937457252294
4.06058966182172
1.87009508131151
5.73829824576459
2.56241247989237
1.28885933663696
6.92931402008981
0.919183479763073
3.23290884367026
3.61056278925389
2.7077320497483
12.7677895827219
6.9272348890081
2.26685521772986
6.92270076833665
5.65825044177473
0.451165833510458
11.4368653390557
2.22202613949776
4.71628580051178
1.14533368449184
4.92714587599039
4.7582478382242
2.41024093702435
6.59998630260562
4.01813636999577
1.12240430898964
6.52021651621908
1.06669792439789
6.8592889001593
5.16564243007451
4.27434460699732
10.0133775500581
3.13695749180447
7.15904834214598
9.02274516957445
1.49311646819115
2.08504955853999
3.45382177724392
0.730481808956169
1.82244273800303
0.67808747169397
8.46906944643706
2.00810674577951
5.48596989829093
8.17081781569868
7.86200002767146
2.09500789996633
