"x"
8.49984917649999
8.83619405099133
6.19890645765681
7.44607581105083
8.36500271921977
10.0653217335464
4.34936357316497
10.7421030323021
8.43977344874293
10.5043160265829
5.90551309240982
13.7531571510656
8.23386636050418
9.89805149625933
16.3194086789154
7.8049968550913
16.4838141188957
11.5645565148443
3.09504382638261
9.92522662924603
9.820668279659
7.16075619589537
8.10769138725843
3.87117037503049
10.8433015001938
15.3451463382421
12.1171466829255
6.82949457736686
5.49878445089828
15.0173503495753
11.1568698934279
17.4113963688724
9.32509617134929
9.92292295536026
10.9091795124114
11.3618059800938
10.5863156053238
11.7759289476089
13.2874794644304
15.0461132191122
9.54742130714792
7.06870622385992
8.87115672044456
16.3410276272334
10.3342119511217
10.1425654096529
8.8114503454417
4.9661328275688
9.50657061953098
9.49435367714614
8.16203407058492
9.46298233000562
9.43512059468776
8.9985414147377
8.5995463449508
2.81886609266525
10.7251566848718
11.9752197659372
3.89686898840591
12.7287734125314
5.66997002996954
7.61236941322351
13.3927151765674
13.007137467619
16.2736300094984
7.07524990802631
11.5906293843873
4.20608853780242
16.5543929077685
6.46696830718802
17.3012548796833
11.1282996400259
12.9475555638783
10.8788776877336
14.0451557869567
7.68922378157866
8.74518846198823
7.95611491452125
11.1068928946442
8.19291764125228
11.8470893567428
5.17198126296465
8.09108323836699
8.05042762363454
11.2803118787706
6.59667272865772
13.0358567722142
14.3397681206623
8.40129807405174
12.7061690291649
3.06545712053776
13.6026337975636
8.82106123678386
7.87265773545686
9.69145164499059
11.3201898472921
5.87771500088274
11.9748412286863
2.86251913709566
13.0512841176242
8.30578692889078
13.5561817763373
6.98060367839255
9.02669713788956
11.5951574728824
14.1135353338905
10.3048301828094
5.03780317911878
10.1905383188277
8.05424202144056
7.67229963429608
15.8359125387746
14.460550990887
14.0882985843346
13.8976956903934
7.72834261458229
10.8731190185063
16.9029082674533
12.8799654180184
9.48873800085724
10.0016078911722
12.2288671718285
9.09885569661856
12.8611215879209
11.4389184289612
15.5762363872491
10.7900994652882
12.2045410866849
14.5767207146122
12.8994066756198
8.62841393379495
11.2020753412507
13.8560643405654
14.4080749126151
12.4161034142442
12.8095425325446
8.33062109963435
10.6123216168258
11.1828556216945
8.03104825923219
13.603758841753
8.90598467225209
7.32410780433565
12.8109215609729
12.5019071814604
13.7407734375447
8.52522647032439
12.3282846021419
12.3375328341499
6.89283703453839
10.6326346057467
14.6725763319992
8.38189859921113
7.21042640274391
8.7212281237764
6.71746265388995
12.8213452245109
17.4215879375115
3.47488644020632
6.71877541579306
12.328494975809
8.43797675462717
11.4818859647302
6.83238620823249
9.20382750453427
10.5934574268758
4.4758205730468
7.37513027200475
6.26890164893121
8.58693622425199
8.45711847544015
15.1120597785339
9.45730100898072
4.90185292577371
10.6450760113075
6.57159445993602
8.84642282726149
8.30772165361223
10.742680489784
9.64566827360303
9.39599116751924
16.9283361118287
9.45165852550417
12.992378746625
10.975904762391
15.774587076623
12.7965232013954
10.5202732030302
12.1367128863931
9.51542863575742
6.41915128659457
11.6876791404865
6.39111395878717
13.1169810052961
15.1806508367881
15.4436723557301
11.0379200130701
15.0760665693914
12.8610215708613
11.751000798773
11.9536847499411
8.2912301486358
10.9269984788261
7.60260844950156
11.2859063590877
9.59476840356365
14.3249714834082
10.5284884446301
13.3271364108659
8.3702556680849
6.7219719258137
9.49375479435548
18.3110180447561
13.8200925481506
6.96242744615301
10.475003218744
2.71050105197355
14.2791289337911
11.2270442512818
12.8053399175406
8.59592509875074
13.4533031511826
11.4624092616141
14.0928513910621
5.38488060655072
10.9538376512937
7.12124986519337
15.4990584086627
11.7211932633072
12.1219718554057
5.88744342327118
12.153042287384
9.48195601254702
7.22424790033159
6.30768091455512
9.0662828120403
7.71053046879747
8.93312040064484
10.5941558866762
9.94313513953239
18.687889394816
8.0663623153232
13.0234225960448
9.27648052368259
9.36523112514988
6.99076361814514
9.2017964227125
13.3846233123913
17.5412515159696
6.36559300554125
7.93740005087142
10.065190276131
14.6019755532034
2.16309492336586
11.5320834843032
12.7844424122013
6.43603371876389
6.91618944615787
14.5804913858883
14.6898351022974
13.6231279531494
4.02759774774313
9.18086949531059
10.4344643745571
4.95280206855386
16.2297434164211
10.9216559333727
11.0586639535613
14.6146105430089
15.1993080480024
8.7492521956905
9.8240196746774
5.17261055996642
14.9183960231021
14.014279610943
9.12312478898093
14.2550375210121
10.6038003223948
10.6154668880627
15.4900628705509
18.7736569635382
4.96875224355608
14.8304801601917
12.0182609916665
11.2720726481639
10.2799105869743
12.6836092863232
8.2794529418461
11.4434496732429
13.6362332934514
12.6367286313325
9.95709689240903
9.85037027858198
9.50933356722817
17.3918286315165
10.6551795470706
14.210435972549
13.2010437157005
4.65435328753665
8.72125012055039
7.62930126006619
9.10432741558179
8.38151267543435
13.7726262118667
13.4235008948395
0.0238262135535479
9.01906187273562
12.2378530665301
4.87053370251319
11.3304820109425
11.7710570669733
7.85760073643178
13.0495823565871
9.84328194195405
9.67817396856844
15.6996545042662
3.78656657924876
12.9496560478583
1.66043093288317
12.615611968562
14.003684642259
7.97257239961435
9.54174209944904
15.6411149580963
14.4568893481046
13.1908374116756
15.0330062569119
15.9582700473256
8.72296495735645
9.70355700010627
12.2866687341593
11.3006669282913
9.15094786277041
2.04918102667264
11.4433533571474
10.71131985588
10.1770075131208
6.73437815252692
12.5058088777587
11.143089328455
12.7479575844482
13.279569931794
7.08794931567813
11.2603162117302
3.45014723623171
15.5091354763135
7.01350146252662
7.24454191373661
11.1175944828428
10.1884896853007
8.57266009971499
7.51214748295024
10.4029696499929
8.69843265227973
8.83833977503303
16.5925102829933
2.34279035031796
9.71652898332104
12.9388601410047
9.18086294643581
12.2543221861124
12.1901163384318
6.8630298008211
5.62778168544173
11.833073339425
10.1441812686653
13.8190892859955
2.24245984202617
6.42642814060673
14.8047598716308
11.3123118937947
6.82327479763367
13.4137426977977
9.53411829750985
7.76270380791434
9.54374491749331
13.5591460028663
10.2697491771542
13.1038494757377
14.1645653075539
17.2790992339142
12.4977006562985
7.5009305599359
11.9840859230608
8.90917454380542
7.01125178905204
7.50998466275632
12.475920737721
10.1707945740782
13.7713475776836
4.57793430049272
13.8686109557748
10.6213776982389
5.15906332153827
10.8429048488115
13.0783329270465
11.6235338402912
4.93547400599363
12.5122356307693
4.95885520830608
7.64084395347163
9.19943236345645
14.8269795756787
12.3996909786947
6.4819298858391
13.2914497582242
13.1977438065223
8.68925615306944
12.1661900727746
10.4507261819206
12.3209002297372
10.6536448595958
6.60924147209153
10.771977812723
10.117732915096
12.3638020791113
12.7240876047872
18.0920672141947
10.7935224501416
17.267880928237
6.49303618537523
9.41233751317486
11.8931655501947
1.61664835088413
7.31257366854697
9.95262865070254
9.79054665629806
17.2854490159079
8.41594253087602
6.97503554128041
10.0330847622827
7.86710033286363
11.4253190131858
11.0742480196059
11.567676350164
7.23945325916917
13.2948737740517
13.2570467060432
10.1269631255418
14.9214760456234
11.4761327086017
8.10055348980264
15.7403505519032
12.7853883937933
16.8035562112927
11.5563689339349
8.49538024761938
14.8093912205659
5.40935203386471
6.52146910088063
7.00464774621651
11.3682343298569
13.7631126474198
8.59643579553813
11.7380920853466
8.96359939099513
7.53665153682232
12.1211861525662
16.6894118394703
6.39172737579793
13.5653107501566
12.5662717237137
12.2703427151219
9.96173978364095
11.6828500670381
5.74503607861698
9.4407217008993
14.0459551834501
10.1765083096797
11.3003193698694
7.8342760514528
8.95601333118975
16.1497840834782
6.50893954615637
11.5492104346001
15.398971431423
10.9281404998946
11.7024225695059
9.74850196431065
9.11363425757736
3.02027046687362
14.2516399207525
9.17672548396513
1.58918878265502
12.6001841202378
11.6140939272009
10.5009300420061
11.8801639233716
9.60596835287288
18.6953564886935
6.39591579920749
12.4890529639831
13.8177927271342
8.17728373641148
8.92649834090844
4.9218625864014
5.67660207896305
13.4750579581596
12.6119651114568
5.50070374164016
8.5670755272524
7.02455502608791
9.66031869174913
8.57847977405575
14.4804070363753
7.71240799367427
11.9703087538171
4.31918843501297
13.2490982604213
14.9182710743746
1.28907699510455
14.5295055429451
9.48710825527087
13.4823704059236
7.04891610145569
7.41765290219391
6.316196811041
6.15867124072723
7.7198180523701
9.79778563370928
7.74009377975017
11.4732768475078
11.7715431412996
7.76912772003561
15.6465605003759
10.0500027704984
15.1021085470776
8.78574665084472
10.7148847684343
8.60180815573007
8.61016745259985
3.78352202097346
11.3463585684076
8.15567475823262
12.2905161408707
9.54246094289555
14.3162694610655
14.2299146060832
10.4343713184121
7.33214136818424
7.70862645143643
8.13239580346271
11.8597989287227
10.4813518314622
5.00372174056247
0.652563466747459
5.46708759295166
11.6460362579674
8.26002154540184
10.5122226029634
12.7954992034758
4.39137754635885
15.6590122911148
12.8082620627247
10.0325260623358
3.73581838761076
10.3903117426157
15.8914906494319
10.8826648956165
14.3706420843101
10.6739828023128
8.55212095968915
9.24882885426122
16.6266303579323
14.370813421905
9.80183273860176
13.3707558448659
16.4670289931819
10.6573402904905
4.10393897769973
11.4731893781573
10.3530714344233
9.34100341252775
8.90817502699792
9.11437332769856
9.67917178804055
6.88191984873265
14.4588912106119
8.12218331359327
11.0307889741326
16.3650149242021
16.0718863089569
17.3079554066062
10.2426506813814
13.3473553914745
4.67238440830261
7.30295017920434
9.87848958140239
0.768410902004689
9.74137775972486
12.9190475083888
11.15485640103
12.0912873633206
16.0330545566976
11.4452326926403
11.6665365491062
8.44527101749554
10.0743232034221
9.40618398411464
9.99673927947879
12.3356573665515
6.31473004398867
13.4177920245565
9.60544877965003
11.013689506799
8.64010888896883
9.88801940297708
13.4101735096929
16.1724512809888
10.49841743242
8.74481323454529
9.92747524660081
5.90463370922953
8.16905912099544
5.73997083555789
11.789491688367
9.59321387065575
17.9923075712286
10.5592890721746
5.93339224746172
11.6208391003311
6.48929730523378
12.0287418483702
8.611476010114
6.11705041816458
9.09546776488423
10.323760388419
14.536209275946
11.6218223604374
11.9316920131802
10.5929936394095
11.9053774658374
13.0922830025665
11.0732212322764
12.6180379134603
6.62041796481226
8.15393879916519
9.22090998788143
11.4948067895733
13.0239273961633
11.6004502046853
10.4999354789034
11.4235650119372
10.1823546225205
8.89001152664423
3.56205417923651
3.86853008839802
11.2513645403087
5.96064033312723
9.85412888286996
12.3274461734109
7.10510103357956
6.45867716203805
8.30962257552892
3.47148606134579
12.9349589212798
8.70352013774523
13.6791073316708
12.1196007658727
9.38746494892985
4.62777426000684
10.440636778716
15.6671605319716
15.8174664583057
6.40878448752727
11.520990982186
13.8762267236598
10.0903719943017
9.2674499717541
9.90922573534772
9.34800881393143
13.1296332310394
6.53543112673508
0.837128367740661
13.2389499424025
10.439737567568
4.99810712125601
10.2762050636498
11.2769322576933
8.757225131616
9.15890275826678
8.13131996942684
10.707164201212
8.33490895014256
10.690101692453
6.42552645110418
15.9801737833768
13.0113968490623
6.04062088904902
11.953457741462
10.7353980042972
8.61639361828566
16.185228696093
6.79353477831202
8.58689620485529
6.39415619045743
9.10393958073109
10.3405865629498
7.58123792242259
5.4177934108302
4.44270252948627
5.21479814631854
13.7811575350352
6.83528335858136
10.5050481674261
11.5000714617781
14.955498768948
5.90729382354766
5.3970660539344
10.8228650665842
13.4158410318196
8.0984993618913
9.95495117129758
10.6070871432312
8.78655752632767
13.6232178113423
11.8238968653604
10.6515685580671
15.4517667219043
18.5230995900929
10.3816181514412
12.5559915415943
12.641190033406
8.58319655433297
14.6102940053679
15.4543488970958
13.1501015634276
11.0674558785176
11.299364733352
6.867371622473
12.2497762401685
12.9092855541967
5.97857634684351
14.8202389790677
8.77201530989259
13.7781912489267
11.585414679721
8.24612960863865
13.0983571750112
8.66229360789912
13.426277808845
11.9636323400773
17.4063828676008
13.237723887898
9.49083727916541
8.40335334604606
10.6466542440467
6.84776548761874
7.16379725958623
12.6379047967494
8.01235134294257
9.97822265792638
9.91796794300899
6.05540469268992
13.8560917116702
12.8995448493894
13.8399900337681
17.8819799409248
10.9789903513156
11.3744027609937
9.39473395826294
9.29552148515359
9.60105594992638
11.0280482475646
7.34654479287565
9.40590723976493
7.76501923799515
9.98325196553809
11.3560137161985
9.32913730060682
7.80730205029249
7.73537918552756
10.8529050489888
12.8742471202277
11.9431127118878
13.1692511276342
9.46514859516174
12.8276024074294
11.167009212385
10.8713381869866
10.5217186915688
12.7618293911219
13.4446274251677
2.9012408265844
12.0827316613868
16.5061747524887
6.80640989821404
8.55132558249396
8.73359737775528
13.7652088184841
13.9567450331524
12.2479082951322
8.68051674548301
10.6909337891266
9.56373127180677
9.20341035621693
11.6693535349332
6.26276244968176
12.8174695917405
12.4102563131601
9.86141900159419
10.8214990913049
18.1301497123204
8.96808102300624
11.4324689945206
8.62852270110274
13.9679827513173
7.21463677519932
8.56647893227637
9.67520305328071
10.902082211338
8.13085999153554
11.4419211409986
6.56532068397616
8.38585650874302
12.6430126195773
10.3807511776686
10.51450716611
6.71605496340396
5.42774089305723
11.8316801288165
7.28396715503186
16.2692617974244
15.5818550828844
13.0497735330852
5.76754924608395
4.51278215235266
2.94963102880865
7.72716111503541
9.58229383081198
9.17591170594096
8.17479224922135
6.93958660494536
12.0703685469925
7.17399665666744
16.3595130555332
16.4833231363446
7.26900145970285
8.95108777703717
9.15122237617083
14.0277720945887
7.95935244664341
8.45154420565814
11.50451166895
15.6920000421815
13.8719743327238
10.688812233042
10.8327689422213
13.0917034724324
12.7753957277164
10.6438559666276
9.25023577222601
7.67719386192039
5.04930116795003
7.81958293821663
7.16890418999798
8.52831546673358
13.6968287578784
11.2132861535065
6.59797864593565
6.57949095090437
4.72691344516352
12.5750588586662
7.31198303354904
13.007594440598
13.1911474457011
8.65968173584343
7.30623104050756
12.738878373988
14.2085984121077
13.8947492670268
7.18620085742363
8.48869523126632
9.47509805365873
12.8944245530292
10.9933062312193
15.8924965783954
12.1081408476457
12.8909396091476
10.156423247885
13.7270605266094
11.0696128229611
14.1524835736491
10.2253200528212
4.97047987517046
7.71646206825972
15.0928793584635
11.4380343561061
4.8440553615801
7.67274304529557
7.22268767701462
10.2129444787279
9.75689981644973
13.2159456289373
11.632449477911
14.540091949515
10.9207879286259
8.83350088214502
14.3286404837854
16.6278614667244
13.6691720606759
15.8908337680623
7.43330038245767
10.1615750757046
14.2643741109216
10.9171520727687
13.9382493076846
10.3100956164684
13.7394387158565
15.4282902725972
18.0795097863302
10.48055052571
8.90510738873854
11.0850837333128
16.4154219757766
10.8498275536112
8.89536444470286
17.9429176133126
10.1280893515795
12.2701172120869
3.60560940988031
7.75082668088399
7.12414448147995
7.50816255435348
8.39762555574998
7.84243006585166
20.5689882103187
7.22571335965768
12.9716720217839
11.7503291191533
13.5026443353854
9.26324614975601
11.6976715894416
11.8442396949099
3.27448143437505
14.3668676828966
3.57053102452961
16.5475247344002
13.0290922997519
12.9240526235662
19.7391443408859
5.85459231399
10.3028005720116
8.0163980294019
8.14790551364422
12.4264263245277
10.4551901598461
12.7264144630171
9.2263646107167
6.03848505533643
8.60510007664561
12.2810653271154
15.0964177268219
9.79748133290559
12.4229897358455
8.92229935945943
4.8429577824709
11.1477354094748
10.3106417586096
7.31070329295471
11.2604397023097
11.6124535493636
6.86744463304058
7.96118111613375
10.2898928988876
14.6838161246851
5.63668570574373
8.32557774195448
15.2716168365441
4.83474958079947
13.1386084905826
12.1730784983374
7.45966178490858
9.81655085831881
12.0641660937108
11.7201513489287
7.13523172913119
12.182040466927
11.0779007105157
10.5751989699444
9.87987033231184
9.35460833478902
14.1343597921886
8.80906747514382
12.9715506308712
9.32755811233073
10.0741696455516
6.53651422869155
12.9087511324324
10.2847054931335
9.80737103987485
9.67929669935256
9.28270865296874
11.137221400626
9.58455200353637
16.5156298535876
9.13060935526327
7.38278643647209
8.41693607764319
9.91305778639102
