"x"
18.0713123199279
31.9070912296884
39.9595967613362
22.8681379113437
35.7154293539934
38.3867597092052
21.1766504505649
25.5045690773986
32.1297477618791
33.3334165499546
27.2459560562856
45.3761207680218
37.713446051348
29.9379572966136
33.5112980157137
40.9519559824839
24.0105491182767
13.7772550617232
5.4604095644685
20.5219389373577
29.221412466059
29.0419409209862
13.9665395133197
22.2348505421542
31.9150774944574
45.4496222175658
31.3353832953029
19.4972276045009
30.4358629393391
37.6651604266152
26.7785548616405
28.8605340141803
48.4321582806297
43.927458061371
31.8160467627458
43.4541705711745
27.0801711603999
44.169804438483
23.7498477185145
33.4068732275628
25.7917650684714
20.7827383219264
27.4213319155388
26.7690888480283
19.1274979412556
21.6802145619402
43.184812232852
43.4468240886927
28.5191989633434
41.6936738966033
44.3287459420972
42.6531544346362
13.9345480939925
16.0577737814084
12.9213127973489
42.5757001549937
14.6872788523324
36.1475850515999
14.96985349513
32.509077290073
13.1043953933188
40.9210333228111
30.5015646424145
41.7784887654707
42.0040012341924
27.420304738501
14.8942070449702
41.5536399183738
31.6546291485429
37.2885831249878
22.3722264943644
32.8190197851509
46.9527523037978
29.9471551948227
12.2953350897878
23.9361413441845
37.0358724407852
31.7427469413808
19.9595696576871
15.7808138722791
34.8997286535986
20.0559701353064
34.7468116382086
41.8010884090327
23.8638258646242
22.960408942876
30.5848350492306
23.0806638104841
22.3693473878816
10.2939789416268
43.0294240820222
14.6664539426565
34.7348502581008
34.6199617367238
38.8612538343295
25.9800456797424
39.3200409505516
51.0937321437523
8.21851852582768
33.2911145011894
34.1057359501719
41.8761266637594
54.2161174784414
39.6826823903248
46.6039900132455
26.2159354286268
43.6072899126448
36.3770209676586
29.7106444453821
24.8580604872224
37.9307770240121
26.8235071680966
32.3424386313259
44.7439466924407
33.0942285034771
55.7738573695533
9.89629177857379
31.6286635757424
36.5564258107916
28.2992953564972
38.1403883091779
30.9993685958907
31.4270528708585
29.8751054196618
33.6349616101943
46.7332301088609
38.3384593228964
29.0452877269126
19.6867837202735
36.3604220459238
39.8666646395602
48.1548292553052
24.0192511305213
37.5518216639757
27.801155857885
56.557371098863
34.96101563517
16.6896511763334
24.8203362543136
44.9359501018189
39.3911660551094
38.0242243898101
22.6991773084737
21.9397012302652
46.0575221716426
34.5539745041169
28.7766287879396
34.395736489445
38.3383151620325
23.9591642184689
17.1493666595779
16.4731798851863
32.7424560342962
29.2901116856374
45.4835499194961
20.5564577254777
33.9124031122774
35.3715200355539
43.877648962196
34.0142866498791
18.738638591487
27.9013106413186
37.8766933931038
35.488637433853
40.7841989337467
14.1389663089067
29.3841856699437
34.8543924582191
14.1957055153325
31.2941004009917
30.569481594488
21.5579418721609
15.9874920399182
11.5691656856176
37.1095051886514
37.2308917462176
19.8488435238483
22.1453694342636
42.8807011032477
28.5726805664599
24.5994108533487
28.6617899927935
19.9577523772605
23.9144047242589
34.2198701002635
49.7042810199782
23.532602457856
20.6250030004723
23.3063207003757
28.4252190850675
15.6480212847153
26.36748103844
21.6335220372504
6.451987529747
10.826806882862
24.1541491239332
29.3863167688251
28.662986235145
26.3403708580881
28.3436079556122
41.3838559511885
36.7130060191266
26.8555044927634
32.5828394503333
22.9433895424051
32.4801136194728
44.967095742388
33.2955080376193
43.2820569905452
26.4329218422063
34.7659140983596
33.8080362234102
22.7759504769028
32.3088049152866
12.0726342382841
16.6602230770513
48.6814143873128
21.1877007074654
53.2096381383017
39.5157050597481
24.2289241030812
36.4642230444588
36.3197245486542
46.3795089171844
42.3229324403219
38.484026927501
33.8828710606322
15.3802543889041
33.8330875723623
20.5159895047545
39.6121771526523
43.5670429975726
41.0042156889407
25.4310938422568
41.1042010076344
40.2818883284926
34.0162624614313
29.5150536610745
25.3943681814708
23.807442381978
32.3254338609986
23.2390143773519
32.2109724646434
34.5408483305946
28.3728086496703
8.85777384382929
53.2368277162313
24.4785404897505
36.06893847708
24.2451816992488
29.0578418606892
27.9120752178133
42.4494564415196
27.1872415286489
24.1673121862113
22.7707142997533
15.1871054202917
45.3125724932179
17.0144267608412
17.5800792449154
41.0936367544346
35.4389053182676
36.2213118695654
37.8728313538341
41.0058679562062
25.147963475436
34.7854523523711
26.8936618370935
27.3652128023095
38.6798916617408
44.5629261065272
27.6108407699503
40.7752372669056
24.0363574046642
34.0782261793502
35.2497492078692
37.6855194149539
34.3643466476351
43.2473020493053
41.3243481950003
31.0946996645071
28.4654484610073
50.9383235494606
25.7969595026225
14.2110204971395
26.570948892273
31.3860734989867
32.5505271649065
11.2580015491694
49.3259798884392
29.9777686377056
34.8503591265051
17.722772043664
32.2788679171354
37.8460426842794
8.26158743072301
31.0495950509794
32.4556337054819
34.0306007587351
31.666264400339
28.6209990656935
2.08914497494698
36.8508834396489
27.3593184845522
38.7705564920442
30.2430492220446
59.4870067756959
11.4590015527792
26.2201978149824
27.6542544996531
19.2820071363822
36.5118136885576
47.9549210909754
43.8667306825519
33.1211743773893
24.6402298139717
29.7288539498113
38.524039874319
8.90353514067829
25.9980814503506
28.3100279476494
34.3494223169982
38.875025070738
21.6191160273738
27.6713578677736
26.9452443122864
29.7539875642397
30.2976551079678
35.5037353830412
25.5516495401971
44.2992317313328
47.0551302940585
23.6715160296299
39.0478109847754
40.3428057334386
36.4184767249972
37.9050093605183
28.2422803142108
51.4181156437844
22.0590029704798
14.6698180991225
26.5951605951383
28.9468266586773
36.7107939384878
36.4016169039533
23.2669852949124
33.5614611445273
36.2686711102724
33.6144938190416
21.3837453531684
37.5631602415815
28.5432341359556
28.5522666005418
26.4689136532985
36.8152332105674
22.6407237302766
33.2905284678563
24.4488476612605
45.4615997099318
27.943133098539
41.0742543158121
11.1055819625035
54.6035235696472
43.7133129872382
26.2555446071463
45.4668316142634
34.0697604361922
30.787053136155
33.4501109230332
47.6696253390983
29.3277637143619
46.0040796431713
29.9541106112301
47.1624954328872
36.9337416957133
22.2680841067731
40.2544744382612
52.0866321972571
47.1836009309627
35.5023533748463
44.0796844158322
25.4660828271881
30.7073030406609
32.0881966897286
24.3586645731702
31.0763073759153
26.8077996079568
23.5283771711402
22.7683691030862
24.3402378475294
46.6700404621661
29.8082200326025
29.1125616906211
27.9790655800091
20.6876392224804
37.6387374568731
38.3367270701565
30.8413896323182
50.6230425951071
39.3648671698964
35.4022002140991
46.0329972216859
18.7983963391744
28.6599239450879
45.1231168597005
29.9827001891099
35.8630419389778
29.4088235870004
31.3130147899501
45.1111952662468
35.3221524059772
38.8949563521892
27.4045084174722
34.7571036829613
20.2894924683496
48.7429054635577
31.2839544466697
34.8325167470612
8.67317172512412
17.721771709621
37.4634001459926
38.7176695573144
48.7799545610324
19.1658210209571
30.4381196600978
18.990404123906
29.7363097406924
39.4149041958153
32.9352703238837
23.8319175434299
44.3899465380237
29.3230503457996
49.1600134908222
39.3334718146361
47.896299501881
25.6246930486523
31.3600286417641
36.8102817814797
36.7821017517708
30.5359076969326
39.0623407037929
44.1876259697601
45.8503248947673
27.6904996996745
28.3316151495092
22.7378808553331
26.4726777370088
33.3496545469691
28.9557035358626
37.3703700983897
8.16491649621469
47.0197554582028
35.193782100454
21.6632408634759
50.6607392826118
49.0602638809942
33.0621003541164
37.5451530218124
37.971734621729
16.1931722005829
39.2160649876662
27.4317225879058
13.4773947392246
13.3542690337636
27.9903267170303
18.8518394341138
42.2599335343313
23.879757674704
25.3947991915047
20.5564467186363
14.8560215248726
24.2700883382346
20.6304121641442
41.6057451339439
26.8318853875587
18.0747997811995
32.2911239233799
21.5786483078264
35.6431504762731
33.3894358598627
27.7961348950008
31.7718044798868
49.7726743198
48.6479273652658
29.3074458930641
14.4916789401323
30.9804337634705
21.0799204003997
57.6315915187321
32.7097753565758
30.6782474499196
15.2177196233533
33.4450103170238
28.5879136235453
31.3993357107985
24.0592198320721
43.7922279710229
29.2828831868246
27.9766955142289
24.5781909809986
29.2562151812017
25.754840916954
27.3650429178961
27.0637164493844
23.2471540778386
38.1031181607395
27.0715894703753
18.9169562724419
38.2172225131653
44.5873984317295
20.886018238496
22.4772070655599
32.0913308006711
34.3244170588441
20.7932151985437
50.4015330090187
24.4136992022395
36.0316921602935
45.8253244645894
29.7912947698496
24.0057997852564
13.8460747548379
19.520436592057
26.1342574500221
25.7536856586521
25.088057229761
31.986580463592
30.2459565312602
33.5185714750551
46.3460267926566
34.4463638551533
23.613586143433
33.7048065089621
32.4538308335468
27.0283203930594
24.6851377571002
26.9100524197973
20.7395531993733
22.3667416292853
25.3365444531664
27.3542516366579
24.3287843791768
27.0884905932471
30.4240076082929
15.4835485106915
40.7449892785332
45.6483536004089
24.2169154898953
28.7481987309014
28.4764912028438
19.5068422016785
45.7010923381895
41.0806861985475
32.9799614665098
39.2863167445175
29.5283450419083
20.0031290547922
18.1374870543368
51.5376020204276
28.2820880294868
28.0735582737252
37.9296243069693
12.3495566574857
36.2977026365697
41.6400238783099
3.55197708037871
60.9501380178578
30.9254557741442
35.263888577465
30.3049911009148
47.0950094908476
30.4887643195689
29.4912192248739
33.1529604865
18.2845386858098
33.6885988418944
32.6620590342209
33.5778515079318
32.3257450014353
24.9962450768799
24.4485734850168
35.631355390884
10.551170930732
29.4088194379583
37.3075683116913
42.7092276820913
24.7153391246684
42.3385771955363
29.7817772344364
27.2030582805164
42.7260241359472
36.6081389053725
45.5342851560563
29.6493173036724
27.1426401562057
27.2727220924571
34.1590515933931
35.0265241060406
49.3943296987563
24.03568680631
22.9012007676065
24.2598943258636
32.6459284638986
43.3465133651052
37.7776214727201
36.6906917165034
32.0426858412236
21.7990806714771
25.3375264182687
29.2311690738425
30.2527081542648
42.3470439570956
19.4241297753105
21.5512961628847
26.9738807743415
40.4940178292648
33.4591895551421
19.4044149289839
29.8090834171447
51.5089651434682
39.939963885583
46.9141685888171
37.4462644513696
47.3353827721439
13.5982392043236
20.3581832167692
49.9269141666591
18.6859179662873
34.4984841216356
52.3897950067185
17.3151073115878
41.1322325016372
16.0974545544013
38.2219266216271
22.4053721262953
27.2803326048888
41.7916494514793
48.118120228406
38.0520133911632
41.354820725508
38.8287161411718
34.5789136416279
31.9417984569445
23.265720101539
27.7454838235863
21.718032434117
32.0476207556203
34.844677853398
27.1944694994017
21.4698261867506
32.2983581176959
25.6778901432144
25.6545170419849
36.7000942559841
18.4102171682753
44.1974781858943
31.0573018589057
46.0652144579217
24.5593990380876
38.4759708456695
39.7343418491073
39.8353874969663
40.4064425714314
40.2412951570004
27.592951647006
34.2579022189602
34.0233223582618
18.8728051401912
21.6290353308432
20.6391956427492
27.6032578424321
25.4976372728124
19.6123527344316
13.1313014211302
48.0672580269165
55.273635241203
35.9111098330468
32.9119395813905
8.00145045155659
9.58115424774895
24.4216884844936
39.7885025013238
28.9393676994368
20.061821592506
29.5711528004075
21.0029462026432
37.9582027201541
39.3247738759965
54.1275292066857
31.9458157539418
20.7601813757792
11.8795178295113
32.4281761371531
38.2066962802783
26.6243577003479
24.8500279686414
43.0997430654243
30.0743149607442
19.0537144096188
33.6135508934967
23.9194800588302
17.1268824348226
32.2759478213266
31.642791969236
27.7058792004491
21.9494224735536
33.499845891938
24.5811894825214
35.4336564267902
30.9092185115442
30.6145020718581
28.510830947198
28.6119424989447
22.0163023735777
21.4899125564843
23.1272577959188
21.3211632831953
34.2950392761268
27.6071230396628
23.8832579785958
22.701703592682
24.6934270905331
31.9416602184065
22.4344349590659
23.766003371682
36.1348652201705
27.3349900307574
18.5226716352627
22.9514313340187
32.4310516496189
27.3477708168554
17.9021892730469
32.8748179511167
25.7599674733356
33.0758899971843
38.7889841976576
18.5506201861426
38.5355483740568
56.142051095143
42.0486252754927
25.1493471055292
42.2006071759388
23.7832433581352
43.8354080929421
16.8469189940952
37.5198204419576
27.8537303698249
37.0840459121391
39.3424716149457
23.9549571219832
16.67619191017
20.7610312504694
23.0205627107061
33.6039888085251
18.8468223363161
32.7612336665726
35.9681497695856
1.93973765360535
48.7164094545878
52.3438324844465
18.3057664297521
40.2020755070262
50.1791739254259
28.9114764807746
21.7658136958785
20.8940304913558
29.931867373982
25.8809299876511
34.2046318002976
32.0153698281771
19.9738699612253
30.8726881788826
34.4838057634265
43.4013441754505
46.4962644735351
30.2214011047035
43.9844191614186
31.6429043705575
46.5073232171126
25.8383034621365
48.1352948108688
26.6661195057499
38.9969239267521
35.3057484515011
40.6070581097156
46.4309256230481
26.4354544929229
22.1889004670084
30.2432868489996
39.6359403762035
32.2435242645442
29.1302481894381
45.0796110606752
52.0665958696045
19.2563309026882
46.3538240119815
31.6395712281086
32.733849607408
36.5309194615111
31.6797965965234
25.4647885146551
23.4247644259594
42.9798477441072
34.2757529066876
33.941479976289
41.6863168152049
31.5032821121275
24.479379594326
30.4229113273323
33.5687378444709
40.5080862566829
36.6139763435349
25.530350885354
54.6820430215448
29.4002771297197
14.4941564361468
42.2252556164749
43.8841788754798
27.7440094049089
23.12845756778
41.0983312446624
56.8770678804109
20.6454266044311
41.32057513576
38.7775266934186
41.3609351688065
24.0255797398277
32.0919939548479
29.9036570485325
37.0071214274503
44.6292324685492
21.4886077204719
36.36224664387
33.7241223743185
30.7362033440731
26.5116710755974
9.88749193956667
14.7023947932757
41.6883992948569
26.2067425092682
23.8988599986769
50.5590675347485
4.62547631281196
39.8977233055021
25.1424963946947
27.1932739717886
29.5185183375143
30.5821940330788
25.8540031355806
45.2610809574835
45.3965361057711
24.3372481232509
36.3799487957731
26.3983628111891
40.2664951223099
27.866911008954
27.5428792722523
24.0122933139599
28.4981124736369
19.368501839228
33.0217867412521
36.5394669785164
40.2023473824374
40.3157173166983
40.1375313866884
44.8291319576092
18.8604909683512
42.5416377643123
45.2750805420801
3.70557691343129
36.0086719808791
53.0471368320286
23.8003182881512
28.934825215023
50.1378055242822
30.1351264142431
44.0808636490256
47.9194782008417
44.265588356182
29.7474936721846
37.9570664484054
30.1297690956853
38.8237088038658
40.931566495914
35.764017086009
39.3042740626261
12.7453867102279
23.0021393420175
38.4504473721609
37.6612589457822
27.9557839427143
32.5737525578588
36.7991937682964
34.5641509350389
19.7525737225078
38.8657444934361
38.8800427713431
40.0359290032648
34.1627311524935
44.7083459726604
22.9166491793224
29.9617678192444
30.843562674243
53.9075449593365
26.8942315005697
23.1672789109871
36.5686702751555
28.504935648758
20.0467747297649
13.8850024631247
48.4167482103221
51.9119792142883
21.8869314757527
46.9275344803472
23.0720569827974
38.3148097931407
32.8074052208103
28.8766904971562
25.2079269778915
16.5436635855585
21.1802305835299
49.7802698579617
30.7540821698494
21.8907922234291
37.0043255765922
41.8527620877139
13.687585609965
28.1411585407332
27.4956349600106
22.6313900705427
33.7749740523286
22.4746166677214
35.9681350649441
14.4603182420799
44.0587126677856
28.275117568206
13.0147087527439
25.3198745595819
40.0403975215741
35.5609294232516
19.7344519514591
28.6802808428183
34.7459632032551
50.0499919918366
24.343170575752
37.6706790081225
30.012784704566
27.212313963566
16.7827432709746
28.9205979234539
56.0535230222158
13.642096078489
28.6264491342008
25.9516126695089
24.3402424683398
20.0993998112672
24.8621548265219
22.5218896837905
21.1398327926271
17.3205272991954
25.8649993417785
36.8405095143244
22.679451065138
7.68640216949693
28.146078450676
32.0199391013011
25.6469497173093
22.5119449665331
32.8641177224927
34.9650958031416
25.4615067127456
43.5564080533901
32.1002662153915
9.9829097930342
24.5569469542243
37.0204512435012
20.6334957322106
33.7985268440098
51.3955901172012
33.9946059328504
14.5598794105875
39.1579944924451
29.198059517254
36.3934972105629
38.7554004932754
28.1805899427272
7.1587281441316
36.8245428603301
36.4471010416746
9.98018447589129
21.5840437228239
42.0169485462829
30.5922597600147
7.29362984342776
40.9336054677454
38.1663742460931
20.7701741927303
45.3905349550769
29.5548621732742
27.6729674320668
