"x"
25.1322702141479
21.041551115457
17.776781517897
30.2370394256047
17.3874461241066
14.1902563520707
28.2124055516906
1.02277945540845
33.0729079674929
26.0260949148796
30.5561308962348
22.1207214840688
25.4652519147314
1.85339417221061
19.9211105491974
27.4890503197086
20.2299930436712
11.2737628170289
33.7918892442249
24.1167280556399
23.0381253794767
6.57825086419869
8.13687518471852
0.890796277206391
6.19396538520232
30.13810235285
9.94815884996206
30.5316528181632
8.76319997850806
12.8299641033899
26.3228898500092
24.3325812052935
16.4839938201187
17.1362182491338
25.8547773468308
29.5402465690859
28.9406762695871
20.0242742752088
13.1403096858412
32.5510042277165
24.7903832634911
26.5449860729277
19.9353220547429
26.2083774958737
30.2592682517068
33.7174200494774
12.1722043454647
19.5010831398773
27.9740549284033
29.633051361423
34.0363607303966
13.3648759169651
14.0817884732969
18.9496041867495
22.9137919787318
32.1726093655452
24.6207022662275
28.6928906869143
33.2102790162899
27.9964259220287
10.3093702280894
28.7649842156097
10.0554448929615
12.5407767176372
34.2142371721566
32.9011992506056
23.1195138562471
27.6200502854772
36.7072453005239
3.52077979621041
28.2635574694723
9.59159198496491
7.96483017166014
41.2983690033704
24.4433359983377
10.2883643447421
55.6807205029763
12.9888178627007
13.8704904341139
32.1803056877106
33.7151145776734
29.575336149428
37.232701072935
28.3098651166074
11.1329024992883
27.2449058311615
14.8365813391283
21.7520305146463
9.3600552746376
27.6122808647342
23.0687559843063
21.8028659359552
24.6055075312033
22.1776294056326
29.7781576956622
18.9631901043467
30.5470932503231
18.162090044003
26.6083064521663
32.7618217701092
1.491780266486
22.8652941277251
20.8584568309598
31.8851561357188
20.3798888172023
30.4106991500594
19.8321142913774
30.0521964929067
17.5352121074684
37.7993272617459
11.9876034306362
18.9325589032072
21.0497578075156
37.9844464385925
29.2692101695575
20.109728355892
14.4035395420277
24.2927170582116
24.7067209985107
8.19893848623251
30.0591265624389
25.6225651436397
2.55964423343539
20.7024447396398
13.2773592593148
22.1684779389761
22.2599345566705
21.78772219643
19.6796959141941
20.3768483614549
16.8230967787094
22.4286306467839
22.4017246747389
23.4174413289875
27.3853859351948
21.0192217631266
12.0178031008691
11.8293060469441
32.316279980354
4.25106150750071
32.871682218276
19.3291010071076
8.0256946622394
17.228458000347
19.0558264943826
28.3039718525495
24.6396357784979
17.4430691627786
23.7988578253426
18.8625897900201
30.0132676907815
17.6470570939202
36.282089414075
11.7362951980904
22.8630007635802
26.8920937644995
23.1792715271199
23.5662846677005
36.5508512333035
16.2773250332102
27.3603266263381
36.9332392497022
37.6244213758036
34.334401502274
39.3484798427671
26.0163791030645
29.3819248687264
37.3754463759251
21.6236261492595
27.8495305962861
20.7640390796587
11.4161620142277
48.0954901836812
37.9282978582196
27.086189459078
14.9599464288913
24.6044365852514
14.3264048290439
45.9558627200313
37.3266025594942
27.3996736519039
20.3158467686735
24.9022602969781
15.912256513879
18.4060107562691
26.7428870061412
8.6630706882902
30.522423687391
10.1880082541282
39.8106717760675
32.0275323009118
10.7658213959076
22.1066978350282
22.0454746834002
18.4408003231511
16.6529257418588
24.6365207175632
39.9682412291877
23.8368858704343
29.4857075138764
33.0413785137718
18.7449661803094
27.3361861162419
8.73974533053115
22.7630792325363
18.2668714611791
8.08670945651829
16.1540163327008
13.7086745118722
10.45030594524
12.4601832828484
8.31520572770387
23.7050863816403
7.28660045878763
19.5177042155675
45.9784304159693
15.6655115894973
21.0860755797476
16.0153954792768
13.2299986607395
12.8034739564022
28.9309649799732
13.4545133602805
19.476189924404
30.6623856243677
3.19532346918775
31.9832617957145
31.2442200514488
27.1682636647744
41.3008928722702
33.7106257290579
13.6166695589877
5.79662532736972
18.1701481626369
9.79932845994622
9.1777590229176
20.8876683879644
9.61488836584613
38.4248248049017
17.7884082295932
30.7653854621782
7.21143923546423
1.11280583971166
35.1742198951542
20.1675950456411
3.18151823635605
2.71607496523045
12.7107253759168
26.1390383653343
26.4339631763287
18.4679977842607
16.636443332769
10.4656857910181
29.6485726746541
13.977968031121
15.489100959152
15.8706546379253
28.9248723043129
12.5973247010261
7.56969849346206
13.1074084965541
48.8220596434548
30.4353934940882
19.2652608482167
36.2142152348533
21.1713418643922
29.6720478306524
21.2145044999197
21.4027956204628
17.5060953372158
10.7284584305687
18.7432842361741
28.9959799074568
18.8992405405614
38.8902861527167
9.47498937961856
21.174694126202
18.2442068285309
19.5996488820645
37.2356861955486
30.0508509116147
4.19738656207791
18.7299896492623
31.2267283972785
13.7032437175512
34.7078984202817
41.0746481730603
29.5040777851827
5.36707035312429
17.7802553619258
9.66847829846665
17.9051115240874
32.2363919480704
9.02326600905508
39.8856473048218
40.8056780348198
21.2750569023192
16.2039643116295
20.5117075424641
20.8114027711563
19.6334887845442
17.1178412946447
22.4977476526983
26.2355744581119
41.3372338414192
25.1319529255852
16.250274787657
23.1993643208407
18.288539564666
34.2423591907136
13.3538751541272
26.34412577888
10.3733790088445
17.3480207948014
32.2651474121958
27.8769822050817
6.72887286404148
8.21610204828903
34.4844077043235
13.0297664984955
33.4646655299007
26.1632711095735
34.9764160118066
13.7772236648016
13.2608673074283
30.8774215732701
18.7353449687362
31.5212300908752
35.4251562980935
34.2766725607216
20.4188547343947
20.9731573252939
34.4487655847333
1.23838668968529
18.4299510450384
31.4651109022088
18.7577324076556
8.52222972549498
33.3704579151236
21.5219193985686
22.1391313117929
28.8553564622998
20.8446185598631
31.1239860551432
4.03013165854971
32.5852909663627
2.70729883387685
31.0546617131425
12.9077840410277
33.3478029008062
11.7701147566549
42.2092903666198
16.536755355075
11.9792715908122
19.2512308247387
28.1678724673245
21.9021219606511
23.8916324805468
23.2700377833098
12.3265404500999
10.8163364120692
25.3486856818199
17.7729208747988
6.57249554386362
29.138134455366
24.2736827996559
14.5954682836309
15.7699121448696
9.38276735598236
32.3957998794504
5.73415554125921
37.5758581585251
25.2773261941038
19.2978016342968
14.7893776120618
20.7533985117488
24.6853058310226
9.32086708894658
22.7190818097442
30.4079086385969
26.2455426533706
35.4462320568674
8.32246010145172
14.8383363084868
31.5582437328994
26.4243927318603
39.2725053378381
1.64931603893638
25.2455503660259
16.2793205715716
21.8893325007521
32.2469532592222
33.1760198101401
32.1250865017064
22.1943341644493
12.8096898738295
14.8416430195794
1.63421533629298
20.8391867182218
38.6694551235996
7.56901673041284
15.2780290680227
34.360470650252
30.7845432674512
19.93119963957
20.3079863707535
8.49329149247909
22.2931379070505
28.87080534501
10.5032245628536
17.3826758950017
25.2705421331339
40.0186022641137
6.42623452740143
32.9569502358595
20.8138080462813
29.7048647337488
18.5802406878211
23.8846124499692
16.5130817508325
38.7920535081066
7.8411990148386
22.0942206471227
14.8946342048355
19.8815024890937
8.27350000663689
38.8672211752273
31.3150337138213
13.0250358312501
20.1886320525768
19.2399806594476
8.41506160882291
16.9860640424506
15.5016282804618
23.1823052703403
17.3525206195191
26.8196952975939
13.7718124531495
31.0399217479862
17.6144163840693
30.24862255482
18.3376884843294
35.3228523116559
37.922836474143
20.9466139527943
21.7290216812674
10.0083419865199
36.7243523667566
26.0698250262067
41.6314372848719
18.1111365101991
20.8444700067205
8.78535755943563
34.3599934726954
32.5216738572344
27.1331767563113
30.2183496351354
9.48896384518594
26.7939870415883
30.7752703092992
27.2140511297621
14.1243993501633
27.4231182290241
32.3744450490625
15.8630451816134
17.8358248025179
30.0720617668703
9.20768346078694
32.7991231293418
21.9566371673718
37.7922666482627
26.9203294655308
21.0398211912252
26.7093119015917
31.2064570547082
18.550318739377
10.2092701373622
36.8976511770028
9.50768564315513
29.9693005044262
3.14454663506124
3.86837286834817
11.405020489313
31.0724047492258
24.0315373116173
25.6443996581443
28.6788207792014
22.0342282175073
34.9186491525854
32.907028473448
33.1317060417496
13.371144734323
17.3339257233507
11.6938778813928
34.4116930640303
22.9105511996895
5.57488678023219
38.914480461739
27.9893960491754
5.81123598106205
15.0679866632198
18.9205756327137
13.2246548831463
31.2097321199253
14.0290772535577
27.7250251234509
35.6345169232227
7.41443594144881
13.7760503911413
15.8451644699089
36.0570076536387
31.0142997158691
15.2656971844845
43.4909570342861
22.1796096642736
16.9262200285637
21.7121839066967
16.0200805260975
22.9036642801948
28.2851326391101
7.5539529770848
18.388204199262
26.2735060337628
22.3750944362774
31.2383645838127
15.5579731253353
24.069254857488
26.2094731070101
17.0717529435642
53.727073435206
21.4657123470825
19.60289596565
28.3033431161449
16.808955296874
4.95464508561417
8.30348490421473
28.628412974925
2.34283411642537
31.2918136154564
29.5199296530336
13.2783323228359
23.7533738007769
29.4318284788169
17.8755800508589
27.647183587309
34.1544428374618
10.6667275407829
18.13512393413
35.7689802041505
11.4402053360827
12.2620226950385
34.7947481059202
23.6137419647512
28.1250479612499
29.7138506742194
36.6019365251211
32.4607765824132
34.1911734393798
32.5341835585423
36.3562793782912
28.1576002892107
27.7126564141363
34.9939296210484
43.6962864124216
21.9486298933625
17.4892714619637
46.9101264416388
23.9671409104469
32.3677639485986
0.381059726481032
18.6104883302855
27.0540433977731
10.9079163176939
3.22097249608487
14.3439837545156
29.2490719263442
22.4273210205138
17.7937802961096
38.114045761058
29.9434608877636
21.0416812067851
34.5368997249752
34.8205824047327
36.0443884362267
23.9075546161312
25.4980300739408
23.3044743421488
21.2525022570044
38.3436974682789
29.7043013144284
22.0125346840359
15.4120122855529
3.22946403874084
30.7431294154376
23.5187391350046
24.2018577909294
26.6914721899666
24.2660791897215
28.8204895346425
28.2503503141925
39.7088998476975
33.5727824438363
28.0790027589527
4.49703478859738
11.3423269819468
32.8341577914543
39.1653737146407
25.8693466703407
31.0091303971522
15.0134029886685
46.7364643625915
41.5687515581958
29.8276718546277
26.8781963204965
21.8700192756951
28.1255703256465
21.3296797955409
32.2396904985485
15.5006518481326
10.8465397993712
35.8263008482754
17.3555003106594
23.1911056987097
30.5916934534907
20.7895910684019
31.7427959492769
15.8283531549387
17.3219454300583
20.5580285011001
24.4004015497948
29.780301656574
7.89764743121412
17.9005953096785
24.6737994812429
28.2298156488687
18.8823479809798
2.10044293744308
36.8484098562039
44.2177350777201
29.789161445573
12.9293861046363
21.5860124425963
9.91242224536836
45.2943282122724
19.5253926773235
10.1891516845565
23.7594226485809
7.72451028599538
33.7037113127299
29.9696640177833
17.417935728216
32.7782449987717
20.0567191887758
23.7002402739726
21.9652478846862
30.2187283814416
21.5986379398964
14.2914383620955
20.8788141233259
29.7044334276605
37.9693025015295
14.9524479028769
18.4330705446191
16.633086467927
33.7511000116356
23.2336446116678
3.70103079900203
7.50881873164326
27.9161538393237
17.2678282228298
23.7578047513962
10.7755797542632
37.8967221214876
23.7062252182513
18.462172830943
13.5779663720168
45.6567411315749
3.02371907746419
18.3133364701644
24.7511891489848
12.5461516608484
25.7851227011088
18.4271158683101
19.8036766061559
35.7620730358176
24.3638191544451
26.8110622344574
10.5682615922152
23.8830468771056
31.6252691312693
31.9361405214295
41.4288970814086
5.66108301607892
18.5804887394894
34.088809819892
13.2890871302225
31.6320884968154
19.5137539179996
43.3992150002159
19.8575986884534
4.11138336463742
29.4306989586912
23.3682450056076
24.3145100940178
24.6475030411966
20.8390518301975
14.162172655575
31.9208600286263
15.2178319869563
34.6915447186773
27.8631289307959
26.0277878283353
38.0381156844087
33.9297167378572
20.6259872862138
17.0858167628758
19.5429492430301
27.3063176140514
25.3344440571964
19.0746821549685
6.62364562737944
32.7473889500834
26.7448381497525
18.1295843361877
7.67449262179434
40.3825405812822
31.2895934474654
20.5006213774905
16.6806052839383
17.3672096240334
11.0870961752598
31.6513431826606
21.426160978619
18.3267031372525
26.2985604154113
14.0065562697127
11.5234790621325
27.9625119571715
25.9668665849604
28.6819063811809
18.1381518440321
38.4965644651093
20.7853307565674
21.8242184529081
14.3195891466599
28.6172802084233
28.3237839457579
32.4813256300986
30.6247142083012
20.2631817706861
10.9303688588552
2.93784334254176
9.72501439042389
38.1820572693832
23.3338753213519
16.703734847044
27.89753829455
15.6853811256588
8.7405791532309
37.0030358657241
25.6319999643601
12.8887455649103
40.4664689884521
28.7293052449822
26.3868687576614
9.01655093533918
32.1487324446337
39.5153853213214
33.2119248281233
28.3841850212775
26.2549651139386
33.1881385962479
16.5769644384272
13.5342823181157
22.6065662009642
2.60931086959317
18.1158619485412
27.0347021101043
13.9182250876911
39.8602223144844
25.3211739119142
42.3185000941157
25.2318895440549
33.194060607609
13.315585829985
27.6821138480412
40.1110702673905
11.1511913258582
23.6540900911326
1.73210296919569
31.4815551430915
31.8104678476229
19.3071816000156
32.8856191523373
25.6763430023566
24.3515998031658
14.4443286764435
10.4972332940569
29.6393710691482
6.16476012719795
22.2212883420289
46.2694764515144
19.0642169494784
30.8974030609123
20.3435034910217
3.76656903885305
16.8009376502596
27.3836624608375
32.4283794402145
25.4945888466128
12.3818893273916
31.8767699925229
27.3462843066081
18.3485032942939
10.2007204239427
31.3391687729163
21.3759540994652
13.1608548369259
18.5971513534896
29.0830798046663
36.2866641855799
5.97395819688219
19.9765144963749
35.347073815763
25.3458003379646
4.68297432694608
33.1324482962777
30.1076271669008
31.4877329128794
17.9240714620773
23.7345039951615
20.1547395028174
13.9903363063931
17.7272719815373
13.3571162898352
21.1102970316978
7.50859045889229
15.6085666079678
21.6968209091574
29.1830900497735
14.8875318774953
4.68185447109863
18.9694867283106
36.0467904112302
11.0013753124528
15.8241918082418
21.1172262566953
19.9650086369365
20.2079004244879
33.4656033329666
11.1016308674589
33.9730285000987
20.6850445247255
24.1303349038806
16.6559020031235
27.4663316107289
18.8236001143955
27.5119044478051
5.10765881510451
21.8575572617908
23.5758925220988
22.8119199830107
30.8979304390959
4.72248982891116
29.1805543438531
25.7603676480295
31.5480739304692
29.2512586539046
15.7160607269034
23.5188367506489
28.3513541480176
31.9301684657112
29.0434777261689
30.5014963602682
15.3204574864358
29.9739108023178
21.7134924391285
30.120444267986
44.2392455977388
14.757559080111
0.420571437491224
19.0675372638546
31.6471776483719
13.5093709384091
38.7538995961659
7.10281775013184
32.1550282523967
17.4836779497564
11.7064346177503
20.7507261615247
12.4809123119339
30.3168350318447
15.5299581605941
24.4953013078812
33.775919392705
3.5729856742546
43.3362721083686
14.1166233778931
29.4851129665039
0.337353367824107
6.22603250155225
10.8654367276467
22.797407190072
23.4206905674743
27.8593676732853
22.143284041692
18.5638519378726
19.4434177349322
18.5864402619191
20.6044695996679
9.27259688358754
34.1980480626225
16.7771798581816
29.3617685465142
26.022353912238
21.5029067904688
16.6870662099682
6.70012273036178
9.64554989989847
24.1217497824691
23.0633208146319
31.312561978586
29.8531112344936
20.8044934091158
36.9819282176904
25.9532903535292
14.6745523318488
28.6919889491983
28.8159971782006
31.4268218823709
27.0295143759371
21.6638360158572
18.4083707728843
21.6246399606667
13.4615505882539
12.7812020310646
11.6923676932733
20.5279155112803
10.4889882565476
30.1346223216227
10.1362606887706
50.5430047824048
16.1525640925393
12.5922326163625
14.1464468054473
9.0013576336205
8.83798772604637
13.1321232109331
12.366660041964
26.1708646359739
28.1208367212676
9.89416130114262
12.617949068674
11.3281224334708
27.4326260229573
28.1740508261137
21.7989469771273
43.2409206340089
20.1676387614571
12.3020842758342
23.6076178019866
16.1157571859658
10.315624456387
38.5141373933293
18.9089081115089
8.29000169271603
33.9046760117635
23.2199551868252
20.2986876131035
10.6454116310924
19.1175590618514
45.5704511110671
8.88040441964393
10.3074390590766
12.6354916258715
15.027611032807
0.603085640351923
11.6981822337385
13.2082315036096
6.84343447262547
23.7833688477986
4.50931270932779
11.5242376578972
22.1278617214411
29.3117826227099
41.0553978625685
8.71801046049222
22.4564724918455
25.2445142869838
15.0816048290581
15.6867770897225
26.9011317724362
23.0548224826343
38.0489699933678
21.4308660300449
11.1637698635459
36.8063275180757
8.22707435209909
10.9382718616964
28.5953934411518
