"x"
12.5302645764314
7.74595819925889
2.77491884026676
5.97530900561515
2.91963163157925
2.2380729415454
4.62465341342613
4.75568536715582
6.88146688649431
2.59335090983786
4.35590229059207
1.59750417200848
7.65597098367289
5.45493778732927
4.53805000567809
2.06802291345579
2.48919069429566
5.94822125695646
5.55143792834133
1.73652117094025
5.44359267506478
7.27993485330722
7.96042899504108
3.10486248353518
4.49723458793887
2.56943769520149
11.1417800914496
3.12849598098546
2.93767799154728
8.74245856516063
2.01628164807335
6.33922181418166
3.76510792225599
2.62115759169683
2.48938225952533
5.36551976809278
8.20485619548708
0.557021533604711
4.94846118986607
9.22230451460337
8.82656673900783
5.35327233653516
2.32847449947972
4.80012221122161
3.52116333413869
2.95992896205489
2.25543147744611
4.10696036042646
0.249519199811425
1.89251120560002
1.41899072554539
7.66681085886371
1.04375408263877
4.14127301774172
4.44370729403223
8.02287726150826
0.664248815034583
7.00967496447265
5.81040529254824
8.38591480907053
4.78331862394288
3.07636098660563
6.38274244447976
5.08781236270443
1.91220800718293
2.41206063190475
3.07366386288777
5.1419007679623
3.69014496310111
6.61781358160079
5.28266030431432
9.12338454036245
3.20722705882619
3.69720728547459
5.93520884262398
4.27459531935395
1.29190581709299
1.22902973212412
2.96900327491085
4.76241819374263
4.42259783064947
9.28257699354117
2.70997378416359
3.59196884828566
2.4011618632925
4.4410990517069
11.3800898781046
4.78609815642534
3.57211923854447
7.19239582239063
6.99976657424122
2.4102141886101
5.92090840642453
3.52206199150532
1.46488112339731
1.19444191376581
4.59828198887408
6.91073805140331
8.37930856598541
10.3356037972042
4.2651624167338
2.83836308727041
5.52153306640685
3.34060357371345
6.22052671015263
3.35963683901355
6.90392917995336
5.05876181995249
1.46541714698902
6.390741399955
2.73842986454849
5.00023987703025
3.14891361901016
7.19047739356756
5.29144890652969
7.47985335113481
2.65433538146317
1.92356560751796
3.25890751280354
5.15840699337423
6.78378749252961
1.91703045692775
5.1732782414183
5.41560672735795
9.55277997875143
6.88284666929394
4.94969605213673
1.38502518972382
4.81000282424675
0.526157450862229
4.23566518004059
0.905374565161765
6.75771123938228
7.04801110737026
8.15612707938999
4.69969756482169
3.29571043403545
6.11846231210897
2.21204105950892
3.63465990219265
8.74148437008262
7.33054845850251
4.44642352871597
5.5024851411581
4.66521708900109
5.69112350139767
7.44909938145429
4.83090044651181
5.48621422005817
6.41961732460186
0.249663514550775
6.08070814007462
6.71325708925724
5.63475137203932
3.15291973455553
11.5295228424275
7.23715799285063
2.17949831677744
4.23559094918892
3.19434800511226
4.65808074714624
1.1710782064923
1.9138294653967
3.05009349435568
2.89016274595633
2.35686235926839
4.6548561478449
7.36355797760189
5.33612688193886
0.944948592668279
8.0729972999543
5.2631853934259
6.94378239288926
3.06211692793295
5.59455005871132
8.7032693028967
0.169961761683226
4.25957789411768
3.64624969800934
2.60643480238762
7.27637033443898
7.01493437821046
4.22767638750888
2.47832867922261
7.95098384236917
3.49230277352035
3.11873689340428
6.33649815665558
1.10850674435719
2.23793406179175
0.0639201662344937
5.98024952318519
4.77628979925066
8.92147396411747
4.02632147725672
0.400065308902413
6.03976555773988
4.80667737079784
6.69976366264746
0.986751007778887
6.14016412803903
4.15921769617125
6.51147750330656
0.874000640586019
3.6470670572521
1.3330793841742
4.54540902329609
0.688997371201513
5.90417163167149
0.342886845657837
1.95881077120709
1.36633347859606
6.78566933982074
6.09665511426667
4.15967507148162
5.80988706462085
1.17401487623364
2.44961105111682
9.74344590241313
3.04634074866772
6.40285579813644
6.25676941873905
3.23195392917842
4.3890991313383
3.77834289247945
5.69520521837913
5.59758982500862
7.10869006997838
2.72367040067911
3.95198341738433
5.24798333315481
2.81461767945439
5.84707455150783
10.6881412826478
8.85704022087157
7.328175895921
5.31284617914776
10.1744167570762
10.1413766588084
8.50623228913173
1.51153338988912
0.307873869529948
5.70944364841922
5.47995831957087
3.64457182024184
1.88126631833945
3.48490525782108
8.12545290961862
1.43890748311974
6.54280955809989
6.16654734592885
3.72990446956828
7.64054959779605
3.16241456452939
5.97713921763197
6.63813213837899
6.43602811871096
7.60892968531698
2.05996863450855
6.86781904483397
3.11809744345858
3.02449223259464
0.48877413217157
4.73009300697595
2.36331695644185
3.6640785089694
0.611947446220513
5.73248639563099
4.12989161303267
5.04573631100357
8.28893416921045
5.04873004602268
5.88728838739917
3.55815697303196
1.84504845909733
3.69469270622358
6.06996375694871
6.61006442829967
3.6956221293658
0.42282760468537
4.69646529760212
7.84861925477162
6.60182474507019
4.20254987749687
8.37957441899925
6.96189524978399
0.0244607403874397
6.87758765788749
3.46980537241325
0.464393905363977
2.21162346471101
2.11095666512847
2.83849455465638
8.24509937960935
0.931401388784559
0.514226128341488
5.61955566890538
1.62864645430818
3.14201653981581
0.616729769390076
5.0992089294733
0.90236384421587
5.93985708920008
1.24028402147815
5.58749055163935
3.28930284007334
1.62810154022234
3.98953383229673
1.78243375383317
2.69285771953827
4.41895973682404
2.27017322993611
1.41409327788278
6.16867967972733
2.43372150771263
0.579162531931553
6.25733833648991
2.89132748264819
1.51969400854056
4.15888900402933
3.24090063830256
3.39288927381858
5.24016726437122
0.267696240255336
4.145552046597
2.93051462497503
5.99350793799385
9.06091119814664
9.37246832437813
11.2025127642202
3.02613457298457
0.670660476665944
7.62671542167664
2.49446419067681
3.04067630041391
1.65410837967841
4.42752361174538
7.14444208703935
8.5129044894129
4.98671333352104
1.25238256528974
5.62774441950023
0.979852573480457
7.93058901233599
5.88370919532665
5.10624591345289
4.67743194429204
4.51859488338232
2.77285520345172
8.61161902640015
4.22099336190149
5.16448940103874
4.57921926537529
2.44592139171436
7.72865283234258
7.03519728127867
4.57244862754298
7.03500076755881
5.55642390763387
2.33602616703138
2.37808986346162
2.47769374775171
2.92383932423643
2.81996035063639
0.566705388803106
4.75625632563606
0.899511845751485
0.504794837906957
9.76261127529869
0.156361817847937
0.800474032759666
6.15578671731055
5.60285373777151
8.48496802104637
4.37039221962914
4.30138869915864
4.54634034493938
3.21494252786779
5.955002929084
1.38471392355859
3.43425735124294
0.628313360144637
0.874315046206927
6.4303413341946
5.49043805804104
7.80014309974962
3.84031986752657
9.10918879788369
8.37597502442077
5.79025061449451
2.11017614230514
15.8470762479119
3.63136176578701
7.19015953374385
4.68292860779911
3.13735454002279
1.62483560644045
6.50332828424871
3.74088605353609
2.09909715643153
7.0088166400808
2.73382569663227
5.10561385285109
4.75257603731006
2.54104841547087
6.09942825464532
6.37408068263903
3.32120755128339
3.34805351821706
5.91633509430896
10.380927210208
2.92805391179879
7.80153349999537
6.31347269564867
2.07658305082098
1.00475980108604
2.33035869556565
9.72196835232899
9.86287600686774
1.7178798664051
6.29385138535872
3.36780065763742
1.55617860658094
6.77118409099057
3.94351900694892
3.05379391582153
5.47283930517733
2.18676754685434
5.5370961416743
1.40662786876783
8.47639405075461
4.20117313647643
6.01903596287593
7.02436593035236
2.52176967775449
4.89781881216913
4.99998854566365
4.35439749501446
0.757780578453094
4.51307410513982
6.45230794139206
2.51229727896443
5.65481067029759
6.85661968169734
0.501858573406935
1.78307963395491
2.80975366942585
2.56284343404695
7.26110679261586
9.65004907082766
2.31689362032303
3.86184659739956
6.79771642293781
2.94806163478643
1.15904419929082
5.65174237824976
2.39663329906762
5.29284826526418
2.4941500432693
4.24841213949164
1.99964158795774
3.44690548907965
0.75583883933723
4.55418774163472
1.50903251348063
6.42466047064224
3.82860916201025
4.1593056935817
0.299686709836862
6.70647083247665
2.05504815978929
5.26612547938406
2.08168834168464
3.46257242034031
6.82616786703636
2.79146218998358
7.66129782563075
6.83959382353351
0.0998428501188755
1.93805465335026
6.81533673824742
2.53668830015366
1.55749443126842
0.740588846616447
6.57670625578612
12.0409935680218
5.0614653294906
1.83018710324541
3.25159523578026
5.80447369627655
1.93599816419646
4.93351679295301
9.44703959813341
3.86766808060929
2.25743370424258
1.94183244377152
5.67238102063286
7.50144191086292
3.32931527086315
5.99875361273749
4.80893762692665
3.90970613714308
2.73062762757763
2.24164833454415
0.882709841292477
1.50778761226684
4.15153828449547
6.17318190308288
3.23079032404348
2.3926014485769
1.43843594933535
4.69418705860153
7.27930467529222
8.08624586394227
10.4451018772088
0.376174139903216
2.44981979392469
9.22335499618202
3.60004267149981
2.25682345201116
5.31111023118511
0.0812460137531161
5.60301488405094
3.16070296582642
5.44746721397354
4.11900105653331
6.06371569895757
7.99899910257541
2.36068065511063
1.89610335322887
2.02672615740448
2.19635351886973
6.91412415136371
1.25747361089677
2.27454508983735
3.83718378609046
1.88548472300122
7.0365693885603
6.05816422461727
0.347351296364196
2.53510753732599
4.41934790335052
2.33197803469375
4.55686629963711
7.22668439894915
10.5052483400406
3.73306762281127
4.08156482897536
3.19764256187565
3.02607944235206
8.69706638529897
1.19648947386296
7.69201713195071
3.12308900683395
7.37871055339136
4.26428833929822
4.79310618099551
5.53124679112807
3.92969443649054
6.47516471768252
4.44946929709148
5.83353253081441
4.94172518602848
3.03537727831375
0.330699800513685
4.60266677197069
6.53148462669924
2.42723130248487
8.25415623234585
3.10664283795907
7.42111514881253
8.25973595213145
9.43826936557889
7.28328564343974
3.45707052036068
3.91228410042822
1.93747032992542
6.14312571426854
5.64139699330553
1.48344574322577
7.78073590993881
7.12637425353751
5.25003950787014
6.19058358902112
3.4978232505643
2.71490489789733
0.81252417108044
10.6246147840284
4.33787724129471
2.21843653038897
3.49328006152064
2.82362951198593
3.80984052049565
7.67548884451389
4.22482056403533
4.55310876527801
5.25743257144935
4.22288431925699
5.97899043979123
5.59946731502607
5.57744028931484
1.79279875184783
6.02936553116888
8.51709936894308
4.69397730566561
1.88026239490137
2.50284023653172
5.57638062197693
0.985485931272879
0.450961853949344
2.99829292879162
4.8494330035823
0.166931879706681
4.2535626397401
2.16038388898596
6.37726726010442
1.91334625286981
3.82234679352798
3.76832925072056
2.14864358352497
7.43569737207144
5.59782933583483
7.28785675624385
8.53467898909003
3.34770067003115
5.15236985155568
6.41950644459575
5.16014686273411
5.85962603241205
5.10933628680662
9.41244978876784
7.00283978138512
5.51509219763065
3.62715836090366
2.40557084404973
6.98166976462621
5.91022795748766
5.82135046552867
2.35744735691696
1.40226194495335
1.65535577433184
4.94808504446092
0.952293869107962
8.01089118188247
9.35014708153903
4.99840569868684
4.36330605163593
3.25187784057373
8.29219549242407
0.807660272484126
1.18739276239648
3.37914817454293
9.49507954576984
8.35282917570525
4.92082097567618
9.16549447970465
0.744342761579901
4.52505422523245
1.45652515394613
1.8503121198155
4.08211380941793
7.22215076151635
3.18804324534167
10.5222418229096
0.013364605139941
2.7013338981462
1.26453158456567
4.63884188001975
8.70396786415949
2.09153174022544
2.96015433222055
1.08163825655356
0.626242823374918
6.32154487073421
8.88811499951407
1.66189945866166
2.83139772587857
1.17927026828223
8.71806387037651
5.30725573841482
5.71962909451073
0.156571369618177
2.6555958352983
5.0256957965903
2.06013216721829
5.39679749775678
3.80019477428868
0.756191375576711
3.12722071632743
2.04141281542646
3.36062604608014
0.174647048581392
4.49027557158843
3.95591364223252
3.03808477101848
4.27663903171197
4.32058873095821
2.43596487716596
2.58434086456083
8.16379074985161
8.31244748847952
1.0047981608659
5.00309666851535
4.0289558172226
2.04963665222749
0.499495781958103
2.52659561717883
4.4721250589937
5.69368955818936
3.09103681985289
6.22307870588955
4.4898920791397
4.35384282236919
2.46287078177556
8.78870475618169
7.30996379132307
6.24048327561468
5.67148795863613
4.91900236252695
3.17524690926075
5.55805365580326
6.49027865426615
4.20088914083317
6.03271297831088
5.33241605758667
4.97814126173034
1.78849820746109
1.49438034743071
5.56262309197336
2.60941628383021
4.11930461553857
5.44756911182776
3.14558651391417
2.56581537871612
9.14225795307506
7.92176060155446
0.447934480165495
2.72660813620314
6.2059003058821
3.39660977013409
4.32053285418078
10.5990102030337
4.47510841828068
7.50470592454076
1.31220709998161
3.62070188541058
0.896289220361145
9.89528565807268
7.57319400348622
7.1076559885405
6.36862061871216
3.51330977585167
7.67227306275249
0.139428405725128
2.7635619440116
7.16125404303081
6.43847401672974
0.943999783135951
3.01719219423831
1.47243422627672
5.11039975423121
5.5438298884795
6.183780065272
4.03968126699328
1.05566461198032
4.14469919562253
0.163809465853578
6.86345447413623
6.97641400655439
7.09349692985415
10.9557050383574
8.5787528171204
3.64139176066965
6.71833945205435
8.60352673937636
8.98838251037523
2.05079133716134
0.229430986497999
0.943698851857334
3.81573863234371
3.67347698193043
4.04023556644097
1.28580019483343
4.28627104545012
4.00028701778501
2.1424438417228
2.96004237094894
3.72491229185835
3.55024575535208
12.4511841489002
4.18240786157548
3.4093068446964
2.00278623573653
5.11351150413975
7.2930862843059
1.84394340310246
6.16828429184719
1.74933722315108
7.70139250275872
2.88131026586446
5.36754643684253
4.62202020817461
1.09627880584731
5.91738482192159
5.52635459275916
4.6886614523828
7.28505602812303
5.35957607673481
4.64099754534023
7.38333201035857
0.442926786839962
6.12427290715277
6.28933145102502
3.9009105451405
5.20358441630378
2.25204563313028
10.8734103441238
4.22051807554314
8.66737820394337
0.561530273492372
3.96797887980938
7.23688778607175
3.41642466022559
3.84337823046371
3.27883022138849
7.98971266066656
0.662054973654449
5.71387999812778
8.04657926782966
11.0418066848069
1.41351938850552
3.70164065035085
5.73164068255574
2.81967226881534
2.62419271655381
0.194897642824799
5.1073569682549
2.90404824446887
0.734673406463116
8.24745672382414
3.78324277575036
2.59516423249703
4.30597589401245
5.11401891786042
5.61723315015737
6.41209057252854
0.292650394141674
1.66288014383224
7.84218963515013
4.94751240547388
2.70480067050084
6.66003454802558
5.03980702813715
3.98237865837291
1.58151338879977
6.79001725149063
8.63664359645918
7.15509045263752
3.72140832524747
5.75210611354395
6.07708651805297
6.2428268966939
0.335397060439916
3.17252979952189
4.63843424292281
3.56180609391963
6.13678045850247
0.121947525534779
4.94599095080048
4.78560814282522
5.90961379665103
9.58705196483061
4.45192601887154
0.713345821481198
5.10759694408625
1.51398939269498
3.64359739232554
7.03939130566139
5.15902287466452
9.85437216795981
0.0659453398548067
0.711591732222587
1.18526668008417
2.30392135726288
6.38304309127852
4.34311099816114
7.31315597142397
1.51318309144932
1.02657482307404
6.77743090130389
8.78856028150767
2.65124954947026
2.09737796941772
4.2042815116143
3.30541410204953
4.28125012279163
5.44260499672964
3.9088163562119
3.94529558904469
2.64550330303609
1.03407388547583
1.33204415987417
9.17293009115383
5.61446395783118
1.91433584969491
1.34662539046258
3.57374254753813
7.47083099512383
1.92415097448975
7.54649937618524
3.44522151863202
5.88566265441477
2.48193216604084
1.0720517761377
3.28614832114843
4.12697676038859
5.02076159231365
6.5215445025824
8.39521326273334
0.223999964302541
7.74679738702253
1.70261667589706
2.20554914139211
2.03154748259112
5.11398564460578
5.09633004432544
5.72805245267227
3.32703583940676
0.158033441752195
7.59940337156877
7.19932614981524
8.10001742094755
7.55696144979447
3.05409229081124
3.2446833034046
6.40911222668365
5.48592230351642
8.18386371925475
6.57207859028131
2.79261006110777
7.40587082644925
9.03324554907158
2.71379413504243
3.74114499147981
3.52171220211312
9.62752570677549
1.95544983912259
7.67220095181862
4.33208378638214
0.832863315939903
3.63566611773008
7.74875648925081
9.02459883224219
5.37585686915973
2.5319066173397
6.8478229958564
8.84237269079313
2.71686316793784
0.41970899887383
3.98794697457924
1.86104305135086
7.23022454551372
3.13381498644626
1.03090232424438
5.93473294698164
3.27780557108035
10.8234274934108
5.52916958616407
12.414557273034
7.7867167792283
7.16064464952797
7.11249615818558
0.373766995500773
1.9315233428319
4.22035938827321
7.87107756687328
3.71298820897937
4.04905243205393
3.52220392646268
4.97125867987052
1.19779459069596
5.11507384479046
4.60593462036923
4.0695747253485
0.458408484701067
1.99043834628537
2.19117228314281
1.09432663837595
0.868509285941925
5.17280970861576
5.45886689051986
7.91954854968935
5.89191699586809
3.82585062933758
2.63926856266335
3.39699307080097
3.85899851890281
9.8894467363134
5.0288833915606
0.752955443691462
