"x"
124.577893685549
77.1219743010588
32.8134740623645
174.828874459566
87.6931920829229
124.155012756586
104.89636702789
85.6244136239402
98.0686511951499
139.231934638168
88.7224051184021
110.160613595042
117.168393063359
96.68938774243
148.391047337092
115.605581486797
123.941144876182
123.176992601249
64.5627410100658
118.348787083291
129.090408512391
153.651037666015
148.133560766
154.978076258674
150.257030765992
133.704644422978
103.57852368081
154.279936072882
164.631877132226
136.66240618472
67.8522529365523
149.228577344678
95.2421739567071
80.7231300096027
116.541657401249
74.1744833878213
110.002953768242
128.84065488819
189.367586955877
81.7264161258287
109.165240448434
130.01303488249
85.7811009756459
133.714464526623
159.656244456768
139.302011844702
111.729459340218
130.571753110271
117.805557040963
148.305677590426
139.380029979162
121.181251049973
98.0477581280283
119.634909708984
93.0120645607822
111.721515018493
153.9198032571
113.964220245224
134.175206558313
140.743366315495
57.4346127796743
102.531090413656
138.062746579997
102.787099877838
107.634934400674
146.0174201997
156.975645387545
112.677571088076
127.066724566449
76.5465905028395
93.5772688728757
166.174424362835
152.726502925158
135.387504033744
116.020426059459
124.287539798766
118.34690662996
80.7162906532176
76.2494866526686
114.905528149568
154.941701342817
139.615874618757
98.8620638349093
143.59324053023
172.154766877218
125.152378801256
88.5661019976813
75.2708093060873
86.6461095004342
106.459811738692
136.046561035328
40.8082479508594
113.424606405721
88.2710482198745
90.896284906233
160.334748395719
134.359298310243
103.269644295797
151.117205943447
125.219525389373
174.508064689151
136.126355148386
95.2048866664991
75.0452264961106
151.710003950167
95.9729502811096
136.850694837514
97.1586192799732
128.146716625895
84.3753027543425
98.3198266206309
81.9235070077689
106.945471559186
132.386449739803
125.731134865433
89.7948867408559
117.940589463338
137.624494314194
114.122076273511
58.1957486537285
141.177757075033
65.9918243599544
154.14100543689
62.1320118913427
43.886554880999
135.867316533811
133.90673200367
161.694359307177
135.230106841307
112.051023717038
95.2353576840833
119.624109790195
60.4993148195971
122.623648363631
152.643575774651
112.423377347644
77.0971659338102
127.936961162835
116.79313574452
170.962451070161
146.933989458717
123.365399771836
120.861807889771
139.911618337501
109.495711762458
93.2866840353235
121.524263069965
145.087740043178
166.803323109169
141.537453928962
141.010353778023
88.940211948473
108.920239250176
123.404611953534
170.637446716467
91.4828761518001
167.977730966639
119.097251113504
98.9334314698353
130.295591097325
64.2811509207822
129.771520124283
71.5578554165549
127.204755568877
163.043560234364
144.513506246265
116.516789061483
83.5614244365133
128.254744555335
136.663719199598
72.2218233752064
77.4388089962303
112.271645408124
86.5082929624787
128.283066746313
103.689289990347
60.5653378302231
151.999400652945
134.485279295593
124.64241381688
88.6607597074471
109.174218560569
132.165674043819
180.000979222394
147.188312762417
144.599252122454
105.212803867646
103.032804887553
153.093687943183
171.990953417531
90.8501118938438
154.936886228621
72.8143004723824
165.421497698408
155.334091565106
129.881324484944
111.32358021026
166.097188021056
137.621099303942
140.398360944819
145.70866153948
79.799319465179
142.532390860375
123.021741632838
130.661864306778
111.840648012242
137.949078929611
119.071499140933
86.7752168644219
124.060756327584
129.365500525106
94.0084795318544
166.223983387928
148.504302380607
155.443808569573
131.278438021895
73.8159625860862
146.906061904889
122.929828658234
172.857608689081
117.672887762077
108.982202854939
126.151957152877
138.555905073881
178.436927893706
183.214869640747
133.37931162212
126.063938431442
85.7404047721065
116.355296425056
139.004172143061
153.244783381931
176.214727276276
117.760176855605
170.037968862523
152.119541786145
98.0827953172847
96.6236578635871
147.386006394401
46.6175627745688
89.6180327665061
139.586773577146
148.406185531989
100.967584286816
98.4559266669676
171.412939428388
81.2788842371665
80.9505779653122
113.147061186377
125.476701461244
95.0112236244497
137.561865919735
113.118201166391
96.6803675363771
76.2365490901856
42.399277637063
137.843271454331
102.872039746027
98.6665930384919
112.168393780477
163.809920403175
137.293725966476
149.61436153762
166.247665063944
171.307000554558
99.0904541169293
88.807958856225
107.965361318017
121.723623258993
133.72916424321
122.919558051803
108.679381449074
115.462429662701
104.593437696341
143.106164950133
132.541124632582
84.1040691754238
72.1794752721027
114.928975932766
92.0866784364916
143.723604261875
127.682129676919
111.657378824428
95.2968140118755
123.325652476866
81.8339239996858
183.89466253858
100.233226471581
82.917817506404
144.354042564849
95.5913175442256
145.62851358857
159.790810790844
127.248450752813
139.118413451593
114.112178626257
76.4149515065364
84.7204374619759
125.580187886953
74.3494346472435
162.07591905864
142.041373230983
139.039815281052
74.74635358667
91.2433129898272
126.563129961939
47.1659799741197
131.299122429918
107.467334072571
133.944988646279
137.636808142997
155.135033614933
154.661785389762
71.8905944838188
124.15174108604
157.451378285419
88.2258922415755
156.300785853993
162.227061230689
115.469140474219
133.717925991308
142.54519985849
125.378871009685
112.849503695033
125.497413252946
119.603954930578
96.7728849886916
96.094927365426
105.257879114151
131.426498172339
99.6163391237897
161.131602326408
126.965237103403
93.6465534740874
148.355172908865
73.7521771746687
91.9013592722422
148.854674386326
117.820000459906
91.0845121010206
98.6718828356825
100.020940847229
160.836116828956
147.537246898748
134.902351609647
99.3127562832087
164.803535449784
140.182698301971
108.124194269534
105.936473335605
148.125986350235
154.787951497827
133.658564709127
114.679933718406
100.425422547385
106.860016286684
88.8849018984474
87.8064042404294
111.947482750285
132.753291532005
96.4750594315119
121.346726087853
150.574764369987
101.396730533335
134.871232769452
110.084893200081
80.1315659790732
141.837731230538
165.579799683765
157.091524172109
127.716644313186
85.7825942719937
116.891513647898
105.864353319139
122.599965103436
117.971674350556
139.90530798398
151.223079501651
125.286786604207
80.2901494824327
142.717125223484
116.233693207148
82.6584331816994
77.9889456880087
79.158777450677
154.60446128156
121.023393620626
114.790072114672
144.284992511384
96.1651711419792
99.5388538045809
70.8362659918877
134.899737933185
138.475279040169
145.064839367755
93.7222343981094
135.847471401561
155.800994811114
129.946844007354
129.068594584241
121.081764299503
79.2677526064217
120.68922226131
122.157587222289
67.6092557189986
112.185216750484
150.908609534148
154.473147381563
126.313370127697
160.744791585021
177.155712059584
123.724531272892
126.77323644748
129.154241901822
132.446952617727
151.344700598158
92.0867098937742
116.979744871147
107.447181835771
159.03169767838
139.294082459528
149.708880600985
160.279425445944
117.613395526566
131.107723762281
93.9929103269242
92.5184128931723
92.1485194936395
155.614362713881
117.147065093563
44.4403812282208
116.28642851254
119.252304851543
135.571334056556
168.839838118706
94.2032804517075
154.91682383744
89.4703014855189
129.836754041724
121.132774245925
111.259850994218
141.870586212259
79.4608730510808
107.43563610591
128.339029138908
55.579212453682
75.6078220322844
126.654341271613
130.596871297806
149.032709253486
126.49018166278
116.026081931312
146.354839160107
148.406776317861
40.4927225645571
148.863654874731
123.992743080016
70.0994551498524
85.9054497051984
23.8664293885231
81.5060124937445
139.2207161556
119.872825776692
133.808319026604
123.010910596233
71.1691811140627
133.238554200623
166.394728765357
186.296159631258
160.643866777886
82.0439474093656
109.274253737647
121.589320690837
176.579384730525
111.139145100955
143.95329142129
59.6963975937869
91.6236325548962
99.6460932651535
158.655073438771
119.91245912388
63.1942016640678
144.401446076592
64.667400110914
106.791457128951
182.521068299226
83.2971131061204
98.0705784629099
136.463993857149
148.300224843901
84.5824229225214
135.771358808968
139.228395637984
136.103998978157
102.627608060371
157.202136011794
140.54036353156
143.701858340297
153.715080054011
98.5218963227235
75.2658456014469
128.691103911493
131.586945589632
139.588259586642
120.853103090361
129.656811595894
95.0635324618779
117.431711226236
105.713083064184
109.706422033254
155.968935624696
149.946432873141
96.3656813283451
173.171693920194
168.266154077835
109.696269591339
154.574743541423
104.380778092425
70.1685504144989
88.2357316492125
103.261863710359
88.5565349478381
131.043292797636
161.247123991605
147.526514647063
128.452527806628
125.527344970498
139.200648785569
168.888626178681
105.669113930315
92.7851792494766
54.9230550332179
98.2276103887707
91.6647656860778
117.723206967115
124.330084528774
124.09076142081
78.1259492944084
128.663992825896
97.470444781071
82.5632255659439
125.895223859232
151.693728653714
79.363501785323
150.893794851378
138.420428062789
76.3543066722238
80.669130898964
149.784236140359
133.026610568842
72.2549940613098
112.324021937888
83.7887250292115
129.483933184481
88.7670714044943
108.984464308679
70.1594342524186
126.214183957782
118.461956807412
116.491018418223
92.1522036166862
133.013192941539
153.096561645158
162.484568622429
131.90771108726
162.446806417778
102.413829572964
79.2672638869844
127.206098387483
179.993709258388
94.310397428212
178.707505207389
97.6962190473418
91.2187554887496
153.307102069259
89.8896986511536
109.033814863767
88.3920814815397
157.681301261298
133.80856623248
111.550771677867
121.821607578644
77.5752472649328
121.813594142441
123.385581315961
113.903952260502
98.3748658890836
119.258805419784
111.034639708232
165.250982366502
102.500694106333
123.539009572472
93.2310531889088
135.692686068825
137.82261454314
81.5026131835766
102.374667797702
163.122702231165
97.767095234245
93.4873692775145
79.8964123679325
151.272298833355
139.902757115196
121.070618842263
165.20626380248
126.903562950902
158.435968939215
165.360522734933
174.712431112341
147.243201420642
96.4724217088066
97.9010207676329
184.258129811686
132.741382825188
166.824130177963
187.403977465852
124.906098151579
147.413779780269
91.8897051536478
105.252454075031
155.590423608664
118.118057194166
108.448168975767
118.573998935055
93.8708000583574
146.12751016533
140.633845183533
140.105204757303
121.142899191007
66.6591058108024
115.056689444929
156.895688896067
156.824671478011
60.776952101849
135.057934117969
167.218180846889
179.949673330307
104.496390282176
89.5890526637614
174.592294363972
105.577706422197
121.627864009235
59.6913269930519
153.457791902293
162.173001437914
90.7820357317105
103.257847135887
117.148722316029
156.961535664741
84.5071034501307
82.6824704646408
100.399494278245
178.605460388622
122.946539943572
128.95607822036
128.930213545449
130.387776890304
58.2775019444525
93.2065335949883
71.550054783191
104.027458267752
105.425465734676
97.7923819106072
146.097217707429
157.495459103957
74.0224195607006
60.4921090509765
104.968257781584
68.3474925113842
172.00213023975
148.081139015034
79.3735698039497
162.369346140884
103.188155336771
168.467885873758
155.120186230168
143.853568101302
108.056102491915
152.137694561854
78.6803023377433
161.380352372769
117.837357524782
102.182115908246
168.023672404233
55.8990412484854
134.270148710813
165.57507147314
106.22104326915
116.375225631986
107.091106217355
77.399816676043
136.734947200399
144.735679980833
132.226866492536
66.3589784405194
103.613055415917
147.212670543697
132.618571443949
110.004517579917
81.8609394687228
115.83275610907
162.952602406964
107.477924691377
90.1879788679071
72.2273073527031
82.8573455004953
107.342285263818
98.8308046879247
143.996886236127
160.647972179577
103.441790201236
159.280379152391
40.4232906997204
104.637082865462
125.784889024682
147.544672514778
150.40107207885
76.5580764845945
108.279901106761
145.28874313971
143.554786717985
130.30808721995
112.612280819099
117.734136336017
120.119264844339
105.082406868227
125.952750289813
102.938614332117
101.110672127793
123.014378252439
54.0766800181009
129.841203889344
75.47989871772
26.5922403805889
139.824390348047
142.322530275676
87.4523442643694
94.3351173573173
150.267905141227
72.7836711001302
165.848383659963
85.6970803993754
84.5618221485056
120.076738785021
98.0020923602578
81.0845286981203
114.921594107989
136.514004497265
113.006399504445
101.4788016784
160.965277941897
111.929763021413
125.347921456676
131.630307148354
74.1026925486512
89.151753234677
129.583629735745
130.13138589263
86.0574076248142
181.182122477597
49.3461229973473
102.90365623869
170.144218909488
108.648525953293
107.152119087987
145.57770577725
134.860872007906
79.6733477320045
150.444500667974
103.854836683095
92.5702795023098
152.065861630719
133.86856572004
89.3086336450651
102.515031837858
197.526633407957
128.176748033613
100.231556746177
95.3648204701021
139.16616730392
105.897159313783
100.017328804359
73.7015607096255
152.641362205613
156.606764165685
114.224370483309
127.120301025454
161.306824595667
123.915592736565
85.3583634780366
122.421936912462
133.938470269285
104.832697148435
77.5154498796628
87.5787186920643
110.956716067314
130.683017745148
119.287952742074
74.880226728972
86.5722123835945
83.28585270146
140.833503424656
132.729925471824
103.057565143391
162.576044816058
128.066504354137
99.431079570204
112.873984143037
86.3048654249869
121.672232130077
110.402584370691
141.25494648423
110.99645667756
138.560312664246
74.4260503300466
137.043985363526
105.724330966361
147.492235148326
99.1179193798452
120.565981114749
193.631710358
138.088714163461
97.8799096494913
142.479977369774
112.751424074639
108.363725472487
91.2548795384355
104.640035210643
119.131545209326
135.043461618014
123.649141948159
133.75703030359
98.8592704734765
131.937260726547
134.479907453512
107.68287688354
132.376189460512
110.384611173067
129.925480891485
150.935679204762
143.225179573987
147.396090942901
169.749998870035
74.4294412091677
124.377053872682
113.015150955878
105.501814709511
83.6017440729774
158.545193376951
80.423321172595
114.468930374365
89.9449879936874
163.29102811357
96.7282546861097
135.28351700725
135.265614079311
65.2854650689715
108.928989806212
133.584835401736
102.118020110764
105.370430313516
60.3606044991616
146.265398863703
89.319513678085
127.714692943264
92.4796903361566
99.002045687288
127.321637026034
107.892207446974
122.634571735281
105.271091951456
171.327982352585
60.3931192788295
122.243583996306
92.6963462596759
144.626958633307
128.580060722306
114.326793811284
154.722731724847
109.703294183593
125.580530748703
146.634756697342
156.458994938526
217.324519869316
124.557068964466
162.150835595559
146.246597932186
114.943495166022
117.634741167538
153.955045484472
127.446169392206
34.2826692466624
90.626679227361
117.795932828107
100.436743887607
116.036039519124
107.859868154804
106.140569769312
140.683263103478
99.899180738647
73.4901376711205
82.7478175791912
142.281585906632
190.994196450374
116.176120043267
87.8656736081466
106.305687348358
129.032268551644
147.62712703133
114.599126975052
143.532473999541
94.6753286607563
110.282103996724
103.929498026613
88.2697990941815
131.006829620339
124.868706644978
133.304200457409
95.6151787791307
136.251210008282
115.96736458676
65.0572226769291
144.49524223851
56.6387070841156
123.557557601016
125.57483563028
127.906433597714
158.065112924203
132.613055330235
101.327404679731
136.195062832441
113.02417749865
91.8596668434329
169.718122063739
129.693244601675
137.448704282606
158.43759238394
105.104381590616
84.6485641307921
32.112737858668
122.951130443718
89.3105403184891
125.262488569133
167.994532663375
123.328322611749
125.471345123369
134.30465741305
82.9836942418478
187.03405566424
160.212330909446
93.6797281595429
148.689296322875
108.532628384884
179.513338611498
54.9590748956793
148.94704235997
126.093764738824
175.397848637811
70.8886417862959
81.713902358897
82.5914656058885
145.631982602645
170.047236531508
76.1798058296554
160.469050511252
80.7890073303133
83.9825651440769
67.5367384222336
119.247781679034
130.083171722945
150.953950115014
135.337230543606
111.69103110116
146.234554998111
91.0524071152322
153.031026733573
123.595397091005
101.728767016903
169.974767853503
141.460270996671
111.493541941512
130.629834003746
77.0070517952554
85.9294089521281
163.090727417275
70.5765276071615
58.1325228557606
93.0311773493886
95.6708180880825
100.71841692226
109.131233768072
119.178323940896
60.5028717010282
119.416960755363
168.090515282471
127.873799352441
113.956515116617
127.666200750042
97.1468034493737
170.103691400065
