"x"
45.388650894165
43.0139640346169
36.4624606911093
29.4615766499192
56.9024217140888
38.0113687831908
67.1534645371139
43.5724468901753
63.5436736047268
72.4842227111175
24.6326688677073
65.6055205035955
57.4997315648943
47.7641011588275
30.7676819277554
21.8854021281004
47.1259252633899
58.8837001472712
51.860088808462
44.0239543095231
63.0820417311043
68.5963235795498
47.3396397661418
31.5645935155672
28.4340284764767
39.3296984490007
50.4621625877917
59.2295187991112
26.4239859970868
47.9470782913268
32.0347921457142
68.1306264363229
55.5434064008296
55.2019197959453
57.1081885136664
54.1811307426542
32.9660372342914
55.242555309087
51.0649692760116
54.3933785054833
56.9390676915646
51.5811565332115
51.9110122229904
30.6638523936272
21.0997701872824
54.7298918478191
65.4053128324449
27.8342842372058
60.8038817998022
51.8641067668796
24.2529516108334
55.0006785895675
69.0881922375411
43.0836445186287
42.7289193961769
61.1358480993658
40.8732942305505
59.431699803099
45.9343131190172
49.1148695349693
42.7999848965555
49.6942070312798
44.6082124227377
52.0621283911169
35.5996077414602
49.0084042772651
26.014167489484
43.8525402452797
43.1020087562501
58.8249816093594
46.1747908964753
50.644118944183
49.3091695941985
54.9652398563921
66.8871335685253
54.1337586008012
36.8369085868973
54.8652115277946
60.2214961778373
38.8059982095157
55.9908061753958
53.9758962579072
51.9349511247128
22.8827322200579
41.5482615869008
54.4335124082863
62.3139817267656
17.222230322659
55.3753884974867
25.0029355287552
71.0940552483917
61.2246760167181
57.5584587069205
40.3248277492821
24.1151683032513
30.6571782100946
40.6964852940291
25.4292963538319
53.8707755506039
53.4595293458551
65.3552070156042
49.2525443900377
36.2336376216263
41.4689661469311
38.2342149389566
40.9347317647189
66.3260052911937
37.3784134630114
39.8062152705358
44.9738449059044
43.5182586777955
53.0027478002012
41.8318032578215
69.1661081276834
25.3283673897386
60.9467545989901
41.42921023943
51.8427376229165
35.4893020819873
28.5513053648174
56.6599275916815
48.340393928811
63.3376207202673
39.8864881601185
57.2639564052224
36.7721533868462
40.0122285354882
53.3731321338564
56.1882195528597
32.6793621759862
61.2273498438299
17.3118301477797
14.4738153088838
43.0825014133006
35.543947480619
57.3929614853114
45.4038343857974
51.6182095743716
73.7569614271534
53.8684687594992
46.3884289842099
58.514443738386
43.0223308037966
60.2969490457326
54.8990186303854
70.4983335877669
54.536325763911
28.3469041615229
55.8737365994602
64.6392998751253
75.4127583123928
45.1832769904286
39.8110214155167
61.1573890782893
58.0628669820726
72.3310655872238
72.9027080307615
32.1617225392118
50.1891393214464
58.7236968896293
56.7019305657595
49.5522048790008
45.8389058709145
42.2704423777759
59.7153454087675
26.7103463051014
40.4789987485856
44.5325941313058
53.3122252672911
26.342132454738
35.9043983742595
78.4246286239095
44.7632860392332
31.2826455105096
45.781180029735
64.9299659300596
50.3112555947155
52.1191036328673
42.3992707394063
43.9074563793838
56.3252171967179
46.6008679475635
60.4575118981302
54.2488059960306
67.099913302809
66.7380787897855
38.4341280643202
49.6599083766341
41.7799008544534
39.6381887607276
74.4752570013416
42.7450446411967
52.2495589684695
61.3281831145287
65.1324663776904
46.9705389812589
54.4135731179267
45.5782432574779
46.7963180970401
38.0213788534531
67.0650505460799
57.3770612478256
25.8031788747758
59.068334242329
55.1993957720697
39.286096021533
62.4806164298207
30.3558486048132
58.3318735472858
56.5295057371259
41.0387247335166
45.9550265802175
48.103395011276
65.3773005120456
58.0218888819218
54.1670362973072
56.9698173552752
60.572791704908
72.2268097731353
56.1655410185856
57.8585037495941
60.6223421636969
55.2460968494415
35.4243219364434
45.7709611393511
49.0147367412554
71.5380059513164
28.6962574347854
61.1216779332608
44.4898320361972
41.2157170008868
54.3442802503705
65.2348667383194
33.5196748417013
61.8245269171894
53.6299424711615
44.5288223680109
55.4447283555847
53.3916203770787
71.6349917421949
49.9242216814309
48.599307878835
58.2500102929771
56.599299563095
51.7759019508958
46.5777161065489
65.3911777772009
55.1938889082521
36.0197306610644
28.9901671465486
42.9924448486418
53.3032064326108
38.5159082732551
39.0827151481062
38.311366487189
54.0451244451106
70.722778975488
59.8098692018539
27.9213584028184
58.8260354008526
45.4064556397498
39.2182403709739
36.1346488818526
35.3434380143881
59.5834882929921
60.3892464656383
42.4804070964456
45.0769345741719
61.3181167282164
44.2576035954715
38.8106976635754
24.4717988185585
55.6400632485747
15.3068629093468
53.5341353155673
44.8707447852939
34.4200932886451
67.1961976680905
52.7167455293238
66.5722091216594
48.2211725320667
66.8092286679894
28.5377821938715
51.079717464745
80.002754212235
38.043354311958
65.9789488650858
51.2556788045913
31.0579533688724
49.9069526791573
42.0167784206569
49.8666715808213
54.0548804681748
61.6992305964231
59.3185730744153
50.7510348688811
52.8040080796927
42.6574257668108
51.6388182062656
51.4668290503323
45.7481045741588
52.2954364772886
50.2248732373118
70.4943827667583
58.7516858242452
66.5828928351402
53.1543130986392
49.2791015189141
47.8782066144049
66.3530172780156
38.6598583310843
46.8312793876976
59.5034936908633
39.2490265890956
56.8576010409743
40.014231717214
41.0475064534694
49.62013438344
59.5580002292991
50.2612734679133
34.8981365095824
41.5601934306324
38.1657669320703
36.6480976820411
65.916244179792
52.9584079049528
68.4102781116962
44.8026104364544
53.1272456981242
41.2331763189286
45.9773323033005
54.2589922901243
33.2076561922432
71.4202988850785
59.9220138043165
45.3997295091771
67.3352661076933
45.1423350255936
42.5921658519655
61.9925973471254
59.5227099489421
56.2588049098849
71.3168520438385
70.6521531524968
36.65208267048
33.1771662924439
52.3428849410266
63.6581117752939
61.5212325472385
12.5141757074744
48.54706521146
74.9660478862834
61.6124180611223
69.0728709101677
48.1415731366724
48.0348968412727
36.147834656805
45.0771622825414
51.4715564902872
53.7089738529176
53.1143738888204
42.2509966418147
50.1717892211016
47.1599497366697
33.6270794272423
78.2247757497144
63.2056047208607
26.6800309065729
44.7886406909674
53.7239178083837
39.9668611120433
54.1782162089889
51.6659532673657
41.1772601306438
38.4387459140271
53.4873985685408
65.0658530183136
68.8075723126531
44.4521873258054
39.1919926740229
39.1855467571224
59.8604405298829
53.5674205049872
33.3902410697192
48.4964923467487
69.1033080220222
57.7697255183011
46.1445861961693
38.3041149470955
23.5803099349141
39.2434827983379
32.647210964933
54.3334267102182
21.438219724223
50.6752457990258
63.6895952280611
59.7263719886541
42.1401111874729
55.8302623997449
21.9849842600524
73.5494559718582
58.1438306719065
39.4792864564806
46.233191434294
32.7141509112507
68.4643057174981
36.5452922414988
76.8417364875686
70.1593941035581
50.311807077378
71.4017254030769
38.0425815004855
57.07424483262
56.3355057034642
64.7251328510013
25.3408995820801
48.1651551555842
64.5177108235657
64.9797219783068
38.8330807909369
59.8677500616759
57.1469928851794
41.3612882606685
43.8946216367185
60.3023057803512
36.1843981780112
40.4616671426333
52.7596512341449
47.463643969968
58.778757089749
40.1362656316241
43.9943014178425
46.7793631367385
56.8319021258503
38.0261077545583
45.0332510285079
58.9519978035241
45.7134112565166
36.2806799355894
51.4255962334573
52.9503725934774
41.6428518481553
52.9410251214867
70.3743598381889
39.8692169222915
63.840737240389
58.4603523369879
25.9939331095666
57.9712064471096
59.306679200381
79.1995298372562
44.119658973068
50.4438034724444
56.4125241711736
70.0592980678094
33.5299645084888
46.6122694313526
40.032734798837
55.629444308579
37.6083013675183
77.6808717246068
62.8299236297607
42.5985965877771
46.7453143093735
46.9431755583707
53.9963197218122
42.9844022728503
40.4500245116651
61.3029704894871
49.9786122236401
47.6283200085163
47.6891916710883
56.4438563305885
53.4064539708197
46.8533350272823
51.251183450222
48.9703111350536
68.8433466013521
37.5787634402514
77.7112884404969
59.2350977472961
42.2051310073584
50.9445975534618
25.8506268577276
51.8766677938402
46.9168651371814
32.9181985929608
57.2094762232155
51.1550900526345
61.4951227791607
50.3920257702122
27.794082975015
41.5233080741018
51.9968551583588
52.7186574414372
55.1386740058661
51.1644753161818
66.7297131381929
59.7446011379361
58.3545079920441
69.2673182114959
32.9478983767331
41.8606309602059
41.2890458945185
23.8738689031784
58.0811969935894
57.2059281636029
45.6239940132946
48.0197040829808
53.4193838946521
61.5708047989756
60.3565289173275
24.829046567902
41.7542242790218
31.3649547462407
42.6914783194661
55.4557173512876
46.3829430285841
33.0621078144759
41.52294206433
59.1140773147345
23.7556634936482
39.1130070531813
38.2161466088647
45.6248071976006
39.3512798473239
41.4394398947692
47.7287755436029
33.6425367277116
49.3932963814586
54.493487207219
28.7779644752975
33.8679076172411
63.6202686466277
65.5900051817298
46.3020037394017
31.9220673758537
47.3781017586589
29.2269672865746
81.323209587009
53.2771206926554
59.4146431423724
42.9697132714132
27.6093009393662
65.5896737240255
58.6168055422604
69.2006914876401
47.944922093302
46.7262533959001
47.9274228870427
25.7853722264721
51.8914001528174
33.3446387201548
39.012612174453
48.3150258662175
52.2237230092287
35.0922336336225
32.5161669403315
38.2652846165001
40.8706271555275
44.1015289630741
53.7493923678994
76.8418905134718
31.1325274771147
69.9333679820311
36.1528083216399
48.7999682780355
47.1573402639478
43.8051074733279
60.2380139753222
48.4401374964698
44.5480327121913
41.4052984677255
43.4226306620985
33.7456030771136
41.3366276305169
46.265611005947
71.4634569800439
42.1415545511991
38.2435566745698
55.2290386985987
41.7497681559895
59.3813525830802
37.5168333761394
60.6655704788864
60.2157474495471
57.4210191302185
25.1668428070843
25.5674414139133
46.4777743443847
72.1320884260249
66.4485750719905
44.1272383053255
28.7547124549747
60.2619477547705
53.4887109417468
53.9605800225369
71.8633294032782
67.4553974531591
38.5956000071019
57.1186820510775
49.0533558555562
57.0928389206529
51.9223419483751
39.9337206501514
24.0234946003976
36.4409036934376
53.3429747447371
53.1396184582263
40.7082985620946
53.4635646268725
51.2632865924388
36.3100590737441
36.6507144644856
46.7455476988107
28.5620520357043
29.1155556682497
32.7870780704706
55.3553118836135
43.1531587243599
42.3111404292285
37.7098585636672
32.5337909162045
29.3320540338755
55.7190773078778
46.1554895620793
47.0819662790745
45.2350099571049
49.8920140787959
46.8360288068652
57.574501587078
74.9881945508433
39.5408731203086
53.7065821393962
49.3214345071465
57.4918548088129
40.0219614617527
50.0437123235315
68.0444013793021
69.2520693875849
50.2839808607146
48.6736988648772
55.8586633493829
21.5811671223491
29.747125133872
58.1205400172621
59.6558844204992
55.4839417804033
40.3856153747836
46.6294762212783
47.6478847209364
44.9811536818743
56.998438160959
56.8980026524514
51.0863047093153
50.0371612608433
43.8068007503734
56.8810229655355
38.4795748029611
18.3971331981805
56.7359505221248
30.119252204895
58.6551979184151
61.3688728306442
46.708573680371
67.8639630787075
51.0941802058369
48.8945887424052
36.6421592294788
53.1861692201346
71.5721033471537
52.3985625388337
66.0402954090387
34.9303506764203
61.305714212358
48.7821789924055
66.7737193871289
46.7739314772189
71.1046988101593
51.1219422332942
47.4024517927319
61.0847784206271
37.3434473760426
50.4342603962868
39.9498080369085
36.1364851240069
42.5549988643907
34.4164827372879
56.6988821141422
50.4865260772055
38.6324867140502
76.1550333317438
47.5519097875804
47.4473482216904
44.0241671167314
59.1511709615588
51.3973257970065
37.6078360714018
31.8370887078345
55.3033221715749
60.1630510296673
37.7276033628732
19.904750527634
34.1759638860822
55.346225714311
52.2887524064546
33.4501413214134
59.4807595480233
35.8944775536656
67.6036502234638
23.0568830855191
35.2107531856745
46.2969596032053
72.244189768554
32.7941618949336
59.3030421994627
52.9003816191107
70.0457409273331
39.0206443993207
71.0743797244956
34.6913097322473
41.0529311746359
44.2586907651275
56.0335734393448
51.0722897946835
42.375267110765
62.7376482822001
25.7061162032187
34.5646320842206
52.8545259032398
51.3204891700298
48.098288429901
47.2676930017769
60.8877419494092
35.5474649462849
52.3703278508037
20.6820030690505
51.9159630872309
53.4224304370582
31.6788669849285
55.1710707135499
28.4264291636646
43.8731851056218
49.34167182073
57.5776105335575
50.0466261990368
37.6052610110492
77.0653972897135
44.8740620993564
37.4231045600027
56.6098494455218
48.4018278308213
38.2573759183288
57.5487408321351
41.7083132080734
47.2350866533816
41.1792581435293
50.8879483211786
59.5798560418189
31.3673664350063
28.2540434971452
41.2143072579056
32.7386123128235
32.348260888458
61.2376942299306
49.2620246484876
51.1631912086159
63.319820119068
30.3256811344266
45.8663914818317
25.9863609888871
68.1470405310392
64.3700589425862
44.8241581209004
53.9079991169274
51.343004591763
49.3430982634107
46.6879315501094
34.2669097986003
47.9568518698215
63.1533367093652
48.4727739356458
24.3204862694055
53.8625467568636
58.5923608632696
58.2458966877311
46.3838765365097
44.7196716442704
56.8023415282369
11.7605497129261
58.7090077344328
52.6608885640359
60.174892982468
48.6222506966442
45.3148555010557
26.267814449966
56.7490433342755
33.4313613828272
47.180806974195
38.9142713043839
48.5613749451217
52.7268552687019
35.9597598202527
40.4961739201099
36.5371863357723
44.7948612729125
51.5154338441789
66.7406431399286
40.6525627244264
31.62627434358
29.4792071607837
34.819014556706
41.1834964994341
48.2269703876227
58.0830157734454
52.9790658503771
47.4049718119204
45.1535315252841
53.1059327727461
66.0850654821843
58.4679427091032
56.7890700418502
54.1488726157695
66.1107636522502
28.4247295930982
66.1275856662542
38.8832774944603
57.1012491825968
71.5700170746685
55.5010518059134
21.7502169821945
43.1795465294272
48.4969690442085
54.891947703436
61.0639180748526
60.1866427343339
48.9126487169415
60.9054547268897
44.3322214011466
66.6535718366504
44.0080770291388
57.0574045646936
54.9318342935294
50.3306096419692
50.4220052622259
47.2196123116906
68.9714259468019
53.6277879495174
48.8266915548593
27.2166626062244
33.6445780470967
59.8492668475956
29.7502881776255
55.8230505790561
49.2100637871772
55.3282162174582
36.2483630888164
50.9920685086399
38.6834299191833
30.2998582366854
34.40060634166
54.44166213274
49.2951505351812
59.2602784279734
50.4570844117552
50.7838689256459
35.4966179933399
47.0631714910269
28.7486745044589
71.6942534739983
37.0203741826117
50.9259449783713
51.7800790257752
53.4845108631998
49.6682494413108
29.6135782588735
59.1434642731736
53.0397942755371
54.9598635639995
42.8330026566982
32.2796395979822
43.6847143806517
52.7850013226271
76.0573320048762
66.2678416352719
50.1623708527028
45.7422450650483
62.7908517606556
23.7832551399458
80.5096189215454
46.6016859281808
63.9277172274888
32.3878865223378
55.9238309506327
40.5028120148927
49.9426436144859
67.7217369899154
57.1741755586118
38.7686433736235
64.3960035871714
33.7387969251722
56.3038204796612
29.528889875945
53.6494400817901
51.1839540209621
61.6894976701587
67.9317038971931
35.5251224245876
57.9231045674533
70.9523649844241
35.4645588435233
56.1791541986167
49.72138334997
61.613203259185
60.6924559293615
53.5749648232013
49.0437047556043
40.0756523944438
65.6281853560358
35.9952528961003
80.7621340071369
29.833327839151
45.1922317501158
41.2058293353766
41.4741593878716
48.8459015265107
33.7827611714602
51.484219590202
39.247604040429
44.2055518738925
59.0873302426189
16.4182133506984
55.5857841391116
45.0348619837314
44.1239142324775
43.0307084694505
48.3548539690673
36.6618811152875
47.1738983179924
51.0272529907525
55.4923673626035
36.7813366741516
71.8767119529557
59.4899015966803
73.6769310156715
66.6745081543922
48.767670430243
53.5418527200818
73.2454711529327
51.0102533735335
65.0667843409812
19.6527828307524
32.8522673808038
50.1554786901396
49.520666943863
51.9244637805969
37.6740019080272
33.102311930605
44.7783625684679
45.8351180423051
37.1324037667364
55.2903869189322
56.142456131056
49.4639552664012
31.5524840372159
42.614699807018
33.1666539423168
34.743238799274
51.7722499091178
54.8796607647091
42.7333190076533
32.5957842171192
50.7381497882307
37.3352762311697
41.3185691926628
54.2782548444723
59.2514357359462
39.1426999121904
49.4514224119484
51.4152715913951
60.6678891927004
60.9696598257869
53.3958845771849
70.1286040195466
70.2799802604032
59.5100163332224
30.0509150139987
57.6742821265058
45.007061958313
41.8567589484155
53.0925414524972
56.8167835008353
60.0958328694105
28.8369214412452
55.7242411654443
46.6324266511947
27.8058914467692
57.5684894341975
50.2679563127458
48.3740185853094
56.6230229102075
44.4521997653897
54.7286287415773
48.1229035183787
70.7078862636686
20.6983267045479
57.8289563767612
61.7079344112426
32.5825926847756
61.864956934005
70.6028947270626
37.4034323715315
47.0113707706332
63.5392727330327
49.9109198339283
52.8532633092254
38.9237739145756
54.9703335855156
29.8294201958925
26.8268550746143
56.3342398506748
34.2493985779583
53.0553332064301
39.7083162330091
27.5786342099309
61.4105430897325
46.2414547510048
45.189783256501
58.8058282621205
58.546431735158
68.6243192758411
41.0764736589044
57.3125367518514
48.1878287624568
53.3436275552958
38.0770042538643
46.7975575942546
63.3827982004732
51.7088955268264
56.8649090826511
65.9816108178347
47.6735061971504
57.9480051435695
44.203762896359
60.4911830470621
54.375164816156
63.1184087600559
62.0880322065204
40.0303116068244
43.5391976963729
55.2406018315887
29.781715790788
33.9204128905099
55.6037528906018
63.2676931563765
33.7051026945407
39.2952741589397
57.5596373993903
71.369040190256
42.1639984473586
44.5291217416525
30.6335696484894
51.8188815563917
51.6379397828132
59.4689881953911
38.1440170026448
55.9586277697235
39.7612646222115
31.6949391271919
33.3385691046715
25.9672794491053
43.2273301689011
64.3638968002051
65.7098573632538
49.3339093857676
65.9642789512873
58.6687112692744
52.0538741722703
54.4217026792467
55.7279742788523
22.9135870467871
27.6019553653896
56.724996100616
37.1567187830806
47.8483431506902
54.1026584804058
38.9621523208916
53.2023533247411
34.694745298475
50.503422645852
39.274049596861
52.7391243726015
37.1017642784864
23.2747182250023
40.5141095165163
27.2141915002828
67.6221416797489
51.071016676724
50.4742146469653
51.846463410178
32.9425970092416
39.757442658904
35.7796270400286
46.9119704318158
57.9280621837825
19.319052806494
45.3835492022336
38.7052925303578
50.7416685111821
55.7456664275378
54.9933443311602
48.8377378787845
50.8798336930446
37.6905854232461
26.6073959128573
26.2836244888604
46.4857536368072
33.8157470338047
64.2935077659786
35.7829086565725
44.4855743553489
44.0264031756669
40.913251740858
57.4927718844265
51.1832551862774
88.9197209807945
35.7516548596323
36.9041263125837
54.9634672235698
51.8084913957864
35.2596282958984
50.3479091916233
41.1773200561981
51.043412880972
41.1218159366399
26.6966057478322
63.607158139348
38.3111208211631
38.7640346772969
56.7404475994408
27.8496540151536
69.8120413401542
51.5503360424191
40.0603386796327
69.1425047814846
52.6785163674504
48.3879010658711
42.6037630839555
63.854913925752
79.5352541716871
38.2798568811268
57.3555969633162
48.5264180481748
57.9934486653656
63.8019850011915
47.9643180500716
67.0492451172322
31.4879884012043
41.6619790252298
42.9354758328271
56.4548355527222
70.1409868853998
11.176439060486
75.6524126003397
63.6844078078866
35.2929639164358
42.3778562340885
54.4579577632248
34.2042376287282
63.7225370263077
40.0178569834679
47.6118762046099
53.6473227664828
28.8141186814755
35.0150123238564
60.6226057745516
54.0503562893718
42.3915662337095
39.1672955360264
50.9575454278891
51.0790176284773
59.320848993957
54.0208138525486
62.5954446382821
36.1422835788285
52.2838962264359
64.2239887733012
39.3197419768538
57.4279593769461
35.4613901115954
45.3781731426716
41.3246967829764
60.1441978476942
62.1854383032769
75.6358405307363
52.4483510293067
18.7093394808471
63.7008723337203
45.0986882206053
51.4687077147195
62.6282132230699
45.6015109084547
68.8163211103529
53.0668832361698
25.6518597248942
30.8959764428437
45.9359240252525
43.6879295579873
48.7331257460453
36.2152740359306
37.065820354595
69.1573014017195
61.6173002868891
43.3774565346539
51.3213911093771
45.2342444565147
47.7442115079612
60.5313683860004
41.8305094353855
65.1199538260698
49.8876341152936
65.6210537534207
24.4877323862782
46.3645449373871
26.9881428219378
63.5687466245145
45.5586947966367
58.6821014527231
45.4054801724851
74.1787081542325
56.8441356066614
73.6029447945667
63.8049860950559
17.5158085301518
23.8403369307953
35.4749157462174
49.9249339103699
35.5274372268468
63.5764919221401
54.1235295463435
54.0224740182778
46.8046971131116
61.0374989919364
44.6425048168749
38.2786314934492
61.9491666089743
61.7001398000866
46.0219997912645
38.2695632986724
61.8302775546908
50.3876977600157
27.1054585058441
43.743785424158
68.5487456154078
50.2608661870615
37.7262715250254
32.1997040339437
28.1741838025027
60.4283170401588
51.6306055244058
44.1709638107568
50.2921411767602
45.7802881486714
49.4071325752884
35.3813762776554
57.4867242379484
39.8984159808606
61.2176158612065
45.0532681221243
45.9796778857708
66.7236253153533
42.0563305262476
55.7161618489772
46.6582550201565
41.1257475614548
45.9698151797056
32.1717388927937
43.118689116012
57.0827993564308
49.3028736498578
84.891926316823
50.8853290121913
43.162924144417
42.3984324559569
45.082382671535
35.6819748457557
60.3656020015478
65.0489824358374
53.6887771449983
29.3181523680687
12.6339806709439
34.5046067610383
37.3853743076324
33.521210218778
45.2339994676271
53.385342285037
57.8949684742838
58.9837190019404
56.2614186201245
64.4822470378131
52.9349070042372
47.4663071334362
41.3925422355533
50.3842871170491
30.7161259257112
42.6962074823678
46.7140398453921
65.1835880242288
55.2597149275243
48.0772200506181
40.3823889791965
38.8976412825286
57.6647660712192
35.9485592227429
60.7777545694262
71.0362005936814
54.1384213983761
52.4036528542638
54.57903733477
32.6788628008217
53.4907842986286
53.6537921987474
53.419427620247
60.0801411550492
60.3934164159
34.7414015326649
52.7556566055864
51.1102683842182
63.7369330506772
38.9366796240211
43.4350262396038
62.7460184972733
42.6545896101743
35.1260205265135
49.4535871781409
46.5373381506652
52.6298897340894
53.7847448606044
69.7710658381593
41.2150733172894
47.805276280269
54.5548931203708
49.8026771005243
50.275516603142
50.450815493241
71.4598970652147
50.0058330595493
59.4914077781141
54.1547015309334
51.6836158931255
44.2244796548039
74.6091462400563
69.6651837746513
31.7342174705118
63.0161853507161
69.2952591460198
48.9604078233242
37.8892939642208
32.8363920096308
68.9744860865176
46.1066910997033
52.9776548035443
68.6299862805754
44.1730142105371
35.3535508271307
46.172014111653
29.3910465668887
52.2304638754576
33.3670175168663
27.40443428047
78.8048511329007
27.3239793721586
44.7591639589518
57.6214445267191
68.0064076557755
52.0941436290741
27.0004719495773
26.4573037942364
70.7916128834396
20.6618588417768
41.554059972637
52.6978193316609
48.3520299196243
62.1764215640724
52.8268526308239
43.3114408515394
49.3288421072066
42.3421074636281
61.9113003835082
39.4162833797933
40.107810230382
63.302451511845
30.3110557608306
70.0512672732485
28.922466468066
44.4730846211314
61.8682087864727
65.7742781564593
58.1204217392951
53.8940685801208
54.1469137184322
50.0908142887056
16.3119661156088
57.3512319009751
42.4655775073916
52.1984641440213
29.8950320109725
59.848266094923
45.0534319288171
15.9574256278574
57.3566670063883
54.7457625158131
59.387781503544
65.6587854027748
44.6344191208482
39.8803593125194
38.0370196886361
27.5398182414599
50.1370076090097
42.0959445647895
65.7380024902523
41.7693271767348
34.5830510370433
54.7307449392974
16.3174656336052
43.1662249790442
76.7635455003393
26.4333653100967
31.1972233001143
54.7003128565848
48.5372236464173
37.5300354496175
29.2717166444463
53.7989450152963
64.1964012291282
35.6631028000265
39.1557736322284
31.4530923962593
44.1470513120294
36.2829104531556
55.3515271283686
28.2365440259823
65.3718050569296
52.0158923696727
51.6116259619594
31.715274434521
45.8852649200708
30.008968850301
26.4125619549304
61.6717276163399
55.1410758402199
53.5309030119015
53.5582766402513
52.5388980284333
23.9278459455818
62.6605658326298
42.8416270891449
38.7999439625671
61.7949059233069
66.7611750774086
52.7729891706258
42.1454954145517
29.2556901462376
58.8408737443388
71.1984401515223
52.1292804274708
60.6770914513618
47.1704721916467
47.5461208727211
42.2304348978085
72.1035071820374
44.8372968006879
75.369891230599
52.916767867282
59.7157917916775
62.4131360091269
21.3192295283079
51.2207557447255
21.7528389867028
53.2637970751273
52.3900380823761
34.5638160593808
66.0017365589738
41.7903047986329
54.3652473483235
51.7135442700237
43.0443543475121
70.1297710010198
56.8274207413197
70.5795177216542
54.5052763074636
46.6569678392261
30.4245888721198
75.6306922021222
35.4317221324891
45.068903407082
64.4022928085178
55.2663670387119
51.3375732116401
44.687882065773
70.1419413379955
57.8399239107966
43.8330547884107
53.3254205714911
70.2709475490165
56.1631410848349
47.9230713099241
63.3703758008778
57.9499129205942
60.3827083949
50.4676983226091
41.1775177810341
45.0054110493511
46.094782371074
50.8208984974772
59.3936734832823
48.726672353223
50.6838183384389
58.1439392175525
52.2681096568704
50.106311775744
37.6428653020412
59.8790196701884
62.5882980879396
35.5255254544318
50.7474611978978
48.0808118823916
71.9050008761597
63.4766996372491
43.8996373675764
29.8037284985185
40.1187951676548
42.0741314068437
50.4534644540399
39.377102535218
31.0710594917451
63.1390342023224
43.9816395286471
50.9874362498522
36.370509210974
35.3932206984609
45.2178473118693
40.2795296628028
38.9849781058729
60.6727566104382
79.9278478001475
72.2004455472243
25.5231965798885
39.9929280456672
36.4150446067944
72.0050815986665
66.0457695368677
55.304950941354
75.8974846410465
42.0970691367984
42.1930683776736
50.0933476723731
64.9733986705542
61.1815021838993
51.3004288543016
44.7398104704916
32.0667310864963
45.6217789556831
49.982007406652
43.2896941434592
47.3521978128701
52.4575962599173
51.8122668843716
36.546248522653
67.629828164354
78.7766062612546
60.7936778105795
61.6208921186626
55.8539773337543
30.8556267231816
44.3814906757325
82.0649350951326
53.0117564834654
60.7145293150097
34.2638048629123
35.5347765609622
30.1644953433424
47.5859072990716
57.8818052541465
51.4103943482041
48.5370944719762
52.2932264022529
49.9877313151956
47.7550996933132
52.42012697272
55.2448107395321
42.7275309183379
63.9526034705341
71.610666778693
45.0461764354259
34.3002191391285
37.3146266210824
44.9916994199157
42.7481106016785
37.962347920984
64.289305312559
43.9576694276184
54.1581351775676
30.2330728028039
37.6720021944493
59.6780713647604
63.4040160570294
59.9458646960557
76.4158709864032
53.376733744517
54.6156719792634
39.5844633225352
52.3033785168082
49.749011406675
45.6982519477606
28.6285646259785
38.761592167878
45.5119833815843
51.5762466471642
42.3191442620009
58.2446815446019
50.2675571944565
36.1336489673704
31.2280163634568
64.7603504825383
46.9907111488283
45.050918450579
55.1858678925782
64.4247805234045
31.0762051958591
42.0435565523803
44.1402167547494
49.0420624148101
65.3972908854485
65.3462484478951
60.6575088575482
49.6063816361129
41.4481344958034
60.6294097844511
55.7640480343252
51.8110053613782
41.2441079039127
64.8871977813542
47.134492918849
55.3424079436809
36.988393869251
86.6272391709399
34.6930447500199
22.9995248839259
44.435555068776
58.3856540732086
53.9575579907879
40.5172121245414
27.6169584598392
61.6156182251871
62.7446384415823
52.9190415050834
58.2795996611277
55.7424101512879
60.4238615836948
41.1588168556488
30.7727476581931
45.0706850737333
11.239887913689
65.4901881702244
43.0595594458282
49.024670664221
54.8175040632486
35.3412394877523
66.3315230514854
52.8051245691828
55.0364681053907
62.3337976634502
54.9234126228839
59.4061250332743
54.3680764734745
54.0057860314846
39.2209864687175
40.6124465167522
40.4023092705756
54.2471033055335
50.145749328658
52.3915619123727
63.4552403353155
41.9979828409851
70.4304440761655
53.1931548379362
53.4303158987314
57.7300250530243
57.2432179003954
31.2795076984912
56.1588923912495
49.6149487036893
57.4746906291693
39.4044656306505
33.1165384692475
42.4833056982607
54.1110906749964
55.1749327129154
37.8756944090128
51.9702627323568
71.8957829247129
59.4437409684
33.0141219310462
48.8993595354259
22.8444420266896
42.3539941664785
37.2050116769969
55.2822779398412
32.9056184273213
63.0761535372585
44.0373096149415
45.5001181457192
53.2790694105676
47.2278635483235
55.4858654271811
56.6055902279913
26.4496056362987
52.6168294716626
49.3451870977879
35.9611665364355
70.0535115295115
72.4645240190339
45.676717069
13.455309998244
53.9226633496583
53.5537778865546
40.9305369947106
44.6868609637022
52.1489220205694
60.2263986133039
60.2337450254709
18.3809500168355
47.6649925112724
56.1624377965927
42.1749054919928
33.9743893127888
43.0646562948823
38.410926843062
61.69408634305
65.7529372256249
47.3406407817352
74.380340212403
49.1433551069349
52.5406630244106
43.3915772475302
42.4477825908182
24.9507497064769
53.4621089231223
43.815182359585
42.8498315159231
58.9612243697047
28.0129701364785
48.5428861342371
58.4954261314124
53.7476368248463
51.3549138326198
22.2613902755436
40.4351657256484
46.0428874008358
41.5979156736284
52.4970101192594
40.9252415678932
45.8202357658066
36.9764058338779
59.35262395069
43.508333191133
66.8534579686821
62.8700172994286
35.4830090887845
44.9820248875767
52.3551528807729
57.9522190615535
29.0606816764921
28.6657590210512
53.2707915175706
45.0991419143975
42.9654815699905
64.2029825598001
73.0791253516594
64.8939657025039
64.2639825120568
46.8350641895086
36.5102265495807
55.5743946693838
38.0203258711845
68.1079101283103
54.1822795756161
42.8747499159836
51.946859434247
43.4954014141113
41.5677292272449
46.2672230787575
48.5899745021015
55.9526102641106
44.792941911146
25.2690204884857
34.6481273882091
49.7438334394246
32.8416184522212
34.7685640833007
40.6619795851396
65.7462354749441
76.1588665614736
43.4985164552927
58.0601149704307
41.6362877935171
49.9383029527962
36.915801698342
52.7150340843946
17.8192018509081
61.3216602709144
45.1511753257364
50.5258455872536
49.8697435483336
52.3505635093898
57.0364737417549
37.8537862095982
49.2086424699983
37.7729231491685
34.884631050354
35.0941868705232
50.2126574093633
49.5309942867607
57.2952017653733
37.055918958185
46.9990974292159
77.7328260777806
61.8839509785175
55.5535518564284
45.4137127846479
35.183365025445
61.891004210338
28.4799779765308
59.8630189429969
52.0634446758777
34.5514253247529
53.1091635581106
42.4905349500477
63.6540356818473
59.9284772295505
45.8944341617939
43.5656791868463
59.8297446034849
43.0088028311729
36.6243018303066
33.3247933737816
41.5668668225408
19.1515691112727
50.9412687718284
45.7845572847873
36.7649122854342
66.0579926799983
44.585479144007
59.7377937752753
54.2957244440913
32.1460403036326
49.3865695316344
45.2831441221838
41.8310497887433
66.4430056232959
53.4166339319199
61.0509259160608
35.1741150487214
32.778607448563
61.0332003337283
56.5995203331113
63.2890211418271
58.8785180356354
48.9476961549371
35.8175550587475
61.8047915864736
38.4245419998284
40.5292127759076
45.5222038086504
63.0929421633482
50.5339719820768
48.4432001132518
67.5576915498823
39.8122864309698
34.3958196230233
43.4806996798852
29.6575862744557
50.6819829344749
71.3891461949129
55.3245596043904
64.2577524296939
38.1394722033292
43.0511442013085
48.0073117984277
48.6438584048301
58.1663016695529
30.5535549297929
55.2816559560597
50.7306039333344
41.4259413356633
42.2479997684337
39.3601934891194
46.7941504903138
43.1553866714239
56.6261491272599
40.3234742116183
27.8300653677434
28.2629355920043
44.8449577204883
48.0014284141362
37.6700999357741
53.3216502983123
32.3894809000194
39.4316938240081
49.7790879569948
29.2168512009084
33.3096784539521
27.9055634979159
63.9683546964079
46.7165880370885
52.0086752716452
31.5678536426276
46.0384526755661
58.0371488351375
39.0352833084762
41.9267950113863
63.6442135088146
59.0018673334271
36.678984714672
64.1412504948676
46.4899929706007
47.6622337475419
55.1707033067942
71.8227826948178
45.5082540400326
45.484563941136
38.8530182186514
35.563310114357
63.2772264070809
35.9458070856018
39.2035908531398
58.95329201594
42.2327348031104
63.5385971982032
42.5217353897365
36.8857087567449
51.7252262681723
52.2189668845385
55.9043473098427
47.2887806479545
21.2239189073443
40.0924447923899
43.4845147188753
33.32379758358
55.0798632204533
56.3726594205946
47.488652716744
51.5240998473018
42.7595015615225
52.8774658683687
33.248554635793
63.3987285662442
33.5269433446229
89.4251297100489
67.294647032395
64.8450054693967
51.7836008686572
77.2199061532061
36.8392530363053
56.1523404438049
62.9798486363143
57.2721768170595
48.6345885321498
46.4585069302853
63.1560766603798
64.2066038679332
63.4039146825671
68.9601584337652
43.9501312095672
31.7017979454249
46.3980147149414
46.63095199503
67.1395520679653
69.4316749533393
39.990302035585
45.7889384124428
57.3224956169724
40.5325201540739
53.671611007303
40.1164154987782
65.0517360307276
46.2057791184634
48.1694306712598
60.2812157896688
53.8183395540954
47.2765597980469
67.903960403055
50.3024317883696
47.1708982251585
47.6905036251992
33.6770171299577
62.3845160938799
63.0500846542418
33.6225768085569
