"x"
4.80718472972512
4.53573185950518
6.16986488457769
14.5022976910695
16.2145743845031
4.62898246478289
9.060561330989
18.9924081560034
12.8572918474674
14.1986425966024
32.2550803422928
20.8054115762934
11.4275841973722
24.2900077102606
13.3183778030798
10.0482338268572
11.4203324308619
2.58519928280207
11.2879016203806
23.2391197001562
21.5423859093221
14.5547509891912
13.9528146246448
23.5000249929726
4.16639097736713
3.42534351568854
13.5962798260152
16.7431681532315
5.32205065246671
1.00704888946301
17.2050182241946
21.7704835347831
9.83874916173316
6.41476847231388
7.35351494513452
20.2116778353229
15.8408220857382
10.2749748573119
15.607587010861
13.5943344986775
6.87187178991735
19.135017665592
21.3016464840621
16.9116578453275
13.9350050361827
1.78326033055782
11.1552436767679
8.70291984174401
13.9953717822209
5.46608634758741
5.10907238349319
14.3458161037415
8.89564694371074
17.4530757528148
9.32481128749872
9.14350138159865
6.71071498654783
14.6120037417859
23.2621385948732
20.9612564882264
8.87921489775181
12.663988254485
10.0994137348607
13.355304999277
15.2896823827177
14.1714743338525
15.0042299646884
15.4502719175071
15.1332408422604
19.9160938021972
3.95199505146593
8.38953068014234
7.27123903284109
23.3587407274172
14.7510880371556
14.9140438297763
14.0054120985568
15.1909611814664
17.4507843150541
18.4468254109022
14.2018918180838
12.1448005936186
2.26414846141397
23.2194360345602
17.7922256756574
14.5690929978649
9.46815625686068
18.7187245977933
25.9828061098233
8.93271964182402
21.7628256883472
3.57399552333199
21.5999624691904
16.2416577804834
15.8130058087409
12.8172648604959
14.3817335134372
16.609302144606
15.0171352725174
7.95317830052227
19.2346261348575
24.150888598524
9.42620695249611
13.276096410118
14.2986269667745
13.7351668905467
9.20505548248675
15.2508978266269
20.2131462491366
11.0495771281421
10.8868417562917
9.52694797171171
9.81998946517706
20.7096413243562
20.582894096151
9.25493086014047
3.18692789878696
7.66072582932911
11.5825815923851
16.1896188976243
6.4859195612371
2.40484124515206
16.8282950762659
19.2780433455482
2.46655123063651
8.84914338529991
9.19650634663726
4.81429090723395
7.04143956197734
8.18836262915283
27.5068280985579
9.77318030405284
6.21255334348089
10.4042718615344
25.7204071457365
4.41105654307314
10.4887306457385
6.17846848908812
19.5679282687583
17.4816788872704
6.46430826111715
11.8539912858978
8.44267660286278
19.2262950718706
10.1799927419052
15.5628670472652
13.3795910282061
15.969679900445
18.12392862048
13.9722566818818
9.90231631776655
12.063370551914
17.7318432736403
4.33754313271493
10.4491049464131
16.0376308718696
8.51352130994201
10.908221287802
12.8441023873165
15.3314715018496
13.1155758863315
11.797191809272
8.9748248225078
9.61240099277347
11.2332290656208
17.8772378247231
15.5761487220209
14.3107695272192
8.10506762936711
14.3242299091071
6.46163198252927
12.5476632233016
23.1016247300431
16.4556849515066
15.5939689371735
1.0235422058031
14.3700575223193
8.81085712942655
10.9520119614899
8.99506290443242
12.4303107149899
7.44591162074357
4.65398635715246
15.6644826430701
13.361849472858
6.2744963763288
9.51011194847524
1.63100494537503
21.6812226602818
17.7578452508897
7.63214500620961
21.5256274444982
13.1982388445118
14.4578493229146
16.2340117385611
27.0450463474062
15.5819893116131
13.4164539864287
14.2865692927429
4.41235904835944
3.73336451593786
13.6048211017624
20.5641939250228
24.8380894074216
5.13676251284778
10.0875818405943
24.6031487127766
10.2393571753055
25.605983287096
21.0299911908805
11.5261750885744
10.7233043527231
6.40839182306081
11.8804022902623
17.3935069935396
20.9765703417361
2.75040701963007
21.8877635430545
21.3581124087796
12.611668696627
14.8862874465871
16.8368765960779
20.124417450279
10.9049182385206
13.9509044354782
12.6774687464389
6.80450134702735
17.559518176131
14.3577838328167
25.9493725840002
12.3182734628329
8.87487868312746
1.95068302564323
10.374902289838
14.0778450993821
17.0047207036987
14.9784320680912
7.27768978103995
9.76762254722416
21.0182084934786
5.34257833026104
21.6569669079036
11.8264906108379
9.98843585475489
15.912997093983
20.2807990601286
10.744913156447
14.6049122326076
0.824022015066784
12.0306036900729
17.6082798046991
20.0987279415131
15.3668762067373
22.7480037137866
0.113426629106257
12.5622200779617
10.312636080198
16.1545522743836
16.4120362887141
16.7266124626622
16.696678311564
6.41567710423042
8.47977928884057
23.3216287568212
27.1509020356461
12.5012468080968
13.2171090459451
11.5916564827785
7.47890565544367
20.5315254861489
6.44935774530841
14.5731299048725
14.9263676255941
23.6748478608206
18.8453092938289
20.5625843722373
13.8495123246685
17.809236724861
11.4125919761136
18.8633419806138
24.4700636016205
15.857527813756
13.1074013421312
6.76615352276713
14.53023084905
16.4326277561486
9.38121236395091
14.1118259372057
11.8530462441816
11.6187419843661
13.3055649930611
2.91452626697719
5.64661910757422
14.2701147571386
12.6871821524785
13.1496092537418
13.6131216073409
12.322669592686
7.03934427264456
14.8820081260055
15.6777650096187
22.4696374032646
9.17025770397202
27.063775411807
9.92766845366469
3.3183489863484
10.9594024252146
28.7488656351343
14.2977878218517
23.2087832642719
17.7226575557142
23.5705560306087
18.6766544356942
13.6884807895513
12.1589774738184
30.2339115412906
9.28758782235885
8.69737437460572
15.8764572814107
22.5544786080718
7.98758104000896
28.3315316215747
8.44628538470715
9.60038332268596
24.5253321226537
18.9472660332566
8.56337021104991
18.9657401526347
11.8190930868658
2.34595583751798
24.3152519838897
14.7585172206163
19.1941110184416
18.6346706235781
15.3216044884175
16.5828888304532
10.9065951069463
20.4654502682388
17.6034034462646
17.3405596307029
6.75088397896737
8.58519959729165
2.51646893174361
8.50203108854896
13.0449721602544
10.5045935517551
2.32507508583726
6.84734722599387
16.1323583917692
13.9439656632021
2.78849964007727
3.84759106973922
10.0424371892586
19.6070553532618
18.0636059958488
9.39544120337814
18.2980223218446
19.1564072621986
12.1432919985327
15.3110350016505
9.97676610457679
17.741481215631
19.8820825200528
14.4593515593959
14.9721020134166
11.9812307180837
6.22442730236799
23.6931065312355
4.42274924232682
8.89371405355632
18.1416583014652
20.97491286695
12.4201469821855
9.98373846523464
20.1598167652264
19.923691172746
18.7521313266454
13.7799798278138
13.2131799124181
10.1754929547823
4.81660508608254
6.32040317776679
17.3869869097512
13.7527769897133
10.2913283277303
11.9387398706749
8.52816253900528
7.70348659716547
7.92442886158824
9.28590465337038
22.6749394321814
11.8852400127163
10.1114171789959
11.5966678131372
6.58324487127942
4.03529738541692
21.7156411335059
21.7013208428398
14.7066574310884
11.4971445174888
2.30935127332997
7.68115858081728
21.5997486142442
5.31090388540179
13.0471386127016
19.4113653618842
10.5829217081299
13.9735479373485
9.1941839631294
13.8806092087179
10.514225717634
12.997216032818
17.8848999086767
20.0790604809299
19.1908102251459
24.7862068703398
23.4929964644834
7.74095505475998
23.3654520008713
4.71819564937134
11.8842428092143
2.91658178769799
17.362083789785
9.41685645375401
14.5578591832912
21.8623213927263
24.2239402141422
12.8522636082874
5.6232174159959
14.8309479001909
11.4936745259911
15.0939451064914
18.1112626101822
5.30899020377547
10.3791896719486
9.28832703435443
9.93907249002082
16.7302946560085
4.21643953823465
22.1497755743995
8.07493606116623
20.259278267622
15.3772334214951
18.6204141238704
9.75654828362167
16.5747491400922
18.2913980213925
7.51011402388876
22.3630758933723
10.2295831674029
16.4042042388527
12.4189656926319
12.4902767358649
8.1019947072491
6.75734215869561
15.9621297889972
14.0600469894707
16.3345461245626
11.9355209531473
3.07255567208246
9.37256444858156
3.56098755728453
14.2851184253948
18.977927741195
18.9512757790165
13.3795991539955
6.30329041361362
15.4712050687522
7.68988656345755
4.12697158753872
22.5138784153387
18.2909375987947
11.2066059269648
15.8136089332402
10.6362639926374
12.6203608699143
10.3238558163866
32.5602439930663
20.6224238071256
12.9852619094604
18.3890904299915
8.01495269406587
13.3513597305864
16.9071909505874
19.5069652516395
12.9906986840069
16.3547924021259
16.4226495428011
6.52653123252094
13.9198298100382
15.4754667216305
17.3090282361954
8.25659584118866
22.8807074250653
20.1801474957811
14.6984274731949
12.3592849133617
14.3407417461276
4.30400555487722
15.9672500473024
15.7510828276276
7.09731464739889
16.5928267175332
14.7448334035875
17.7178141893819
4.35477318242192
25.1510956213397
20.2569203684106
8.17141196318778
7.93878743425012
15.1487917173654
4.0794160063243
22.4240117706358
14.5989778917283
16.3818276487291
1.20629063332652
9.65494150295854
10.3111665230244
20.388472918421
10.2947371906858
20.6109138438478
17.2825140645728
10.1087495684624
14.4983714446425
8.07618354754914
5.50210998304211
9.41904797868678
18.7440947396681
10.1968635804951
5.69973145611584
9.74526535999606
5.85829603280132
20.0501643819734
9.07557910590109
14.7590838838369
6.09965983312577
4.33168426024463
23.3375023422153
9.1863060137257
8.48362769465894
22.2784103592858
9.75515733007342
24.9622671632096
14.4699948548768
8.38681422173977
3.95679623898716
7.34563944861293
21.0139546310529
21.4501827023923
7.33937036711723
13.4722447488457
21.49138837513
12.702935466329
17.9354760563001
17.7878331160173
9.41273369826376
10.5577971909111
10.1423270943922
12.8489573486149
9.93278780952096
31.18702233769
18.4149620557984
22.6994449272752
14.369740546681
22.3531707655638
9.85178296978142
2.12549973310189
18.4726375450431
17.8901769911317
18.4239425358234
1.23132956760038
10.7683696318418
4.58020011428744
4.72941310144961
18.1742282945299
13.9682804234326
19.478596560657
14.8805719405821
13.2320982869714
20.5555758671835
11.9895183446652
24.1878980537876
5.78497888054699
2.66023883019132
8.40587455064457
16.255849506706
12.9569703713059
17.7442800587439
13.2314739071776
6.39158322010189
4.89548025652766
18.5194752179086
23.6173951299861
14.1679421319826
6.19037261005541
14.822076773271
16.370261227712
15.7068179920316
15.2418946148828
9.05390565749258
18.1361055700108
3.86551384588414
5.4131866665557
18.4106195345521
14.7557042209161
12.0074979728088
0.825630989857018
5.53117886052178
7.03706096392125
10.0880812250669
10.5590482009575
19.944060430862
5.81729238528098
8.50159276742488
15.5996280256659
15.4310126090422
8.14019942190498
17.9275944824749
16.6980238759829
8.58895920682698
2.39916294813156
19.8580575408414
14.4969358341768
7.01153308618814
10.2904342813417
11.9066084344009
12.4419160294765
16.7389953043312
13.0846830317751
17.9483688829926
20.1015360345207
14.2852426040918
19.6109781507403
0.854992623695031
7.73307448253036
15.6314696232005
20.4481103923172
12.751463852672
22.9362005367875
5.0701170694083
2.45227692983565
20.561008923687
7.11077748254933
14.5899763661451
18.7554030385268
11.0827619675547
12.512464675171
15.2257422683761
19.2031914601102
0.765345920808613
13.9788139424388
5.78753198496997
24.1993794916198
23.7801430281252
7.69531226251274
21.1122825741768
12.1610526060517
12.0853472046297
18.1843197438866
18.9405773067847
22.1030632071514
17.5121793620643
23.5150696942583
3.53876414123916
4.68245304655284
9.35396603308618
1.86138062272221
9.76257172878832
16.827217140235
5.57331987656653
18.0169793404629
15.1857237331569
5.26577811107278
19.4792839465663
15.806431719102
24.21509080002
15.5952032655478
18.1450601899996
16.9928207295015
18.8340150751173
17.3390667652711
11.8875748710707
22.6362261455506
4.49859816581011
4.62677917685912
5.68270091473899
9.04645386617631
1.68920723989739
18.1086633354425
3.49980932660401
13.072730366321
18.1840526871383
13.8132045852679
12.2132578232421
22.7341665653512
7.20405573512955
12.8187590278685
8.47775121219456
19.336367948571
13.7633250560611
19.3724412005395
8.66099060513079
11.861459678039
10.2952379550079
15.618769883974
21.8211009632796
14.374579578569
15.7202296191826
11.7329088971019
15.5379070247957
16.566961305216
23.1574209406972
16.5186101495563
10.7037462759763
17.621673718714
11.8414122844115
25.5100995767862
16.7462282236381
19.260412780568
10.6039373805744
5.96147355149765
23.2049491256475
21.0164002608508
12.1069314799611
7.16783611569554
13.9824187150225
0.362010626122355
7.74812905583531
15.7417523441836
20.9483347134665
6.01660774555057
13.9633397616481
18.8969925278798
23.2858119765297
19.495930813386
16.1059473175555
17.7385649876669
14.02240235467
8.11129475478083
11.8386397521866
12.9091494716704
5.72424777783453
12.3680277029052
6.96272035129368
17.9998118896037
16.0043908263743
18.6804506927729
16.8001835700125
30.4633571999148
7.76717679480532
22.1702396636829
13.7009201729679
2.89307220373303
14.7168632363901
7.56050772033632
18.3381032293191
2.56801855904465
9.25349875390381
14.5634806482121
9.97618197636585
18.820495554246
14.7470765143392
6.36128701735288
23.5960535472259
5.56948499913854
19.1768383840099
27.3296985542402
19.7075197705999
13.6581064667553
13.2643116216086
13.6904052691534
25.10111334268
12.9788983180106
6.77821472218955
9.02189849875867
23.2264545047656
9.13719042616152
26.1569964000955
11.7237156955525
9.89483222365379
21.0339243268361
11.0588585492224
15.6545266043395
16.8343042489141
9.52632089064237
5.75764488894492
12.0941828470677
9.51355633076738
22.9403313737699
16.9207416526776
12.3672738904133
20.0289487838745
6.73281424678862
11.4508293103427
0.202332994026855
17.6773909675357
24.2846411885694
12.1592372163619
15.1497208131017
23.4338218811899
29.7758080996573
10.3580370109689
8.26609437353909
15.3772369259968
11.922496301122
16.1148789804429
5.11448511388153
11.6234798952564
15.4321423964575
20.0278908452051
17.5150499911979
14.7222885861993
10.8112329151481
16.9645816736028
23.4598380380838
6.13198098726571
15.3311116620898
4.07815787475556
8.66784048266709
12.618494220078
6.07342582353752
11.3782118540257
20.8630817243829
10.4993774705692
9.26981960549438
13.4837365709245
23.0639866087586
13.6300101876259
4.18838849291205
15.9755509579554
9.95419442187995
6.6717216046527
8.63315551541746
10.4196288761586
8.44123038547742
17.9537069518119
10.4982229400185
11.6615035803989
15.8070186851546
23.0748730478808
10.7370192883536
8.18709863815457
10.4142063064501
9.90768454503268
8.8270366191864
2.75308748963316
9.98614453803358
7.35757274087518
5.76468864173879
15.7686033053324
11.8035507621244
15.6418046231887
2.29850426042217
15.6953806764572
14.4775658388303
18.98927569855
24.519090494141
4.2399869998917
8.53964699579206
4.64790437384749
6.71141928322156
20.8986988356309
12.5227057889094
2.06133229658008
8.64163029473275
18.1211597286165
14.0423026891306
15.8594686648478
2.42761098779738
12.0967930802815
6.00273318933923
11.3706867909059
4.56640494521707
2.8117629699409
16.2261829478666
9.67308250255883
16.97162411872
11.7247710935771
17.5820576725528
7.99161626860313
23.1305218767375
7.60100738013112
14.2548348754644
18.3187060557613
5.69310211576521
14.8879442596808
10.9220718033612
9.72457175733129
18.090720102191
5.03545587416738
17.5243591885312
13.9546700947361
13.7584386579357
12.6812795642763
14.3784448839446
13.696969114244
5.56771627418291
19.0240929136053
11.1406176757353
21.8264736933634
9.78187592700124
18.5185180744156
16.6672823019326
6.99939910685407
7.26782968267798
17.5205714302137
11.971443446167
15.0107152992859
10.0968794358516
26.2816498754546
3.40973430331182
10.2668868377805
15.9790599253029
19.3591635461529
6.57065518110093
14.3250766634436
19.4340012967587
10.4151291539893
13.2058491464704
1.18796962779015
4.88883025696568
14.7842622129247
4.63815054390579
6.17520682158907
19.0039508551284
6.9992464967072
15.3144179929342
6.95052541116122
7.12700139265507
21.7534371651709
18.7549398513511
15.0040742009878
18.350262241438
11.4923464134336
16.1321680992842
16.9652068583878
18.8376714475453
9.3246990814805
3.73726461548358
16.4433104642281
4.05004073770552
9.96982697871546
18.810735599838
16.4761387277395
25.1956422543078
15.4831863904175
10.5254442431033
0.602106390870348
5.03027926472514
12.0436137135655
6.81497543118894
17.7831887500361
8.76545532869067
2.9699295759201
18.1776620447636
12.2496801661327
27.2310552652925
8.3770078332178
0.659395247904317
11.527806497179
18.0819856701419
9.8783022724092
31.4760587178171
3.2271480653435
20.4488938674331
18.7099644914269
12.9877128172666
11.1987752488837
12.5328494235873
15.3636862368163
14.0010862300877
15.6315048779513
23.8709887024015
17.9543684935197
22.3443418275565
12.3194979541731
14.3725665286183
14.0560562023893
12.8636648878455
21.4542909059674
5.1496772095561
21.0481774061918
0.456726597622037
10.2032102091757
12.1399179921959
9.981993264905
11.2945978793523
12.2637585038319
15.8679416170344
9.62563103015418
11.503613810055
16.3852778602547
4.01243760415673
12.2621051323396
14.6285653347149
32.4498748173937
1.75154197495431
9.64462297984511
18.5488952789456
8.68415433099041
11.1283770995215
11.2837145626853
14.1533537580736
12.1503379941398
13.6456943349913
10.7555091381073
11.7604464758188
18.9258037495302
6.92792238730953
13.6305170973589
15.2960991952568
10.4785623362493
21.5039964066818
25.6634738137802
4.92204416077584
6.66117649525404
25.5272324662656
8.28631983246923
6.63263881864234
20.9446179447696
11.503432597965
13.3013865211979
13.0715938052163
16.7315634666011
7.15273753739893
2.93601378798485
21.5994968948817
21.412059571594
4.98987844197274
20.9055494749919
7.53655731678009
17.69979163073
10.9247191576287
19.7286149952561
10.7616748427972
20.9768337663263
24.3532994994894
13.2185139227659
12.074400616619
3.97286231872007
11.1857873551251
7.98792897257954
18.1495944038033
14.8642338812351
8.08451941702515
14.6355960297824
10.560254961054
14.0564172295853
17.1357963234186
7.97622273676097
13.4614932816476
21.118168043904
4.61105939466506
10.671803005971
11.2775884667321
14.6901987725869
8.94082363229245
10.6478291337512
8.67269679438323
8.90933002810925
12.8249362111092
10.9232622431591
19.8261485435069
13.0405172239989
7.09424640517682
13.5390643210875
7.29113162960857
12.3088530851796
1.38987652026117
3.0912383176187
8.8851218810305
15.9647815449969
15.6290310667828
28.8810538128018
14.0644767787308
22.0937916543335
19.0033629769459
16.9002416243356
14.399746822706
15.8249222045324
21.1646727286279
19.8273305300886
12.3006109613925
1.75266771177881
16.0132319666445
13.8448785757646
17.2798122011183
14.6298139359533
6.83962303512109
6.34446183685213
6.95839462819632
16.1179851192964
18.6140330974013
15.9326004562899
12.0511427987367
3.15637290477753
16.0473928106455
12.3339459532872
21.5191958239302
10.4158914933199
17.0847404981032
10.8384409600509
7.21279115872825
13.0052516678505
6.70547387562692
15.4224587604403
13.0637915642059
4.51750827487558
6.23125512131607
13.3114882154101
8.49233632907271
21.3106519542634
15.8143243519589
19.7783098788932
25.2783486852422
28.0214320119034
23.4316232614219
12.6706380862743
20.7073744386435
15.4221463923965
17.3811547225341
18.9551425610732
21.4198810746893
0.621367362794275
13.2834136020392
13.36200973019
17.123081558384
5.14788788277656
21.6530781472102
11.3488990959734
10.0296986987814
1.38053162682111
17.789958207868
2.05389626789838
11.6503601428121
16.0767147550359
13.9878064859658
19.6233739377931
16.889084564898
12.8578621902048
2.13305207435042
4.65928066987544
14.9884963873774
24.2773468606174
9.44640641100705
10.1845746859908
12.3474742751569
3.48573769442737
6.7567994098305
16.9795118505135
4.84852779190987
10.1770857581869
10.631723725237
10.5882527073845
21.6104591938102
3.65839193109423
9.16832210496068
14.9874788476154
20.8705786490505
16.0813254154664
8.76258185266645
13.1484545534477
1.8497969256714
10.9414091100916
14.0844688052312
9.74976199895963
24.8703226912767
14.4194192253053
6.14865887910128
11.9268722366542
32.0685748243704
23.8881735445292
10.1617269711638
5.25921420194209
12.1445126408191
18.8734299736097
19.4876013090834
16.1349067930132
15.9880484687164
15.6775173963979
19.1091693083849
15.4488246422261
5.61717530848099
14.5359222152047
6.58634854815739
19.7364703053609
19.3054443923756
10.5561633280863
7.54735039081424
15.6755140516907
4.399687220825
10.0124252261594
11.4043180632977
17.3856569686905
21.1831565946341
2.77414910960943
8.33816910162568
8.37175669148564
9.08834144938737
6.02127285674214
23.783139931038
15.9103275201324
13.4165720548481
17.298737145029
3.06409064249695
14.1697171144187
6.90790431108326
18.8529273727909
17.3772382782772
11.3283767883073
20.333689068649
19.6975791128352
12.0033919811249
16.1326910136268
5.39134763348176
8.17840034402708
8.96625232417136
5.53539886604995
9.9212395009237
12.3680716657472
19.0740030491725
25.5961367161945
22.8379587410018
9.45995501242578
11.4862135611475
5.92140630533993
0.677911681123078
18.7985237454996
26.5466058626771
17.8998687311136
2.75602026376873
3.32037608604878
20.6706305034459
3.17246045451611
5.95553140155971
14.5570545224473
23.5636986326426
6.87686868477613
13.4901522658765
13.7462222017348
21.2800279700573
18.0042025167495
19.9009333737195
21.0590557660908
10.8404636418653
3.12547295615932
8.02193201357862
18.9120224019737
19.7685974184424
6.46629547700286
0.936340471723284
11.1433519483478
22.4764106795192
17.4836301011965
19.953746534884
13.2450227625668
20.9582936950028
20.6858726684004
7.19990956986483
10.878723138012
21.3261655764654
28.5461469553411
11.2193696072866
14.3951447745391
2.93365169782192
13.1135544478151
20.5416853306815
16.2268402425181
5.23420698009431
11.926391683388
17.9056806722656
16.9616322731599
15.2624187525362
18.4026048285887
4.80082438504402
16.8642016988628
10.9223960135
11.0859133978184
12.5562230823562
11.0146997030824
22.0111103029922
23.2293030945584
12.8017354085126
22.1095585729927
16.215858189955
17.5575184966536
15.08995287586
13.5230060524324
2.40778833123867
13.548404420726
10.7845509657636
11.9733815081418
13.9339176911171
16.2797055280567
6.80237705819309
15.3199218213558
21.5688151773065
16.5399742079899
12.2857887297869
26.0769803076982
14.0842115972191
5.1086573942452
27.5609280681238
18.0779008086065
14.2449940970428
18.4083271306008
3.97920045154347
7.23661193624139
20.5459990305826
13.5467717656866
20.0982069596648
26.8766426248476
12.8713775193319
23.1863027904183
8.91317173372954
7.81019720127746
16.2061941599329
9.67790097929537
20.8923503523692
17.2632900532335
23.885206412524
13.0233581410721
0.282456189328997
12.2093895683065
24.6652373578399
2.17979473636569
18.5248859226704
8.41942988531153
19.9585281079635
16.2714294623584
8.1075192661956
7.13961890432984
18.0024922523473
2.28486013930002
13.3794963127002
14.5837177056819
5.81649288069457
15.7812728313729
6.44709576047519
3.86040951125324
10.2121127769351
8.58188742418922
14.0974660404027
19.9018506408066
6.46901795368214
17.8768513957039
0.743150035850704
23.0184571119025
19.527048850432
13.3058823412284
21.4807946467772
10.1573541636046
16.2137334002182
9.55978570228138
2.00336042325944
4.03908845037222
10.5972680919449
9.93248708546162
18.0616206504717
14.1421757172793
6.78910627029836
23.6688923789188
12.4462474980364
10.6732446001843
12.6906510675326
13.8358709402382
15.3528376249596
15.470907489144
18.8804387114942
20.2649879849243
7.68601595269356
20.9320470923558
14.1494575655088
17.6692150067538
16.4040552219376
8.68394442368299
18.0730615509674
10.5192136950791
22.0126695232466
25.5177513929084
7.44454554546531
22.6978450082242
11.0085917869583
1.72274276277033
14.8573630023748
11.948701477121
15.6741458580934
13.9356930006176
15.4818173295843
13.8092030771077
4.75053941803474
11.6982942679897
1.3011241376576
4.20303846428422
20.5511119216681
9.59384287281245
1.10214955639094
13.1249890429899
14.28804975003
13.2463976042345
3.77247103919956
13.0691372323781
9.33494700584561
3.95142196211964
15.8539587631822
13.6425325361438
17.0931140193716
10.8823595568538
5.26477687526494
5.90948573725882
13.9649038435891
11.2964440937498
14.7094165207818
12.2473244025714
15.8585569122806
15.0702515384182
13.8100024468498
24.6665738221499
10.0151050370187
13.3131661607947
27.6868420025081
15.3396633962646
18.6319300439209
9.55735361203551
12.3298289719969
16.4637476408297
16.7527089570465
10.8959266915917
17.0592316891998
12.8918442642316
8.30083405598998
3.65864325315124
2.91652071755379
11.9519558642256
18.3633817825466
0.787000241689384
14.9748788669157
22.5246727699414
6.45535921906636
25.6910040043294
10.0457433599301
9.75531071890146
12.8542655846104
15.8131655771285
11.0620804358523
15.6729282982778
12.6034137560055
16.5397400967777
4.90609968648534
17.8043585503474
9.31470614138463
7.58757491130382
6.81070212740451
10.0614979863167
12.4355651875131
5.14739211648703
18.8567290548235
9.74968206137419
20.7159484503791
9.62283220142126
16.6315192822367
13.4049556445473
7.60283062700182
17.9962363052956
11.4249410573393
11.0965492902324
18.2678921846673
12.3525814386085
3.99119723588228
11.2167419219945
7.60801825672388
10.2105787829281
19.367968244651
3.52693795970413
15.6315512023866
15.3463647235185
13.6670955191783
3.09199360365034
22.4178267080681
16.7821270413697
14.1520645236596
11.3528444897383
12.000774871558
18.446274776943
12.9952426301315
19.6859424933791
9.04410385992378
12.8209229014344
5.05513513896787
9.05080484226346
9.25728794968704
7.14183340314776
8.8875305073634
2.95634914655238
8.54527899266095
18.5028768818622
15.3222595574334
1.59884903931334
17.890180204995
13.784350361675
5.55286535527557
10.2028685713551
16.7482418939471
8.17352030426264
8.98866564966738
26.6694247024134
15.8947875257581
4.74520337302238
3.43509218655527
20.9586484823376
15.4906856361777
16.4191111401209
13.9810052001849
7.46230728268573
8.69472788181156
11.0419881995767
17.1351307789451
15.4240370262414
13.7439923360944
21.638196753338
8.99098690133542
14.237208943814
17.6234097685665
6.8330209233742
22.5963286589831
12.9824944771826
26.0394891956821
16.0228382116087
12.83474238448
12.9928398894927
18.7528544161891
15.5783977825195
17.4600815875396
7.42450417019427
6.74696057103574
10.039414966746
6.25691330060363
19.0877429410915
14.3290840852465
8.06931795086712
2.01877372569845
17.6245540380478
25.9999404894188
14.4629394868389
19.0068805357441
19.6831004228443
16.6741736931726
22.2665599179355
0.255435492636668
9.42542261909693
17.2486748313531
19.9664733139798
8.22973309550434
23.7930014263839
15.0553568731993
18.1776344077662
19.9152722489089
24.8636915661283
14.6701337536797
18.8481269404292
10.1414915407076
14.9828127352521
16.7737031490271
14.8847372969612
3.63185920467953
17.321913712658
9.45781900081784
4.03098659589887
15.4739554738626
26.2722689425573
12.6921691000462
10.5291262749325
20.904050827956
15.9392361994833
10.1002251496539
3.90323232859373
13.6131778038813
8.67974096715341
15.9469768145716
21.0081372478569
16.8609497370198
18.201907700859
2.72789899097258
15.1442024158314
11.4289329319004
18.0758768692613
10.3159717589015
14.2295126337558
23.558310745284
1.74308528653912
19.1338323184029
13.6792792431148
3.69216364342719
12.1959521435201
19.7247399880644
8.39263608213514
13.3402131265029
10.132004506886
9.92640217300504
5.07984119467437
16.2131438730285
13.3469642838463
15.9120353637263
21.5132795041427
13.6934988899156
22.3890661029145
4.03821635562331
11.5251511335373
11.0866255825385
17.7235882263631
10.8281764900312
3.10406137988395
0.326750414742958
17.5335561677466
9.60839805193245
15.7242591260001
27.3548597068992
3.88788691903023
19.9550220975652
5.22296813568112
15.6482303282246
14.7343456512317
9.36541222035885
10.44445453896
14.933515409939
6.68563588988036
27.4718645727262
10.3138637030497
14.0604164684191
21.3186205364764
2.48862730804831
17.9912084480748
8.59814582750416
18.7532853102311
24.2482523917529
19.7115525836125
7.54585184622556
21.9325815793127
15.939726948221
3.08164616581053
13.8110731728375
14.9558336356685
11.7716778768227
15.5136501882225
13.2603788282722
16.8421303387731
18.617602167201
5.94310364685953
14.1181911989996
9.00477054013851
11.6012354614213
8.62039083149284
16.5876098908484
22.3383587314677
17.4715138040483
16.8786506634206
9.61493977885182
5.16940639354289
24.1055006626993
3.76088146585971
12.5199389643967
9.18927477337894
23.9037832168558
18.6402539722621
9.92193532431894
5.3714781999588
18.7001243720383
11.3504789071158
8.83271099991095
14.2974427083846
3.29302395693958
12.6970334211364
8.07739785543879
12.2496374418354
16.0070315701887
16.4402424590662
20.2697434142545
3.0654346562378
9.19338969979435
11.3878659671172
5.74399698525667
20.0911824358627
7.16716691385955
20.7525049336255
18.7650806733807
16.0474331118166
22.239656560123
4.23706085421145
13.8501852052286
13.629396538541
16.7727857831319
12.5168577767909
14.3535936716944
11.5161656281629
12.387005565688
17.1942166276758
7.52241748850793
14.7634541615844
12.1879076352343
7.79764311282943
3.24326482382594
20.5085288500413
14.4881174899638
10.4932891903445
22.094539876908
9.47617091487265
16.713561973661
20.1254883548245
5.4499922785908
11.0861937282607
14.2761503579095
12.28635776788
28.8448448292911
20.6794566474855
18.7861867219315
13.422963488847
11.785468842092
4.99427288305014
9.68884804751724
17.4790210556239
17.4399082548916
24.3832132546231
14.4501845585182
14.4710668362677
10.5567183745573
15.5781677225605
13.0249395733699
16.1649791523814
14.895921402346
10.0623299253426
18.3995311748459
10.124682658352
21.829156484513
24.7220388893577
25.4834647988901
12.8929998027161
13.3358912165978
13.5817984351888
17.4399380804971
10.9762180130929
8.42899292810413
4.62638007011265
10.2741766264912
13.8154132058844
10.4805112583563
13.1754152476788
17.6748667610809
11.5506203612313
4.69909440726042
16.9247218407691
13.4357680566609
13.9528114115819
15.4502009740099
5.09448405355215
8.51186623604533
6.16690372116864
11.5421523657135
9.57802981390014
16.1861934233457
13.4011811026041
8.17393644247204
10.1076825056225
11.4748198771849
19.711229195907
10.0023447133143
6.7639757891096
24.5911740930751
11.5206074668095
5.96623730380088
3.73795986591209
16.5065905777737
24.6270946227014
13.5160099573469
13.2257852396484
14.154245326432
2.74302274920046
24.9812616035342
7.3301286669448
3.46537355799228
7.12582331616431
19.7639966616407
9.20209940522909
9.40977948130793
13.4661376010627
13.1903744069859
14.8165352322605
16.0814658505842
17.3858537571505
9.1009636875242
14.6444995887578
2.70482575315043
3.5404139247834
11.988016939722
18.694443302229
12.0838311268017
19.837552592221
9.13199654314667
15.5108990846202
20.4787344671786
16.5899437619373
13.3702845545486
21.3523712009192
10.9839023280219
10.1710565046917
8.52958844178851
11.8545718258247
7.38443296868354
19.8708522832021
1.96905024349689
13.9773728325963
18.1351769715548
2.4402218637988
5.79014117580792
16.2384791765362
11.6467164314057
7.81899835735494
15.3010251738728
12.71078272257
15.1115684071556
9.72063604276627
11.5512963700059
17.3328579869121
7.73748934129346
3.49393151631021
21.3604585966095
16.3686649641022
21.981015894562
14.9460910026417
15.0971120921895
12.5479714865173
16.9458467513323
10.8919126680121
9.20549351722002
13.9183528022841
32.0261396467686
9.01014667470008
14.9570636916906
12.4469342434745
20.9653699537739
21.8822603113949
21.6705049388111
9.722511167638
21.3905065320432
5.80654756631702
13.3130778325722
26.2027055490762
12.6105712066786
12.0609224889686
2.75207732338458
20.4436636613338
15.8831489799565
1.53649447240973
7.16523550978426
3.93781856387946
4.90217502228916
1.35781450662762
7.51791064147486
17.0207451796159
12.4010941751079
12.6301564043388
7.21362943295389
2.89396527223289
9.49536608532071
5.99229215881203
14.9094339460135
14.867157349363
16.1212201885083
17.8387867286801
21.9560161465779
23.5705790120812
8.83544661202651
12.44962438941
13.4539442873504
16.8448402313516
2.3284318856895
7.05264963668451
22.5980121875182
14.0160242561251
19.1738359164447
5.88866693433374
9.20876851305366
17.2934310743585
19.0600380534306
19.1188803097745
6.64432821755427
4.49457217473537
15.7996456940689
18.7622921308503
8.03225471172482
19.0301792230457
21.0355745162815
21.8431729551933
12.4402331421152
14.3065113454597
12.5964620616287
20.4397413646802
20.6634003669024
17.5943601876497
5.35374704983026
18.8307968763915
7.22320291679353
18.3825055835769
2.62558494334877
20.6023741422879
12.8805082989857
10.5403189603085
18.4657473349944
15.1455233804882
9.81897081887756
11.7704599630088
4.31362683884799
16.6229486698285
8.06096442975104
15.8409846480936
7.83600334543735
10.5339959496632
26.8222543816114
10.1599631846169
13.4294759714976
13.9478698414453
15.5839457409456
16.1744811277295
9.64131664950401
17.6338676503089
16.2281631492078
14.997334521229
22.4801955511793
18.9312764909118
15.261501491579
16.1899432449239
9.96471394319087
12.137271114625
27.2037544986233
21.1260557640344
12.1353951360922
12.1387610444799
9.80210669804364
10.2318236798416
13.9168696012348
22.3305421343066
12.0170583948493
15.8998219271742
18.3329663006589
17.2707032645121
24.1500549949706
2.32789873396356
10.8829989330843
14.4191446821539
6.55531899537891
19.9815046469387
6.1314131366089
23.7845565236
16.7696919990703
9.31332009468503
17.3379588872194
16.8292932903107
6.67214058339596
23.9758332259953
20.3987823100761
19.6382589871064
17.7510755914969
12.548119132407
3.04620072711259
12.2183985775337
15.8541589975357
18.4402415196239
11.0523260198534
6.76687952499085
21.2408991996199
17.435970203951
27.0903846016154
7.4567676987499
8.08247455861419
27.1131170447916
10.7470239630344
14.9551992071792
14.1065163974427
1.49096713867038
20.9247864716488
23.6153555568308
11.6171382764975
17.2169207362458
10.7015339890495
12.9472859669477
15.2389505878091
6.03527843216542
22.5913848727942
13.4691440500319
16.6045683203265
21.6013561934233
17.9746569134295
9.14893669541925
5.02605901565403
20.1129787834361
16.8665140168741
14.305767211194
5.90270299433866
18.6151786707342
21.9081974588335
15.3585847001523
