"x"
21.8511118087918
31.0095726046711
34.0774057153612
20.226846691221
14.9161326548204
19.2752146947641
17.0160856270791
16.6504811927825
8.98831657133996
13.768277540803
25.3693973086774
25.4066467657685
30.7677718067932
17.3750365432352
26.5793518535793
21.8060693051666
32.1930062770844
28.4802171813476
9.39168644137681
14.8114725725844
27.3729761503637
27.5661342311651
29.4608271428673
21.386778736487
18.4082043170929
29.4845417607576
24.3351667510917
21.9912187425094
23.4886794663394
36.8086958971443
22.3259833082557
2.49299288727343
27.7494380157441
20.7266457411564
12.7740403866413
14.2375608220676
23.7427764572203
25.4172391268187
28.8720337115228
33.111586170271
23.4883871208876
17.0545922219753
23.8934424798936
18.9085248112679
17.8739939723164
14.2185228131711
30.3172909934074
31.2684634421021
23.233780297795
23.3435853400627
19.3733430052994
19.9948918260634
28.13769435596
22.2232405101848
14.8288069758564
36.1816470146026
17.8772200092293
28.4748189803213
31.4474903380388
26.6836199827537
27.5706182979047
23.6326858258001
32.9177344311029
18.3962918450461
33.6847945488989
19.3002462945879
15.4118104185909
35.2373994856912
26.6803197283298
30.2092016302049
12.1272561705875
26.2769149616361
38.1771008390933
29.1172955361529
23.5490513476972
25.4078631754965
20.7806049194187
27.6663069614941
19.1365038603544
9.93237325921655
15.9306332375854
15.5959443747997
16.5423131827265
16.0877597797662
17.4109815526754
13.9422198012471
21.0994395107924
32.8871956653893
20.5502352966645
28.8525825552642
29.8327624239028
26.1746375095096
6.4326060143338
33.6920717451721
3.43242715112865
25.7730867248029
19.193355042004
29.2660124413669
24.8604244279234
21.6359220631421
30.5044211167842
19.4856721069702
12.6305082812905
23.4701109677553
33.1483324337751
16.0164777841419
24.9155811779201
32.8073954489082
21.3908935524523
29.8709861095995
12.7426451313527
23.3336507342756
19.656868474558
15.9064742736518
13.0315124951515
24.3262499570847
12.9631826933473
19.6374319586903
23.6561083607376
35.0773769896477
12.7952197398976
28.6345693096519
18.3913718070835
24.4036911148578
17.1246458217502
21.0049417149638
31.6235162224621
30.0860172137618
25.5655452981591
15.9465393796921
17.4637581780553
18.8853057939559
11.3215926187358
28.5603357385844
10.621812383264
18.7126471661031
30.1346142310649
19.8681737110019
19.626532215625
21.9240318518132
25.8943520486355
16.699447017163
27.0701142400503
15.2985386364162
23.1597589066398
8.09344051969085
12.3878626618534
21.6872213501483
25.138674415648
25.3021312505007
31.6283445060253
19.0633885748684
19.7305952736288
15.5596178008543
34.0582379512489
34.8778886441141
24.519180636853
26.7039167694747
29.1056409012526
9.77569707669318
25.7743580359966
31.201085653156
27.5254941545427
19.0521648153663
22.5824278019609
18.5991030279547
23.755762623623
28.7528365664184
16.2665290385485
23.3192532509565
23.32217707704
17.0540192071348
11.690829630251
27.5811867322773
20.1637804694474
21.3602058961987
17.478775360634
29.8310159984976
5.49666723212607
27.5061706826091
30.5366032384336
19.0778453182429
21.1441949044969
23.3513313531876
32.9124893993139
15.9444289281964
19.5183887053281
28.0354488641024
30.5126893613487
22.62225201063
17.5921386480331
30.860605482012
26.7934248782694
14.7758517321199
30.3082628455013
29.7836433257908
32.5631172582507
17.4775843907599
13.2716976847515
22.2680156305432
24.5213925093412
20.5536265578121
5.82614293321967
17.2028083500377
10.743953268975
14.0456883329898
11.8870954960585
33.8372557517141
19.2379809077829
23.810943738658
21.0704018324358
19.9314319491954
27.5804218556732
32.6305161975324
25.991211668178
17.3313018800114
23.2325194124132
41.3122814241797
36.0190772730857
14.1104899507997
23.0517983715981
22.5712352279412
13.3444521804202
22.6499013280132
13.0049443406731
21.6125375032425
20.968854584114
20.949576459825
32.4905294179916
19.0610865440284
19.8821186553687
24.9868952341223
25.4896230809391
24.6996015496552
24.2332475446165
28.0367982108146
11.1386687401682
19.827252190143
21.2458269869331
23.2742502663381
23.1043672654778
20.9915310014333
31.4695689920336
25.3058401588351
15.3505348639785
25.7284205686301
19.7979149440432
22.8138779383153
18.7691949494183
20.8870454290033
19.8717993476153
21.7084566224366
22.5556794730314
28.8339361455292
11.0762410517782
19.0241169679653
23.0125360563397
10.6193703878671
26.7404006726942
16.1653824616224
28.0807461087184
31.21125678559
21.249060574919
20.2775057964027
20.6056085787714
25.2790431026369
25.4503528308123
31.92172835581
17.5409795064479
23.2225435227156
35.6195931136608
33.0210982346096
26.1059129890054
15.8629748333292
37.1106668841094
22.8568520117551
20.6554744702573
37.9107777681202
30.4485614270288
22.9253140278161
21.2344049289823
26.4037662896049
13.4936753567308
35.8811240550131
14.3062380049378
26.5337239028183
19.0721351101781
8.53830420535636
27.2031261177219
23.8128007352478
15.1328430231661
24.51143409793
24.1149795505629
34.5429406687617
9.79935735108941
20.1430592592806
22.7623558882624
17.8978683479895
19.258446047319
35.779027938843
24.8727621138096
20.1928581018001
22.470471309498
19.2440195661038
28.6277362986762
23.6616410315037
31.5397128649056
28.1841982528567
28.0974655598402
34.0145055111498
26.6700682137161
40.9837753884494
19.8493151893236
18.7740656733513
17.9332090727985
21.417922982946
17.8661157455763
20.6761265639216
9.81401173397899
18.2562355231494
21.2945001292974
10.971113126725
25.9684256091714
32.1413101628423
27.5662092491984
33.1280252896249
35.4164937325819
29.662872729823
30.9727186337113
22.2921189945191
27.6978287938982
30.3553350390366
20.4846811015159
23.2534597814083
29.1824055556208
22.0603218078582
29.1132859513164
11.6757921595126
11.7228497564793
25.6254441384226
10.3451685514301
26.0343995044564
22.7323261834681
26.8180825933814
25.7935863332537
13.3845896087587
42.5824769002326
11.473878454417
25.8812062069774
25.9532325714827
16.0549154304711
24.271524239138
15.3507820051163
24.6255840081722
28.0391252391936
17.9354130662978
20.9843483087377
29.5442497730255
12.3165809735656
22.6070165075362
26.0493895690888
26.0073029693
28.0579387955368
14.1511088144034
17.6984083279967
24.2204771284014
16.8728152357573
21.6738427989185
12.5123250391334
20.1129375338904
15.5522513855249
34.0146125480533
26.2068011518568
27.1507777925581
13.6297278106213
20.126430738212
31.698333369568
23.3992777392268
30.49884066917
24.394260328263
23.3151971495943
28.9654987771064
34.6905960235745
29.0762229915708
18.3193187601864
16.2472733203322
21.4954965747893
19.5353884901851
29.6054951135254
23.8962415326387
27.5443795323372
26.8519888725132
26.9182740245014
11.202774215679
38.4035381767899
20.0807221792638
35.0967413373291
20.5021710321307
35.8352377731353
24.5956982328213
15.2398737921423
20.8623648248613
28.6001423205195
16.1080279760063
26.1694575939327
24.9291424039107
30.184895643832
24.5551756583154
30.3794281370938
24.8475263826549
14.9711148999631
25.1558288466185
21.3682901579887
18.3800321345054
26.5481140930206
29.7631699405611
29.0760943572968
9.99818366020918
22.3947507363687
17.3726715892553
14.7540537267923
17.1410725358874
30.17298608087
30.9389808675135
23.283818392083
19.9445341620594
14.5007552113384
8.47113328054547
22.323148603838
13.5801157049445
28.2608050480485
14.8725909087807
16.2752057332546
29.6790281217545
24.4613492209464
20.1653182972223
24.7941791731864
35.9408490546048
19.0210077166557
34.7172433231026
17.8335388162417
26.4022816065699
15.5114727839828
25.8024717494845
34.2933709546924
25.438400041312
17.4817780964077
33.3344447285548
23.1207244377583
17.9266441648058
30.237188772766
26.5457327943295
16.8601517228247
23.9650009386241
15.7053286302835
20.1431291084737
13.785903813022
12.7231324813389
19.6002614870667
30.0923626497388
30.9302086662501
28.6751267407089
23.4514706209302
21.2087355181575
18.4027034003866
19.1361069213599
18.1633594154459
13.8126605081968
20.6331156603974
18.5896413959563
3.63798592842386
18.7610940355808
21.2329798657447
28.299135040988
20.5244518909603
37.1040907502174
14.2790961451828
23.3509417064488
23.4992362347678
22.9541809133264
26.1782799102366
24.0723334997892
18.0182529240847
27.0280509442091
23.5611230843409
5.39229858666658
19.9149881210178
15.1163785066456
6.65232678875327
36.2023026589304
21.9668041118535
33.2193286903203
4.25585939290698
29.5752117554731
22.4917511455715
21.4266669005156
20.6547247432172
31.1975711770356
28.0402829280665
28.1105273564901
27.7286224649397
32.6465844456106
19.1371366140983
17.1299353055656
27.900865925476
22.8963703941554
30.013460945338
32.4481718614697
27.8126123081893
23.3747307211161
10.3989115465382
21.1765658576041
20.364717109679
14.5748330745846
26.8810123298317
27.2614650983098
25.7276093401015
28.3277615346014
31.3595581054688
27.9496404994279
22.8149302583188
24.2514799442142
5.1070284191519
19.7658289410174
36.8148906156421
13.7892396189272
22.5252229220822
28.0027537140995
21.2440295610577
40.1825639326125
34.9375003762543
14.8795085214078
24.1450142394751
18.9196057990193
29.2314611747861
32.3621186893433
27.46651888825
41.7334324655063
20.2258867677301
33.0681149940938
28.2687944266945
23.1401313934475
16.3753804843873
19.7269577812403
21.6011148970574
25.148899666965
31.2776413746178
29.1428735107183
22.9970102695512
20.2431952958362
21.7130875401199
26.4150486141443
16.3328623306006
13.6387327469898
17.4851316679269
14.5812444252542
38.1107209157199
28.6418175045401
24.3661256041378
32.297189142555
33.8329864293337
9.59135931481593
27.2314096894115
28.5018312558532
20.7047640625387
28.6830099485815
21.8813461158425
21.4401172982857
24.6300197760575
22.5975358765572
16.6455719433725
10.5886804542602
16.5686712786555
27.877230970189
27.8796591516584
18.4865438751876
18.589055808261
22.2810325765374
1.70221671417901
28.3515978232026
9.55674776807427
28.0790922045708
16.6879200004041
17.0358382724226
21.5424065943807
19.5028332998055
14.4471424352378
18.6727869976312
30.2859471458942
36.4114204701036
27.2615123447031
18.6501394864172
21.3155602198094
24.3180349376053
18.7796620465815
20.8779799472541
23.9814615715295
42.8250427518911
12.4842187855393
8.98168877698481
26.6309261228889
29.7575174085796
12.4188550002873
20.3940151166171
24.741796066452
33.4986039530486
26.2621684838086
32.2079370729625
27.7935776486993
23.6315010208637
18.8823143206537
32.5863432325423
22.494212212041
11.6462674364448
24.4527141284198
23.8320006290625
29.7604415103429
23.4300065785646
14.273038180545
17.6482442907532
30.3219657205045
17.8062180482823
17.232404043898
23.2142036687583
18.2387121822119
23.4307436826115
12.6969561818987
26.3263211399317
18.3241309848319
22.9370009433478
35.289612673223
23.7069392390549
27.0622608158737
20.7133899070323
14.6731551457196
19.2461838293821
22.6937267322171
21.0155606735498
32.546134935692
26.373139321804
22.2762991022319
33.6842054966837
17.5370140559971
21.4618126116693
23.8895560707897
23.5023447693615
12.9253269731998
39.54200447537
30.5604448914528
11.8342548745755
22.6892681916239
20.695628458634
26.4337938187218
13.0821432007972
21.3044163398445
17.951321080327
17.3887237303274
33.4177037514746
31.2217197474092
15.6740044523031
28.9664183557034
17.7344685047865
10.0433533173054
26.4893338545237
21.8917559925467
26.8951520411019
23.2408428099006
31.8968998733908
7.06472019359726
31.3677338697016
32.4886989500374
23.3865710813552
16.9937305161841
35.4287854861468
23.4923207201064
19.4123679678887
27.6549001783133
26.5832807309926
27.32516865246
4.13659734651446
22.1514404006302
13.9305184967816
32.2359369043261
27.1811325196177
21.4138692710549
11.166116698628
28.7078486848623
28.6365084629506
40.6960928253829
24.7060684673488
19.931848347187
24.0378636773676
20.3722473404639
33.2704845994585
24.6423194278032
16.5908615849912
33.5266444662708
22.626554981667
18.7320696563102
2.88635498844087
26.6487954184413
13.6682039592415
25.5865721683949
29.3352673575282
32.151215756312
25.6127153523266
28.4908213745803
39.5983882248402
25.2087747305632
20.304109454155
24.9222662486136
19.8890908341855
19.9825688320464
14.0590737283148
10.8473041746765
30.4273643810302
16.6016924008727
29.6121427696198
20.7817800043793
12.5961167169019
9.40812771208584
27.1751875430346
21.9562931824476
23.7746635638177
25.1961733773351
33.4206661675125
8.78110905177891
31.0525002423674
20.6237357575446
5.49345125444233
31.1095290351659
28.341983165592
25.7140940241516
20.3969667758793
39.7368200495839
28.0199431534857
7.98569374805723
29.4888974167407
19.0760620940186
18.0022148508579
12.1207311283797
33.0699388124049
20.6307093868827
23.572519607842
40.5576909799129
26.7206025402993
32.2493124857673
28.6141518875957
26.9206051155925
28.8278755266219
29.2627875141884
20.6684707850218
15.4243229515851
11.2061883509159
21.8983339374666
19.4629327766597
20.6942606158555
13.5572960413992
17.9303886182606
25.5181303806603
23.7259663548321
16.5460675489157
25.9936665929854
10.4254641789203
17.6623051520437
24.7267829161137
19.5538758393377
17.3237278813692
13.8189443852752
18.9503066986799
31.4591845404357
13.9417539909482
20.4570032469928
34.6209546737373
25.1791219878942
21.8746017850935
26.7615283280611
19.9032121058553
27.9768350534141
17.914813645184
16.0105897206813
20.6558442408687
18.0130692198873
25.6097893975675
29.4270983990282
13.4885364677757
4.46344719266743
20.1091959630875
13.7018586626641
24.0369754191488
28.3615119382739
32.1002041641623
23.9734265953302
23.1291766650975
15.4384023039131
11.6149161849171
8.80860513076186
6.3508129119873
12.1297818794847
27.6984485943125
12.7531308587641
16.5101852919906
19.4044369272888
21.1184827331454
26.81506854482
11.6497383266687
22.2332298383117
33.7574290657432
23.1530203856528
9.14183635264635
28.3341651968658
23.9987970795482
34.9409352242947
18.6356477346271
22.3842955101281
16.7126571200788
20.5595720093697
29.0622584335506
15.3222995995652
22.2353678382933
24.9917381163687
19.2578342753165
8.37284712224154
9.32261796668172
25.748084281208
24.4846598665629
18.6483739782125
6.68624843470752
22.0410444773734
22.2179501596838
15.6419230142742
22.1508533600718
27.805989542976
28.2772448379546
14.7019462287426
18.8421142660081
22.6229622990439
18.6282318737358
31.0142936557531
13.7546559702605
4.01702410541475
28.8652693480253
26.7847259715199
19.0354507416487
30.7504960522056
28.4402592759579
29.5855150278658
12.1358210407197
14.1090049780905
20.1953133568168
21.2465681321919
25.1228994736419
22.7950161136687
30.6672850158066
23.0406743008643
26.962544247508
22.7634916605253
34.2131035588682
32.8873627725989
10.3000396024436
13.3902732655406
33.0867607332766
15.2802277542651
30.6506671383977
20.286508044228
20.662650000304
5.26993568055332
18.8515968807042
26.886768406257
21.8943121097982
15.4822828827299
18.3268431387842
15.8153426460922
10.3215779364109
24.5425590286015
39.2385642975569
24.4644492119551
11.533908220008
27.1767816971987
27.8691234346479
30.7558092009276
15.0981795508415
21.6455172467977
20.2133321855217
31.9832718931139
26.3731334568326
33.3398840110749
25.2929606738909
29.9997430387884
36.4092524908483
33.1335256621242
28.2462671678513
28.865515815117
28.3482929872877
16.9809226952037
14.2491559870541
26.9484592135996
16.4491422940046
23.6633187253028
30.0311098247766
26.9346150476485
34.2098916135728
15.5076926574111
7.6426156796515
22.2389722242951
32.2115707676858
21.4066170528531
32.6151180267334
27.4904759321362
26.3645975142808
27.8354132641107
33.2808153983206
27.4424935939948
20.2800071239471
26.4600187819451
13.2441398687661
8.52296198336411
16.3574107736349
32.0039011258632
17.1962971240282
22.8563558589667
16.3962035859095
24.1767074027431
30.1895356178284
19.6316865008607
15.3506475873291
25.0381218641996
21.0102024080552
32.7559886500239
40.1008925680071
26.6865158267319
22.7603770326823
29.8090073280036
24.7162418626249
24.9560574442148
14.1204262152314
35.3051215689629
23.4544641897082
37.1605660300702
17.671710320886
23.7288051098585
8.33263787262672
29.6126160118729
27.6094161439687
25.3074301499873
14.1486958332651
22.6512732356787
10.6040258426439
11.8022324424237
19.8482855504825
30.0238338578492
29.7028986923397
19.959564730525
31.6947152872946
24.0229301713407
17.6841466035694
25.7672408138579
31.8125102575868
31.6958272084594
30.5462823808193
23.0210876371711
20.2281057089567
21.1766275064174
19.760572956875
5.98059001202752
34.1610475815833
19.5527839008719
36.8673193300714
8.52777496911585
20.4398104356931
21.0892951022834
23.8937971740961
31.4990172162652
26.1563536897302
31.7344469670206
22.7796720079338
24.2879255488515
27.6757258549333
11.5042883343995
41.2166597507894
12.7061261516064
26.0890677658811
17.0983923319727
8.89239189299518
34.5177100226283
34.3881289847195
27.4326309096068
8.01614519598413
15.9312591422349
9.2365637886013
20.9935200959444
26.0914373025298
27.4877209961414
20.3957455961341
23.7789518851787
15.1479023415595
23.1375702191144
32.7601376641542
28.0657103285193
34.6014645975083
19.0899798832834
18.46789254447
18.232244392857
17.0333892687966
27.6580654642968
19.0884231682867
11.8376824725419
35.0989713426679
25.0605024089881
26.7412245646119
13.8815069384873
23.4505833685398
16.8464644812047
15.0114510208368
38.1628540623933
32.5637603458017
19.2559466790408
29.9770402628928
28.536384170875
27.0107261370867
26.8766906205565
25.6220332346857
26.2684512510896
15.7269019447267
23.7430992443115
19.2679746542126
22.7682171575725
16.7615287564695
18.2036392763257
31.0329102538526
25.0037681870162
24.4830384707992
25.5752861592919
26.5939080901444
28.1691810395569
29.7608403861523
32.6686840090549
19.1480058990419
42.0685509567089
12.9752236045897
21.7736028693616
21.1144923605025
14.0544881857932
31.0852657022191
19.042141539976
20.8058987092227
25.8486873154756
23.3723028469831
29.5219253003597
31.8774046003819
22.5887104164194
21.9651502484736
27.0750196371228
25.7620703056455
21.3131932541728
13.7060272973031
27.2107261419296
15.5956075619906
31.2874817848206
28.6478175222874
5.25679203902627
16.8966616597027
25.2781459316611
24.1178315590341
19.6123911067843
18.0322032887489
28.2144235443703
28.9586577471346
24.0817347262055
18.0465627461672
18.0249773617834
27.1314781548222
14.9870312958956
9.38166781106166
33.1516763102263
25.4050112050027
23.4863280225545
14.0409601101105
24.3852332420647
36.6932523529977
19.7893219906837
24.4275586351673
21.159575516358
33.351399153471
24.4431422678782
23.3369074948132
16.0183832142502
5.48199844446256
9.29498121142387
14.2409318476067
34.5619143079966
28.4713489282876
26.6225719917566
17.227785307914
18.061290923506
18.9960707380893
22.5427727680653
28.2987642288208
23.8647404126823
15.5399566306206
30.2305957395583
13.0859855054537
31.2247196305543
31.8951979279518
30.6904731038958
18.8618663884699
29.6368501335382
14.7966698091477
23.8093857094646
47.4207502656909
26.5991000382934
30.9233256988227
22.8957153545461
11.8122800253332
28.4971666708589
21.0782526992261
23.183440028678
13.4835711121559
9.23451866023242
32.3634434770793
13.5194306316456
29.7473437059671
7.39503018558025
33.4699880238622
21.7834432516247
23.6667435988784
24.2381985889503
10.499157384038
25.5890279663999
22.8691694140434
22.3025791347027
18.3766230940819
26.4156854711473
18.1303763358894
30.9299026988447
30.8057091850787
18.4729678051574
22.8698655869812
24.5704114995897
16.4772289339453
26.3019016105682
25.5118917175512
9.56716362386942
14.8849113006145
8.85176257230341
11.005625737369
21.5648419412783
24.910659911111
18.0504997260869
13.7658342719078
15.3652149159461
25.17996635288
15.0916503556073
32.9396631203814
23.7687637936324
32.9772602207959
19.1096078035698
14.3497359193861
25.9765319482333
14.5630213804543
25.1039242744446
16.0405149533288
13.5811135265976
29.1611318103969
10.2902282105422
17.3387404717505
31.1732085328549
28.145198347047
30.1907990500331
35.0203009787947
12.4018354011996
25.9503529887738
11.9582645134582
20.2772178221494
20.1562819071114
25.9447812940925
11.8277443852276
29.4303472805768
18.0640204343945
12.8462744805511
17.496896982193
17.4799490267114
24.1878462117165
24.5452131517231
29.2889097891748
22.9561729263514
20.1014902163297
23.4069876372814
25.3419116232544
28.1304541065955
27.4347738348317
19.535373878579
29.6238899510354
19.2053385917097
32.3059954773635
41.4676372893155
24.2599007114768
13.6606962047517
27.2653552237898
23.3367966452304
12.2420894633979
35.075855255127
33.5986531153321
17.765992032364
19.7715652920306
24.842706201598
15.6022819431014
13.8309335498528
23.8812592159957
33.9072825852782
22.8636658005416
15.7523539659495
19.1818799357861
27.6431015599519
9.9808518961072
22.6086785551161
21.8240213301033
25.1351452153176
13.2523482386023
25.2022321242839
31.1666682735085
8.07294466156063
30.3778643254191
20.9952226001769
21.2670589797199
17.9671615082771
28.2964549586177
18.9651423851324
16.6285284887999
34.624747177586
23.3378814490012
27.3462936468422
31.4553784020245
29.5726529695094
11.4047796372324
18.9720360841602
15.2528755279698
28.7337460275739
27.4821157660335
20.9420741256326
27.6678261067718
32.3999381158501
25.5455444453232
20.549954585731
20.9566346080619
23.4922301240731
32.8260415233672
13.2884155958891
27.7700043283403
24.501996813342
15.4465459431535
30.5866161268204
23.93726207391
11.9628105026174
26.8123489245772
26.892750212155
25.8046273562263
16.7283852305263
17.5698339845985
35.1178116817027
18.5848642978817
30.226519536227
18.624063692987
20.9345464780927
22.6033790130168
22.1625187341124
16.6303004510701
14.5823652019431
19.9840229563415
5.82091298885643
30.3906309138983
16.0919693112373
19.2664867352634
24.0267651714385
26.9499460794032
14.9979760011487
33.5316833294928
21.9398308172822
18.509495286271
29.8791585769504
21.3247021380812
21.3307729514479
13.0430936347693
26.7283078003675
32.7910439204425
16.9358583991954
16.9326568488032
34.888973319903
28.9362931530923
31.7843375075608
19.5004235487431
18.7977807875723
26.285056611523
15.2115989429944
20.2979528624564
9.87008322961628
27.1760417986661
24.4253289049209
22.5470829623497
28.5068832615649
12.8356657270342
38.6299456190318
31.7831882089376
10.4077672268434
27.6233801152557
24.2438420571293
21.2584917877253
13.1871111008236
31.3653460890055
22.7231141924858
16.8799903616309
29.5394325815141
30.0548301357776
30.9692438598722
31.1466442700475
28.9977538492531
3.16981882788241
27.3233146592975
28.3700364455581
23.3901248686016
3.33544593304396
12.9048370197415
44.1823029306657
25.1560262404382
38.5147017706186
19.2342491727322
34.2912176996469
17.9216062229948
30.6739113852382
19.5663479166578
12.5478174436717
25.9233967121691
27.4220194201916
25.8998189494014
6.56747792847455
30.3482231497765
19.3230319889914
25.0336440000683
21.4642638992518
17.6868459116668
32.3226190544665
25.7204768337838
16.6271013300866
24.8772177093129
19.5169306173921
25.919767068699
18.1507790517589
37.5475967209786
31.0923781245947
32.7435281127691
3.50719828158617
15.6341447588056
16.3730416842855
30.4315274208784
22.3730697389692
21.5023294184357
18.0478276591748
21.004859679281
26.0725400224328
29.6662789676338
28.8529164623469
22.0497251115739
25.9570957068354
27.4311917927116
29.6016101818532
32.6468532532454
25.7437565177679
27.3648642841727
13.1818379368633
19.3627890944481
36.5199730172753
20.3439241917426
14.8998372349888
7.95304470827289
14.4324865099043
24.0267719049007
21.6336825303733
22.9996033892104
25.4530943278223
35.9496826196161
21.8010549992323
37.0581139996648
23.6490574479103
34.0328429080546
25.3342665697742
14.0404090471566
13.8052994324335
41.2914160452783
25.2637913627353
23.7614453863353
17.5556408103908
15.1277868915349
23.2957222033292
9.11247397320142
34.1977912187576
16.3978030253202
28.7689467519522
30.2745979931206
25.1814675286098
23.2081030122936
27.3820068607445
26.8246352300048
8.34503165161453
19.7373691726014
12.7063290132711
19.4609067868441
27.1116713806987
21.018977696076
12.2696166068548
30.5449595768005
14.134555561468
17.2117732744664
21.5840342827141
24.0164877288043
22.3348303791136
22.6145863439888
32.1055930294096
28.6522562988102
24.7572045587003
31.1909921094775
22.3834122372144
26.104719509899
27.9494774434716
19.0598746296018
20.4422122612596
2.3750314861536
24.2131340224296
28.4937378298491
13.3788543473929
34.6767123094307
21.4977646060288
46.134533898247
22.9900349210948
20.9227705746889
25.3887379914522
32.7599534019828
26.7447459203826
35.253207469359
22.1552130952477
24.6840573542794
30.2397008333355
40.0574504211545
15.7462206110358
16.867311669791
13.3059333823621
16.3358360063285
28.4231960121542
14.9087134189904
26.0505335591733
26.8291194923222
12.3697614111006
10.9500440116972
17.8441817937924
24.6856208704412
21.6526811838678
28.4581527952105
10.5733866867719
32.3398890998214
19.4822083879262
28.2302865748139
20.1632251169652
33.2502053305507
16.4406962413341
21.5562565717846
28.1965770359759
15.1713479589848
10.0683615915477
14.3922997266054
18.4410597849637
17.0724372658879
30.2161831129342
8.32579725421965
16.3716931598086
12.3999830525238
32.3496528435498
23.06476643309
24.3435102235526
8.1843869201839
23.5944547131658
35.0264707300812
12.3715396597981
14.0797592606395
6.58658838830888
23.4360969466575
27.5682133622468
28.5330178588629
38.0192281957716
29.5887808687985
24.2527980543673
21.6462664492428
21.3124982826412
11.9035668577999
11.191821551489
26.3679465784261
8.81208476610482
16.6738765746219
25.7489426247776
38.2328061573207
16.379976477474
26.9843084458262
29.1840804275125
34.8278543818742
35.0541194435209
21.6440712813838
14.2303757183254
23.7305767925416
24.6701642777771
15.6706076022238
33.1700947785645
34.4032816775143
18.0304328911006
25.337637886405
7.19165244139731
30.3885895572603
18.4697945136577
28.9477471355349
34.648381350562
32.0050896517932
19.7825006581843
19.9461141228676
29.8173384465501
26.7770402412862
18.567261993885
15.5963738914579
23.1145812571049
19.2867546714842
28.464856557548
15.2269122842699
17.1282946318388
23.5581081267446
13.4469343663344
21.9625423620042
23.005159618333
20.8567580021918
28.0849589779973
29.408380240202
31.7062823863544
25.3396726457435
24.9579393106369
30.8357578050345
35.179030476138
9.50099539943039
35.9551095496863
38.9540826156735
27.2593972552568
18.2517184594388
10.2569651138037
13.7333806045353
21.182174384594
17.5277298130095
14.4670320767909
25.6595992762595
27.5623104628175
21.8518073949963
27.3700278997421
15.8771189767867
25.8534938190132
25.0481703116929
28.9232592914016
29.135846234858
29.7471657861024
33.7452760431916
35.764179209124
31.3110604137182
16.0717814032996
29.1525309439749
32.5202806200832
29.1590243764222
21.7869359347969
29.2400204110891
20.5222323909402
13.5275880596977
32.6194850262254
22.1579427458346
25.6588117478094
31.8530788645148
22.5152255107423
20.3812110610306
35.9859312325716
20.639554169029
31.6302028298378
32.3053465504199
26.0980536846109
32.5692479219288
24.3627436179668
36.0965239070356
36.933667100966
24.723447393626
23.9888163004071
26.781053384766
22.5799433514476
24.611123158634
14.1726974096101
27.1346094086766
35.356161436066
35.1680896617472
26.0937144700438
22.6864992175251
18.4082252718508
8.743981635198
37.9825185611844
24.4122399626062
14.1532749775797
25.6598397501974
16.5378411456624
11.4598412252963
21.2262798473239
28.0465111322701
16.5825459267944
15.0511308666319
12.7744818292558
19.2826051823795
42.4910167579479
16.7495639330999
20.4123695008457
20.2536182105541
14.1743281786671
41.1586860381067
32.0560554831712
16.5499256830662
16.2887017012469
32.2218985296786
17.9416712187231
14.4727638736367
24.436833774671
25.5749445967376
18.4131468459964
21.8610675243099
11.2933511571037
34.44251392968
15.1971472240984
34.2060108762234
24.2676489148289
25.4146197717637
26.5039395634085
37.6328581105918
31.728659234941
23.8514770846814
30.35037137568
21.7015395406634
20.3811183571815
20.105276319078
31.573086027056
30.2164514176548
28.8857013765693
22.2067267075181
15.6674568727612
12.5429036468267
34.2975211121761
18.4110214429183
24.5973615179103
20.2895422931761
25.5204898646859
26.9413885474205
24.3264495011596
16.3137235678732
12.4199394040317
30.4381021019071
29.8821447696537
4.71837342716753
26.6138845123351
23.9314753934741
36.7808969411999
23.69808671996
20.9970893897116
7.7426405902952
27.4705314170569
22.7323830407113
28.5190168675035
26.7009563535326
19.4466155581176
17.4952942784876
17.3067461367485
24.3676154874265
26.5475454647094
17.6272649131715
26.5323680453002
24.6428820357312
27.4863298045988
15.9060416277498
35.5390176270088
26.0913587640971
23.197085307911
26.7000572662801
25.0126299304647
17.4951550550759
15.8618000429124
24.1095241997391
21.5896052429526
26.2391091124965
28.9433391902746
12.8392749544013
27.4254895684362
20.0788793060929
30.488781100139
36.2506312038749
22.6824233829127
16.3538358159647
8.63617404364049
14.8108630534261
12.2247294522822
16.3965386431664
29.8493364360183
18.8835905985785
25.1659634057432
14.0146845392883
23.007887966761
27.5354836229235
34.2935414426029
27.2647265531123
30.7851550246723
19.9579899557281
31.5518307220191
13.8964522909373
19.9005529900083
30.5355496268742
9.40294962376356
29.4805872067809
32.8014760930091
20.6838159263134
22.7233533840626
15.7542425952852
22.2086938284338
22.5149178039283
20.2223459724337
25.2499062661082
20.3253573831171
37.7106384001672
23.1336487177759
19.2390846367925
26.292474156923
22.6512911608262
18.951723407954
24.5277363527566
26.0690193995833
35.730601279065
4.02374021708965
23.7470002938062
19.396154768765
32.2951899748296
25.4554776102304
28.306641317904
25.5771428626031
30.3384153172374
28.8622707780451
32.6807453390211
22.8340813424438
22.6646440755576
29.3884118190425
19.9740706053804
26.1364599410444
38.2010846491903
20.9562418330461
13.5521336840644
22.667213184759
36.199016366154
18.4570657275617
14.8617609690442
29.1296080347439
28.2591020150974
12.8836344232947
32.1082829218358
3.78225515647302
17.1908393036574
21.2330890260637
31.8957995250821
16.1999182775617
33.8186676800251
17.2465806227742
35.7827345147264
10.0275325147878
18.531522526422
31.86618081294
33.7227640673518
31.2357648834586
25.7255416363478
28.1726661790162
44.7728849549718
14.5044345036149
37.6482275873423
34.9115176778287
13.2562756631523
31.1482590995729
19.1884863842279
20.5456232652068
32.354552205652
33.7961818277836
20.2151576802135
20.7885826472193
21.7415027227253
17.6957085169852
20.0914497021586
30.0063611380756
25.1514767389745
21.5628988109529
25.2746699284762
11.7559390141927
24.3201534915715
26.3441396411508
32.3093266692013
34.0340917278081
28.8638822548091
24.6255052741617
20.4819192923605
18.4018945321441
20.0741924643469
9.41073755733669
31.0589260887355
12.194484975189
26.1673487350345
18.3768573962152
29.6237627975643
15.8965022675693
20.5826368555427
28.4760156646371
22.1908863913268
14.5246825832874
19.4317212235183
21.4068239461631
32.5828361883759
13.6239652105193
37.6277477201074
24.851786037907
25.5367326177657
32.0154653582722
35.356081975624
30.4266765301044
21.5220501087606
30.6742850387832
36.1954207811505
18.3959859609604
15.8477318566293
26.6470273428362
15.306036470871
24.7631532792002
12.7509029930807
21.6755131445825
18.0947276969967
21.2989694438875
19.3720799591392
23.4415557235479
13.4527834756602
16.4480070210993
26.6730833798647
26.592640997842
35.7505475822836
24.1111120395362
34.5802438817918
18.2984239919938
10.9333981602221
21.537150721997
36.4624154381454
23.2153030950576
21.5794174466282
28.0951039218831
6.95250051156956
42.1198352401085
23.7193608283997
14.9373922911085
18.0135085992515
22.450522435829
38.6915621906519
13.5270386762581
14.3690157220566
30.0274813499061
17.0748516638189
21.0960912890816
15.7515329797163
25.5861082339478
16.6112938935843
23.2159598171711
21.0716536268592
43.0944455576069
10.0608115084469
23.6556361214543
25.5973422154784
28.7773967999965
29.7311704047024
20.1684935577214
25.8575578406453
35.4513031896204
19.0446465834975
6.70072442851961
29.0109796542674
17.5770436121146
22.4266770109534
24.2491136211902
15.2776029729238
18.6624126881361
11.1057468317449
24.95121977292
29.3942481838167
27.4086394440383
28.2770771160722
21.5635720633803
16.4340938169126
29.0365848876536
30.1310866512358
17.0022736676037
17.3355118744075
24.144026460126
31.1150188785266
25.3749821418417
26.7257646471262
16.8140895757824
21.0444689219258
33.9915289264172
28.9604920749635
29.9481429581175
9.60453551262617
14.7215257119387
30.9383778367192
35.8719756267965
35.3437211550772
21.3977394159883
26.2251908238977
23.191097304225
21.7183405709711
28.7885150313377
28.5325109213591
25.3356868308038
28.3947466034442
37.5623701605946
25.1283809076995
28.2338803634048
25.4394039443663
28.1573729496449
20.3831361886114
23.1339132785797
14.3127513304353
20.264479711316
22.7682661624417
30.1734724268317
39.8143648635596
24.7977690305561
31.2090751806202
9.47439681415254
22.3951751587027
24.4972200226039
26.3750532455742
20.2666167059942
22.3779457714409
19.9465274065733
30.8119975123554
15.3957486525178
15.2835219365244
20.0299800341507
20.3721271734685
25.8349393028766
31.8278504814953
8.2981807264984
17.9067187025599
34.1378425620496
29.3343794625252
25.3692695125937
10.8151586540043
21.1878432038095
30.2270458359271
27.3655003868043
14.2181505169719
19.561387769308
27.889056885615
26.0702904593199
19.5459906631975
15.6981383919862
12.3352928523296
30.1527798268944
23.7027825377056
28.6801840458065
22.8490970187951
31.6521032899618
32.8611900284886
36.369645120576
28.4573334921151
34.3337951414287
16.3060622895946
37.8029378224164
20.8059152373025
23.820144943893
20.9652487324011
14.0108629494313
26.8122483976185
30.6801164522767
3.45886057242751
17.5176272160026
9.57003789022565
26.9435791707008
31.4561197534204
31.1339240334928
25.6198270879802
31.5395232941955
29.9631732422858
25.7464434485883
11.8226521899238
35.2560935541987
29.4464961346239
29.4770376943052
21.2145718652755
16.8542532003627
38.8482710625976
