"x"
3.40187601093203
5.30977714899927
8.23663529288024
5.21868865191936
6.36349158338273
4.27926476049918
9.73366093123332
9.69821304967627
9.12993168225512
10.8728783953118
8.176306725014
7.90463640214875
7.8228298779577
6.53593703918159
8.74630560725927
5.86687577934936
8.25805797020646
8.08029449615015
9.89373461827625
8.1334304488264
12.8307007486001
6.68901233485141
6.23188892472535
4.71004533860832
11.6646023788489
4.8338046090384
4.52744121280356
6.53930084633797
6.36117533608971
10.7053054170683
9.79356701346114
7.12053178623319
12.5677958858436
5.51837144332885
3.1217404352501
6.47895897113859
5.03147816564888
3.97093461686763
6.91213507158682
6.7282676509459
10.6796311321668
12.821950557176
3.49261557357386
7.93959557684138
9.07367957912258
9.49770039506257
5.26921628974378
6.92635615216568
8.05953442976706
4.85193978775401
4.71327794529498
9.83495139470324
10.7998684351332
8.73312534531578
8.47371723968536
12.7889001430012
6.06104832645081
3.65655315248296
7.94823747584265
11.6043490217999
10.4440016815594
12.6327214990743
5.65235874988139
13.4772208433307
12.0871902094223
7.72920031892136
0.883056508866161
6.29288854356855
2.28295497902375
3.79379744175822
6.19892489825576
12.8942288313992
8.71245978455422
4.31462782913242
6.72985783405602
3.26317962265958
8.5727103408426
4.3336747311987
10.6879914896563
7.324602143839
4.61967480182648
2.78707359371993
8.87464771186933
11.1072797505185
4.28126782877371
5.67391905024834
9.35740826977417
3.17917103553191
3.07716005947441
10.3609085977077
4.9483385165222
7.96663849242032
0.486910812482051
6.6023322210199
8.17893088096753
1.72279126633552
6.40131401410326
4.86245236499235
6.0912694777362
12.6240750085562
