"x"
80.3411833788268
98.170710501261
99.1195882000029
141.061381337699
110.087267659139
78.4275930868462
66.0041445926763
52.0790874660015
36.4079004861368
109.547322714894
113.768619183451
74.8904255647212
66.3823105785996
37.424381271936
32.2173010797538
89.2698953594081
56.3056258340366
58.6229582715132
28.2560071181506
39.1464526117779
75.3697546405092
80.5776712625006
42.6474439194426
38.3253483977169
64.4573791441507
46.5251335836947
75.1454622019082
48.0941328326555
45.8484741956927
35.0222716364275
17.7877702411851
68.7687644795515
13.1051160799879
44.5334698241204
74.4928027968854
76.4490398505233
98.092416153755
79.2130490709096
83.847343751695
50.0612095456987
53.1637542437718
66.8049908825196
104.334817870986
77.9906398896128
72.6087288279086
54.6861850102432
35.4205701355822
71.0361621840857
15.7777727682667
79.2558742007241
45.7270579197895
55.0348604726605
95.1363199744373
79.3178360217876
66.8529480247894
108.730932801429
21.3174775008598
55.8411369910464
80.1056816009804
63.8064332557842
54.0892969910055
101.408121991233
30.9154491280206
18.7746707964689
31.0934061440639
55.9557177666575
11.691402646881
79.6513233608566
60.6868043370161
60.0411306177266
104.647129143431
136.758420104161
65.9139269166626
80.4444688400254
48.5243303804527
71.8400468174368
140.618357337546
68.563544638942
129.235873358507
82.642857413739
37.3548937188461
38.1018608738519
82.6153147523291
86.2188042970374
17.8869805675931
50.4433347396598
55.0039331603096
73.4270268777709
100.358522751834
111.281155155972
39.6068102535792
89.2885654829442
77.0226783701219
82.4938122429885
50.5876339995277
82.2036115270514
47.7466439333437
36.0219435333274
51.9033124311827
38.9602348906919
