"x"
2.23935112310573
4.06323081249708
5.36346434220376
4.26832857588306
3.89732124478307
4.25601223250851
8.49144778121263
0.0544286566142276
3.84377225115895
7.90243985616488
5.66289019512744
4.78109813667834
1.82504925644025
1.59994280291721
7.80570684022557
6.48777057090774
8.57980068653412
5.57109070173691
2.8588812250551
5.402333089835
8.36537157174452
3.23311835154891
0.391799619333533
8.82924983650446
8.72748263552785
7.72013735258952
0.501791369276566
0.993400780018419
8.32159067470672
3.98913470370282
4.11617499310523
1.10591713435728
11.1122510041406
2.31726505374536
1.78315358748659
7.84511224552989
4.00779522489756
3.07669062679633
6.24994780635461
6.88196458294988
2.52274616591883
3.04274893552065
3.03390162515718
0.222608962732908
7.24662965878289
1.21285139769316
5.79331120150164
6.36020390607797
4.53351330477744
6.9398728008382
0.261282391380519
0.808890973308382
6.50072035507318
3.78694630460814
3.14030439360067
2.02245752244566
5.59276624886648
2.49131626962999
0.542753377619767
3.7806077376008
2.69594038897447
0.229637519463351
7.15370816475279
2.87405231734738
0.0422924305312335
6.36122478844263
3.30880365567282
5.77983750170097
2.5409236298874
1.06176120294542
9.33186517003924
4.76701796008274
3.10915750470249
0.700412980746478
1.4926545470953
7.48172269349622
5.61474413797259
0.244658982129434
0.355444637127221
2.38040979020298
3.90726990764961
0.509336567797167
4.39729550108314
2.24956389540536
8.37305023366433
10.3994248341769
5.93431817294253
5.94903323930515
2.89805104304105
10.5679490156472
7.30756895570084
5.09932682197541
3.77948302030563
5.92699131276459
1.35116334411395
1.18081925902516
0.467085238080472
14.3776118159294
0.847162059042603
7.16675187600777
