"x"
5.62007180415094
4.54799663847102
5.98615781603915
8.89847171492875
22.0381824299693
13.9032884035259
9.04738530516624
11.1018516114994
3.99244122087526
20.9144871216267
10.5641791597009
1.33745111525059
21.6648261062801
11.5876503605176
19.8753580391393
0.0485190190374851
3.01813590944541
4.15627374313772
4.34523104952797
2.60168039059551
0.8344657253474
3.05536553952682
13.5255887638777
2.30567678809166
10.7086742986393
5.87190585210919
7.72738684900105
5.49973075941879
20.7680043747254
0.868453023103846
9.67418708611039
6.77344560733464
2.92616740837859
9.40607185475528
0.75457957573235
4.7552218195051
6.82439047323688
4.81989883520917
0.379161117598414
3.67381862794029
2.58221263065934
23.163249110803
9.5756673719734
2.3836957881149
6.01923061324758
19.6879333816469
14.8566666990519
9.96881276369095
1.61153441295028
0.220320147008958
8.89047439605762
7.26627097465098
3.26287509940092
1.91795099526644
9.15108245217111
18.5867781615281
14.3641745451677
12.3298629652709
10.4654938913882
28.4867924638093
1.6566680409733
0.253472616896033
7.53267915433014
6.21537151746452
0.95738077165675
4.16269131041426
4.16111866943538
5.96354329027236
1.8456015184237
3.52033628150821
2.13869155408894
1.57671654596925
13.1142428610474
15.6873321160674
19.7880738414824
13.304591178894
14.4979666918516
0.36443155258894
15.9860167652369
8.13996796935605
7.45762893930078
4.37087006866932
19.3237870465964
11.4705754444003
14.7482557772798
14.3015953246504
9.96869713999331
2.8032636986816
3.33758783526719
0.982928043231368
5.36658240163212
3.02844974367222
2.75734299793839
0.673780953394845
12.016765489989
5.29213048452794
16.2509135901928
16.9295338913798
9.18476398087157
18.3050143066794
1.0148212313652
3.44365816908603
9.7621644847095
1.76645237952471
16.8248174055744
5.39981620386243
3.88216849194036
13.0261686630547
3.77628202207985
1.90777638927102
1.39650211768296
14.4445908255875
8.92836800776422
15.4316733125597
3.37907234206796
6.07902494609772
0.677166781249119
25.4153684247285
11.2304947365231
6.45147659815848
8.72411509044468
14.6681803844824
3.86768542230129
0.295422598719597
15.5214230529964
8.35198548941489
6.56876291523563
23.182005853474
6.29322454333305
7.4371803086251
6.53774682432413
19.3072197499194
10.0675209110204
7.18880030326545
4.42325645401582
17.9246163476918
9.4124126617901
9.50918187707188
4.62539689615369
19.8066481854767
22.2628590185195
3.94706185907125
4.81369192712009
5.44261331669986
18.4411772028193
13.89639788918
12.5177339975667
15.856028534472
13.3686381756657
23.6621135380119
3.97746032103896
17.0014306437224
4.35894270258173
11.0388533488476
2.97999437898397
7.80069054671979
0.772698642686009
5.32266348720767
3.48914782023885
10.8666664455086
14.6312871955955
12.7460826188326
0.0668548370500258
1.39079065993428
20.7141698803753
3.52474609389901
18.2441974524409
11.3690303172916
15.4844779055566
8.85165143522126
9.54238809645176
1.92186953499913
12.7456330694258
5.02198986334987
12.9846681707188
4.94089036402029
2.41900798864663
6.41530682332814
20.7384312631267
7.88715188391507
6.97842575609684
22.6616317722022
12.2730837669224
11.6602732266151
20.1477640774101
4.89682066674554
2.70579340867698
0.579063550083248
4.40875552705899
12.2414677645932
11.8137669749558
20.2354221139103
2.10613263770938
19.4022617325616
0.282103195786476
2.18522963114083
23.3594311925908
0.6246789854098
4.5677588427362
7.91177762892727
30.805655894801
1.30919986409571
13.556700104679
5.2899392835523
1.54446584672219
5.72830913611562
3.96146108396351
20.4214509576559
5.20643198722506
11.5933274001923
9.45274157905288
2.54187732934952
1.31900352425873
18.311749631539
2.2738207786023
9.34938499704003
1.21845491230488
8.57582497883666
6.9083328358829
3.54596463157234
6.54269317165017
16.1300934385508
12.0075820510509
9.94462846605953
28.2440601848066
0.00452371314167976
8.22352864779532
2.74751274441379
6.69863186303325
5.03036600157935
8.77321091391063
0.90298792347312
5.92848544961174
10.4009192065527
25.5721638910472
0.748264001839942
8.87280431796149
10.3584695332614
0.884534046053886
14.2238266976405
2.64232365532249
13.0276072304696
0.827779498519833
12.1743331663311
6.81782020255923
7.82447713427246
33.2940733525902
8.52927281130638
4.4615684542805
4.76287179626524
0.0348488813612912
6.93383198407222
22.0782806165516
0.156449141664443
2.68116551444823
2.74361008778214
0.897013906172876
5.19739249721169
8.95369659779008
3.05610806681216
1.17266301558735
0.14016751491789
4.09494885243475
14.3514623865485
12.5406452454627
9.90009872212628
5.80926787465956
9.16243023239076
7.15562729164958
3.14628425756403
2.64981656077548
15.5458860649386
6.19336816644686
0.498725613579154
6.15856018848717
10.90037596395
4.12631215177079
14.5698751143031
10.1036783773452
6.66396012529731
9.92683261992826
13.7404190842062
1.69289309221686
23.4844098247194
15.9705318510532
9.46052023209631
10.0307188928127
15.588774836998
0.862552415536019
6.47193975746632
16.4423564448953
17.00583640486
5.60988523066044
2.41710388067789
4.59101116284728
5.37704471498728
17.8093306336622
18.4964847331767
25.6739909760654
9.62788229808211
13.972339220345
25.7520898710936
1.07173595070139
10.649522475351
9.43068701712731
2.24426033579704
5.9571289945409
9.48775897957534
1.99981275945902
9.41064162179828
17.9209054402107
19.547859672457
5.3048194386065
0.815408510449411
11.7152419406921
11.3774632632456
5.00609399750829
2.24884198978543
11.725196823104
2.68278191797435
27.9246310237795
3.70249587024625
7.75960795581341
2.44003487750888
16.0281377615842
3.33116673901741
8.06846799410271
10.2071958922973
2.63260778814791
8.98136929608881
1.21448896825314
0.365850701928139
4.95842299424112
0.780334929004312
7.84680331125855
3.78225473686967
5.50238820427165
3.61710954457521
9.49416146613657
23.4257830306888
18.0071313305099
6.43543018959463
3.6191204097122
16.0320290364325
3.48843622137148
5.17237540334463
13.531935075298
1.95319801568985
3.55311543118562
7.62730225985791
1.94791941903532
1.94438573355092
16.8965376447886
10.1808643618316
5.73546668165969
21.3346321402977
18.2000923436135
6.13581698469492
8.20701876655221
6.77034448035396
4.50071502279236
13.1346818059683
0.759758131877093
3.51404901971278
19.490950461477
1.09968488104641
12.7257066313177
1.74055449734387
7.8279536773174
5.63518931157887
16.4585652761161
3.32388933748007
8.54065557941794
2.5989530608058
10.4177889880885
2.31400958062306
6.43120572048658
10.5007563194575
7.1037691552192
6.88542206771672
12.1491305530071
2.81904293110839
7.71279390901327
11.2618267769531
6.07487070374191
13.5546222127467
18.0900872034797
12.4959929846227
0.0466616678662779
4.41556731238961
6.7007726793296
1.38547239172372
24.7514277696609
7.55911973325124
9.39543223939836
11.8091767541903
1.42615935975356
6.00323905237019
36.8635361636656
15.3389545623213
0.0371566675141223
6.311265120545
11.7713226090754
21.0775819607079
10.7204351027446
6.21930160559714
1.15749964790957
7.1500500664115
20.8088717889041
22.457863483578
5.9436849193163
3.09843490831554
16.7148572858423
4.37621800228953
15.9136556202487
20.9811431821436
13.548922771588
12.4241706003017
13.6084599420428
1.06749306686429
0.65914848819375
14.5881948526949
20.5105983652174
22.0210487385073
3.77856647183093
0.575938053831033
10.1682064123452
3.2085845246911
6.66430111111738
4.45774425055506
7.71468058228493
6.82428521104157
4.92446008138359
30.990539630875
6.93850701094499
16.2145938724279
6.69515896588564
16.9458330143243
19.2633579485118
10.5070120655
10.7899768214364
0.994177302345634
5.06161437369883
26.5707390252113
3.58742496085509
0.832613829418633
16.1594494993654
9.92259378687736
1.51416971348226
6.1620679218322
14.2588711948563
21.9815495423973
0.0974570866674185
3.74003043398261
0.374416448175907
9.56562520004809
3.36986831389368
11.7523410445674
0.96224551089108
5.0266410689801
2.40982042185136
12.9089602734894
6.29639762164538
2.68339886942205
2.80687478370965
24.5486297179013
7.77808115619418
4.29377909297614
7.39745772443712
14.1932918690145
7.35688451677561
2.69195743827763
16.1150232423097
19.0940523714318
10.5918438639492
17.057292606314
9.76293522829052
20.1565981842577
18.7404658645391
3.46773144273284
4.03182082809508
2.09183652977084
6.95479036452072
6.17266642186322
3.15172118134797
6.94633638486266
14.953443268314
5.01859804807855
15.1123075746
6.17587814660405
12.5673286283015
21.9143268186599
4.78436634875834
0.468007163474746
1.7589118695902
0.533088078943024
1.5583542175591
12.741980701685
3.41954127282932
10.1628050673753
1.64845753461123
12.9496190740048
5.94515220768007
12.2992586344481
5.20984270078576
23.6126783303916
7.00279148697606
5.33991195261478
7.64764053110812
10.4769622757021
5.77591536566615
7.07591381016992
1.38812828727191
9.07702144400407
24.2541229818016
6.2640099786222
1.61382747488351
1.08552035652077
7.13087537756454
23.6536594991769
15.9605149645358
11.1714720260352
3.45807933912901
5.93232181849476
3.48686004593814
14.4523699729032
8.32681306637824
11.2736296840012
3.74203541677443
4.61552253424929
1.13674979656935
0.519221089780331
12.4311854484292
8.58597649112103
8.2032435898228
14.1555573938331
10.7542112004012
3.24358120560646
4.97529432177544
11.153308628127
20.5516195390373
11.8252265267074
4.1997701395303
1.29497524594546
9.97047191713511
10.0704210344702
21.3880040682852
1.01061789318919
16.8246797285974
8.46164456458767
13.816329324618
13.7112988624722
3.33365486003458
13.2945797406137
15.6676442090719
8.51962887682021
16.3122186550879
2.22988682799041
3.29405847113596
7.01166771170687
6.72991056926548
4.85902311966726
11.6759356317859
5.58799093517898
1.82458236813545
8.02222504280508
31.2850347720087
24.1381539031863
7.02296937815845
3.52520858868957
0.944664608687162
4.60884640924633
19.4789046569783
6.16918502127648
10.1193262381481
7.96042729677721
18.8133771562486
10.8061859213576
20.6609680783004
6.66171493940055
7.32050620350697
10.2480846088459
7.31157748959959
8.72227745130658
11.5710130715154
8.67324608020126
6.74107938989196
5.72161544114351
3.81962769377259
6.59739403054118
8.25805403292179
9.37395390052374
7.09396966513144
15.1903812307864
18.1505905464292
9.73408581950196
5.23563208989799
10.5993273115281
6.84423320926726
7.38932012018663
14.7738431580365
0.477924942970276
4.20224340632558
4.68728072009981
6.22821054421365
1.36735322885215
14.7302398923784
7.85937746986747
3.86411845684052
12.6295060338288
6.7349017311424
9.89951544119133
13.660588245858
3.68304993025959
24.7191324825398
12.1320473307569
7.51947896548395
17.2572641210977
9.73585121990797
8.27872632711285
6.60727671347558
3.33363621770766
4.93908696807921
0.360315246507525
7.48284021392465
21.074676406009
0.65207495354116
2.54193143946162
6.47614293155075
13.162750140664
7.56225190125406
5.93478227571296
4.26672043831915
4.08435961161883
11.4712031037197
0.639676675200462
17.2859490849078
17.5363872200251
9.65928532498331
14.3991046197774
9.34463563340631
8.43421597965062
27.2569411738314
3.05013455435268
16.3527162279934
3.27806235291064
5.29551177743831
14.0616077678222
0.122207682579756
0.580282062075704
5.98389790393412
3.99937462061644
0.183328846469522
2.76956854901082
3.37001920119706
24.7853909018422
24.5229017455131
10.150539046672
22.20376125737
22.0396393295238
8.09853028251566
22.2413950138941
8.07854342274368
7.78818977996707
2.64622461982071
6.37249339943112
15.3641417162538
3.68010448291898
15.2914320245398
8.2205424480621
6.47322186268866
8.0706899985671
20.7115279976279
13.254222413525
13.0192260723561
1.39958063449846
0.18202718347311
20.4002274602181
16.1392912540913
4.0301522489703
10.6339291272086
11.6051589074622
5.74678738640419
10.1487261826716
18.0834650556728
17.8047180641443
7.73011489309415
11.1252598299736
0.744469318935976
0.54338030359726
6.01200852543116
17.2349870204926
11.428546662808
10.0656582594685
0.903175603856513
2.40626202404973
16.8475150419124
7.44907460175455
8.82527857382556
10.9125869701736
0.6553765386343
21.0307059610653
10.7328414916992
15.7571334514626
13.6751419298669
16.6479526087642
11.4233055151999
9.8634975448944
12.714451411739
18.6522011179477
9.92796360515058
15.5482300091535
0.581184693437875
4.47508487850428
20.5181408595399
4.5570193047713
2.86597442006789
19.1551867559989
17.5900026224554
28.3639681059867
9.61148939095438
3.05603049786788
12.4989523417782
9.71466501097852
0.871512526646256
14.5365208923549
17.8525739221373
16.9243195943122
4.75838487099545
8.89911106787622
9.74489967338741
3.36355441249907
0.0213420949876308
6.59121060743928
2.88781984709203
4.26017018035054
8.79904236644506
0.219189783997374
7.40374391898513
5.67148537375033
1.54230087095598
0.967686036292046
1.03994989767671
1.96360200643539
4.26391432993114
16.1376744974405
15.3504743152149
16.332300612703
16.3911110255867
4.58833170123398
7.28422353749561
4.46450397984529
4.90454616156366
27.8091786586228
10.0373723457031
2.28258604183793
4.96194693259895
1.55289001339676
12.0284391941217
18.7542060634832
10.4011176627991
19.328752392903
4.84769241884351
17.1148754197032
7.97204319387674
5.47861722297966
3.13710433683869
1.11798459976165
12.5827810704109
4.08150046132505
4.9177302602352
3.80539628127577
7.68359517678618
17.7717411890626
2.92812406721966
13.7031066695444
13.8092180629396
6.88614430837333
17.6827441435307
1.88942794258646
9.62420110590756
4.76115671917796
8.32853498868644
3.85497361144163
3.87243671211563
14.3389463424683
15.6418125610799
13.5869987308979
5.59702060562751
3.72707849394529
2.26701158098876
1.49520421400666
18.5399738607997
10.857517596995
17.180411471054
5.21325376939545
1.20369493961334
22.9392220266163
17.0359907966614
8.27605300188702
12.8361552488059
3.67516814731061
3.45466531715727
5.29948020840673
7.28556546382606
12.554949054501
1.85227072636027
9.8287308588624
7.81908095814288
10.9759391843905
8.13710326328874
1.82719900653997
23.4669440891594
10.3954861178107
8.92675538365557
4.99939904834183
2.22507883029234
8.13688361085951
5.02570373937488
0.995860993862152
9.0136624677178
3.43295764178038
5.64344837330282
21.8257061426435
7.37047733141765
14.9913058862233
12.2587661258876
1.69086952277991
6.22822120785713
7.52078634686768
6.38236986171896
12.1377991566597
7.62609797529876
6.97448073591994
9.95314605534077
1.98118058033288
19.8240831552015
7.96851390041411
18.2975225903922
11.6449712775648
2.26522427983582
6.57765511423349
7.48846246860921
3.14738629734942
8.55450253002346
3.20075600260082
3.24782034443665
0.358912674710155
12.9004396407857
12.2001560878668
0.96226129680872
19.9082886553661
16.8213699283047
7.6805223765147
1.75638068467379
7.7691113576293
0.685587736344195
10.9586470294744
3.18615867984341
7.86666121495508
2.13949880562723
2.02811867929995
7.52316937695522
20.9110098425299
6.02514785970213
5.60703087296852
5.81003343686461
4.09527901417396
20.7705526612699
10.0137449328938
8.23621218015289
0.964636359137623
14.3469666130841
2.99526122398674
19.1206721123308
0.552677148410183
5.71450078062806
3.57000227086246
12.3849240597337
19.9020191196213
1.41330324565512
1.25341941602528
4.62210715983346
5.8763291221112
8.60183556115462
7.06624245322772
14.9949950631708
1.90449962392449
7.51655479814722
24.948538839817
8.9249209035188
3.62495132721961
11.2642356660217
3.14707325711105
16.7472840989856
3.72902012775868
17.2110410872847
3.79215805377197
0.245192490683212
2.82992148689116
10.9548099339008
7.2791968472302
9.56587675027549
6.50639497750985
32.4128892272711
8.90742423944175
13.5964267297474
8.63461084344866
5.53323701024055
18.3126149644108
0.678450008989158
4.55993311113298
1.00353397428989
16.7595192969563
21.5344604104757
2.95030310609313
23.5367769039024
4.04642875978369
6.75931163132191
2.24746899420569
0.396325159817934
3.63876186311245
14.6800379071601
2.1837783537477
18.5294524197457
1.32074946246814
5.29505587182939
0.750413257628679
12.8494290101275
14.894421715762
0.0169442966580391
12.2752805706114
5.5980246196147
12.2743937006288
8.95430040545762
0.68114663833956
3.51267126388848
2.85984638748387
8.20955000817776
6.39310739849865
11.5962103009224
6.52327137067914
9.51917610265402
1.88729260116816
0.625593448057771
23.9971792325377
0.276920652815053
0.883990060538054
0.370501980054057
16.9784277677536
4.1405969299376
19.1917366770676
0.385992275550961
14.0399345196784
11.2120256293565
0.131984055042267
10.2616761262326
9.91136174754862
8.18531424738467
6.75602280472092
5.57846367971064
1.24883926473558
6.04583277173596
22.5260570645332
29.8572496045381
0.950846805107903
10.4300437621693
3.83104463107884
14.7622843272984
21.0948402993381
4.6730121150016
2.98069594427943
3.50300860591233
12.2629039920866
0.786717905390588
4.77384652823996
2.31971102766693
9.47778762237582
1.57253815010485
26.6971245408058
0.242571212411479
11.9739984162152
15.4296982567757
8.25734999962151
14.7810641436842
5.57899680190656
6.07993375854003
1.49673507548869
1.50232403539121
3.08081924364376
2.82094789804434
5.30025812074214
7.25009279113082
12.3849006835371
1.07511382223059
8.04031603038311
9.70530351623893
9.12761865183711
18.6458054929972
4.29346682739011
0.342583702877164
20.3651546397762
11.1670950748504
11.3202280830592
5.27851423248649
2.91155558079481
4.76574640832243
1.43045046569883
11.1578097101301
20.8566491026431
6.77595583596569
5.71556515294342
16.0635145846754
7.16702488406634
9.89103484898806
13.0913849454373
5.22819308502244
11.7242630442623
8.80002306773756
4.71216175318524
3.52399039141129
12.0226654681518
7.21048084688602
9.70501051886331
10.4225764982402
14.3447589594871
16.983646992594
2.85722932138424
11.9923407677561
26.8124061170965
12.7593321175302
23.1908393092453
27.0468134898692
18.9940486114423
3.41010065749288
14.4634368363768
22.6530188694596
0.437428504722727
11.9957584887743
8.75296886079013
22.2073410172015
8.13001630123685
15.3483002372837
23.9094690419734
4.71117831590083
7.92690990492702
14.358005326901
4.30774423293769
7.62362112291157
3.71330625662309
8.18332373164594
8.26253919181321
17.9841093719006
0.561000303647316
4.57508903928101
25.0785818323493
3.09827151532359
4.2754836846143
18.2171300519258
15.7111771404743
5.90001977980137
7.22955583769395
18.3212311938405
26.5438358765095
1.26523403478891
7.30639568519098
8.77017603584363
0.196184949590712
4.85654597514657
11.0420320183039
11.2612549681216
6.54330994002521
13.412230135873
2.90165031328797
12.9021248780191
5.36642939165635
21.2486671787284
4.23016059212387
5.39916576817632
11.1304304562509
10.0518942810595
7.72645850665867
4.37945569021183
24.8736266512424
7.65840708507339
22.1713055856526
0.526925332251009
4.58034635521472
0.895723173988292
2.20663534252753
12.8196916077286
6.69274907559156
18.2917038216164
9.66224856384745
6.97029833681881
15.6584003008902
11.4653962198645
1.85086532949075
0.294718472287059
12.8815069328994
8.27075237869522
8.41586612949788
21.5122937224805
14.5322415977716
1.26004830222231
11.5737772247281
7.07448245957494
2.49556270428002
11.6633107998267
3.5111434601708
11.9326026279803
2.60887634940445
15.03013880457
7.53379943072271
16.3218837231398
0.498472739123695
1.03337145494167
6.36185040251411
10.8530241530389
7.40570393390954
10.4652872309089
3.78665644675493
2.36825826577842
5.59521256706561
1.63249917845544
5.55104734376073
1.2577320594481
8.24546762742102
3.53389363735914
7.30379084125161
14.569927053526
6.01749477873922
1.30129051394761
14.6085653454065
30.0884257154819
12.9832110367715
6.8918677046895
18.3411257341504
5.88264288380742
7.8545010614299
26.1512605708513
7.70061262990735
5.28958668000996
2.11639534904901
9.72716901331118
7.73921115323901
3.39327261831196
1.55772219786303
12.4615069710201
6.28726431168616
3.68377345922322
9.89115071294528
7.44063196149643
20.5383368691155
9.68688323450059
9.09338552280908
1.80140839320942
6.78152429520409
4.22787531919814
10.5387224179741
4.08546957187355
15.4158202101993
14.4512204453349
10.3397960308939
1.00903396029252
10.1878685411066
3.16524803638458
13.2876065094024
14.9558240082115
9.82237220741808
0.141882197931409
4.47691027915155
14.7053941618651
7.78727048571773
15.4696631796148
10.0215340498835
17.1781667973846
1.82913728058338
2.17267284096786
17.7785319413684
21.3308561136043
11.5443018968487
13.3882473215393
3.10740524740314
1.13767650909722
15.4180531132926
10.9085546806455
5.66570367664099
1.73049606382847
3.52944866754115
18.6844989191741
17.7590002930059
24.0110657643527
8.0676540442949
12.3374212870994
18.6345143367445
10.9602853972271
0.58247658760097
0.591112673282623
7.03776938022916
3.88430785387754
11.3189213909209
13.7459366003031
7.73951699379379
11.8100626821114
18.8339180778712
8.42144354246557
8.73207044787705
3.7016263875488
5.28476986710062
20.3700524921668
19.9237701483071
22.4983845837414
13.2855181116611
14.7914342116565
18.6741741839796
1.45603374655825
17.5005372330837
22.3772870376706
4.95320738464435
15.7143195624628
14.0643146613161
1.67898708023131
12.0638774707913
11.9640172173003
4.23851560483196
4.96278047370948
5.45247425325215
3.16558620536903
5.78735387985654
2.12238864041865
28.0812297822733
2.80528884970041
17.8928200155497
20.6054457463324
0.327317928895354
3.03235836327076
0.737309158940256
16.2860053125769
13.7530169449747
15.1709094643593
10.4707674589008
2.10633547976613
3.91088286414742
14.6614894540032
2.05854289233685
3.55069900004208
12.0498057454824
12.4767093919218
4.02348209172487
10.8175274915993
25.3727903589606
4.21742219477892
2.91544166393578
28.2794467095066
7.49963391572237
3.46358364747049
6.74771197936687
15.6712722610297
0.3222478690553
7.6948313187999
5.68320876918733
13.017118209973
1.79644045419991
8.15273402258754
1.54634732753038
3.65726863965392
0.105586647987366
10.8378414759711
6.52320231311023
1.91022362560034
2.99315566315561
10.320280092792
6.35974157290397
1.15420455121063
14.2513937782496
1.18747758679092
19.8294366645541
6.78249225020409
12.3765089549124
28.6357840908281
12.5070622190833
6.24829074367881
13.4795976337045
0.838752529610923
0.718301953747869
6.7783386181482
3.03260128308754
8.39615697041154
1.1852549854666
15.5220742803067
3.30273243091304
11.6372765421966
23.8435812554888
3.53158488869667
3.86472645212686
17.437402298674
9.63703123852611
11.2612094435924
3.56777056237391
13.2154117813993
26.7184127122164
16.1104090046138
0.283837551251054
7.65797640196979
10.3076758328825
4.49956813827157
8.67740672178159
4.44994913414121
26.3976494316012
1.26299289986491
0.40109577680389
15.1559320744127
5.69608490914106
8.03287252783775
30.3443896662618
10.1816713074912
8.91194020606609
14.0303221996874
2.9760567471385
20.0690651825271
1.29552053663856
2.5726737435205
11.7737855032208
4.88864295184612
0.36475023484426
4.909987706927
10.2038245648146
10.5240681582697
11.1484019392304
1.7135968702629
7.73181798867881
9.72918223791167
8.9628615580421
15.5567661859095
6.25805823753236
14.4592097334633
1.15666487254202
10.6041149701923
16.9234209975977
2.23222630535599
5.45351156033576
28.415644634515
3.18635776638985
5.87193081155419
3.31260249949992
3.29455991327889
5.41520384140313
0.254144566788999
6.92504205238438
6.27135572594018
10.1376698352396
9.3190887289297
2.11260761134326
9.60596974856419
0.581260205902449
6.29657059907913
15.0246897246689
28.1367959335422
5.21000497974455
11.3395863212645
6.85138539411128
13.2515667750218
10.5361874488839
0.246141084750899
14.580897288397
7.48176884114998
2.12222092830998
8.70680426165515
3.22584029438305
7.84297763985114
8.49300986155868
5.88983749039471
8.45287246629596
1.26144452951849
1.60646185449316
16.2240149918944
0.562848476693034
14.2750450409949
3.83123384176585
13.8713436797303
9.86354295164347
1.76133524032761
5.52247068844736
1.62227186374366
13.0065200803645
13.2805363678932
19.7247700765729
0.443056821992994
13.2552627704454
7.86728342217012
11.1175014637411
4.74873670520768
12.2244460705057
10.2358860429376
4.97567514290043
8.23019971139729
14.123727978185
20.288354670736
10.9037184156477
17.9549193941057
21.4699082542211
7.19055286702004
1.15966321900487
10.3401174303144
11.8936694227159
2.95928921848612
0.607689326424355
0.222653895616531
5.86373591795564
2.54901102744043
0.0896996818482876
4.28759278729558
19.6245749015361
1.28514459356666
2.09910813719034
1.13088870421052
3.74103812500834
9.60748051293194
10.2004821877927
4.3365530228261
7.04393326304853
9.22659259278769
19.6519516287914
2.41352842438619
1.56774705448979
8.06048718678415
16.6310256314185
11.1831163861335
12.9995810799301
9.57062570378184
13.5668167378753
24.6383932419121
3.54986479505897
8.38964055292308
8.50083046618398
10.4017477948219
9.28616314195096
13.4738219874379
7.68098095431924
11.6340900743498
23.0103751644492
2.54099555313587
6.2942868554044
7.21352482711802
3.45554780215025
8.05300215696328
9.10476110875607
30.3363848943263
3.10606458224356
6.97520631365478
5.02991791361635
1.68246421962976
6.13517652473411
21.718330308795
14.7240370142403
5.54061490111053
20.35042483533
11.5405121818185
4.46601030416787
21.6110680252314
13.2523307274765
3.62050789408386
7.25991218736294
26.9332574059707
1.99751729776208
16.6116427630186
9.11857993341982
17.6043946761638
4.19460500178157
3.49193089641631
5.72075312957168
4.29806701961911
7.28192249727358
6.40943115577102
30.1549959927797
0.581618119031191
3.73519423601835
25.3106319811195
0.302324262747331
7.41614181192049
0.981605893300814
14.6935473920916
5.85615476593375
6.50324674198374
1.69972328259286
2.44235848076642
21.5105901006609
1.0098363738507
10.1598741021007
8.42878599102848
16.0504809115082
8.61359147526697
16.3852230051858
22.7064440492541
0.534077067902531
4.42459681071341
14.1189780086279
15.437247319868
3.93739649132421
10.1905006334783
9.65275529625053
4.85385712236166
10.1028217374678
6.43226439133286
16.1612042644403
1.7247930819209
7.17123900893531
5.11421016417444
4.98909372836351
1.7506607570207
9.70781806874566
0.255926412418644
4.51394161437247
2.77924141846597
5.34393396228552
22.1879385798578
1.31762593512395
10.9472470784428
12.7403833437711
7.39779183641076
3.02618972774703
1.19622012869677
2.45170708427722
4.88349483348429
5.21143903024495
5.73306261267642
1.5368246473372
13.7820161413401
2.93225455097854
8.03625956365857
4.59389470893159
2.76789059862494
12.9552322905511
10.4198200942472
0.615836393501419
1.1528252158314
0.404604058712721
9.49205658398569
15.1739477664758
10.1183497812599
3.58259128406644
6.68369582354012
2.17865412534919
1.68041819706559
3.99345578625798
15.6213819980621
18.0361239370113
12.4817301984876
3.90234435908496
11.2719696480781
9.29061584174633
13.4414580650628
10.2477916288755
11.3861511461437
14.1847392575843
11.2961689010262
16.2550675217062
0.477153901010752
4.29367724233201
1.54622884247822
0.396105079102513
1.54703734442592
10.7096935156733
0.034269317984581
13.6038683354855
22.0344193279743
1.9230030534217
10.3010126170161
2.90213897824287
2.60344846174121
10.119184339419
11.7498274913867
11.0101691830864
18.9377015922219
5.33274225890636
10.094319563359
10.0175441023259
2.17157927394243
6.06153192929924
9.72844217903912
11.7904869839549
20.6163359805942
4.95932074263692
15.1514875236899
4.2774218134582
16.7232114870211
13.6526980244475
9.02977082878351
3.81463170261356
13.9365208800882
10.1896352600306
7.76205952213929
21.7870205050731
1.5338659286499
3.40051576293962
1.71936200931668
13.3939273655415
1.44819471675653
12.1639489196241
4.33005191444734
4.38759424723685
9.13983355276287
5.09259337559342
0.772344600409269
5.51621550694108
21.0454653948545
0.609470950439572
3.75802177187066
2.08174451254308
0.216821953654289
0.0940599816922613
11.8044182192534
0.338487746194005
0.961020459538326
22.184152482684
2.54412543241341
18.6482670302337
0.809161365032196
4.90199397318065
3.00949858501554
15.1688184589148
6.51051709627484
12.9956173244864
7.21352724358439
1.19736208580434
11.9226285272204
1.36563405394554
5.45204719600714
16.3649428328611
7.33117177151144
3.51223199195602
21.8857038378716
27.2455872502178
18.3005549944937
7.82407093793154
0.843386258929968
6.23410285628857
3.5625031683594
1.16215697489679
0.20208484493196
11.673137685284
9.17816362343729
8.64587347023189
5.39432081371759
23.1073243971983
17.6325978711247
0.987910546618389
4.94203981943429
22.4530095234513
8.7233267724514
0.255268974660718
4.97542917464385
0.339799425343386
13.7082120803465
4.30520968511701
9.62346061132848
15.1289706446775
2.01586056500673
3.95203127174998
12.5995241962891
5.60171292163432
4.27284082397819
2.4125006543939
10.5929386336356
7.57210732844583
8.04074392654002
1.66274110551836
9.14980936795473
1.48184051461781
3.85386230810533
6.0728948097676
22.5379601120949
10.8747246912092
17.1214498579502
2.99852532723722
0.0523601658642292
26.9047284964472
5.62667683096691
1.64008620195091
2.23352112807333
5.43708029952912
11.4456400283754
2.66218177123053
24.7419206402315
10.1398583501577
17.0563403810635
3.69038269855082
4.20721135505467
0.416166801005602
22.3211980424821
3.83017048618169
11.5984973497689
19.2164498381317
7.6214205021637
2.79401055717153
6.7064065951854
5.00066261738539
2.75417850352824
14.3072261074908
0.470575216675275
9.85646266490221
16.6317004244775
28.0872881878167
4.67688371427357
11.2824477640303
5.45056260707443
17.9509199906732
3.2237381208688
14.2441403586417
21.9430885500633
11.6633003111929
9.94148489458605
5.24603216643744
7.113156048581
3.30785345286131
16.8307792590929
7.57056323653025
8.34517794148124
0.951114689570279
9.3809821177274
20.1720926444978
2.71075777709484
3.49752689569179
5.99984647706151
8.61775134690106
11.1086346674711
12.3533696401864
5.63952033407986
11.0516896937042
4.27699744428262
1.77621847435289
5.8769051451236
10.1268137339503
0.69146566092968
13.6277800425887
0.863650441169739
6.93286667042486
11.8726682605811
1.18404249660671
2.53406069732972
5.41057382674333
4.52220095321536
6.76786641593361
8.65670947986467
11.879467206646
12.7056299895934
17.7944753319025
3.99404594547505
9.28010144270957
13.3493455236887
7.14692520573689
2.37429037900423
14.255736162886
12.531825248152
13.5324197821319
6.43619097948299
5.87882162071764
6.60840721735422
4.80037666857243
9.13516608998179
3.47954306725931
15.1052510365844
18.8676209188998
4.49346466421479
22.4586123716476
20.1321818400174
14.1411779914051
8.51273966462814
19.4437678954411
12.6579965930432
0.583623582497239
18.2075855182559
4.00234308530443
12.8227750770748
0.114518275639423
17.0344312675297
14.5856603514403
0.907947962568103
19.9863513238592
14.6465021422083
5.1816277161252
3.71890637977589
13.8353704009205
1.53965664360867
12.4881759751588
15.0940205743543
9.62878311984241
9.98035305961417
6.71719573438168
5.23548261262476
28.0095817986876
6.95275780744851
6.51522995904088
2.51966291107237
23.0082110036165
10.3887898615966
12.4415142269908
9.68067012727261
0.522969747600559
1.29904436557951
20.0049416243811
14.0978942625225
7.61034926399589
4.97070692625551
2.5849404924354
2.99599696882069
13.5714483913034
0.725927529856563
2.51417052932084
0.791440904140472
9.58620278341483
11.8053340818733
11.7444518953562
29.7969542443752
13.1361214444041
7.81566808000207
12.5410144790977
6.55092988163233
4.76477685022579
0.461468516734677
12.9580400936542
6.95393116210537
6.37234970142202
4.93079200387001
8.24939045279328
1.89580057164688
3.65282869654753
5.6769082097867
10.5634741485119
4.43765080172152
4.92821093648672
4.17820809708365
0.477008149027824
7.45050177468502
4.02357326820493
23.07464018497
2.29638817651564
6.50062342174351
6.26105084083974
20.8892700820492
18.1885280180722
0.376174274983218
3.4410014282912
1.92239051684737
1.33665231987834
2.91268057189882
13.0207208779553
5.01945558821909
12.0077772065997
0.578091119317511
24.8489712188961
14.0370261608543
8.440200315736
1.98404118743549
6.71536543486592
17.0621543244007
0.453207963089782
9.7230433440563
2.67373542301357
1.24447685666382
11.8298000656068
8.43108245171607
1.19722346486316
2.52159878444088
9.70844142138958
14.045634213835
0.667256629094481
6.14153612995207
13.3770767133683
25.5958272144198
1.48777151480317
2.04728327191135
7.88264907896519
2.53951898775995
13.5072532227395
7.79010802110108
11.7564168293029
6.78141880780458
12.5381949382427
21.899824071619
4.70205852761865
7.72081080205412
9.31458259001374
6.98869950138032
15.0608743304209
1.71449091285467
6.85400888323784
0.790348323062062
3.17187652761831
7.86446966230869
7.52327999085395
5.23912063756573
5.1946250256151
9.98386782594025
16.3855988532305
21.7238800775782
11.0948288231854
6.95674989603088
23.9370515104383
7.07220998753002
16.5964935906231
18.41644631389
10.3024699155924
1.76422617830667
13.5830706916749
8.17958838306367
0.598893003854708
19.165316013167
12.6731663596189
9.35370582155883
4.15802551433444
13.2728406164973
1.55778470262373
1.11079251763408
3.87012548844304
19.1331536099828
7.72897723543969
6.06223511513885
14.5931618737458
10.9061359893531
0.583126535639167
11.8710644543171
6.73310066445157
1.70357269234955
7.45333057909096
1.78261268883944
3.38447545655072
9.24544925801456
8.29996415413916
4.21435090607042
3.83043636945885
11.0340478737485
20.6310653364052
6.42758246169005
9.42674023099244
1.72189129516482
0.703777279704809
0.186856457001977
7.8963634558022
11.0247585456818
5.59024955146015
4.28660363359671
6.54293361770385
8.14968827180564
11.233264005669
9.35224872294216
0.87368288077414
18.0427635088563
25.2353616058826
11.5233202464879
1.08286634918766
1.08400458783137
19.0465410067799
7.81699722055867
16.2704400718212
0.795248828840784
16.6763532906771
18.4319213823032
15.0802712421864
4.24497300990785
11.7949891095507
9.43981497159149
12.3343914281577
0.828361650928855
13.1554836407304
13.3083428721875
12.8583276836376
9.71908764913678
7.61941986566373
2.72983756652309
0.921705917237781
4.89600617438555
5.11469421908259
5.07390145212412
3.09382863342762
3.92395514352139
1.12480851821601
6.21224731546005
9.22136479057372
0.530620804056525
7.0855653327845
2.44811311702231
8.75890045426786
0.766253611072898
0.0812589808801074
5.46059138141572
12.7226492628922
10.7024014461786
19.4051341111616
14.9909984137987
9.96509273128515
2.86967864617256
0.101852467799215
16.0088892647907
17.1914769802243
2.17885081656277
2.62683018891626
7.06653175875545
3.29835640370498
