"x"
9.3575463630259
10.6517773587257
19.251893600449
40.1447988144769
17.2855079615579
32.2535268962383
16.1554855872022
23.834452079609
17.2212515957654
10.1296482142061
8.62905322574079
25.9231113999667
30.8724318212471
32.6285270042717
30.8546543731089
7.17257587239146
28.2883866224438
46.2010668590665
12.5952423084527
16.8168331496418
18.3535672724247
27.181357618767
25.2232938004304
50.8511398453265
14.660480665043
16.2341660086595
19.4051121465401
11.9268612004817
18.7555225100368
58.5425009485334
49.9964721966535
40.1448717806488
17.6128268178019
29.1219471201092
29.3835793156177
36.5156279411167
11.356635671109
32.3203599080443
44.3425693083555
23.8708346383778
33.8685433845967
32.6791433617473
8.45585087518138
25.6266290787607
22.3507857043082
32.3575465939939
23.2898972462863
30.6843906175345
35.7868147548288
18.0782268565487
26.6024969518185
33.8621705897618
6.57894653268158
8.37637027725577
29.6432167291641
17.8893248816268
43.4238484449384
39.9602486286312
17.0902011916041
50.2997973468155
30.0446948963287
26.8225386273116
21.4364809449762
20.4606461144386
38.6369642801583
6.93190065212548
46.4746426325291
43.3536025229841
7.67524228431284
18.841943750158
35.0254497089795
19.6463161944027
18.3051972809277
20.4602002631873
27.4177858542597
25.7867429871112
48.9596383180469
39.526768354699
11.5410547703505
42.9652978660445
24.5110051706433
28.7824186939762
15.1458828545676
37.0961538050324
23.5479336697608
25.2922728633058
33.608410783107
42.7549520134585
37.6558095216751
18.9359403215349
36.4884662441909
26.1791372671723
20.3996009193361
42.9389338485964
33.3197498228401
35.5546094942838
8.3270123694092
33.9165930314049
54.6444748207461
5.19295153208077
35.5828474741429
4.18140975134405
40.0096278394302
14.2632762553885
19.2718830958013
20.5404356122017
14.2862326465547
23.5859663591861
25.1704933032631
27.5841876864433
31.6936482230623
13.9308823738247
41.5106662083417
51.8594476394355
35.8051291666925
38.4343882183978
20.9711149744545
24.5372817159897
26.9429068081081
34.0759483166039
38.5306155309081
51.4436793513596
6.12483047880232
26.4427880197763
0.499645304549227
16.8918842449784
31.537766661495
17.3804928620057
29.3726834934205
33.3182888571173
26.677001779899
25.591236539185
39.5021468866616
23.7423876300454
36.0675478354096
36.7262191604823
36.328921886161
15.8664776627363
41.9347712411291
26.2587112840265
10.5629131805592
47.6951771447817
18.7050858512521
43.825176358223
50.8902615867555
45.9344364501252
15.5152941725425
7.01988502405584
34.1930584050715
46.9334396068007
18.5714565683156
33.1158925313503
16.488487040624
13.8750210404396
23.0572754517198
27.1638906095177
38.1029475177448
25.3130408469588
45.4367173993127
37.329155574272
19.7866155293272
51.8920656293631
16.5413891243901
18.5204497975748
15.0767544284463
14.9844160303473
35.8260140288621
27.4955524603116
18.0423204787076
20.6807991955429
24.3828731123358
39.9057876318693
22.4389721173793
42.5629233475775
29.8417266228286
35.5646079871804
5.39300758391619
29.9421863630414
13.08333074929
29.4074350502342
20.4551639501005
38.6625441674904
30.8032689616084
12.8369650637763
35.004731407389
7.65255745500326
37.763486341118
39.0963483136147
29.2453914880753
44.2027405835688
8.97280741482973
28.5415151622146
17.6284731831402
24.627042375505
3.24297081679106
15.8376129545641
17.8641404956579
40.4988433700055
28.1591098755598
18.3757066695011
29.3323809746653
16.9108273461461
39.5424580667168
49.6072228066623
52.2021542768925
25.9054942522198
31.9328399840742
50.0938061159104
27.8279603924602
37.9545398967761
16.3417586825763
20.1199616165195
26.6837942413986
30.789252743125
36.7619872558862
24.863934982568
30.0792492926121
16.959164571017
37.8587034996599
19.3627793005049
24.8487301406324
31.8784995004535
27.6543591171503
25.9959447294219
29.8300442751497
29.4695804361254
25.6681855640155
29.7578375786543
27.215628977865
42.6290956325829
38.2963059546094
13.5668291710317
20.8283507730812
29.4425485301699
32.4242686140944
14.0254862456362
38.8458836823702
28.9045634380429
12.4291804706485
14.6368720568717
20.1941573992372
45.1427216175944
36.3937734160572
31.8896675482392
16.4667433593422
34.1454067733139
36.4986920263618
18.0323768872768
18.3543133549392
30.1179584115744
39.0764883118693
42.1256584115326
45.2512392747641
18.4938565798655
29.7386178625968
39.558934699744
27.2508067078888
17.7146006841213
28.8461415631992
30.8682618197054
26.7690755071224
5.25803742177178
48.7832271493971
50.9881041944027
32.2314516592156
22.6355873979628
24.4986307807267
66.3398539181799
38.0917723756284
49.9127144459635
31.7447014434607
14.5173363853246
45.9975068923086
13.9180181547999
21.0761145642171
31.1315340921283
23.6435028548208
27.0853113848716
21.3113902136683
31.0157141809475
31.8123209290206
26.4186955057085
27.842873102054
27.0789458882064
48.2765082269907
19.2212902009487
49.4527786970139
22.8025346063077
15.6135434740902
15.312488527618
33.3287995044972
27.3498774971813
17.5734176388072
20.3318959567696
29.9791234806818
23.7855794839561
31.0699597001076
7.81873413361609
36.1412858590484
39.3643907271326
23.52215484716
24.3590206561066
23.2399235426144
30.9677195269614
16.8960953596979
18.8313149381429
43.5081928502768
43.4323395602405
5.56660783477128
27.124692526322
17.5341804164933
37.8038699197866
7.16753317974508
27.6895245537162
32.2306183632463
17.5493476446718
38.1361274980009
16.7245902552164
34.6169142052531
30.8873611955023
30.4705384107503
12.9230439799325
21.97131132707
7.77631533618482
26.8754323944449
23.6882517930891
22.9956101626158
25.9079565759748
14.2769048108402
24.7728865593672
6.40702750533819
27.0802454926647
7.32128292158669
7.84271280281246
36.2464960664511
40.220708027482
6.06109860332432
35.9163185724941
18.7126773409545
15.9954557195306
10.168149927631
47.6825996634469
47.5269795861095
21.620422648266
29.8686440164037
19.3219400942326
19.3512360099703
29.462742805481
30.1034418346607
35.2688598446548
19.8324963153574
6.01183247359753
29.4662791769952
39.2065211470526
54.703992465511
27.0996915258049
25.3440527882921
24.1687677681965
39.4977486692369
26.6155873126423
21.7049936763942
36.0571456716024
36.4302512723953
13.1433755159378
1.57330790534616
30.593799041513
32.0878409780562
34.5710065215826
15.3062616940588
15.2469550259411
6.71505914069712
33.5534142756642
29.930284555582
7.48051041737199
34.9283854011446
21.3120712785135
40.1212222874165
30.611813813448
32.4278764426708
39.6275958046317
14.7589121530882
25.339626101777
39.2501149792224
41.698666382581
31.2744387891144
23.3518884027548
26.2889691628516
31.5557370893657
31.3534811444906
6.53043962129725
33.2967232491086
31.5197035582957
45.1100951060653
33.8429760653526
4.32540373876691
29.0493515443681
32.383247744292
8.39770861755531
24.5410268660635
26.3779983855784
29.0652272532884
21.0122558753937
24.7568649426829
38.57855014503
27.7973128482699
34.3859853222966
4.94246948510408
37.4333494342864
30.6412590208929
34.3958909623325
35.3935347404331
6.65319124091812
28.6555301398039
43.7623705714941
32.3965348337844
30.7910822544589
42.4701753853218
22.5249581504613
34.4162973575294
22.4430358037353
43.8777304254472
45.7838667090982
48.8864039536566
24.6955158188939
24.5139507111162
41.0379240754992
23.8717216798617
23.7288095522672
25.1951955258846
48.7003396265209
60.0276875775307
40.4700725339353
35.1275003980845
16.0665695391274
25.5520671140403
48.6193602904677
33.8925232179463
27.7409899025202
36.3977028683204
30.2056854534759
55.7348525863499
14.9343534838408
27.6148368604481
21.4548460956838
10.8422603349982
38.5584310162812
34.0854915139962
22.0856156200171
30.6251994799823
27.6379075611609
33.7256321683526
15.5092895496637
16.2984906695783
40.278655057773
21.3944749534735
12.2630265541375
29.6251379922807
35.7150819618255
37.7553156577051
20.3036460094154
16.4247941672126
15.0397002696991
43.2014656253159
27.6009478606284
40.5658897478133
20.146636624605
20.727336660034
25.8858932647854
7.29943327605724
12.1871768496931
11.9442197340764
25.3360461108131
46.5820189099759
24.6514682658017
32.8251656144857
18.6533164698631
17.3139672683388
4.82107256539166
26.740151780125
30.4753198754042
33.6560179945081
34.9184866063297
35.025988011663
22.4491176515775
39.5714320708066
40.7869684975594
49.135838681832
29.7125395387411
35.0942893419415
20.3346321824938
8.77993204630911
5.52586768753827
33.2988089416176
12.4587981408953
17.4431598962278
29.1992700658739
43.2927702087909
10.0901517820099
16.7516516521573
18.5879827942699
16.5536016315026
12.4922936239255
25.3491564188153
37.0927207637578
40.3046620426675
31.4339489309754
30.0274144392461
8.06870372034609
18.1510495021939
14.3144018089491
31.2559567857534
32.3702957481146
16.5042947977781
40.2071682736278
21.1747560980664
46.7110553290695
24.9517298201316
30.3444916382432
26.8921647686511
11.2389005052046
26.6636790242046
14.5587984411843
8.32339119946369
23.037237678308
25.0371912028641
30.3916486394981
37.1458028443158
42.8026984911412
13.0278993229739
32.4234121391009
39.378694165498
5.61734101145812
20.5884950701147
30.8793690055609
29.8871115315706
6.57215014714727
26.7077854335736
53.4046372398734
29.295278666541
15.8552659675479
41.5175079368055
29.5899932738394
30.2687156014144
46.4959393255413
31.437822354062
25.2041168510914
4.59828674793243
37.3701764736325
26.2824235949665
26.7883405943869
47.0981898717582
15.1627205848628
15.0716328527778
17.4852123018354
19.3689037987376
20.5473468638957
10.8508005738258
30.4575905810425
17.2296141162105
7.62588577345014
10.6356443371624
8.55517243035138
33.0932651646435
30.5633027106524
37.2676664497703
49.3852279148996
7.8397183213383
9.0521574486047
17.747930995223
13.0246764787443
33.3432576153427
23.2962553893058
33.620730927214
57.8082835301757
35.3091714438051
51.8238711636513
45.7470790483057
37.8192950505763
18.7691215891391
10.238734845595
42.4978296272457
27.8192427481628
17.1015218496936
31.4217784442008
12.4306158207418
29.9306205939502
27.7083806693554
22.670678097676
15.5911512444373
30.9694456402212
6.44421870820224
25.9069216340768
23.0406439537563
25.7103370968252
20.7220299169421
22.2865670453757
50.9129351470619
36.3240148872137
41.4108891040087
12.6759485719143
50.5246934723604
38.3478042450543
20.1486446894705
6.02420372888446
5.90934296721868
51.2155074160546
21.6231359920305
31.9530756212771
24.0588922519237
23.2815011026179
11.9518967345357
11.6098348516971
13.5993122123182
37.9533711820841
39.2764238537349
3.00323748961091
26.004534913227
26.8547581043094
18.355288496241
50.2654132898897
37.0075774844736
5.49729765711135
21.4516322083719
24.8680052347481
33.4573023486882
10.6057527475059
33.5021522361785
52.9090120457113
39.2517078202218
31.4316517207772
28.9303939789534
31.046564783901
46.2060156278312
34.3049214687198
37.4647751537167
24.8751308303326
31.6611257847399
44.9944581836462
1.70974521897733
9.24883969128132
16.196695715189
18.9314565621316
22.2750942627669
33.8123722467571
5.96920745447278
38.6762704700232
8.42178296297789
1.59860039129853
11.1507354304194
41.3682108279318
31.5331996418536
39.5929099060595
19.2346899304539
57.4087528511882
17.054094599375
30.0344448256727
25.0058716601031
30.2388733995269
33.6543314624578
41.0128803923726
30.0808129325792
16.5337297134101
24.998899595812
32.8594102524221
5.91977387666702
5.92016397278801
36.3160457462072
31.1543903932791
31.3753826078027
10.723290406716
30.8707544114441
19.9666584832556
31.3999515492469
22.6146838162094
13.0608982699926
1.797098480165
38.3863353170455
28.53546096012
49.1566911693203
29.6662819406369
27.8975612483919
10.0403762422502
35.1674441248178
20.4551061615348
35.2190038585302
10.6788760516793
38.6677375528961
13.5819706035175
22.8008612990379
38.5285750031471
25.9894931223243
17.8695904195986
21.3633915925833
26.3379547744989
29.5055338819494
19.137133192271
30.4416595958173
19.368182728067
2.54205657809174
23.0112450743798
52.2672971710563
10.2041647422447
33.9901337400079
25.2340683752751
7.93478423857887
26.3262062316887
22.0508464612067
5.12997633777559
18.5188753064722
28.8152329348275
17.2975619323552
29.9720548093319
23.4791981412994
25.5557300057262
35.6711292639375
23.1886419933289
29.6387608185328
43.887154199183
28.6304444283861
30.8240480205357
23.0032681241843
31.2720217742026
9.63976755580863
22.2395670925888
32.9583319369704
18.9786789473146
53.5647615163845
22.0310332002422
33.7040072306991
7.02002151412721
46.3493453338742
31.9975394138307
0.958032270413402
40.975503064692
19.3709176965058
30.1318391691893
35.6729492545128
34.7438913094356
24.0733153973386
15.0308885550651
41.772481566295
15.6302452851769
5.75943486080569
30.0595327746123
18.976884236077
24.192546820268
18.2462330441922
34.0661088004708
21.2472358955599
10.7721007503721
38.2427384611219
6.29258082887254
27.5314782859502
14.1376776620746
32.5422439724207
24.4115053533366
19.7296082042158
25.5658573005348
39.5236125215888
30.272025291967
25.9491226635873
24.8201226815581
19.1223929170519
29.1572936344892
9.55219178539095
52.0453179720789
29.602970072896
36.5729272103371
30.0588028039783
51.5846309717745
28.9393750950694
24.3196729570627
16.9404557155276
17.6133304870703
25.2030801959336
25.7763821166009
35.5990060139447
8.24393912744415
16.1445267964154
15.2056979481131
21.5127212919156
37.1826283633709
32.1104401256889
37.3498597647995
17.1998601555675
9.96908745728433
40.4072598554194
23.2362853394831
18.6902154873223
9.29376824887667
41.9978731311858
0.402616257961688
25.3457526676357
8.57134058099393
23.5339286271483
47.6145772639344
33.9658832643181
13.3029737533222
41.0391360055655
25.3578225616366
37.3336860444397
9.76212844252586
26.7882873304188
28.660632437095
9.88362015616084
29.45342278108
36.945439176634
23.931845804807
27.3669630289078
43.4675546362996
41.2740863859653
32.947355741635
12.5333050260385
22.8484070520943
35.7885262928903
41.2902721669525
18.1895062623383
49.0942941175774
42.5000150418799
33.0105975270271
35.0643533281982
21.7176919803023
27.0320581308759
26.7628498844821
31.6573719494045
15.7609392423183
28.7005672008874
3.14504584668958
18.0752761196345
15.1350156869739
10.9389560297132
33.6015754379332
16.4587545868942
35.995720513165
13.0523730069399
43.7054334208369
45.80636783503
29.2467285878956
7.97883118502796
8.15561464987695
36.5775011612181
9.30546056479216
21.3090269360691
23.2709418649852
22.6706188172102
2.68297619973896
39.8099933750927
29.1845578145121
35.9729447547975
42.009302880615
40.3755026403815
24.7471683658659
43.7464552000165
34.2038356233388
20.3664301855471
41.0885697230697
20.1411581598222
19.6378441061825
50.902652554214
20.9772554498917
32.8240756411105
53.7887525744736
27.1447163075209
22.767045123146
30.6625006720424
23.3675237435094
32.0914434734732
22.3535106983036
32.9091969877481
28.5743535496294
35.9982842113823
18.1215288733544
28.0237562594185
22.1235865261406
3.24996020644903
45.1974486000836
10.405709547922
33.7533223335103
41.7910424526781
35.7048360628463
26.4233265072107
8.11305067261254
42.6767384633422
18.4257802451838
8.45409819198462
0.0254748854786158
25.7998807355762
23.3564196509255
55.254829954356
42.815722618252
28.1091904267669
23.7569991964847
41.1268904793494
28.1736346385479
22.5032190792263
40.7042801217168
39.4400541204959
51.3259596191347
17.7035839762539
48.7999375443906
1.96807882748544
35.4073260910809
26.7637041863054
20.2189050614834
17.4080333672464
34.5632216893137
34.3937311787158
13.288142811507
17.4640213605016
23.2219329359739
36.4830681360083
1.62822884287604
4.34953351505101
38.9907773118466
33.2665684167296
34.1447555925697
31.1420141763053
0.745320177700082
23.1492042541504
53.402848308906
27.4016869486339
39.1170261109079
11.4779892843217
40.2893493607511
31.7770245485008
18.9293427245382
29.7504490309562
26.5958020929247
39.3143455032259
11.2960661198929
16.4051592802873
35.1164039224386
30.286858510226
26.8749113660306
33.7490945123136
23.2682852540165
16.1992652255914
44.1290344577283
30.0103830173612
13.9682991895825
42.003898974508
15.1657796223997
8.73067560605705
33.0305045004934
11.2512653444721
19.7339158660728
41.7773358702041
14.0422209631652
7.78637484236521
25.7161855406309
6.3942096196115
18.443318713075
29.5920736678323
20.6536284253149
38.9524168334901
13.0067655351013
24.9872486107051
21.50833690539
19.1744554787874
22.3267728462815
11.2818033434451
39.0945991966873
13.21284850128
34.5441112294793
21.6697892639786
24.2499946816974
15.8620121147672
29.4148640707135
35.8893591910601
36.2172669265419
36.2948279362172
33.6457974743098
38.7495105154812
26.6210582107306
56.8786171264946
23.638129769358
34.9749533925205
24.6970063136885
23.3681644616876
49.7795720119029
13.3481549475963
16.1966795006343
21.7624030058801
20.8434128422224
7.79143166728318
43.5595171526074
15.5703868659842
34.7930607851595
23.032725090161
4.37433547340333
27.4726072902737
39.8237324677648
16.9533562846482
45.8930941764265
18.6902783811092
22.7630237583071
33.39384784922
21.3109828531742
32.9940802417696
4.5271208391897
12.9122891103067
11.938731232658
23.684106273368
15.4440191108733
30.554334942895
36.6941744461656
38.6764908209443
27.2148396354169
37.2944855131209
31.6713613923639
24.5232513174415
17.5271664280444
29.9130935354039
23.8505720160902
11.0788941383362
26.4274066842964
31.6322814673185
58.7892906274647
5.63067824921415
35.3010966442525
14.6641458821248
27.7783608995378
32.9098140840745
38.6913754511625
23.4433885942048
23.3684011735022
25.0478327274323
34.6247107721865
11.1609491929854
35.7565097976476
13.9931911602616
22.833726555109
29.3453564867377
33.9718766976148
17.7497399505228
13.6291314847767
50.0239840708673
12.3812487814575
13.1460830436853
43.5327923707539
8.44938270747662
40.330413923381
29.5752884354442
8.41219769878677
57.5211588758975
49.2161217611283
38.507126737386
30.5186870042235
25.4801370203495
9.36693134717643
20.470361225307
36.5902781952173
40.4460990801454
44.7939625475556
28.4494294794339
49.3582930045082
33.3224639762193
21.4624245185405
35.6817414052784
16.3779692258686
20.1852424729844
20.4922140110284
12.2710370458663
14.6916110999882
4.81652915477753
23.5539890825748
33.7963819038123
51.144819939509
2.23381177661741
41.270263819024
21.4900763705373
32.9084022901952
23.6769719049335
18.4548046905547
30.7415915401078
22.5848147930878
39.2506191352764
10.6435204390436
36.2195671070367
29.7583116684109
45.9949328564107
10.2397469803691
21.5938904788345
38.9377840328962
28.2450978178531
6.75574452616274
32.4599822656848
39.9353908840567
14.5751520060003
38.1923410098786
10.9946209006011
41.3813978433609
23.4425836242735
17.929535266012
35.6473127845675
51.6136778518558
29.4430220499635
13.8166905846447
19.5152810309082
34.3465999632443
42.3213376197964
12.247330349642
41.8497664388269
39.7689506681289
17.5178614445031
38.9319544192404
45.5075182020664
62.2134702254942
29.533412726596
16.8913328554481
11.6353352554142
20.4992998621544
25.6609862670302
31.8430976010859
2.65830373250705
27.9462551232427
27.5675897020847
18.0820493027568
30.0614793784916
11.6890255779209
29.5759429689497
34.5090684946626
40.9655990544707
27.448540197707
13.1546236341511
25.0603712163866
51.671029208228
44.9727430939674
3.57645605690777
42.1784302219748
25.6573245860636
39.4819368924496
24.4185632269462
37.2321847360581
13.4689678383501
30.2751136210455
17.7457637153566
36.2737098243088
19.3247656738395
18.2542302728794
25.5605608224869
9.77716413326561
20.1670965179801
18.3205068319575
32.065920997411
33.7672141739261
36.0885391477495
21.341786859557
14.9818208493075
15.7063873484731
41.2977939471602
48.9493009865996
36.9565643370152
17.2991957515478
36.3834925328227
17.3266254365444
41.241855500266
49.7797829099
39.5760105922818
35.822372790426
20.8976146765053
16.4076729211956
32.6038376428187
31.9444365799427
52.2001186707419
13.2410723176911
42.403109616895
37.4737616162747
10.5226040352136
20.615438465029
28.1133552081883
16.0152176579748
16.2542007614396
16.7684840579941
14.9759488645941
2.60868502299536
34.8557804711163
13.0205512046814
25.5082612512602
38.1212580949068
9.01758290251832
30.1408481318504
9.11125079715633
25.3964040839337
30.0593656953424
34.1475281398743
12.216947413981
26.0009779594839
36.5112016443163
0.766060687601566
30.7187338825315
5.26472091236086
36.2800998613238
32.6557735446841
16.9625455513597
26.4632161022822
10.2127889171243
30.5668731220067
12.1547597984595
7.19309321026082
33.124304516241
22.5372619683971
28.7939688656479
14.1076150965399
12.7401923464204
16.7015583254397
48.7911981996149
39.3789831083268
43.5642743948847
7.76704945601523
30.7445209939033
41.0546828527004
23.4231707174331
41.9025848153979
36.5453962236643
15.6656322535127
9.066948806867
12.8637385172634
9.98166548088193
3.81174841432636
14.4652406219393
5.18287653103471
15.1290656041436
24.4758664164692
24.6391518555454
28.6582360975444
33.3851408213377
46.8871852383018
25.1850222703069
59.8417544737458
33.1916915435511
10.5155067984015
9.92045910097659
42.4064706545323
14.5780735183507
19.8832538283635
55.7333380915225
23.9617030362901
18.3071550447494
21.7984771613032
29.8529232702286
17.0312915928662
21.6317934915423
43.7815132085234
45.6277931109071
35.8686273917556
17.8613138850778
31.0816218610853
25.5213170312345
27.3548846168135
23.0795362943929
14.4043922191268
10.0475479848683
13.2653173524886
7.75738859446848
28.9468109607697
42.3988684546202
25.3437466919422
14.573140302673
23.8330091349781
14.660315355286
10.7675791718066
35.0543626584113
25.1036984845996
36.9750783313066
37.2287231497467
31.6287342924625
47.1145824063569
11.8109224364161
18.4752689744882
44.8720504529774
17.5425677549046
27.5639501466057
37.5178532346392
36.5826322697103
30.1382931529491
29.4889613409719
12.2903795447201
23.3032426081665
23.5787727404386
20.5662345513701
13.8159855268896
44.7881100233644
12.3045072129277
47.4790871609002
27.3542448669507
16.9514174573123
19.1380116157234
36.555852368474
27.0339662674814
30.4376272018999
22.2391312941909
0.259737104804306
26.6529533546418
8.95420499566549
25.6222427412437
21.0488356184214
35.5834539979696
14.161587273702
39.3517341179092
14.3520725228452
25.3720673266798
24.8070452362299
30.3063611499965
30.0584997820194
42.9492063820362
19.620509474759
31.8354479968548
31.1381747014821
32.8392292838544
13.9223579317331
39.337172685191
40.674000559461
20.3573654405773
48.613701807335
32.1677867920865
21.6514941304922
9.25461901415779
30.2673685017014
19.8569350410253
18.1285845359772
23.6855231225491
25.6801518145949
17.9117337824437
4.77568772621453
21.676932182163
37.7858140971512
26.6620093025267
29.4227485079318
42.0804973868838
18.0379408679365
29.0902350097895
29.9058759119362
31.0617921873927
42.4211983103305
42.5596643704921
12.6640036910468
41.0617350681477
30.9557782951742
25.5218621809036
35.6571628765482
15.1492135599256
25.2533862832934
27.0618871198257
30.1499928813428
20.063080815675
22.7540167457334
44.638091372326
8.45188344828784
9.48442257940769
42.6645587195096
9.31086256168783
38.4275080790844
22.9153966531157
33.6178057361394
22.5374741945416
37.2571671847254
28.177303308621
24.0646086167544
32.5156670678705
10.800695605576
25.4101146234247
38.47018587403
24.0702798091736
40.8778219483793
36.8036977015436
46.2838643230498
3.06181280956793
23.7414909694212
27.5064489338547
25.8497557137161
31.6179077040675
22.8394673542874
38.6894064955413
32.3478274047375
52.022620837077
2.77296691654985
32.3786539491266
20.0348015874624
13.3539001457393
22.3470146805778
2.71483189426363
15.5067820567638
36.623851954937
4.95627205818892
54.4443298596889
13.1797255482525
36.4396318784075
41.2791167851537
22.240268298204
38.7058501597494
6.82969037443399
42.4781224224716
34.0835614595562
20.7944979205003
32.0615202654153
38.1630946416408
12.5404129776942
29.453482478857
23.4515600628306
37.202080199495
31.7138983614703
12.5531853176653
35.848892832808
21.8007219746763
42.3784712329507
44.8237243574113
37.2095551919551
29.2757906485349
7.13409213754557
44.0495927352458
43.6706260356954
34.0504465487614
15.4301910601174
14.7109201177955
34.4648967962712
13.7830422259867
25.4690035711974
18.7839120925127
13.6931010056287
37.6943164970726
22.9080625344068
11.5018303506076
30.7940217695951
20.2633608196145
34.933942463249
41.8342298828065
24.4731103535742
4.53209998086095
11.3189432770014
23.2696425169706
24.2997725661264
10.6115722733459
24.8601052808424
24.7015928849578
40.5689445789903
21.7950216494501
16.5396557189524
25.1189833972603
7.62364294745039
45.0676903128624
26.8619764152507
46.14715622738
21.7587411403656
41.8942085467279
29.488998927749
12.4432815156119
34.1187697231835
1.55592965893447
46.3617636356503
24.8063945671755
17.7636383101344
30.000492092222
31.8324816252646
20.7330977817648
14.5815891679376
33.3714549429715
32.0120439881089
46.3554503396153
28.0007997062057
13.9565980061889
24.080437514931
30.5771890562028
37.8759876359254
24.7616353647636
32.7767165843397
36.5358693990856
17.1999172216233
36.9957824703306
11.9991776533425
6.21645385519153
15.1517194230109
40.8358179964125
12.3160696122795
4.27695466205478
4.05698912218213
15.7611820846796
19.837558362633
40.1615214534104
15.483624022454
4.42415857687593
12.7216566911657
23.3027988579124
33.0941019391639
7.21166525803692
32.6673711184412
42.4783722031862
30.1233319211163
1.56237226910889
20.0936635956168
43.9796589780599
35.8595716301352
27.7984478032195
44.7696187999099
27.0648180653704
27.0744617562741
28.5797418511418
7.2864874266088
27.6168240699917
21.1407156955308
17.6882687024772
13.0030944012105
3.87336928397417
3.66388401016593
26.2938142288476
28.1742246355861
25.0903372187167
31.8584135965086
37.0457389391959
27.0249895573808
37.6830856315792
23.3826001726006
7.32259621552068
20.371501640755
21.3629113510251
5.71216600947082
52.355924108997
14.4600478932261
41.6954910382628
35.4010116308928
19.7432253975421
14.5997366225126
32.0372791960835
14.1367421697766
31.6231883130968
55.7011261582375
36.8835860544436
32.9974616712196
18.6905541457236
36.1737530212849
57.0563281420618
27.065244027326
33.11902359128
9.01553598232567
16.5292762685567
2.71754432469606
12.7969435881823
19.4668752606958
14.2547631489421
30.2036943845451
19.3026733119041
36.0251718666404
33.3624782040715
56.6022378858179
12.5568013172597
32.1521922480315
26.23255783692
17.3595631960779
46.904704766348
10.5589284095913
30.5892146005482
23.4693611972034
16.3157143164426
19.299854291603
9.92570538073778
27.0806548318721
15.0499183218926
50.1439563930035
26.2709645554423
18.6035511549562
21.3880726136267
32.7300892863176
32.0404977537692
18.3080498594791
24.5542695745826
34.6569784451276
33.3441871340275
24.5225971564651
14.4789291080087
26.3874690979719
18.4719019569457
36.2735764123499
14.7831611800939
18.4010805096477
39.7543644003059
4.92190437753852
35.1610618162568
3.74987362883985
51.3153169304132
29.7156518790871
30.5110116954893
28.5420145876248
42.5275141838938
36.6492028527131
33.2109469454736
19.2328786080999
20.5474528487456
22.04676593739
21.8223163392395
25.1398714259267
9.68119348399341
33.4912992296503
19.1692443098873
24.6632474474609
6.79655829444528
23.1898935511708
32.7869785437835
41.5805112104863
8.21479996666312
21.4982003904879
39.2105806153268
33.7209573015571
5.497887845363
5.54753762166124
18.0576452985406
41.7047875002027
30.1921178373416
38.6660096701235
43.0398342848081
17.0824088621885
34.4422499183565
18.7214456032962
13.7559322138041
27.0717007223039
15.7290944742692
12.6757625101054
23.9044976886362
20.4918303526938
21.5316627174616
45.4552483744919
11.5274881012738
43.527307221666
17.5492965616286
26.6050706617534
40.8929223298873
33.7762207258493
18.6268716490339
7.04697920009494
21.9879518302448
33.0897421576083
29.39797276631
7.21055828034878
55.9572506695986
24.8628190718591
44.5510308258235
26.3282018247992
17.4000832252204
36.6635748185217
32.6960927341133
31.9552699601787
11.6171969100833
26.7406854312867
21.6116014868021
26.5270837116987
40.4992026635575
10.1418827660382
42.9943401366472
49.1791181731969
11.9661707830831
47.3485678434372
25.5723594687879
31.4619463028827
9.49822032051858
14.0029689762741
41.1205370444804
23.5051486175507
14.3017279915512
32.1308767888695
53.1881663482636
32.5797493103892
28.9178150705993
37.0368986856192
36.9072719942778
38.2193403784186
37.2221644967794
24.8677636391244
37.8769770081511
26.4630493242294
10.9769787355538
25.1347513403744
38.1861197762191
17.4342826940119
23.2638922985643
50.897811120376
30.8591252658516
25.7232016798457
10.6647170550626
17.0587714014927
4.09337262704205
46.6921114450281
28.6283826589057
52.7869077865034
33.5028714500368
20.3916310947838
28.1827566679567
18.0331819225103
45.0595919508487
24.4641992729157
36.0157154034823
30.3027328569442
3.50859314328114
15.3330122796879
42.8180104587227
11.3820601632021
44.3330661393702
33.0811462015468
24.0203819237649
20.2056254319915
24.4065356358027
49.0579254925251
30.2593313157558
53.8550209254026
27.9214301562676
32.4153073132038
32.5650599785149
7.91582954116166
43.796144798398
22.186667084873
11.8762501049787
12.1058913413435
20.5628022551537
19.2824424786814
53.8095613475889
42.836820660159
36.6047816351056
38.7030971236527
5.99863704563552
30.0682949380887
2.08028647951789
26.816515205428
15.230446588248
21.0633324294171
18.1110859848559
42.5063484814018
43.9921235665679
22.6762578822672
11.9595660362393
31.9330555386841
31.6285965498537
16.4437690749764
40.8430443145335
9.84482621251005
48.4590663108975
34.2424968723208
5.50324353389442
24.2169476114213
48.5988671891391
13.2532075047493
41.4861425291747
18.5428717639297
21.0791910998523
55.6158966850489
24.084444762955
14.329386362806
17.7657321348119
18.3384797070175
10.6157829519361
42.8437841124833
29.6198419685872
5.67419452194623
17.6978443283588
30.5535231716931
34.3183618197065
27.1344085689634
13.3470528759062
53.1145113985986
11.0731891198651
2.94229015070246
58.7340888101608
21.0783748887479
19.3409807450391
13.5868113737139
25.7060645141438
25.4631830857473
25.2238151151687
9.23692742362618
18.8767979756133
36.5981648210436
18.5430266428739
15.0317732564533
44.6318326983601
41.9069088529795
27.7148172242
32.4876553844661
21.6528525110334
29.3855694614484
53.083488624543
37.9508184734732
29.0483513846993
12.3808588357874
38.9205596875399
40.3464005851105
21.0552636999637
19.4216875359416
15.7167739700526
9.34647400863469
19.4430617675559
21.3134752586484
24.9450346613417
30.9335379861295
28.0205485531866
17.0209859260801
28.4409581683576
33.8240108452737
19.7732398171716
51.5393970068544
36.2162541598082
3.27863485254907
22.7593876421452
39.5318519871744
37.2048393357545
41.2152030732513
42.4401833643316
42.809996646178
24.9832471366972
26.6848062165082
18.763782557791
7.42884022183716
37.8400144717411
10.2522116620094
46.7700208537281
25.9789735078812
16.4936523359072
46.2022946216166
43.7503880355507
50.0989529769868
45.3452049288899
15.5544843508652
18.2897474151105
44.7467164040323
19.1386925987899
39.6797012129146
36.3005418796092
45.8706950303167
14.9786068167483
30.2913720253855
13.8636601157486
34.4434589147568
10.9944509807974
5.33427237533033
36.283318977803
35.0256097876579
45.8427517461709
31.1118419282138
34.466091869399
25.4634511800114
13.9556873589754
3.04019202067566
49.6506642084569
4.720333931909
22.359165828675
18.8225203778193
24.5861105620861
25.4733327310532
34.5451310276985
11.0852653626353
26.9977384712547
14.2500701360404
26.9221981521696
21.5494465548545
16.99109072797
17.4852928612381
17.1770701096608
47.907079430297
46.1405624002268
15.4685015324503
37.3467114234251
22.1105417236686
37.8229574300349
51.0179940145463
13.0803781095892
38.1075294688344
26.6954792663455
18.7441065441817
6.89410613849759
25.5537644104132
24.6234643548665
31.8655508397059
17.6896696910262
25.4644688218832
20.3142379679914
12.626187762114
16.5925548877567
20.7885292242195
33.8717253878713
20.5651874653995
27.7908193878829
41.5212322492152
29.6449927613139
44.3769567180425
19.1368500236422
39.8384397383779
43.962872447446
41.5524925570935
5.77731733889033
31.773656886071
42.8677626648457
38.7659209314734
24.0576971787959
38.1353603675961
47.7045641280711
35.3084811475128
41.8329229578376
18.8104243483394
10.5228682979941
52.1485046949238
47.7279969025403
38.8273148828101
23.8699141254575
24.9708523508161
9.83429634943604
21.4500562588788
32.4043716364607
36.6366508416831
27.9586094431579
29.9508246883212
16.8917920906097
34.1834308579564
30.5900394450873
40.6609278637916
7.34587609767914
4.01235808125243
28.8659554906189
31.9237153045833
3.82773331366479
34.4716573134065
36.3845771644264
14.916516608025
27.8014082927257
32.6958840764966
30.2538305521011
18.5814121124908
7.98917106235287
9.94230005890131
23.2036172412336
47.922370582819
36.7840720038418
39.1489102039486
13.8569653499871
13.6864220460565
33.6764634101994
20.6340607394801
14.0067448839545
38.1143043283373
47.0495437271893
1.2595612090081
15.8148044720292
38.6708424892277
23.8019851199677
2.42015919648111
41.4101848378778
29.7242778353393
40.4505579732358
28.8632316049188
44.1393118591745
21.8383639585227
35.0577878129977
13.2721204318998
30.5730942636728
19.6125711442104
17.6061101946867
15.5234418367474
33.6465692613274
38.4710728190839
29.1904000099748
38.6042152065784
3.98701094090939
20.711874589324
20.8560423459858
12.3055601958185
27.5439611636102
27.731038024649
40.2487308252603
26.0120343882591
11.9462957700708
18.1823946535587
23.9129866939038
20.3259969130158
12.0227885898203
5.95294795930386
16.6909514926374
44.8589895596655
6.94944709539413
25.4063309170306
37.2417963575572
12.7687938511372
4.72751595079899
41.4641146698195
49.5604200754315
17.7462423220277
24.0333994181888
12.9582207184285
32.6769436243922
20.7241690251976
28.9043099153787
31.757471524179
5.91454474154415
20.2403691597283
30.6038927286863
45.8667879924178
38.8408159371465
41.7937573976815
19.2084018606693
38.8086271006614
25.812734849751
6.5622468944639
39.6971285808831
22.8270855732262
25.2533118045512
30.8703694492579
