"x"
9.7085787612051
6.97574703427863
9.06426422718773
5.69921477580168
0.911996653303504
14.1328366473317
14.7935406619973
10.411430270493
0.506634823977947
2.91262501686114
6.39248911296108
14.7062609701595
16.3081204518676
2.37792638728719
11.2696643865589
4.83927340246737
7.91119174100459
8.34348012949192
0.241789604338864
12.4328785640888
3.14438282497937
3.7420853972435
2.44288733229041
4.06049754370485
5.02961102218093
7.61209870688617
2.12516440078616
8.32652803510427
14.9556923191994
9.34578189626336
16.0210936864694
3.2053931037861
0.980247443590829
15.0382418939882
14.3100036308169
11.0664214473218
8.0769489040612
12.7842652145773
12.7054748591036
0.198338450819131
8.63122632727027
22.8247978258878
4.55144035544913
6.55363884502552
4.37911469489336
3.95047375252717
8.92423500385114
17.2292073722929
17.5705043133348
13.9457563316439
3.5071586485331
9.36803151853383
9.25713979742699
7.04147307376034
17.8076103329659
5.5893047247082
12.4593486766303
5.70614644563424
10.4220614055461
5.27862864928823
1.761995615309
12.2635691929853
2.75531662436558
1.1078989329262
2.188636129722
3.52680707573582
0.477710645645857
1.01807462051511
20.7194292026089
8.84343897457581
3.23191862553358
2.24634665064514
10.8630281671096
0.142502704397253
6.99516724567423
3.72361424868017
2.89117251522839
1.58393401652575
7.54644779274667
0.281334482133389
16.8936662784409
4.30833916179836
7.82878649313742
4.6187361310666
24.6149650774896
4.72310941441219
2.24818605929613
24.6066381689161
5.07435479610032
14.7446671680369
8.25630305334926
11.8207128718495
11.1727143060943
5.53735899738967
13.1687785033137
8.74705296009779
5.21073509007692
10.6131302444492
8.22703572921455
10.2363732533817
8.39999075978994
2.69224246192303
7.14766688693681
3.84229808114469
11.3492652308196
2.64660782167388
4.05996963381767
6.91965946129184
16.6042942088097
4.0286833144703
9.78816915708312
18.251526155223
1.88695290125906
13.7898101937026
1.68353440240026
8.53443461034339
5.07449079304934
11.1470668904765
20.6626718942583
5.37398242949725
20.0383520086239
1.44655605270109
5.99391851574183
27.3810591548681
7.59478128947171
10.6724860146642
3.20046017877758
3.45703036302891
5.59079786762595
5.8588603977114
16.7104269843549
10.9719667118043
17.12596854195
4.38934150151908
9.77178607136011
11.8572810506542
8.8993476512878
16.9363585766405
6.87964201882416
7.57332318462431
16.2007238798093
3.57646853637354
4.92464294657111
2.11187051609159
3.10336782396067
4.62431833148003
6.46357552069633
3.88314654119313
10.0799185689539
6.91573939767891
1.07575035654008
9.88554321229458
2.56348021796344
11.336827930063
12.1839909978817
1.58051196941376
6.22891248203814
15.5936246272177
10.4624678848744
18.6571001487895
12.681502616033
1.58364069648087
2.89071255522422
4.57062571807694
25.0531791243702
10.3166751097888
0.227644533300789
9.22027789056301
6.443245196715
1.71193950158116
4.20120689086616
4.46033161133528
0.236567785884087
1.38427526690066
2.82023148987703
1.88364209607244
2.22444394603372
0.0492202477142305
8.67175115272403
4.14723409128212
20.1447833329439
8.14557919585906
3.55802301514633
8.13787444494665
10.9522864339943
19.6016222704202
10.4911595582962
3.03945229388773
1.28179839812219
7.31480424292386
6.63455524481833
15.1616004698561
5.83359069933002
2.75611574761569
1.10609312541783
4.04235809110105
13.3541967194145
9.24200712534818
11.906111240387
7.03329647306281
2.64563543932392
12.1649714186788
30.6770122765842
7.78353200294077
6.03031401615855
2.17051188371067
24.4344381450756
20.2601101249456
10.3244511876255
1.58474425019696
13.0321791395545
10.040798317641
6.26555048130314
4.27874010056257
9.471225598827
5.02476303803463
3.41522875241935
13.2383848227828
7.93492835946381
4.36420806295346
11.3482810928611
16.149337682873
0.802456855895689
3.9426573813064
11.2727779563928
17.3146376815235
6.50522417119068
8.60262383446508
5.60291144065559
21.5853054076433
24.0860021207482
4.11548325443074
7.38351112231612
19.3610285874456
16.8009016662836
1.10708803331197
3.94490906971893
2.30018980801105
11.9868883863091
12.6383000519127
18.6332451645285
21.1544936522841
3.9502843661686
3.85686566750525
6.06683214420412
9.55058238469064
3.65302460289663
4.20044463775479
12.3046976514161
4.89357183687389
11.3941823910398
4.55653576032515
2.47173891402781
8.34053346496014
7.0516737177968
0.764413503929973
5.87736372835934
4.17708617455485
14.0535672195256
6.20737121788925
3.40037029236555
0.649909116327763
10.4268007608402
3.10599221847951
10.704995598644
3.23492294782392
28.9031167514622
17.2252716895477
16.1585740938052
9.92616042494774
4.62912952854418
7.07694035954773
11.6315693128854
1.75558196195173
3.51849405553347
16.1273802319864
13.7870890554041
5.47395438032499
11.8448157325227
1.77555750124156
22.4310777150095
12.5555307604373
2.86910359591872
13.1243893876672
22.6765957960111
21.4560469612479
7.38898790441453
1.80516517721117
7.32902445816368
17.0654114801437
0.20721519198484
6.34658639319241
0.735244806855917
17.0536590274423
6.96132117882371
4.82774181291461
11.6190627065735
8.01176161914346
11.8415109849467
9.91699043661356
3.03958458825946
8.75930161154
16.0645414609462
6.34334045603395
22.1142405644059
2.70151505043455
6.13759905099869
18.7105616180661
1.90574992448092
11.4251600441628
10.5660334695131
0.0475968234241009
19.8447786737233
16.9706074601472
3.89757963539686
16.6772427968681
3.01035317104707
2.23658811300993
18.912699367426
2.73801473207128
0.208097789436579
10.2461326401681
7.66330230981112
0.164725445210934
16.3720777723938
7.43095530197024
6.51691453531384
8.22035193200219
2.58635901845992
10.581084433943
27.2942848969251
16.3240476045758
0.8150490000844
8.88418913818896
0.311682699248195
9.99073041602969
9.13059068843722
2.34016516817595
6.96407289440394
6.1419801187131
10.3760602094927
9.2858508694917
1.29111589570968
40.3299348493244
0.882152701323519
4.71725361421704
14.2087894369083
10.8653465885935
5.59780830517411
14.1197182001479
0.100509822368622
4.64381971396506
10.7377124966586
4.04376897483522
2.67289383336902
21.2144799957129
0.395554769307793
3.05050248193707
12.6767538487911
4.59061530418694
1.82832719084184
1.36712323874235
11.8529157713056
1.42107210122049
13.1738188251805
10.5586393270642
13.6753585189581
12.6784598495538
4.23100041225553
22.3915293812752
8.08075773529708
7.73980324156582
4.8691535834223
10.2270131291558
0.844584126025438
10.4858000744491
19.3176636938006
13.4500933372509
6.13147872500122
5.83174233324826
7.69661106169224
0.17869845032692
3.17248945514386
16.5208821650594
6.54422334929583
4.40310537815094
9.75271585323343
8.73684082180262
0.778501749007937
1.01844053715467
13.5247775209484
9.9340469894492
16.9962215237319
12.8686271142215
3.80159796718896
2.82615903275226
16.3237921893597
16.0152649041265
4.32755099609494
14.4394364673644
0.990474129429371
4.30140914395452
5.25402417393776
8.02827459258368
3.12997060827911
6.42625968903303
5.19534274935722
2.93105920879787
0.285310624167323
0.931182432977846
21.3795786633286
12.9201341420412
16.7554543572171
17.5541262779175
9.24973460521292
14.204605426649
5.86913926526904
16.6525700129569
4.44205454550683
5.63014657236636
22.7706262841821
6.82333107106388
9.91685413755476
17.7087996155024
1.90477650058931
6.94489013403654
3.84717799444814
4.21019149944186
10.6169291771948
13.1403052713722
5.33475428819656
0.681160436943173
6.19778498075902
9.85846141706099
10.6606530675003
8.9596039674273
13.6187051823378
8.61454647965729
4.23356659310963
7.51416110627759
10.5658745858818
11.5025100486415
2.31012555448253
8.187635242939
23.8479613334831
0.0478780828416348
28.7670506164432
19.9096856173128
4.66574225574732
4.31861514096054
0.063933574659572
14.4047027919441
19.0376418177038
8.81599532440305
7.18706735109275
7.96772626478913
6.69616711295
12.8552387574313
2.60071796365082
5.96910109743476
2.13877530768514
15.1827238034457
10.2091943845153
21.5413126163185
6.61619994789362
9.78416572324932
13.3144554889219
2.60554635897279
10.9689341323873
8.01413888192805
1.89250316470861
3.00436129975042
0.336601676621862
10.1188029604923
20.4986691940576
5.55887082591653
4.58206813782454
10.1428553462029
5.25026144459844
8.90271123498678
7.45925804127325
2.18812585808337
11.1622866708785
8.43268986791372
2.07229917868972
1.72898227266767
9.21163621867063
9.05299974929225
4.04252954758704
4.96377469971776
2.91029061190784
12.3081898782402
4.05068939607025
3.43825481832027
19.0000776201487
0.130530791390729
19.0146363340318
11.3712764810771
4.24226643517613
13.3190101478249
13.3649637456983
7.93698765337467
9.60075319744647
5.32536244051509
13.2985988166183
12.9287374809695
15.7452243337114
8.00034206553264
12.924843013161
11.6530791856349
13.2662019104966
8.19405619986355
25.4629222861261
4.12714165917977
7.14773149229586
5.98867677564762
2.91536667287882
8.3293295713331
11.9591721333563
0.580310169607401
14.0845113164354
12.0125968275292
19.1664866637439
3.39338108897209
14.0136645175517
5.11397714726627
9.14626223966479
5.33649167045951
11.7413249798119
5.12509834952652
20.085041411221
0.210003880783916
10.9562204219401
2.64219251313674
1.07983173802495
11.1361330761602
24.8912377748638
0.514137512072921
8.73180839305877
14.7970197547656
2.47596362605691
35.6437244452536
16.0408575087786
7.49020128692143
7.33394459821284
0.403675272265027
4.42369606921885
5.67554458975792
3.94389425901475
4.07374261397099
0.962971324625436
2.8520115185529
17.7650397177786
9.90573610179126
6.81514865718782
15.1225923094898
13.5049080010504
9.8662877921015
15.6794170525656
3.73829705640674
6.00965856574476
4.77413034149108
1.77509817294776
5.00067711173294
6.93329269997776
7.61142368428409
13.0747715942562
8.91441029802277
7.19961100257933
0.23058014921844
7.59682767093182
26.1795966885984
2.4597005918622
0.887312015017601
0.139970946886578
3.30047470666769
0.456107407808304
2.40764399059117
19.5258428273142
26.682920707314
17.7738346625119
9.87052412577722
23.6464634072036
3.58541029992005
8.12116157310847
0.439323019236326
7.4197584297508
10.8222457877332
10.6536933810748
17.6210859324783
13.8648298569024
0.105204852297902
4.52721513697352
4.75316084155379
10.3402456432965
9.73004535771906
4.92223645560443
10.0278901867568
13.8326048385352
17.4129725660162
23.2071061063222
12.6690776961519
1.80673172339794
2.43261384072353
0.309625128284097
8.49251607432961
19.2026699427515
5.38604452494704
2.84251633334929
17.7201741690058
4.69806088574632
5.4588096216321
0.63610772187857
2.42852461524308
1.7221475020051
2.47781556099653
2.94588538818061
0.231265790912105
19.4780352991074
2.23733396269381
6.38165287673473
15.2030075256519
17.927775438875
8.24920348823071
9.1736529486938
0.925606792066708
9.89247472025454
22.0658326652396
12.1842373373258
9.31533868536683
3.29723497852683
5.54118631407619
2.3734045156375
23.1188874226063
11.0582616645843
5.6034362440314
5.74198425140067
0.49699045800942
18.6195546761155
6.65257289074361
1.00196348503232
16.3571762653304
1.92164350628757
5.47749439627214
0.205786071387407
4.86352719045172
2.49776189272795
2.87288539111614
3.86002981568152
3.40285250172366
1.08684711158276
2.26853038727683
6.91875447519124
14.8191682528704
14.666552701965
2.33330137725469
8.16567447036505
0.139802137230788
2.2605134779315
0.785190332680941
7.20241942730831
5.98955774902145
3.16417646721869
13.3636312093586
21.8648124809891
15.5321759171784
23.5139096155763
15.5211047590529
0.316415479309176
15.8883795213194
1.54388303380636
28.6694572307169
6.04096488870768
3.304334403947
10.285533885143
2.69152252003551
4.84278477662021
2.71605416201055
5.10230497457087
4.34248582688181
8.83651808835566
7.47411279007792
33.2670356180722
11.7823874526074
7.33724893070757
11.9538580998778
25.7651132118394
20.5842554103583
14.4299919129326
2.39143217913806
22.0798666220827
11.6300515364856
21.386100154747
18.6996053904295
4.35110521502793
14.0401186421514
4.24057664349675
13.3470147382468
16.3879763778202
12.4895717017353
7.80829973518848
4.82851206324995
0.233502163802329
1.0469435248524
4.55862843520628
10.3695474099368
2.5856223423034
3.01767954238552
11.5462176605016
3.50788927479858
2.84222438931465
8.59726117923856
0.159306640484148
16.0300984978676
1.50296807590967
1.18199459064686
8.60043759457767
9.04338113032281
2.52503347583115
2.34556416980922
3.2004308886826
3.31066651269794
13.524428152743
3.93682139265461
4.59856051020324
6.86748439905768
4.04630073234589
20.6267404835671
16.2058185320348
9.90289519540966
5.10778078636008
1.66030188668515
5.7628758251667
11.7030634079129
6.29942672209702
4.36713448969285
4.27935597016373
13.3519123774022
34.4266164116561
5.30169713310897
6.19502137415111
9.96475680731237
13.5530567210602
6.87061687931418
9.91030350789762
0.773309431896447
7.54854213446379
0.237358237904252
5.49733992666006
7.83962579444051
3.07715557381682
14.5395304812508
3.22110282730395
16.0681404533803
6.44128606654704
9.74377784878016
7.34769624242857
18.9485643524677
4.29648285558351
1.3413635745058
24.4174594990909
10.6866002897123
2.23076120018959
2.15744215922943
15.4128123804098
7.26105100475252
7.16179753007505
22.1284469589591
5.79276727512479
3.75781152397394
5.51824677400894
1.3589333028467
8.23251502588391
6.84879432976985
7.91577361524105
12.1951881778551
1.81059008464217
0.46590030277264
7.48208560980856
14.9227507878095
2.26254116270901
2.56309912128927
8.78684605390722
11.5809166466351
18.3192860335112
4.92688347585499
13.9026992954314
13.5423003182684
6.30583877773384
6.47771661169827
20.0112260878086
4.25365571863949
0.635853735730052
4.83781010843813
3.10082399478436
0.695888514451354
6.58347277238403
0.587991160085959
8.57234052805633
20.5045900307596
7.60363270918905
22.2249563783407
7.04283816739917
9.0508786495775
6.19596300970749
20.4153585247695
16.2600652669807
10.5650667566806
10.4234829571446
4.25653898894955
3.4653436858207
12.0094152633101
10.6455606773432
15.9297242294997
5.31006376259029
3.82879795506597
3.42376325279474
7.54099660553038
0.505780149251223
13.396325847134
0.388642385090785
2.88536525331438
10.6274227611721
10.8137152157724
3.00871850922704
14.5676150499621
23.2227604421977
6.59745293669403
5.07876067970066
8.38979529216886
5.02400160767138
15.3577367454581
7.88262260365194
3.48563601454776
2.99766647987086
13.040548376739
5.52798155561149
9.49264971484765
1.82007853873074
5.36613229634532
3.5010005813092
2.51842048019171
0.76034115627408
19.6138620842248
8.36495488027948
14.9693101644516
11.8545077307221
5.98674188776503
14.9389018770307
3.83092910051346
1.53621541197349
1.63097190295108
7.28502310812473
3.36689844969043
0.594346020558329
11.2872802712684
4.23058615997434
18.4521795716137
12.6419159643179
2.22559035755694
8.95148427225649
13.1234735250473
1.76951242610812
4.29366828541432
6.22314037755132
9.62759407180776
6.04978729970753
0.310259139637558
5.77412396372681
2.64953491277993
10.077403489834
10.0873773162379
21.5584680903703
2.11539887178355
13.0096083448886
8.88370401225984
20.6181147135794
8.22244218609476
8.21105912327766
8.56897281482816
6.20115997473302
10.6030311180294
22.3351241555065
0.460434404276356
14.4580367486924
1.14979392286471
12.0913637841083
17.7083071891142
5.97707037813962
4.93143065832555
8.56896937018075
1.10303350296366
13.9976251404732
0.18274593167007
12.1600960879362
18.367692315951
19.1569964891127
1.31433012832704
13.9696913137094
16.8713328428566
0.0943235732895856
5.31989778392017
12.9011267796159
6.24646535143256
2.5743926409632
6.29503205418587
3.32037902736011
0.229316344484687
13.6569287627935
13.7212115805596
6.48900782504237
1.28339404821299
12.8574819730838
1.68382936934255
13.2164333380343
6.90903023059246
3.39461704716086
6.01137576762724
24.4738021682944
0.398158794268966
16.7115973342869
8.50360724143684
22.0573604539814
13.1036704245976
21.073982026428
13.8229199219495
6.92184292711318
17.7595618180931
27.7098286083768
5.97200966253031
11.4377810619771
0.41129162179614
11.6860208306022
8.92202672548592
5.67014780826867
0.484706989514844
9.31125458912087
10.8971649654458
25.1622697338462
21.0284639880842
8.80413214652149
0.575695186853409
2.94246488322093
14.4850647076964
6.66288123466074
10.7454723666743
11.2375434022397
13.9966158661991
21.0284821223468
1.92572921514511
12.3260035645217
0.906927906822037
1.84895264830857
15.8736118115485
16.483649088853
8.93501057289541
13.8961135875434
21.6788535472006
9.2062400188297
5.85546676844555
8.96892597230269
4.03204811736941
0.795213646713669
36.0197332074302
5.2241256276632
2.04984820447862
6.67380351315648
8.23405777516341
15.117222735306
15.5050576098866
4.88864459862149
10.5316279456019
3.06059349064596
12.7392346039414
15.4764643850824
7.12966346625556
1.04182893410325
12.730949501331
1.04289259761572
18.1235543917865
5.87227878996625
2.5967042337641
4.35549441838253
3.71489427052438
9.63362896858647
5.40428352542222
2.82659312855737
14.7474281024188
0.931236194446683
4.785176506266
7.62798986397684
11.8111982941628
1.89044792205095
3.12928571365774
5.99347953684628
5.94151094555855
15.902588237077
14.9788413196802
5.44184045866132
8.65890528033858
10.0824514403939
4.41255317946359
21.1359876372499
0.650893269016039
5.24694117254283
13.3058312814683
3.35323670879006
3.39262815598073
1.49524696171284
11.165240732953
10.9371840022504
6.53731559685427
4.12622894119858
5.07419533096254
7.40610890213712
5.19995445732691
0.889686914160848
6.39339969493449
3.2133167320788
16.5297363884747
16.8495992198586
0.74515687301755
7.9594308976084
3.89277222566307
0.941358217702204
14.0297505538911
4.51181383805718
3.29757207073271
0.638187536969781
20.5584640614688
22.4629565142095
6.17443113587797
4.26670512279684
1.70847401022911
9.54256090335548
4.24955654889345
18.3743651024997
0.602087937295437
0.0881243962794542
10.2139797993004
3.25155006951418
10.2100123829587
2.33906201482781
5.89196104556322
2.13453928008676
1.51825090870261
4.65543071845983
27.7889969801154
17.0134551756326
25.8520413406235
1.58559849806505
6.19323142417024
1.28899896517396
7.64495498896934
19.1034031100571
8.23313095606863
8.98635466550191
13.273096550256
4.54429564008444
8.94739991053939
4.40028246045545
13.3180956821889
10.8655724674463
1.79770807735622
8.11077863909304
2.89139400720469
4.94500203058124
10.2633683942258
9.69673483632505
5.35093727521598
5.14442040584981
3.66301666590765
6.66097128417186
0.966644387111999
8.68921074503197
17.5011673476547
3.67932105436921
24.5406278874725
0.48697735182941
1.87214218888259
3.16744412831391
0.630415324121714
12.0434614621035
0.0815819302129953
9.77404033765197
21.7751688245652
10.7232290477952
1.78312622010708
6.09070609012066
4.93546050299641
5.39589387440298
0.664039142429829
19.0463379491121
3.43028465285897
8.3100120536983
1.47516067135015
4.56687570679126
7.54068992100656
4.27693727961753
21.981562901208
17.8019305691123
12.0969737840784
0.852575926264752
20.2702928334475
5.95425274223089
4.91471758886861
4.1368737779149
20.2893423847469
4.75255587035332
7.35821360722184
19.1961527336389
5.59376458045598
2.96394221618296
28.4124857767589
10.4484006762505
16.5978060375916
1.47545393556356
10.0827805938058
15.1289064902812
13.4161738934505
1.78928673267365
0.816886872053146
0.172057747840881
4.64185777659072
20.1172772363592
11.4895515143871
0.961329578099224
19.5393719044946
0.663317227736115
6.26076441258192
15.3139503207058
16.1183486894614
3.24708339758217
31.7405066918582
7.13779628276825
25.6140709389001
5.7191907428205
16.3658555131406
3.31197478808463
6.34068446233869
14.1934145707637
22.668215027079
9.17816534638405
2.96141621656716
27.7998032027359
4.27050350143801
0.97010701851808
6.22364906594157
28.7312739063054
8.00536284223199
3.60634537624398
1.9877758808434
4.29483802658653
11.8277708534151
12.7229999706007
11.2556098045973
7.93353668414056
16.148956399411
2.20528483300403
1.05018417042176
8.87097488157451
1.00312517024577
14.8388885892928
23.019873118028
8.24712519533932
27.6145806650438
14.3161670770496
22.1516225486994
15.9426939150996
5.7999473383959
13.9826667888226
0.0598272717131928
18.6494903173298
12.742975849803
2.88480846211314
21.1422704711932
4.62334114126861
1.99904720385668
20.6599637096771
19.7398504453735
14.3319557420909
5.44283743502812
11.3621107768267
18.1581730954349
3.66698580697405
15.85274185054
12.3884739819914
5.7409405708313
10.5130317993498
2.53788256086409
0.544553353180504
9.71864522434771
14.6023550070822
3.85074289515615
15.0104506764348
16.8118492089655
17.0019111130387
0.0344369560480118
6.82522910647094
5.59157804353297
1.36423646472394
5.53395105525851
10.2585303276337
7.28195998721912
6.79610935039818
0.787167949602008
1.55611061436232
2.60439850389957
9.72497267648578
26.2005052529275
11.6605116985738
8.28096274841885
1.96536557832468
1.00699260612892
1.83140300214291
6.83201928623021
6.91533922217786
4.83146100305021
8.61193197779357
9.34140323513116
3.193767555058
3.65349660825064
6.87513360753655
10.7781435362995
3.24558660213667
3.6342182662338
22.3631266970187
4.7934477662043
12.3674341011792
0.0846417746793827
9.54405251325306
14.246979681775
2.75975907801181
2.3648409276803
4.47305012494326
17.7311075314417
14.2902817333901
15.7634158618748
33.0991640686989
2.61776225386985
3.51709965616465
9.48441198116961
15.8968485891819
11.2125368266669
0.84910787229229
4.66992772373919
9.82361364926244
5.64769308440065
18.8991102855653
2.35533439554274
2.06614304333925
10.3771890047938
10.184515524251
1.73100363111774
18.9094757661223
3.69895384646952
16.7982036247849
3.31523106433451
21.365476246585
6.57321447506547
9.37080387957394
2.51243776200493
12.4863536097109
7.95483468100429
17.6442888565361
6.69384547509253
13.5920533444732
5.99385630339384
6.2755285037405
1.0435088782366
5.62654639887914
2.95206140551936
6.90891314511897
3.10610254038446
3.60549571923912
2.50668096541633
5.31210171581624
10.9991001596595
18.4022864792496
6.34883035261419
8.15947358496487
1.48133603841988
1.28281610915148
11.0839506611228
8.6132004391402
5.64393300263454
4.69129313714802
6.9257813773501
4.45899041369557
1.81234474293888
3.4007903771942
1.35720607020703
9.28480583243072
1.64280531457462
11.4710194058716
3.17430588577277
0.0741550154562277
10.24135267362
2.3250632239733
16.3977800873424
14.7832205014431
19.4404227659106
7.68449246975794
5.73250975298441
1.32544548564704
8.58874603462295
23.7298124469817
31.903199898079
2.57450928911567
0.956869614082388
9.47796430766374
4.47466881014407
0.62653527835705
5.2730998955667
3.7606508936733
12.8715990436675
16.1174423526973
8.0096105548422
11.775022542315
18.575005963578
13.3762965444475
10.017115041761
3.68536962196231
3.04608401023621
0.33257177376253
13.6459705419838
13.5306257587903
4.12209047935903
13.387891643145
5.88211674557735
21.2280138395727
8.2642680965364
6.2583246268332
4.37849801965058
15.1985143776983
8.63473038189113
26.2728002853692
1.77568330255599
5.12743098661304
21.9347309873514
15.0513676460832
5.07604368031025
13.8259443920106
10.7228762582086
2.52568128296639
3.83012394248692
11.6832361329639
3.31053123809397
11.618921905756
9.58129926584661
2.61422236703143
8.00233485867766
27.1585286143029
12.7133803217022
5.32157250235671
7.02223447151482
1.15736547166882
0.129774181994674
3.92495593987405
17.67073285488
10.2915570605546
0.841456651687622
19.7665960275149
14.7354761138558
3.54208670581899
19.9961931910366
5.86391002871096
9.96704865247011
10.5957316013054
11.7610324178836
5.78841944225132
11.6483817160661
6.24237153679132
1.66537613386913
13.050765010454
20.3568015313152
12.8375404368019
4.01821415871382
9.04250280000269
13.2159431929046
5.28458734042943
17.1442817896605
19.7345156222582
0.668048020452261
13.5880734760391
15.7760236877948
0.821745376393463
1.20538579904676
2.37556863576174
29.8480561003089
2.9691890333143
23.7660851329565
20.1666380744427
14.6613947688932
10.8116866555065
8.29435685856752
6.77033145911992
4.10643276520057
18.7648778193684
7.98563375137746
5.32771688885987
13.8753996948289
12.8325002733618
10.9828879288517
13.2967866957188
6.65238221338039
5.55820395238698
7.02935298904777
4.27196599664043
7.08574082381672
14.0662725549191
8.27193283475935
12.0294963940978
8.72055920772254
13.4662964658937
12.8020234405994
4.94351630634465
15.6494570666773
12.5804532885445
8.92321607097983
4.4776929076761
7.86726153455675
22.0091547816992
9.42135658790772
4.47512370491491
12.7890171017498
1.72391319647431
11.8752186581637
2.12998664937913
16.3487480022013
4.49889663939401
9.64644872583449
15.0566415977572
22.0932739174597
3.94604588816668
3.42286275699735
7.70531533446268
6.14952950923256
1.82640408165753
10.5413975668606
7.1434149518609
6.59416437873538
2.81820117450928
8.73382439349682
2.87110579786196
12.2420244168539
6.33381917141378
0.697456393390894
5.08188768289983
7.25861630696801
10.905023291707
9.90441842004657
4.43804757669568
18.3395287590801
34.3540371421445
23.6815004074501
6.93923529711486
10.9321236610413
9.58634611023635
7.70072301786582
10.9540466684848
1.23575042781263
3.75773380510509
7.34862981146858
5.69966472685337
1.62296560592949
4.47721462696791
3.81539878435433
3.41644640762172
21.4119602931251
9.54027539119124
20.4714076493023
11.8708587717265
29.1619399562478
14.7971807049279
12.7375446492761
13.1220012488627
18.2680893519567
15.058861579746
1.4868896920234
3.22382054291666
5.44605351718836
5.41939630996805
4.31375214830041
2.84613939848274
12.2077137697488
7.12575195357203
4.36342908069491
7.0581114385277
1.69820548035204
0.156969018280506
6.330029014498
2.58019985631108
7.48793059028685
3.42477406552558
15.3505719266832
9.03387280836176
5.75514761731029
11.6219727322459
4.5886586420238
4.58293887786567
22.5800073974964
10.7210341994981
5.08561171591282
6.59582258662382
11.0728600993752
12.6929895354787
0.822089798748493
16.5213849395514
1.45191377422579
14.0543965937421
8.67104972712696
8.59014140442014
2.73161828517914
9.27089039289943
6.46860932457271
7.70583494865843
11.6524408105761
2.92563360836187
13.2761707529426
0.922270541962203
1.28481792376854
12.1239923872054
0.708497804947912
2.93127391660481
6.41707279719412
5.78841683454812
2.56644687615335
2.69170450046659
5.40320393629372
1.05053461156785
6.83700420184581
3.53782796300948
8.21531343179599
7.3658253531903
0.872239055723347
6.73595680855215
11.5894853137434
7.63693801127374
6.23567351140082
8.91306539997458
16.9100852284534
2.6490684133023
14.7179409037881
0.415833973317068
20.6063823774457
15.2221214026213
13.1100108381361
10.8686835505068
2.31772209517658
5.2393430378288
5.05675035528839
9.6503203218666
8.38107148993899
6.88197710551322
15.0440267233083
3.33802755922079
8.90677315182984
3.89271144573536
6.49131112731993
18.9012207090855
3.59524812642243
4.88165536243691
5.70979123331039
18.3059458155185
11.8444892577827
2.98283523879945
23.6815385054797
2.0570064337288
5.59752634726465
0.291048176586628
9.31176864542067
13.6710680089891
10.7486787717789
2.16601701192275
14.0249483287334
4.74942103028297
1.15686398930848
1.37478364190288
17.6268253475428
5.87876001372933
10.471960377819
13.7268310412765
3.08515965298277
6.48227171041071
31.6098081005849
3.16120530478656
1.43437545158185
14.2709746696519
16.9673602562398
3.30625751866405
0.0780185218900442
13.9612342696637
7.14514277911799
3.22735561057925
0.213077012449503
10.2694396919855
14.4782439339906
11.8183005771753
5.20723877149873
14.6427626371449
14.7593980189413
7.56671358558731
11.9708735199156
21.3177357300877
9.32015197154373
7.42261586710811
7.26104702076407
2.55215712822974
1.67954061180353
12.6127448327293
11.503606243059
6.83597354218364
3.84534934690627
1.55961407640216
15.9122379257733
2.05692430026829
7.25815165787935
15.7826598733664
19.0901438307724
3.07187396188454
0.491702882573009
10.8514762949198
18.6013707425445
4.63268916901727
4.18256958342174
5.20338267087936
6.4439441197065
5.3652886999469
19.02075111866
1.55427517247389
18.431950872764
22.180321826862
3.55147332961042
1.33862049829217
23.6581280005081
18.9780322369188
7.88631392642856
2.6100528008106
9.6982265009945
7.51511887647212
0.994834583252668
15.5262333806604
17.3971042001546
1.7532867961766
2.90307374717025
2.32164836279486
9.02562384222478
4.87954054540972
4.08765934407711
6.47402224130929
10.474986783126
2.34031151048839
6.50662682019174
9.62262488901615
16.1437278613448
14.8311418946832
13.660235117361
5.12472474085746
1.27633464143726
11.673594173044
4.45929984562099
4.7722864896059
11.6837130767266
12.0776073075831
17.2106925872589
10.3779737621588
7.74426986463368
2.81392509359169
0.184226480030007
17.029171762988
7.13312728330493
14.9294950067997
6.27471929867827
17.7631028679379
12.6423615962267
25.7865091320127
6.77940483026287
14.6393792623564
9.57242225085716
2.64472356066108
15.5701723357018
3.13333308716802
1.85933606699109
5.81577741540968
4.13405209062733
7.02610877342522
16.4666886907071
5.88599918410182
19.0420868806541
10.0210711267077
7.64097678475082
31.8216047715396
4.2457174975425
4.61315703578293
1.26785892061889
18.8420404214412
15.3696846216917
2.04915668790304
11.9180482177348
3.48780495114625
2.7851348650142
20.6623176112771
3.61124876417118
1.76210230753026
2.35828281780018
22.1596442628652
1.56167933181816
0.162039872157623
0.157471373677254
17.4546403810382
7.69370533525944
4.94243055039699
8.26239539697257
12.6263387870431
17.9582778806787
10.9422986961255
2.76141501963139
2.9116047513134
19.9535971973091
3.34205765696045
2.5878630297745
9.81180402592118
3.91502762213349
18.424086193486
19.5476637831435
27.3155243135989
19.5911411661655
22.0861038193107
9.19815814122558
2.26620375178754
5.09842127540056
5.22522968240082
29.2077264282852
2.26153932743153
19.8649949015187
3.82768147979703
14.9181957356632
6.48717948413373
6.525480716619
5.65571262433622
1.83173530608949
3.20831467397511
6.07527494430542
8.0749882850796
7.92840768784098
0.193799193948507
7.23206256425088
25.8070413488895
7.03414464369416
12.1556164231151
5.45024876482785
7.59131135419011
0.192143039620108
9.9552595987916
13.9538832940161
21.2779190856963
2.96566488160154
27.7696312687396
5.43965301476419
7.51290223561227
1.58231095410883
1.73117775036978
1.30090806633234
6.92444951273501
1.36515432598872
12.4345395714045
11.5071869455278
19.8194428347051
14.7200809292936
17.1031645968124
2.76682419784855
17.3791165307376
9.16865696199238
6.89631921856049
5.96386389806867
10.1166539825499
13.9839809387922
16.4734232744984
3.43112932946271
10.6814746279269
6.75215367449935
6.81253024376929
15.8075640909374
3.93652631901205
1.61751350387931
3.57517222873867
17.4755451269448
17.5686874892563
8.0420317593962
3.59893729522223
9.88992974788708
14.1426135826344
23.7091282848269
0.316886696964502
0.764160997561024
4.56738063486972
19.5308172250393
2.99071550828416
1.09960497356951
11.641317140311
9.15839723600164
4.58565365070392
25.507389041141
17.8978424984962
16.1120862234384
9.23161064274609
12.1634955044836
7.74634163826704
22.1646861638874
1.84491444379091
1.07034628895754
3.6867649294436
9.17193409986794
2.44197030148946
0.210215291008353
12.6362603157759
1.02498410039185
5.97258172714491
4.59635672159493
4.74343625954038
1.21305755235878
2.62370553187075
9.11761596798897
7.06509583865558
21.20451759547
10.0574897926206
25.7088327780366
22.8693367447704
18.8954991754144
0.187122821807861
8.82481606677175
6.71746982261539
5.02572125070221
0.409175416850181
20.2255099022177
16.0994622390717
2.57623753161133
7.72894428043806
2.47842255048454
11.4045401383711
3.25483018532395
1.42266014590859
18.2862418770748
0.217771390452981
9.63808782398701
3.07548549026251
4.75070704706013
16.6343179531395
12.9175676236296
13.520947098732
2.71934364176578
5.42272254824638
14.8648160975426
16.7981444858015
22.9844990652055
26.5903200022876
8.69358591735363
8.64660339429975
6.74565127119422
6.50284183211625
1.84265659190714
19.6067386772484
6.00471927689993
0.74099497091325
17.5652296442648
2.48926319181919
26.2808924104785
7.7837304212153
1.88844939693809
5.5357239152566
8.23866296559572
1.30163142457604
14.9061579722911
21.7257400043309
10.3352858509958
15.751153929159
8.1688473636456
1.39658652251085
12.9629902189393
23.2810526154935
2.43390365300846
13.2550381696825
1.54383708722889
16.7355241719633
2.29808790609241
1.39112110817228
6.40420180792829
30.1641796779225
14.4210439037516
3.79904638975859
1.74864751628162
8.19838121533394
5.50534962676466
1.64699158631265
10.5503320841801
20.0641280505806
7.38473339006305
11.2617784095976
5.31550724990666
5.45988571830094
5.41144101880491
7.45053789578378
2.126794798498
2.44267177768052
5.22982221117095
8.39188029058278
1.08299528038653
7.0756415836513
1.18731027469039
3.8813886429741
15.2330961038286
9.05293492057453
3.90002401545644
5.95173975434911
19.5919873658568
3.55992386674173
5.44491100181819
9.68145062215626
5.9709460487287
11.4229608384463
9.9686021450907
8.64124307408929
9.9710997659713
5.43925045058131
21.0638499455961
23.9158584270626
13.1343917455524
9.08373263664544
0.568262487649918
1.40827838331461
5.51053518429399
8.23429389887984
5.43716991712172
12.623266549781
14.1402096487582
12.2187498025596
13.1255953290878
8.00930918194354
0.296173022870286
5.62802165970658
0.0541736371815205
2.27435366250575
27.4451757781208
11.864994186908
7.35441280098943
5.81786993701633
13.6716756188622
15.4903920833021
16.8128563377007
9.11887595430017
4.09255418926477
28.4114885609597
25.8530974388123
9.08010404388295
6.35118167847395
6.1358442530036
14.689465845743
11.5965779870749
10.6019553728402
7.06652901135385
6.46079154929457
6.10602437212788
9.63137069562905
4.13801090299587
18.4686074499041
11.5097881817332
8.46249191090465
9.24778645858169
12.037382071231
0.940757850185037
7.763561960353
15.3439843424636
20.2969627850642
0.503414197985702
6.15988685309914
2.79437741264701
9.25227613188326
5.23090533652837
7.32233603484929
7.09453267599682
7.21158567864756
6.165861338377
7.82173480060791
18.2289394084364
3.4802237059921
9.08554899506271
2.2623223557001
2.58433129638433
1.43328232029836
16.8084740003037
24.0526512556706
16.7521997820586
6.76095743695918
8.34959261119366
7.92317734821046
1.197056285205
8.09103966874251
6.29706033505499
7.71869634007593
