"x"
22.3499540239573
16.6663513274337
23.0308203130749
33.0073790624738
32.4980390258133
36.3416489442946
1.99223384261131
41.646263306333
34.8423402290791
33.7001750664507
3.79944164305925
23.4526590362838
15.0048983283341
32.7139522452026
22.4431194830686
30.4495186079293
47.3045248538256
43.2086763791646
31.294774543494
18.4551924932748
39.2486724536866
37.0825043413788
3.83916711434722
23.6148212066796
43.7856090255082
13.2063431665301
3.99300241842866
37.6942526549101
32.0709617808461
11.9374539205376
37.3518818888852
27.604545513168
38.7692324509387
31.2128615565598
21.9246386550367
22.879390232265
12.139407498762
26.041113352403
24.9217402844843
20.2966866053664
26.5820523258299
24.6228492809085
13.397634588182
37.643413618207
15.1057702589708
24.3048389538168
8.17205497304587
13.9157379046082
15.9522896788842
19.1406853031367
17.6071086898446
4.31016958318651
15.6427019368853
37.395030347003
56.9014558568597
26.0809977960781
59.3942437786609
6.64602993056178
39.340466959402
37.0183617342263
48.4632475767285
30.7014627382159
27.3159499446543
36.5800662431866
34.0665320400149
13.0760747939348
26.5040891245008
34.8766894545406
22.726669581607
30.3432037122548
26.4993674808605
34.3743232211933
33.4780211075509
16.6543357539922
13.8807679526508
19.5511536672711
4.28237646874667
11.9212729501795
21.3770363945514
26.5919850673527
28.4131855238229
33.0378666520119
45.9216244266558
32.4300817020864
15.4267941135913
50.1099144948377
35.7821688987315
32.1539733093232
20.3330036465753
30.2128256823124
26.7282987013459
41.2680963054299
7.93654024600983
26.7531817313284
39.5950427509327
20.8387544865135
34.3945361208171
19.6924208549593
24.8335827607661
34.3700343423735
26.7231871843705
13.8784595299512
14.3933824729174
23.41153989546
43.5795541785737
34.0542064368644
15.0979548227042
8.02404806017876
18.7503251520907
17.684173444286
29.8904126509228
30.8054415974766
9.54618975520134
31.5944646950811
39.3961176741868
23.2401459808061
31.7075664016577
28.4680260811001
32.5142442248762
19.9990770381471
9.68865836039186
36.2366897519678
20.1615517323464
22.2758999094367
20.7672361284494
19.6362364571542
28.5957917438686
24.0271117072552
27.0749129354954
35.0461910944432
16.2717445287853
16.5990790334653
34.2906438279897
50.4099562298506
13.2890449371189
3.53298031251161
23.5920141022828
36.2769154831767
30.6579038500786
31.8442557437069
26.156952587138
20.973453251645
11.1132158742995
23.7471356987953
30.1378551404923
34.5338123850524
45.3096717130393
39.0741408802569
35.7235892824384
12.1427102588331
19.922934519127
28.9338917471468
27.3145643528551
40.825566649437
25.9288099128753
13.0822015926242
28.395729791373
33.4121988620609
15.9011022653431
26.1590431444347
14.9004560895264
16.3024822250009
25.9425801225007
12.2084501665086
13.9345293398947
54.179947718355
21.3894714901471
40.7142171170563
28.9019199553877
20.6110566854477
21.8915737982562
21.0982030723244
26.5926449829963
36.6499950799782
20.0974728446454
35.6842626817524
37.6111137215048
5.28186587616801
10.0605905987322
41.5106313768774
36.9975105859339
16.925772422499
11.3408211618662
17.8875932469964
32.5651400722563
48.0503270402551
32.4154407717288
32.030949415639
41.1306017078459
15.9362876532167
39.8898355662823
20.6445688339198
37.9264483884708
26.4566213093861
31.2190804630518
3.38397645391524
14.2309455105676
41.9637607876211
19.2554617766291
33.0063072326286
30.3166102152318
17.1470266301185
28.4132398039805
11.2214953638613
19.8317977134138
32.2095421348021
5.79718290828168
45.0532159137843
37.1818261686713
18.8870592974126
41.2868762854487
23.001607075904
26.1845365632325
18.1557473260909
37.826784607023
13.0703671369702
17.6757393038457
6.79804151877761
38.8068143744022
20.3806644305587
22.1636566342369
28.3845190358962
10.5530720669776
28.4514860250056
21.0141735567623
36.0429041079322
40.1726031210274
16.3989876396954
2.49149340599151
46.8670273665339
29.3243837542832
20.2334368601441
23.9508682396263
15.7242289744318
38.5103133972734
30.5606205365373
21.3534867747921
40.1167076081038
52.8536417521536
35.9273586887866
15.6442045699805
36.754463274374
38.8834108132869
39.506104728207
37.3086657375097
46.4206015691161
18.5832793635409
18.9843543805182
15.0654159879824
28.626701515168
15.2414031043368
21.7470737174153
20.8292083327558
15.7835155725479
6.55307846475038
8.25290405191481
21.1340644862503
28.9673116523772
14.9801951606788
36.7934926878661
40.3635384980589
17.8052247967571
15.1925201993436
38.4220138657838
15.7281338702887
24.0546937100589
25.3542305901647
15.5828078277409
39.2913719173521
28.0898023917026
33.9922050388042
13.7437887024134
34.9692918040157
26.3828872237355
6.48710578680038
29.0535589071677
24.7007982805371
42.3654302954674
40.2650762815028
24.4966012195346
18.6026808340102
36.0788315151527
24.6415963862091
44.5022639161356
28.0622618387356
30.8552011847496
33.2085718400776
23.6741778440773
10.4094645939767
31.4416007138789
19.7113987560072
19.8048309423029
6.63874358744827
23.7733041401953
8.81730960682034
46.6724864207208
27.9192195273936
31.0296740848571
10.0370593861576
30.8174874414512
28.1760777951972
10.1855228789264
24.3676751043279
12.3706937767565
42.2854871023446
35.4675770737231
20.1795019763722
26.1547711677849
43.232902904866
27.2586898878217
16.4149777032435
31.3266023993492
15.4459278099239
42.6467930525424
51.1466835159808
33.6002535003022
36.3530280999839
52.6954633183777
48.6494801472872
5.09438239969313
35.305422404781
8.39413679204881
21.9156516068469
27.6000298214268
14.4008853679829
54.4604614842683
12.2224536258727
21.6833045626538
5.61932618718847
28.521599015221
7.98748199747955
16.171197546646
38.642231747508
39.101356966421
45.7184616508639
11.2085064873099
29.5511844832645
38.7881968636066
22.4755043163896
12.3038428839917
14.9584072176367
21.0242616478354
30.1147321988552
25.8075495869321
8.8953309982112
33.2142779137939
33.6242117703537
41.371924476698
29.0753605289656
9.31770492549416
32.1905988734215
33.0339550426675
44.9602388637864
36.6043529007584
20.2806677955648
42.4795256461948
26.5624178107828
30.2277840208262
36.2380494363606
34.0419257525355
43.8623308669776
7.47416624799371
38.7364675290883
6.44166558049619
10.2461370173842
43.082968890667
48.8625595346093
10.1460868027061
25.654542632401
33.5041461978108
53.5394758917391
28.803027421236
36.1121963243932
8.2453515446005
16.0748543329351
29.8130327370018
37.3695102985948
15.821849135682
19.9285381939262
9.29630449291548
29.6592065727952
56.909546116367
1.53823689953227
19.7151267219784
19.5140028372407
38.5780142620206
19.2244110163301
8.32436584121631
36.5917383693159
33.7966397404671
20.9110171554115
16.3505961652845
32.0845799986273
12.0827072300017
23.876364687771
41.3279169704765
24.3945748907008
21.3486819775137
25.2501883544028
40.8725542990763
27.8383792431388
3.57032576575875
24.4497963227332
28.2313451727416
40.467827860266
26.5354335308075
13.8859655815609
54.3345718178898
29.5121149625629
40.1892116758972
31.9216377101839
9.38725033774972
32.3373176976206
27.8643789235502
39.1984153538942
26.9929227419198
43.9458061009645
32.3857523035258
25.4279956328976
36.052705315973
15.3767009609814
10.188150741743
32.6540594454855
23.6404029220958
11.9093483716587
6.44510070792751
28.2115794718266
1.9979412585324
15.5155825894326
3.29784471355714
40.3318258933723
45.1607322786003
17.6857868674691
34.8392756190151
15.4172745533288
21.9344956060101
41.8381246272475
18.0622941814363
27.0881998165563
17.6562214270234
20.2620952152152
50.5286823958158
39.5500676240772
48.5947637818754
11.5660392213613
32.3999515268952
37.3262332752347
18.0908264126629
35.3392619639635
37.6244680024683
19.0081973560154
31.3350512646139
14.9859520606697
13.3869367651641
59.566954895854
24.023512005806
28.646644204855
12.9213179576871
42.3990596085787
32.1489214577067
0.532030686736107
24.5022987481207
18.002069555223
27.9014870524406
42.7725160960108
28.5516102798283
30.0749543122947
38.6422909796238
31.1120415106416
21.2365857008315
25.3531713823739
0.513687450438738
20.1712882146239
31.0834735166281
15.4386221431196
38.6557149938456
43.7904270831496
17.1407700623875
23.4166564419866
46.4612401556224
10.5454774509345
18.3953377477191
32.3090709280223
42.5529061350971
13.3936719968915
17.328911425543
3.71010250434593
41.6095621883869
39.3091158475727
22.7661367787228
3.96875543519855
35.4311542585492
7.38398554140059
8.47193756389425
19.0528103616089
50.8681883569807
36.9127063010566
38.3351117838174
53.4945555962622
23.2384303356744
26.5803040936589
7.8748169484552
3.51891689933836
15.3209930483343
16.9074396454645
59.1953757219017
18.0504838004708
46.817345218733
42.3677860293537
11.1204548738897
22.4080987127428
19.5726250181738
10.2736217901111
29.4362889842126
14.8799035698175
31.9940295536071
35.1414915174246
20.5027342308313
6.47496655741788
28.2856257561749
24.6017071884125
40.1148710734923
39.9626309517771
21.2000886909664
20.4797098878771
43.1839970207545
40.045585623011
25.8735605981201
21.1368861371329
37.4600243754685
25.996125722304
24.3576221168041
31.5674997206527
11.3705358002335
40.133451204747
40.0551000609994
34.6660408657044
10.613350244239
12.0482320897281
41.0710289143026
28.21538685821
31.455725069939
26.1574544943869
24.8685848190207
37.3686017934233
28.4605771300733
18.8098445069045
15.2956591571126
24.7738976110118
26.1382614728063
13.4606432169676
26.8127457704395
21.4094442781061
9.35917845927179
35.8669543638825
39.5482894320114
12.286473903805
17.4369274172932
25.7723478600383
42.1227214392275
43.9464401453733
14.1904080827166
21.0060229059309
15.6712819603226
12.6416324172169
25.8736219605643
28.4542464185506
41.9526448007673
22.3592878203745
28.5221424956975
35.3046131785959
16.7697528377175
41.4028947707266
22.9525478091091
26.9180407002515
27.5341565255076
36.2410473637283
35.4821631684899
3.02927363663912
16.4373139385134
19.4630287121981
10.6897006743178
27.8415502049029
17.757389387326
35.3952257428318
25.4268733318895
28.7685066927224
30.7659426234501
8.99171317781754
22.9193542152643
55.4699636995792
30.8832097798586
36.1663541250535
9.16018667630851
9.00722412231719
36.2552079372108
30.3794134408236
11.8128822185099
6.5289982353711
1.87610783614218
43.5341312766309
27.9840335249901
25.4864452872425
36.8790679915013
18.7459178268909
8.49868824583027
24.9389184173197
34.1776598592282
29.9525661394
31.0698039829731
42.8299897350371
20.0851737228914
9.72716927152863
31.1156885698438
20.0741040986031
3.69445283252303
20.8082610395189
14.2118843272328
29.6954875765318
27.0546714775264
26.3424826940863
8.02791993092062
17.4766116309911
44.0393259968818
27.6146527845412
16.2410615943372
31.9663859438151
46.0663912300416
13.3224777877331
28.3060667656917
16.4474228862673
9.30576706305146
16.4325673598796
12.2998052668861
24.2397023279344
17.890220186069
33.2876881118864
22.9361251810181
9.09101069695165
20.554528781438
42.9680736735463
34.3933634925634
6.28209092262426
34.9940612157603
34.3721129465848
7.53456176931836
59.161881217733
29.5116351451725
31.1803693883121
27.6131159625947
54.6871474478394
36.6498761547054
28.1339691464601
23.5659785103053
12.9141696263105
35.733633255586
30.109418664791
48.9111062604934
53.761317813769
24.8015960478088
19.4617133121938
4.55440832301974
24.3897633797688
12.3109686654061
15.3912979125513
30.5263525960153
40.0877326261252
6.55277757905424
10.7070150256039
38.8353775721043
34.0692979071218
29.2395255791255
24.2607740685344
16.0151856228728
27.3287987318326
17.5478634890169
19.2104116082191
48.1898485682905
29.1688227560371
17.5493247406344
11.171270128192
18.7285472173244
38.2279917132109
24.6135550551116
14.3659999488529
34.679580386728
17.2322607599199
14.3531123967803
41.7274068575352
26.9924851134419
37.1745604984293
56.6159185953438
6.95089287879578
30.2328914403915
17.3167282745264
40.8929898403585
51.680744253099
32.128611812368
42.5728485453874
28.4943164833432
43.242766475305
26.3075187336653
1.16151042653925
21.8115145340562
28.0837604310364
34.6187689341605
20.8243112550174
5.81239797174931
40.279945358634
32.2142613329969
41.9764280577502
9.9944937042892
3.16943458136332
16.0736687947065
26.486400840804
28.2796033829424
42.4447426106781
22.9535462334752
27.8112617321312
18.8454247656392
41.7405477259308
27.1822513546795
31.0708095533953
26.1459028009108
42.1837625093758
31.8702015094459
10.1167701759202
31.3261572737247
27.0229818765074
35.1554583758116
18.0583715438843
8.73941862606412
34.6535347867757
22.7153088897467
37.9102973267436
24.3821834214032
19.1255364567041
0.518964463844895
10.6988654731839
35.8416418079287
18.5186255720067
18.0880536790937
47.9439780951741
27.3711068555713
35.0716161641988
13.7964928057045
21.5089680206347
23.8130101002753
38.8292721472681
38.7294108979404
27.1266983821988
23.0926116835194
26.5787439113068
40.8938069667211
36.1956963315606
22.4737398471003
23.5393798487354
16.0156216714473
27.3515142034739
28.4941627471309
32.0539193227887
21.6195495776359
15.6497006786997
31.1570997349918
28.1294543296099
21.3453525211662
32.2038107085973
24.1212917957455
20.058054709807
10.0920536089689
1.4922382695148
7.07860522675562
40.21564302966
19.4702538661659
53.8440149277449
37.0816742764183
21.3262862991542
28.8437700364739
3.55548141524196
20.1553872786462
13.3853390347213
4.66023428920529
13.5707853983782
24.6296842582524
59.3744199723005
28.6313155200332
28.5222068563961
26.0293056257069
29.7344852376094
48.3377153848446
26.3319986945621
20.8716532215476
20.9296309389174
33.8701869826764
47.7536763530225
23.1406345497817
34.9684459157288
28.8514624349773
4.62401523254812
30.4479026820451
27.0993495974897
45.9642632864416
32.8388997621289
16.1707882303745
19.9246447533369
18.5759834779997
32.561405794695
25.8543452247977
26.5336326294063
9.25898784771562
35.5648641315057
7.90328914996987
45.9570678536881
13.0643008335651
21.4008861221373
55.5068361572921
12.9824493080378
33.4960838314146
23.1128194835037
2.8482988871282
11.1838553237731
23.4260703212412
44.7944784494092
13.5806365869939
4.35132543315096
5.80704030580819
21.8945904558546
17.8426962345839
21.8185449175008
30.6634604762685
40.7872410025448
42.9149690084159
34.2106419615448
28.3998465007614
37.8475470934063
20.0038920027373
17.4863966647123
45.4027444589883
5.93573376536369
3.51049841685032
12.1194172214787
37.6114913213007
18.9708336722106
38.3584756404161
2.09455070176903
48.78108818084
27.1322519711833
5.12895602732897
40.7820796504931
31.8983422126621
32.8718743752688
26.2565714772791
22.3800941268855
38.3362407796085
21.5228001121432
16.3982866797596
30.2991347509067
18.8454667106271
21.1181588038398
9.8228323739022
38.1094772834331
37.6730381976813
34.288503184166
20.6140082019732
15.2168500237167
24.7251699212939
34.6209738980753
18.2464775629342
31.9181798804886
23.873397543368
8.70016226544976
19.0331591458214
16.0054249223322
29.5654949266464
24.0920001086144
5.8165886439383
31.0174224432558
35.2776698768139
19.8880632873625
32.107931189239
22.4787835497409
11.2562234260822
28.0719165224582
15.0171624030918
36.9909042026848
11.9415464811027
32.0503137664815
37.5848991330713
32.173605915159
30.84332565777
17.8827027324587
28.4818390451304
20.2288413107451
36.5763804875314
38.0170999644208
50.0010162126273
50.058398661745
45.4335389362067
27.7666766662151
53.8485059514642
17.4061677293658
38.0972483036468
23.9313310943544
31.3924603268822
36.6073442714346
20.0538266915828
22.9136957321316
30.5784156545997
44.7150103747845
34.0475213713944
24.669309752062
7.23239784128964
45.0284015852958
20.8391236083536
34.3980111181736
37.6634879503399
38.3669985484612
28.0002444516867
25.1815639901906
36.6070179268718
32.644460350275
22.1847963963031
22.5054480601102
8.22084319069457
47.7869969792664
18.9523407723755
26.6671807039529
33.1450764089823
30.4762507788837
26.9212189696944
22.6174005307257
26.476438017562
9.15792794193083
25.4003947054639
26.9201815128326
31.2005403451622
42.1962162122645
28.0864826403558
13.9776604715735
20.5786796286702
35.6696387287229
23.6725398804992
35.2336231620477
28.5188302759541
22.4821357987821
8.83615159407181
47.0922863576561
25.8218605626797
12.6908639911562
28.0117908958346
35.9272032976151
18.4766890481114
40.8844036050141
23.0355089770566
28.6214121617377
48.5936419572681
6.16105034863686
30.9848043136299
8.04483792744577
16.3756716065109
57.6529924292117
56.9244634360075
18.5910929460078
12.548748170957
9.93492980487645
28.4651962574571
21.334984479472
43.8647652976215
46.0238426923752
31.3098469470783
14.8069842718542
10.1811260916293
4.32850564830005
27.1438260097057
39.812247408554
37.0212523266673
40.3471782715056
48.8294970709831
47.3936535418034
46.0781624075025
31.7765575833619
43.483233358711
17.4411668610039
14.4066797997644
28.9838203694671
24.9943938461808
26.4760834165624
32.9387253616005
3.5037449009174
27.7378072272421
32.1651049423963
42.0831736642867
10.8714976347983
19.483301229775
13.2357090245932
37.5972677953541
2.20448551699519
33.7976221460849
42.1612544450909
22.6668655654911
25.7339765783399
34.035366633907
14.6406959131172
11.3003203814362
14.8677604577555
45.1289493590593
8.81346732048666
31.4203695175315
12.9958378151059
30.7074350304902
13.4324263781309
46.4888323098421
34.9825948942453
51.5462668591915
5.44793242588639
15.2518156450242
52.0570473279804
35.1132672745734
34.8415195941925
16.4667938835919
38.0678954999894
34.9589184345288
28.2278899103403
34.1192018823578
50.9114291475475
44.4187869783491
25.6889608688653
4.10366496071219
22.8744962718338
8.78730248552147
38.9111984826501
30.8493789751083
32.3488357942551
5.54789314046502
31.2272738007803
12.0826112572104
19.3036094342724
10.5856833513826
11.7484007915779
10.816453986542
32.9864530358464
36.6473740432411
20.22594967857
13.4927333798259
19.1488541197032
27.4951141793281
43.9747140277177
33.7052428629249
11.3957217894495
43.4072920586914
22.8475362062454
3.99293168447912
32.9017465468496
21.8185594305396
18.8300625421107
29.4244093354791
25.1349859351355
26.1374039575458
28.9284271198159
34.949083533138
37.3768247198313
38.7378514460254
44.0296209587014
32.5655264779925
47.0877711195499
33.7357986647065
46.3925422169268
21.7777077637486
39.7589195054024
45.0551694724709
20.4829100519419
31.3307342119515
25.9144355519745
27.1760739386082
49.7659463901073
23.3791884100315
8.62446334213018
25.6475809253304
2.19973365819597
14.6016307175159
37.6261802855879
11.4868040692767
28.0319578749311
20.8698379807174
46.8047581147403
19.3751924205571
37.4851426575333
9.80873228982091
16.5385590866208
17.5520346359061
42.7069960162044
28.3902307506651
35.6315499490982
53.0210806056857
24.0022012312278
49.3154077790678
22.4561475217342
4.17279997474106
45.7766820676625
33.1408521756144
31.6389907151461
25.2852356992662
24.9079561792314
23.1348777803446
13.0390614271164
38.1500477902591
36.1526519614909
3.59857412852201
34.9915198516101
35.4010324925184
29.8642245586962
39.8294492406492
3.91372848996003
33.190740560972
37.4994681216776
28.7286437582225
38.3039403706789
34.8567005246878
1.59065933408039
38.2003785927583
29.2781148571521
14.5832435318158
32.7847061678767
21.5474268421531
23.5038482584059
31.718328082934
12.055029458469
33.2773970611408
9.43702957592905
36.5315421950072
42.1510968357325
11.5799810764099
15.7156205736101
27.4240618105978
36.1012846231461
17.6622411701828
29.204935108874
33.6851897183806
41.5731051936746
7.65659857849237
42.9094946943223
19.7468735277653
43.4405361302197
45.3145259059966
11.6141067713959
12.1946499558646
15.9367707941981
13.071065582335
55.3547071292996
46.594011830166
40.2501225478281
29.3049179948866
25.9170523844659
22.3715670605584
8.83401271440632
13.2007300388068
23.8236271795221
24.6492414440583
30.173102626577
15.2802078053355
23.357513492307
44.0204491718256
35.089604742825
37.7137267496437
29.6088927425444
15.7861901447177
13.4542027488351
15.3822871856391
19.3990220781416
12.5107427593321
41.1924495361745
41.2306321784854
24.3046523537487
50.6327933166176
20.2606330625713
30.1651422400028
11.3591338973492
35.6501469388604
17.5720706474964
31.1488781590015
17.5877594389021
1.52534907310366
44.2616367712617
31.7117222500767
23.8260837737471
9.90186252481184
38.4180217026656
27.9980160295963
39.142141956836
25.5519939120859
52.3780634161085
20.9849758287767
4.44742413237691
13.4817869627992
13.3653597906232
22.9571089636079
38.9054304454476
21.1341429501772
4.24377145957393
36.7844536976438
29.1159019805491
28.8958485669391
32.8189454440834
36.6377933416516
29.7829751856625
3.23333013802767
27.9801460439515
18.8002164009959
27.2779597900808
18.2983172126114
6.563366856426
25.9098366992485
53.218186693266
46.5313453227282
31.4686081837863
13.4252034025131
21.7432489843949
23.5340206883848
30.3350722124689
35.0522077178356
13.7015073560178
25.5485386541424
36.3561406722549
37.9509686042407
32.8135129064322
23.855698807165
33.0067688599229
29.2496907123801
47.2141395322978
7.13552488014102
19.6327683981508
31.7713940050453
37.4634750772882
22.4440703719782
61.3722519017756
15.6660930161765
41.0323492251337
11.6041452623904
50.5740097723901
21.3845299556851
10.7455105021635
42.4492920283228
19.9300480908886
20.9729725494981
33.9487115852535
46.3454142247534
27.7738726697862
37.5818920321763
47.6578080561012
31.9693718927645
16.7125576772485
22.2128199127269
27.3077325895429
14.2266224502133
26.638528076845
0.805080990697926
15.2324751231465
12.9023068434201
10.4506868429768
9.74731822097463
37.3247801326215
27.9992170631886
37.8195386845618
9.8494712729007
13.0089394748211
34.4129011966288
21.4177911819823
18.1775296106935
33.8360652739181
54.3179396221757
23.365291999653
20.799001539126
35.3313319385052
38.3303091395646
23.886852292344
24.863269654959
26.1948436032981
30.6805709164647
27.6468679308891
21.5525158680975
31.949336090976
23.4923486232871
35.4170944851548
43.9357207974701
52.4900768417865
35.2678995579481
14.0720179978496
21.0566805675626
19.7157442569733
31.3160426810492
12.7677279058844
46.4768228121102
8.36313501213081
41.3493401133642
25.0005160043179
50.4024642985314
36.1269315704703
31.2402098815943
23.6865295097232
14.2893709708005
14.9353277006024
20.2519279904664
31.1074314173311
10.838775997188
24.7837669884584
16.4671517908573
38.3827698882669
23.3934891875833
36.8699481710792
36.4053498650347
40.2657249942422
32.0549142546952
52.4973727297038
27.8779852204025
28.9248037151992
25.0960548296047
27.1894117351621
37.8418772015721
18.9303575675196
40.7747116405517
16.2312109520607
26.1397306341678
15.7617330949796
29.1015729308128
17.1338806394488
22.9452143888921
34.9927891559248
17.105486895889
54.6243814751506
5.77763919718564
39.2260409012739
26.4304377138615
22.3979629576206
29.5026149135083
29.248480591923
28.6096055541997
58.6013123393059
29.2671468574554
39.0856432262808
16.4233796764165
23.165140493912
43.634054530412
31.2544834334403
20.1423943701729
9.90244869455447
37.927187839523
41.886786557734
47.608235757798
48.0376436840743
54.5285216998309
39.5158983288623
32.8247087768011
20.0394817627966
23.0046426877379
30.2291777916253
15.8537389244884
22.8665662747275
15.5830658429142
39.3325524404645
20.4248653263122
30.0836617127061
27.201901609078
53.0032825190574
22.9787610775042
26.1886619497091
29.2027234118885
31.2545658554882
12.6160079147667
14.2065173946321
7.61801986955106
5.41852870956063
23.5347789246589
14.6062541438379
27.1730052772909
9.11745468111533
27.6952380961046
22.6673328317702
23.6074837804067
44.7138189803809
27.8192374869823
29.1258338898101
37.773714269628
44.9082108241109
31.6815306898206
30.7035322766751
13.0332438740879
32.6621701009572
10.4874289128929
24.2536851738616
21.5709208045155
43.1796672288328
22.7647338062525
44.2599981091917
31.7963045863275
37.392714060843
30.3225060281474
27.362030884251
39.897776953876
41.9515168294311
11.8044533766806
23.6009705811739
28.5136509504079
30.6484210770577
39.3591909203678
39.549651916369
17.7247833181525
46.611213904019
38.7767341919243
29.4659489698435
32.6095443218946
27.3327711038291
21.864079637453
18.4002724767889
25.0285140863233
19.3547024857253
12.766018141878
31.4130469225347
36.2115058825387
42.2681011259556
25.4375823267945
11.8621078319848
23.1118170078844
41.717812884599
29.694072669372
24.5239349082112
28.863689629361
45.6264815945663
27.7600503524581
40.3602898586541
20.197836867562
15.457451576367
22.6940057240427
7.12385901240946
22.8878322244322
11.0390523914248
29.8763233236969
22.205554228276
28.9557342417538
28.7852087523788
44.8410345707089
47.6717624813318
46.4824668131769
39.0663919039071
43.4882127747148
20.7898132427505
36.3711102865636
28.5663170274347
45.481579285115
37.5405529048294
20.4791834577918
13.4260738268495
17.6319838967174
33.738246653229
40.3310115449131
29.6158092096448
40.9263659268618
9.56938350573182
33.6372943595052
25.1801527105272
32.0620722137392
37.5871872063726
44.8215268086642
2.57995226393836
12.2453036815957
26.4691878575832
38.4771544340015
14.3180168233812
19.8135328944772
39.6956162061542
14.8125027306378
36.5405531600118
18.8060310203582
23.9360080566257
10.004072310403
41.283728044608
27.4970629678205
26.3252665288746
14.8316423408687
52.904643304646
46.6360760852695
48.5568080563098
53.7708534786147
15.324462942106
21.4648937806487
27.1047065965831
34.5410373527557
35.8200878370553
37.9201898351312
3.47449462568141
16.6870991638316
29.9160945547082
26.6992358490825
46.2000802624971
36.0661230515689
37.2075975970757
27.4664415512234
4.28812151644145
41.3249799516052
27.3170972242951
31.1344242654741
22.9823938105255
41.3023759610951
36.2822241528879
21.8166863080114
18.0145868100226
12.4404800822553
41.914689540863
22.3196804594894
2.81064795914389
39.526590354817
13.7105072848499
34.4126047000439
9.38785737380385
28.3216429874301
14.4683161284775
18.2517135050148
43.3559982571751
30.9454346541315
39.4658230263505
39.8830765858293
29.3569636531174
17.628162773326
20.4844003543258
5.24699877117204
24.9862426799018
24.4231704556006
43.7706001652329
58.7822905920452
50.5817478056997
41.5319583183045
35.361076066028
34.2940570379801
16.0399822518229
40.2502092532814
37.202507421103
37.8634320106357
29.4495808886681
55.1589149981737
21.6554427985102
42.6918367621648
13.2414950057864
12.7019676431309
61.4470397587866
44.1505099181086
26.7359555698931
32.6554838589413
9.67444420613296
19.6054774267914
32.1805497631431
14.5420758984983
27.995545277372
20.9025447666288
5.39170724969208
12.8961537637437
30.5007804650813
43.6160127166659
42.1841808423205
55.6186784058809
43.3650622144341
4.3253246229142
27.0505952183157
2.74563515558839
12.5680361279669
27.8403421398252
18.9779616892338
24.046304206276
23.5464500683667
14.4279345870018
20.6194608006626
12.0865837670863
0.893629885840729
46.556917252019
37.3275385197891
35.0698949028376
16.2948673125356
36.0896902527464
32.7643708325922
35.2851510022517
33.3127630408853
22.6117340382189
9.27835508809637
40.1658174581826
33.7274419089241
19.4051372818649
32.1757888887078
45.7436514087021
32.3722904103862
0.887399958446622
42.5907711498439
24.0083769895136
27.8657776769251
37.6204384025186
25.5983848590404
54.302550945431
42.4111010506749
37.3187866993248
34.2139369090101
42.2712641275129
41.8503356631845
34.3018362764269
3.59687591306792
37.4006470665336
40.3183363994388
4.16644942015409
34.4261060934514
50.2523815006729
37.6648219767958
10.4058522733477
31.8936849012971
1.98319312185049
44.6687844581902
16.617710981518
41.9476399198174
24.1919415537268
21.0237975146644
26.9602919463068
48.0972542931304
25.7516792044044
32.3542102668461
27.3780267260703
17.2555270139128
42.1294783242047
21.2979749310762
22.5879902485758
8.00760015845299
22.2269609007016
28.8534405175596
34.9804246332496
43.3641425799578
15.5723906122148
28.6239574663341
49.0861629135907
22.8898771613629
26.0282801221569
54.99303098768
16.1841149907559
38.1300453096628
14.2152242828161
42.9640704300255
44.4366123401101
33.7887906003743
35.934420277191
31.0022933408618
2.05857870168984
38.4914829861373
25.6251613143831
14.0947564505041
10.7601082445242
11.9722434785217
17.4255830669071
43.582447037045
41.2189946414073
30.2377548068762
19.09201614934
8.19327391103669
36.9816957041621
39.9686746299267
22.375450655818
44.532500743404
20.4555118922144
42.0909314213321
27.9736593831331
32.5293013826013
17.7838777203361
31.3403981702266
15.6711300961867
32.3288153856993
43.9486012328416
43.684022501111
21.4139678981155
32.2886807844043
29.6539430199456
24.4863676425179
18.6044223856024
24.3394774850458
28.656297037378
33.1537169869989
37.707741279155
30.1969800073089
36.0257105901837
6.7293999888368
30.431765447267
28.2998131103199
33.1905575003475
34.8027129657567
24.7648130532173
32.5806856621057
16.844923894389
51.5219686552882
27.992268045849
28.585714275437
12.1778080295358
15.0358258178936
44.3350048735738
1.1990056373179
37.5944225583225
13.3932263187626
31.2122211791575
46.9177274499089
28.1748960630523
38.2954703178257
20.5764425452799
18.7344781698613
37.3711328226059
31.3580083095979
31.6993782296777
5.56852868275534
56.9345987401903
17.9116836749017
25.5146242212504
35.6708487030119
30.4724787211992
30.2643022340761
5.65901961517629
25.1575767501435
24.2627302650362
43.2054396253079
9.77119221352041
35.4606387422027
26.6450335271657
0.570318289101124
19.4361173547804
38.537428015843
45.3064313335071
24.886138131842
19.0348603297025
6.12140628509223
52.7444081380963
41.3465033687718
22.1352071501315
26.308251452719
30.4552396887146
23.5925575693152
22.535899002105
3.40041192248464
31.5818116485772
33.1328634765251
25.9685439057648
2.22930461168289
53.0824981629848
24.7068457305431
23.7152879182739
30.6993369016818
12.247396633029
41.0730131436139
20.0545787345618
14.0925106126815
35.1904898881912
42.7983502391726
32.6714265160263
24.9450347851962
30.3879358276634
34.7327598370612
8.17299820910154
30.6815497542508
0.721242371946573
28.6200180274911
34.8859384190291
18.0372919887304
18.2548838667572
34.5193640328944
33.653421420604
24.7466366738081
53.1111397780478
53.0616925098002
23.1777073076385
52.4612769950181
31.1254830469509
38.1552428938448
31.3445979263633
37.7644727472216
19.0170897576774
28.2006322406232
42.8465481649672
55.8279439341277
24.5991685893387
6.01039915345609
15.7784170936793
19.5488148035508
15.8355858669144
30.6518469005823
31.2714816282505
26.0398872662336
42.4869725946337
2.64869933016598
23.6623327327174
24.2808187846094
32.9887586645782
21.6171102296939
12.3163011390716
25.010072812438
29.2092258597702
14.2678782551396
19.5018278900534
51.9511429592967
24.9160353560001
10.1564425107704
2.91992709971964
14.7531622555107
26.1911629699171
31.8323630373925
22.7749926042753
43.7737078871578
39.6440426353365
41.3965610787272
21.4681677985936
31.7144541535527
31.1704948544502
45.5828534652641
14.0940580051392
27.8267141897231
30.2108018659055
28.8593065924942
41.8136146468152
27.5694257114083
21.0963790659705
17.7589915227145
27.6979747228324
27.0527744970224
16.625139903631
46.4050020091236
41.9492358807474
23.428458138664
33.8536884170026
31.6828253213316
41.569325234741
25.4297899082303
41.4460866246372
27.6941058126007
20.2844268444611
27.7419260237366
26.6469828100098
15.3190614189953
49.2575218435377
23.4016000758857
17.0342253521085
25.1566034478939
34.9656612021605
28.8171601016074
22.3848961759359
5.66472909413278
19.4239746779203
30.338411219418
38.1891028824039
14.7950315382332
28.2927392516285
40.6358284410089
26.6784072438699
14.9782572407275
23.2148354421248
9.32829931297683
21.8053861521184
24.2568237707019
27.8341809018113
26.5965179380638
38.5823183692992
30.6664510539048
24.6172521918107
3.50861104097792
47.2442518919706
32.0118639459942
29.2083487380296
35.0599858444184
14.2358177807182
13.6185336613988
16.6501180268824
7.0813967846334
27.319516928186
37.8645938838606
37.3655180446804
18.2912581134588
38.5437652468681
10.2748807519674
37.3306882562041
31.77774772048
22.0011980624894
12.7127318643034
21.1738345678896
21.5145866386592
24.3711715622195
0.0489130150526762
28.912840038538
2.48254560865462
10.3754985704075
29.6626474242657
16.7308818083256
28.5045586526394
14.5983314141631
27.5832412815551
43.1363462004811
24.270007899031
27.0525886677206
51.0956127662212
26.427360996604
32.7290998306125
8.96257180720568
28.8930620532483
17.7570790260936
25.2830288372934
7.49216256663203
27.925579920438
24.8898121993989
31.3824519515038
57.8681373503059
25.8130491711199
22.2341632004827
24.2313475571987
6.37717334857397
29.190048986041
27.8365891892463
34.9769302178174
37.4493399634957
25.4213914740831
32.5597835239023
34.0328770224005
43.2149779015956
32.7117014121354
7.52058420071025
18.1267013884155
41.5035274811089
30.8242264203727
38.4024555329233
48.9779484458268
32.7344082636085
37.1920714620501
5.32986577600241
16.0409849137068
24.1742558895318
23.2645961921662
26.3179011032571
13.8895278526242
22.8061448782682
28.4738988615572
30.6462897919118
6.88129481859505
27.9689952140098
5.1650901325047
37.087977072224
23.1897631660104
26.7710173502564
25.7433850690437
28.7399342283607
36.937787476927
41.8366528116167
11.6269830148667
16.7607076459232
39.3098627217114
8.56913733296096
43.559453682974
24.9405616894364
26.0566547981696
42.7948874421418
28.5609905607998
24.9324508214022
35.4619046532352
33.192442683503
33.8987913914025
40.5537143815309
11.6683776956052
13.7412703689622
36.9993216155426
34.8943480472299
18.2102170307189
14.018388751787
17.1272895298898
16.9450734988201
25.2858857579298
15.0750112719834
20.7356384024024
16.1377354990691
27.5577537670913
41.6175117716193
27.0041336771101
15.5046841595322
15.4382983688265
0.59032472781837
15.4438535217196
14.515278198359
29.8764139879495
25.0959452485758
21.1069393903017
14.2091442115414
32.6419226821046
28.1018898356706
41.3638253230602
41.4950776379555
28.7405986193744
4.22942913137376
47.7942534256727
16.9192662928253
38.8190573547035
18.1502807889182
12.4448054935783
21.9104348216206
23.2780076563358
15.9435865728129
35.5994834564626
30.8395369444042
17.1550172846764
45.634107477963
