"x"
25.3644926473498
52.5792918347355
77.170363157512
59.6739703323692
22.4763626698405
45.2684792689979
38.3597757868733
50.6191192194819
29.585310164839
61.4627349190414
61.9858490303159
61.7100027855486
48.4648245386779
59.2856175731868
19.1171320620924
55.3199905902147
55.4027307312936
47.8007111232728
62.9913323093206
65.7122842036188
68.012173101306
66.3739976473153
54.8348404001445
60.1001007016748
41.4863653015345
50.0769211910665
69.5942904244628
49.1118184964792
49.2241213098168
26.8060188224712
35.5065349023789
62.2832307126373
51.0238302660641
43.2008208395848
49.4439858477563
49.0250098053366
46.1355938576162
51.9936437252909
50.2902291249484
56.6183018032461
73.7121305386436
47.2401401493698
47.2557625733316
44.3137906026095
46.5052790474147
38.0044848658144
59.6018614713103
61.4356657024473
61.7362001445144
62.4734350480139
61.6043913643807
52.523332182318
55.9035084675997
67.2944508005843
55.0639305263758
47.9619892779738
41.0110644064844
52.3549017496407
50.6396529264748
47.756412345916
35.5505840387195
62.8640850540251
55.6254351977259
39.7119962144643
34.4261791557074
40.6639215578634
54.0356260258704
43.5933988541365
32.6304670423269
27.4333695415407
43.7542791926029
68.9345546532422
56.1944334302098
68.6196736060083
45.6416122615337
25.9401386138052
34.6648484002799
57.387274550274
42.7449840120971
61.9499885942787
51.1909342836589
44.5178878630454
65.1303693186492
36.907657654956
59.271218534559
26.1711650206525
64.2605640925467
37.4641202335788
48.4332478515267
53.6185892298818
63.1241121795028
48.0708952527493
45.1082450857342
38.3995926007628
57.9561958555132
34.8125003305713
37.6651948317885
59.7650250885636
56.2479053623974
48.7944179214537
57.2817764372246
47.6920135130404
46.1344569921494
37.5957321375608
53.5405859351158
44.3590605709739
54.2936926650187
60.3590877726674
30.2195727359504
57.4827572330832
49.1572241764516
29.9535723868757
33.7757847821702
37.4356243293732
55.6839502456334
62.92511112988
45.5236167852673
47.5724544841796
45.5522322095931
46.6249374673525
48.6416947562248
64.9564607068896
27.5967381428927
65.9092459362
56.9137544371188
60.0882727187127
58.724424848333
43.6488152947277
43.3100729249418
33.0485614482313
42.3062851186842
39.1925648320466
62.0227972976863
61.6081055719405
71.3363779426493
31.0879455413669
64.2404579557478
48.8198432339472
41.238106282954
50.3933671291549
38.5787148028612
43.1433011442228
49.7062087524682
40.3505556285381
65.4505821876228
38.9537582173944
56.0134966857731
42.93533863867
67.033997643739
45.5333630091304
47.3823928739876
47.8954066510719
41.7275921441615
49.3062031455338
34.6665416277286
48.1288654729724
64.8573183454573
40.3955138985246
62.8925420809537
32.9771743621677
45.7603289745748
59.7655073739588
54.9569508992136
55.1696490496397
85.6551575217742
72.108394560483
65.5983777251095
52.7654675766826
47.6765841711313
39.551755000641
47.446393624067
42.6974990995837
38.4914762226047
52.5086943991482
51.2107078646195
46.3817032985389
41.0303908865899
44.9155191040895
31.6317826975137
53.951224219054
45.956533588469
31.3904685899615
31.0121393762529
56.3866954296827
52.4854345247149
30.2051732791703
58.4376013372093
26.8479037903451
51.9063228741288
48.7330025993288
42.2830863390118
26.1857625097036
40.021884501726
57.8200049698353
47.5507593061365
54.6216229442507
34.3448372557759
40.2406832203269
34.5012992620468
33.8857451453805
49.9091083244346
52.0749157294631
52.2578725125641
61.7858860176057
65.9554663579911
34.3466084682814
41.548990085721
59.9792541470379
46.996185679689
53.5029191157171
51.8405727110803
59.7892684396356
48.4905575402081
54.4665640685707
61.4745110409309
48.9096074365079
51.0796757880598
47.3512023110478
45.0343750132304
47.5120196688425
55.8967135846615
47.8157810866833
44.1840444691479
43.7484515153252
38.9537791528798
45.0863473117352
68.0893142707646
64.1875456087291
65.0183701887727
27.7069032467844
44.4901093374938
18.5645949104825
36.1297326628119
51.4818747993559
48.8219865132123
49.582461898699
47.7155276574194
32.513586109606
61.6832769941539
50.7590452674776
30.6647600140423
44.2297264883399
27.8296590782702
49.890813883394
49.4213100847564
39.6383685882978
52.5322553701699
66.1881565116346
56.8161816801876
24.6882101055235
58.7095096707344
49.1219735238701
50.0256099272519
72.6856514769507
11.6504383739084
37.0758790057153
37.7252553589642
41.0416773985691
37.086182506755
25.4305518697947
33.2624427042902
58.6638971342128
64.5976842846721
54.1309015825391
52.842488020456
54.4393795294444
47.3786369897425
76.4845943967712
56.7635055165738
60.3142593055964
33.3413009085168
65.3320848476142
41.0996070786822
46.2456241715699
46.0810537450016
43.180484790355
70.7696326034975
35.6013660319149
47.6674155332148
54.4215137138963
52.4369315709919
64.747078763321
50.9647010359913
50.4136811941862
57.1714862249792
42.9108804596417
67.1788030769676
40.3976496774703
59.7771428991109
54.4649266637862
71.0417752112162
37.9212553935385
26.7334204547539
35.4655425064266
35.6633841901849
39.3495867816223
73.6565323884062
64.1867112368345
46.65398141071
28.2384866382927
52.324703335762
52.7697324752808
47.9111031629145
30.651606536358
34.6112812403589
50.5463941954076
53.035077592358
57.3150570970029
40.4492054718233
52.4806947913021
49.357087444514
41.341867716983
40.0452706497163
59.6037155017257
39.1058731668108
48.2802473008633
66.5966033935547
44.0506965698707
38.770793331787
56.0803431086242
52.7223391458392
46.6395752970129
43.1481695733964
58.6522545665503
28.4594106811735
59.5764418598264
68.3142421301454
54.0651060175151
37.9848650656641
34.9166216794401
34.3457900964998
52.6493866927922
52.9072209261358
38.7988160364826
35.4317415505648
46.6738133691251
47.6998820900917
43.9013592898846
45.2116618398577
43.1481796782464
52.3131041676176
70.1172810937178
71.6280117588949
57.7921494375914
72.6812718176708
27.0585083402693
47.5786150433123
40.2119984850287
47.3850182723254
47.3906391300261
27.5834953675227
59.1069580987096
41.5753409635079
62.6473122742027
57.172225182876
58.7375888600945
70.6495118201422
53.197432262823
37.8520383499563
49.9994749897094
40.7601527869701
52.4889194406569
59.7486304584891
57.1880612522364
46.7184492211282
44.1875195130706
51.1554038152099
46.3848569896072
50.9295585099608
70.4621393639887
61.969919828698
39.6491788132888
45.3666679095477
47.5149558857083
62.3927623033524
57.3247885331511
51.2691833544523
40.8658070287779
48.1248376891017
67.4099527299404
43.4197499416769
44.3063486101136
42.2487627249211
56.2827801331878
28.8857401814312
66.4588761515915
38.6034239758392
59.5241033006459
42.8475463762879
45.4076952300966
44.3046104162931
36.318994872272
50.0324197433414
21.0873750038445
44.7256776038557
37.8001382903554
54.8834388609976
35.4309343108937
82.6563427182746
43.6510519590229
46.5870181564242
26.4589317099906
44.3730044644326
54.6313951723278
59.5965894130173
42.4020360223949
33.5705206005197
65.8807197120041
45.9620631299913
32.4524423107505
35.2792001329362
41.3882570341229
66.9229751452804
47.0720945391804
50.8958804886788
37.2880415990949
53.2649182875581
56.5873152110726
63.975121313706
33.0954528360136
28.8417203817517
49.6458426117897
50.8660183753818
53.5580900497735
73.903198256613
57.5090669561177
49.9820223952577
58.1729953951811
39.8340510670096
51.8998575862497
39.4604984670877
33.5922793743601
54.6698529273272
68.1982141453773
44.0287475474179
69.8370412916629
36.2900054547936
57.1844450018683
69.0583495888859
59.3234495259821
56.4091463107616
33.5138332098722
31.224929401651
40.2406632900238
29.8501197248697
61.7120002396405
79.6941251186457
21.7265709454519
63.7079781387001
34.0403065085411
46.3007046841085
27.9149501571651
63.0571579560637
49.3562946096063
47.5698249204235
40.9953275229782
38.0863349419087
58.5980433505028
67.2053219750524
55.0769897177815
27.8556864243001
51.5417436603457
62.2293116059154
61.5073040272586
42.4037772696465
54.6156827826053
43.8508418854326
55.2295961882919
34.4802800565958
47.5377387367189
65.9958902746439
42.5711335815487
48.8539271056652
68.5416237451136
54.293855035377
39.9226936046034
56.6447772551328
35.3199322707951
51.7471016850322
25.9947832189308
55.3455179557204
15.4260888695717
64.07456160523
40.5986082740128
64.6681002806872
43.1753515940053
42.7872446365654
30.6984468363225
54.9322863575071
37.0825182180852
28.4964688122272
40.4261192306876
40.3491927776486
33.1081949174404
54.5267078094184
37.4895099084824
31.0476243495941
66.3197105750442
26.9347505322177
20.9665935869625
42.9575065150857
41.2829250562936
52.1749403793365
46.4200865477324
57.0403926074505
59.1595183126628
65.5422462150455
35.1327024400234
58.2341068889946
63.5342004243284
40.5310980975628
62.9866436589509
37.5857015606016
55.1963225472718
42.7496768408238
27.7646312955767
70.3993650726947
43.9582038670778
56.9011365063488
56.1151457950473
41.8006729334593
72.6177670950902
49.2319832090288
47.8807890787721
51.6564509365708
65.3610320138759
50.2473330590874
42.6708575629346
43.491693912074
49.0934000350535
37.2220870107412
54.5448189135641
53.0689626000822
39.7960436530411
40.6240388080713
71.7769385927235
50.9321931283921
55.6392795871943
35.8145363237018
52.549958601594
26.7212171950537
56.5500163873528
56.7251504662333
40.6259255483747
60.47608028166
59.740246180445
35.5371904559433
58.0754058901221
54.2943844106048
47.9414772707969
35.1640267763287
46.98815937154
65.0285003706813
57.1604718454182
74.7163905720127
48.8805332686752
43.7703860923648
38.4447688236833
33.2246127538383
31.6434987355024
57.0085173938423
47.8575645945966
60.5943211149742
54.2839123867452
38.8097613414754
45.788232749328
47.6465555839241
56.4635720103979
53.9092740509659
67.4752332735807
55.5566056631505
33.7451913243307
52.5774487759918
33.8355789892375
55.1548150368035
55.4004699923098
52.5046464055777
45.153497857973
26.4014302752912
39.1015952453017
45.0533451032006
63.4393505752087
52.5330117437989
59.9108335096389
57.9831869341433
50.7616973482072
39.0756471548229
47.640142403543
44.9458949267864
72.3028314257872
32.9995585139841
59.4738731626421
48.1569735798985
40.4251193034427
53.7198999896646
24.1653225850314
43.074180977419
52.74927909486
51.2112575117499
58.4718900732696
30.5452661588788
38.3902156259865
63.7224139645696
31.7628583098596
34.2636891976347
37.0478263590485
37.140948837623
33.4691665135324
47.3030246794224
66.5228837635368
30.2587132949664
49.4326906278729
59.7742951009423
57.9003213904798
52.7368382550776
53.2978906296194
37.0300139706641
41.2948626875436
52.9457464015596
52.8112164698541
35.8640061691403
69.1738871391863
45.2249729540199
69.0994050819427
52.6802971959114
58.6038710350656
54.670746880506
44.743690919131
53.5103664733469
57.673175027594
13.9500083401799
61.943353408737
51.075841486454
30.3022218868136
45.9889651276171
45.0036510825157
37.9572995473221
36.7144798394293
38.4867082349956
42.5894801409394
44.8954437859356
45.4821388237178
23.3946606982499
60.5755892116576
49.5276760775596
53.6591640673578
43.333860905841
48.2900134753436
30.6543835904449
36.1508707614049
52.5945592671633
22.1320236101747
33.3125615026802
72.2416781778348
48.9495580550283
47.8669553328932
58.5031457711011
40.5741347931325
27.6568710338324
21.0526050999761
38.0669289268553
54.8183168284595
33.4922117646784
43.7382620293647
57.2311839088798
40.8591879531741
37.3578115832061
60.4373565409333
57.0134534034878
49.4299763302873
57.8848994802684
57.7638284303248
36.4817713852972
65.0316089391708
59.5100286882371
21.1979666833623
41.0712569656041
45.1768666040152
65.0486709084362
60.5882002040744
79.8737377817643
54.0306041482836
83.9845478851108
50.3318277187645
62.203597323969
54.9142903182656
46.5062329079956
47.887022136914
31.6704416181892
40.8068283887033
30.6467459537089
40.251254895702
51.1646897532046
38.3063677232713
48.9183808211237
43.8748150132596
57.7038211748004
36.418661797481
78.9510717573476
39.257127745077
52.5616489816457
50.5657209549099
51.3010200113058
32.7736365612819
48.0204619001597
53.7315370514989
64.1950183548033
21.3665920309722
60.2915982715786
54.5003881212324
60.0112269632518
44.4044586517647
58.9982556920136
53.6969426088035
71.5090136933041
32.3315363842994
53.2337225507945
70.7185132188267
37.6070294063538
49.797159107402
60.3508784901351
27.4884622078389
54.3917588742582
56.960714654997
64.8918596561998
50.5965505946197
66.5575233288109
63.4243410080671
52.9204738531201
72.7581427390588
78.1586896040542
50.4218402784318
39.4671657588333
35.5701719363702
53.6534301470965
61.9558716130292
63.5003562550992
70.546523566765
62.5783697236329
24.9402027996472
39.3039770754953
35.3440685663372
44.7335499338806
66.0300238057971
41.3024079054594
27.5768968742341
55.7827710953609
59.6140111330897
38.7988422065973
39.268360612914
46.7513655312359
58.6085396818817
28.4459308255464
63.0285284947604
43.5443868828235
39.0952157322317
87.3052801894856
48.0826736427844
66.28971057944
45.2801428930778
52.5738880503923
46.7652765568346
30.9909706469625
44.6536990813911
21.5747768525034
39.7733706049621
28.6564767171082
39.5797292236239
51.5383318532258
35.7162271626294
39.8684166837484
55.0285515841097
59.7972200717777
42.789873899892
66.6475311852992
37.484507759807
61.7278420366347
24.2733566953872
24.2045805752863
41.7670032940805
50.4467563237995
64.6969408728182
53.7242508493364
47.3364706151187
41.1022398155183
51.1620656121522
62.9293461330235
66.0868734121323
58.3246795460582
50.2121667843312
67.8990965243429
44.4711365737021
45.8313101902604
60.0477656815201
50.0557693652809
53.2446450386887
56.1193769797683
21.3838762731258
33.7261584121734
67.8018218372017
43.1906837713389
74.7908795210433
56.5245580859482
54.6747357118875
41.4887878578156
36.6037575062364
37.332212459296
52.6663721073419
50.9364458266646
38.8087399769574
51.5066931024194
42.7765207365155
59.6373802516609
47.2945149987936
73.950389927016
50.2121271565557
44.9956550262868
41.9787544757128
49.7345655225217
34.3364716973156
52.3107346997722
49.6203522197902
55.576717061922
64.2319185659289
49.0523282630884
50.373119314704
32.4211756233126
47.0312545541674
48.4152347780764
39.1753540374339
60.8609669376165
41.1457607056946
20.8282579795817
56.2435724306852
42.4223468173295
19.7121045288435
42.353389379511
76.8382775555265
56.077788490802
46.1208265274763
74.6329719477261
26.7896383069456
42.1025563497096
53.4588025358372
37.1916274935401
37.2614770196378
49.411413166672
60.2172597311437
47.3371969535947
53.1374828889966
56.1611585784703
58.8658214081079
59.251810470596
56.5145583823323
68.7861961312592
59.5503622666001
59.0193134266883
48.2492021750659
18.562865909189
24.6650670103782
39.918307447806
48.0281854048371
57.0223529823124
43.7178540043533
54.8736287641316
37.7323306165636
60.1978005375713
63.171965861693
35.5335618834943
30.3232178557664
35.6293949792581
56.3924865797162
43.7982297036797
30.4875415284187
64.3118089530617
26.6819979027138
56.7232025787234
60.863348795101
37.3819781974467
46.3083381694984
43.1117778453578
65.9529395401478
68.9199336338788
50.1178648788482
48.7553079146892
65.7809379510581
42.5585579127073
65.4231556225568
25.3949909005314
46.0188674740493
29.6633469927217
78.1935501801682
48.7431823150022
58.9420622214675
53.4546074457467
49.6704780496657
56.7946490831673
30.827849465509
29.8782754787503
53.8789593919841
33.9639210607857
51.4150382019579
32.8076619654894
37.500106756456
38.1315194234711
49.4240645319223
37.1426112537473
71.7899290802789
46.2396636605263
38.7967906756621
44.1925898194313
56.3402426429093
67.1177906915545
49.6266715228558
29.2802485684891
48.9972572773695
57.6092763523145
49.651025980711
43.8093545693371
29.3249146547168
37.3460680712014
48.9670900627971
43.0411493871361
52.8175019659102
51.339750783518
32.6334431301802
34.5280482899398
26.5923448838294
52.235258044675
26.1244800873101
72.1357822376204
56.0197610408068
66.5904861874878
48.6292742658406
78.6851224349414
63.7310869526118
42.4920357515889
30.4855572525412
30.3482214920223
36.4199328701943
66.9995610136539
54.7881526406854
56.6665122751147
69.8890447684037
26.6956896986812
43.4171705972403
42.798380041495
65.7460489775985
46.8377253146092
46.7538948636502
28.2587622816304
58.3578538615257
44.9272129684687
38.9370481017977
25.7426960859448
40.0981163601062
45.9365526679903
44.0975141711533
42.2055906514202
58.9391281828284
28.0217268038541
53.0506913084537
58.0057771410793
53.0191441066563
39.9717619642615
72.2582912569125
60.9019992744003
60.5416653677821
34.2968844383287
48.4533244278282
37.6289732288569
57.4135344941169
61.2054303754121
72.514326307447
27.6113459840417
31.0791325472465
41.8700087349862
58.3739195950329
34.8099313210696
42.4948411528021
46.099054440856
49.0406222175807
58.5190206300467
40.0916051585227
56.5158931538463
33.7999708484858
52.3710801266134
45.4148973803967
59.3211934436113
34.9271645769477
34.5415167044848
54.711295850575
49.5349693112075
29.2719119694084
25.6196834190206
60.147751821205
32.3089695695891
43.0497543420643
51.6332958824933
55.1546871740058
58.8783549610525
71.4576424057496
44.5004873443395
55.3738075774163
68.7780356965959
55.602233344689
21.8546774704009
45.467264810577
38.0769698097355
54.9875183962286
70.8976434386354
45.1668391004205
32.7843812635957
61.5387946832925
63.8816358055919
52.1036388352513
54.0908956434578
17.9581373942491
59.6939304843545
51.4924007933587
41.4524451133045
51.0058009531349
50.3057973459363
37.7261615823954
68.1612261105329
63.6951484251767
45.5349180847406
43.3403413742781
25.7429720833898
63.4179681073874
52.9830047860742
52.2935509681702
49.3253680411726
63.0941190756857
14.9850075598806
42.8653293289244
58.3180016838014
32.195757701993
62.2653397265822
68.0470533668995
27.5895227759955
46.3476429156746
48.0150413233787
46.5938938781619
62.9142197156572
40.819874079898
56.3140652608126
36.5030067512053
60.0783937145025
65.2924325317144
35.378544498235
36.1256528180093
55.1802481990308
50.1003779005259
39.1791525669052
37.1910428628325
43.6308822553055
51.0602123569697
49.8415201436728
43.2412663009018
49.3600865826011
50.5191111339342
48.3816120602914
48.6580963712186
38.1269440054893
48.0718323495239
50.7796820718795
52.7700658887625
41.2621088325977
45.9612531587481
62.7731429412961
42.9382357746363
31.279263140116
36.7743873503059
46.9577920537735
30.5344521999359
22.7334388971084
20.5226903781295
65.7840824685991
49.5480418205261
31.1029464091909
57.4592903722078
27.5947026442736
62.9235978238285
44.4313472136855
54.3792327865958
60.2682802826166
52.9947067145258
64.9085808545351
71.2879490345777
43.9069055218003
38.0849699024111
37.4409396201372
28.9585621561855
55.5991461974274
64.2728650476784
15.5603915452957
48.3805636875331
56.6285617649555
53.6468829028308
36.7855328135192
53.5459214355797
29.9789758399129
50.1556964125484
34.8101453713187
31.8049455588258
49.1369540803134
42.8172186482698
53.872275352478
48.972806148231
44.0601549619737
29.4176099537206
34.8180836532265
46.0427739657462
31.2693886305976
62.5403572805226
32.6835624407977
44.984735455364
53.8987638793561
41.7114430572838
61.9029820896685
53.8384447339922
46.8453989364207
61.4334442652762
45.8872830029577
52.0450889019663
50.5678634159267
57.1215839125216
64.9854952935129
49.3125941138715
53.8633372634649
48.7490997184068
32.343210093677
71.1536878677917
61.0667820088565
48.4080701173059
52.5185898412019
46.7597304377705
40.0085289496928
78.5477200092744
74.5002466211927
64.9274630006403
57.102411845699
41.739816358313
43.1405670475215
49.7885544318706
32.4042350717085
47.9737567715347
32.2443728602492
41.9126752298325
46.8375697731972
38.4528062772006
53.9354044944048
57.6090218499303
42.439189808151
70.1222422490728
58.1122505478561
12.2869998602388
51.9361625891179
44.3474378002325
57.24605047144
52.6820302009583
25.0964556820691
43.5618987306952
54.0099320467561
72.8457373524916
42.983579589054
49.4411635678262
53.2344718463719
54.1751806158572
56.3820452895015
52.4672366791817
47.6434327661991
33.5221453104168
27.5525683537126
62.2243799269199
50.8024183595518
47.4122510757297
46.0785317700356
73.0268659028125
22.842722851783
36.1308807041496
25.9236990705982
49.6561861106226
26.5214875806123
35.539902979508
46.0085227619857
54.1937860194594
45.4698527174204
38.2216823067646
57.6652298215777
38.7247937609326
67.3644435126334
45.2915882691741
58.0535483546555
57.8139307908714
22.8107000909241
38.0477729693724
50.5887455306947
14.9720085319132
43.8737400341779
51.2100836262107
45.8349030464888
66.4529886096716
43.543551908806
40.7508279196918
61.7252379190177
47.699190909043
54.7815246507525
47.6832091342658
60.1051373934471
43.6402355786413
40.8297194633633
52.8523169923574
59.7243582829833
54.2110547061416
50.3523530904204
58.4876659326255
66.9303712048649
50.1966656185687
37.0109901763499
72.1709604380202
18.3348241017554
51.5895628370345
43.7144569121301
49.5531299944727
67.3117626019731
65.3136607259512
52.1800204180181
40.9141635987908
36.8264691904187
45.427818709664
28.0984342563897
53.7039194256067
58.180050784722
60.8774213120341
47.2788896877319
51.2425125882243
47.6190130523427
67.0249417889863
43.8582057598978
56.3830529339612
70.5526278110667
59.152217535302
44.7086548898369
47.0459675882012
52.9846010264009
39.514049468562
30.5273994803429
51.0322840884328
25.8879858708884
59.5883078873158
56.4584999345243
47.0783180557191
52.9260279145092
50.6278913933784
39.3597623798996
40.8765346743166
33.0318373162299
28.3010920044035
50.0911402981728
62.9389665555209
59.0908751823008
53.7516891490668
53.1022192444652
56.3897216692567
48.1767285149544
37.7697378396988
51.3507131487131
42.7848403924211
34.153813496232
27.4288188200444
38.6647241190076
47.6045111659914
43.7413327346753
60.498229926452
58.8592090990319
64.3332783538435
66.3762865122408
50.0843989662826
50.1168043818325
33.1393920816481
61.2427088432014
46.3063834235072
52.7772089000791
63.0074261687696
45.9009055513889
44.4204318337142
66.5862132329494
57.0642014965415
44.2251456901431
43.4644320514053
53.954220097512
49.7891942039132
58.996989942367
38.0298492033035
43.8291475176811
57.8865566756576
79.133298709513
30.6719773430065
61.0153327230364
33.8140037842095
51.4039928559214
60.4577473830432
47.2521207761019
65.2564873918891
39.6057460922748
34.2312635740407
43.2953090872616
29.4868291749601
52.2577128838748
47.0871608989312
44.1617309115827
70.5167962509348
54.2373087257147
30.1218097098172
37.6687625888735
35.7556091155857
57.498508086428
59.7372638527304
27.6192204095423
64.6189000457525
55.4076297674328
21.9106576168731
49.6748461388052
53.2659234944731
36.0132091678679
41.8234539218247
45.0190759729594
47.6867335382849
38.9087591185696
68.7226773239672
46.981887659058
58.3474112674594
45.0088151730597
41.8701511953874
39.9056375026703
40.3609697241336
46.708735730499
46.2526079732925
48.8115825224668
73.3684019513786
59.1679875738919
52.2506716195494
57.5586508959532
50.1677731983364
33.1746710759965
69.2195142153651
49.3585897609591
54.0085578802973
57.9096943605691
61.5239765960723
48.6777045838727
43.3067886963568
48.8570678047836
52.2237566299736
23.8053886357171
46.1146806366742
56.48104371503
45.3353737480938
64.9547967899827
50.1061132177711
65.1701953262091
27.7572212740779
61.331908358261
28.2438879883843
54.0379226207733
67.569140298292
62.3861830681562
38.6058166509777
41.5839523077011
44.653599942103
32.4493168387562
57.2585010901093
46.2306137662381
75.8214928167773
51.1993055231869
53.8944930769503
39.3459754976599
42.8780779242516
56.3045139424503
72.3122070436479
52.6678365189582
51.4472712296993
53.5493847448379
54.0156013188546
47.817764634938
30.7335563469678
54.9111813112687
53.3688338007778
33.6692211370556
64.1789694316685
52.4952388281118
50.9923689533025
23.7278163433075
52.0569417767299
48.13984753564
52.0299897063524
34.829718237641
39.2836954184203
29.4531794730574
51.2869964819402
49.6406860649586
37.2694369405508
54.7406219411641
48.1981576827043
39.7574676200747
50.6351868319649
61.254441877827
44.4693027995527
48.3175965500083
41.6327845305204
53.2105539459735
56.5354788210243
53.8168330211192
35.5391944758594
44.0544346813112
66.4088074117899
56.0827940236777
44.3286913912743
43.2380911894143
47.8884120471776
59.7758262418211
45.818451885134
56.3363151159137
51.4319979120046
22.9502662658244
29.5330360531807
59.3963034451008
41.0500905942172
54.1948219761252
69.2938822321594
55.290563357994
65.5430797953159
23.701194813475
37.846155512029
48.6356632330576
47.8633284103125
44.7799909394234
50.5669854554846
43.7565328015077
62.2700125910342
60.0794938392937
64.2492556478828
63.4882003068924
44.7679242584854
41.8286336120218
29.2298347689211
49.3175848387182
67.6333751995116
32.5631887612202
62.4942247290164
52.8363361489028
48.5869579017162
51.8472339957952
60.6563820037991
70.049997414918
51.8280752455011
60.7881907373667
50.7702969945967
20.4950938932598
49.1681912448257
65.4505496378988
42.9330833721906
56.7613950930536
65.8715130295604
64.8531485814601
40.0778161361814
61.2696127034724
70.2954626650018
76.8366691953133
45.5688244952455
85.8821771065605
56.6146484110504
72.1202454179228
68.3745637536049
43.2188312321371
31.4944359473884
52.9032062739134
34.0134658385068
46.118800714612
62.7254694434852
29.6643610449122
57.4753569439054
54.9663652665913
47.7620864287019
42.2266155015677
74.031927960263
14.4679110031575
49.4534362107515
58.0599443521351
63.0149037577212
43.6127999653329
56.0196664184332
42.302741156891
47.5508100353181
49.1204203106463
48.29345010221
44.6946317824589
49.9435189645737
47.5507826544344
38.331299550711
62.1093114372343
54.7061414923519
35.7298388611525
48.7755924463272
56.9083841051906
25.0513317994773
72.0494478898955
30.4124456830323
53.7720782216638
61.690361937508
38.5550885747605
32.934743585065
57.0234882645309
43.3553725481033
33.1414167680616
38.1125979752124
69.0697571262717
46.1071072146297
45.4025993540185
71.9259342070955
46.2212961829589
64.8985379841179
49.7990492731333
58.1756535017162
54.0674949530512
55.3674420807511
63.9024866279215
46.0063657723367
53.8544666953385
24.6871369890869
44.0852752421051
44.3798715714365
56.1125867068768
51.5269570357544
35.7617929112166
35.3427181951702
49.7099223081023
51.8234949093312
31.6726960721097
34.981308830902
34.2386712320149
57.0851408876479
48.5216273926198
43.321791710332
10.9424040811209
39.7953712381423
67.7663378883153
44.3781728390604
24.5762486476451
32.9052401331936
54.2760790791363
60.9432183671743
57.902291463688
29.3978765141219
55.8739532250911
38.4899694592487
54.841379635036
56.1304711736739
52.1128042601049
59.0399062260985
54.7168804798275
24.5074571651522
48.5828641883635
84.2239151031663
56.9154236931354
49.9426764901727
33.7090839395499
65.8128856215626
71.1436524945212
53.2045294413141
55.9064850676805
68.4537855442613
51.6822096891701
55.2705799695104
38.201574752803
50.4018487408757
36.5084199700505
48.303839052096
47.0395679537048
55.7390448637307
37.5717478338629
53.3414683304727
36.4829604979604
43.4577457606792
28.7340449476066
56.8334912415594
35.3547272738069
42.587866447866
51.8226153217256
64.6851727738976
56.6747816745192
54.36368486844
44.4799090269953
31.5337031614035
43.8145832624286
68.6857122927904
35.312908468768
39.301519539362
66.5460414253175
36.3618440460414
46.788560366258
40.069540636614
69.5858981637815
54.0779429022223
56.5086060669273
33.0841126519904
54.6249390114099
56.1175528715569
55.3912424016744
31.3773102127016
56.5191281493753
49.5600685477257
41.4496645331383
47.2184979822487
44.6756978984922
64.3871459178627
55.9359154198319
23.8952135123728
44.4327467121184
35.9622291754931
18.9576756674796
48.7778095528483
24.7458064928651
62.2461444698274
39.2668059561402
38.2997359614819
30.0932509442157
41.9079196930029
32.3312969412655
38.4358582019061
40.5232748016715
60.2530636359006
52.0381023641676
35.4518450330943
60.1097079925239
58.0132062546909
46.9849560409784
56.6898306366056
28.4517484980456
51.2569977901876
56.6567342728376
57.133741537109
54.6362032182515
42.9253436868513
52.2871330846101
35.0576378870755
57.5900604231964
40.6439342070371
50.3665156196803
44.6952949278057
45.4759634099901
51.4930904842913
67.9707164876163
45.9451293637023
64.22179476358
37.5595105346292
40.6508774030954
43.0734459776431
62.1372088324279
41.0261526703835
59.1299830470234
36.638280376792
42.3740141559392
38.8209006283432
60.1300460286438
26.0401360690594
41.2763574160635
60.1373205669972
60.347776953131
37.2167949564755
41.6196803562343
57.9400212969631
65.0649464298885
52.1412164438516
41.3227357435971
50.0244425144047
27.7999477926642
39.8289954755455
66.486406000331
59.5744685735554
33.3154246211052
44.9559160508215
45.2812612522393
51.2920822948217
30.3214575846208
56.3844023738056
57.3753718752414
66.0132416523993
41.3807502947748
62.0945287402719
21.0811306317826
65.2714270632714
52.6387844700366
29.0160964940581
61.4080055151135
48.4232425689697
50.3604372497648
27.9917453491825
78.8393819662643
61.0089418943971
37.9089279796622
55.5987698026001
43.0494457483292
50.877126539126
51.0134130250663
59.9413255229592
34.4822035654844
54.9681502860039
58.3446045799737
68.5518864076585
45.401241723448
65.3815104160458
68.3875501621515
48.6183658757073
42.2220770768792
64.933550497517
40.2998932637274
43.5357797890902
45.4567141779896
39.9717462264344
38.4814388584346
43.1116395629942
49.0995855536312
32.358808722347
48.3748530503362
56.8033311050385
72.7235985877824
39.9340111762285
41.0685688722879
43.187804646808
33.3718544337898
68.4171177446842
23.9761204458773
34.4668965643519
36.4965504501015
41.3440363481641
50.4100314341486
54.2657928541303
74.0540557498944
41.3927646220712
57.814689911902
47.4659678526223
49.1910591721535
38.3820943277223
47.6123289646258
59.5656611025333
47.676076553762
45.2755854465067
60.7196834582287
73.9845612044347
32.1280564181507
58.1298661418259
52.8103153369896
40.311375213787
67.3873716499656
52.0921197719872
40.5020990408957
47.0826373435557
34.2513198498636
50.8671178016812
35.6511609628797
61.9929897133261
82.8789103734207
18.1843325961381
62.3362999875098
19.7889024160054
45.9275945555419
35.7133144978434
51.1142028961331
39.2829773641168
54.0370610076934
66.6377795860171
56.7891865503043
82.2750966953945
39.4462058320642
60.9930071048439
62.9251357167959
29.3183244764805
52.0729276351631
48.7922006286681
51.8831613939255
70.3498805831087
43.2176915894361
54.1291947476566
45.2932291596142
57.5942877214402
28.6750432569534
56.0938605107367
45.8662325050682
52.2971435450017
38.865583203733
56.3991529401392
41.8425328563899
67.7101980429143
31.0578766680222
64.9564057588577
42.979527823627
30.6880161631852
30.2184047643095
41.3600991945714
61.2371480558068
50.696993758902
35.4000435479416
33.9448323530598
64.2516508232802
51.6728157643229
66.5974111296237
59.8734229174441
63.680821005255
34.0525292791426
63.6253535281867
39.1772581223302
29.1603380348533
60.9870988409966
48.4855367802083
72.2591675775957
45.0393585953861
57.609080381411
57.0536131504923
34.6266996115446
43.7755873124444
41.2456531543285
41.5938576683402
43.1650125421584
43.1234085466713
52.9547990299761
41.0612390647098
45.2964463069215
49.9257881386226
42.1865831360588
48.3440899755806
18.8139053061604
43.2922049891204
39.9216952733696
47.4955012566973
58.0341589637101
34.9425793159753
49.3675795367619
54.0121087665019
60.5835254304111
48.8986126274534
76.7853212500823
49.6713978704065
48.3539453241974
54.0744776402659
47.2201060503721
46.2887956760824
40.6099494080991
43.4073155726162
63.4934199973941
49.5780421886593
69.1586373373866
36.3435811363161
65.676848590374
40.4880470130593
62.194262072444
49.5853374246508
46.4454476721585
38.6778318323195
39.6991313435137
36.4915644284338
20.8135947585106
62.8890643361956
63.982516573742
82.5691494792316
53.8507123012096
51.6858918126673
55.2577781490982
39.8426695261151
67.2826202586293
53.1417185961128
46.0943337529898
40.2695961296558
31.3792688306421
48.8285406026989
50.0952479429543
54.9619164239113
63.9671363402158
28.1049665994942
45.007335441187
50.9930058848113
44.8575980495661
63.8678577262908
52.0610428415239
48.1300064165472
58.5174565814759
27.0171283744276
52.7625998947769
42.6097961086577
35.9464298468083
51.0808781658738
51.9812969490886
71.5120144146395
51.609179424122
52.5825298856944
27.0697059575468
49.7477824799716
40.5238104984164
43.3026407074314
38.1181611679494
55.7361930143088
54.7076074406505
34.8618670359936
57.7649509068578
56.4525224734098
58.9188313577324
43.6870611081597
44.5345186628401
49.0414989646524
43.5449533630162
55.3430460393429
44.5380506105721
50.5150045733899
46.3588785054932
70.7965643805049
60.6002993416041
60.1742443628609
50.9647523518652
39.0340013895184
53.6009804345667
37.218723166734
50.5646047182381
48.5160353127867
32.9567410380901
42.4220172222704
51.2089959345758
38.7251551263034
51.1466088704765
52.6909921783954
30.9061221312732
41.230063358201
64.2898282501847
56.8983842422305
42.7973359381324
59.1184467077255
48.6163075547665
33.0669200979173
35.0796694401652
51.3634000904858
73.203418027134
69.1177878063172
56.923455465585
34.5942972227931
52.7714611496776
19.2234208615405
69.5391202303481
33.8363104034215
57.4576830957085
49.9303761404008
41.3997405439187
33.0501732416451
48.1579763814807
34.5640188083053
62.7931415569037
73.4634906552399
60.9929774422199
21.1482520215213
43.2044324465096
51.1975432280451
51.3459388752227
69.3394436514661
44.9194214306772
53.5711177624762
12.1203797869384
49.7212363407016
38.5591893922538
72.9000573935819
72.5187947000277
40.7763103488833
62.6083086710423
59.791151387617
64.5960823632777
29.069019202143
47.2998806275427
56.1260487418622
46.473129466176
43.3303998783231
34.9308568052948
41.3666746113449
62.1223899070174
29.4784483242622
48.8627889913694
50.7374463150145
35.5242916382849
44.4309893529862
23.7337733502352
53.8021900225431
34.9371459335089
49.6063220780343
39.9245223961771
33.625789721032
58.2578642759472
60.6667704105318
60.9107650350779
21.4998106472194
46.5460398700088
40.3349906206131
43.1488670874387
