"x"
60.1852792315185
62.8712145611644
39.215733949095
27.6823048479855
36.8778557982296
43.6513467691839
42.9352780338377
52.3613114375621
63.1433824077249
58.573847822845
21.8427069950849
56.3720809761435
63.172789150849
57.4608983937651
56.5913522881034
52.7291349135339
44.0009434904552
59.0588703285903
45.7354072947055
50.3221232733316
53.3450848888606
57.5322837103158
54.4406129978597
47.6546411868185
66.0913949366659
76.7996442348356
47.1879601944238
27.0077749103063
36.8107370060013
38.5554341599345
58.5178854409605
36.0760090872645
59.8017151467502
35.8372866176069
52.8238978236914
41.9690080918372
42.467991285326
60.5782769620419
44.8800748214126
55.459610093385
48.5420778393745
46.6077737536694
43.3990749530494
45.7061590626836
28.3430452793062
52.6334464550018
30.6106651667506
62.4211301095784
53.9933943440812
61.2537241540849
35.2139743152417
53.9195666089654
38.3035635594141
38.7442857245012
43.8804978970438
24.7518561314791
39.718776429072
39.7718167863786
54.2068086564541
47.527990724555
57.1804590523243
69.1981681622565
44.6165135972147
46.1939142077814
35.1453844506128
58.2450084853917
54.9520627129823
41.6643901262432
35.5466050561517
47.8804942220449
53.3431094139814
59.288610285148
49.4496492881475
36.11267702654
58.76444587484
42.7494572753012
54.0604499634355
40.3449126053602
57.8047637274729
25.343377282843
61.4027834963053
42.1924840658903
54.2586365249008
61.7686418350786
51.0745765641332
39.8695033509284
47.0348428487859
32.4093743227422
30.741260247305
72.8159993844938
42.0471875928342
57.2917749639601
37.7358335535973
30.4545179386739
65.974030457437
42.2178574164737
61.0154098365456
46.4949510991573
48.4051499515772
54.5006814412773
66.8026752769947
65.7102189492434
51.9788867793977
49.4045173283666
73.1720359953952
48.5535562038422
52.1062867250293
44.6056815329939
25.8173848502338
64.439308969304
44.930259604007
57.5049650855362
54.7023043036461
46.9653663691133
40.898760723189
46.7616077978164
73.478849973054
52.0787893328816
30.8926976625035
36.5861501544714
55.2506674546748
67.941537220031
68.3869995176792
54.614916814868
37.2321953531355
66.5556396357715
67.2547918744385
34.9962793843205
53.7574249287141
46.2699675932527
46.5563734527677
60.0163723342121
40.9794559236616
45.5821258947253
50.3806536551565
26.536856103041
49.6367421466857
49.5117510359629
61.621461994946
32.5508125126362
66.1646336782724
33.4417722653598
25.7887021638453
41.1745913792402
47.0687202643603
64.3833328038454
68.8347758259624
37.9874727223068
65.9798642154783
35.3915369603783
72.2489233086717
31.6931260589693
53.2489959150553
52.3667298257351
43.2109443005174
49.158985447473
45.1890704222023
43.7070661224425
51.9659580662847
53.2234977465123
59.4512497074902
54.1512957774103
40.9764904528856
62.7251570578665
43.0331064388156
53.8420474156737
48.3692415058613
55.7551288511604
52.5329085532576
49.3651380296797
31.5499519463629
41.2521373014897
60.2122955196783
48.7187543418258
52.1408520536599
54.4512985274196
30.9295231942087
72.8065587538195
40.5162756331265
56.9105382543057
63.6388912331313
39.6095939446241
37.4293836764991
48.192342184484
62.2678609099239
56.6028044559062
39.5736502101247
45.5810538027436
42.9336380508431
49.4807363953441
59.7615732811391
36.8841937743127
38.0543791223317
61.8134327698499
51.6973382327706
31.3451706431806
45.228368858677
58.8281077332795
70.9574493537557
52.7695600409061
44.7739388793707
40.8511909190565
58.0296004191041
76.2618948468217
69.9366566926125
65.3831201605499
57.9358562361449
49.8981278389692
54.3583908583969
56.5085402906672
36.9758558925241
49.5477162720393
67.51005705446
34.5604918998874
49.5191312860698
57.4119400698692
31.9036373482457
34.4585423357785
38.8339610304683
54.2204522527754
44.8486522305757
48.970348900184
37.4865906313062
50.808315211907
30.0445452798158
22.3224565229819
50.1582853030413
41.0432486794889
56.1471364926547
48.605635156855
55.2654805127531
50.888009602204
73.3998776371491
51.6986240612551
38.730384176597
41.2214681971818
56.9437394849956
34.3439247659419
39.4146616289806
40.8198527991772
61.2853228580207
14.5114964586046
49.3710144904854
61.6866598837078
30.6889439933002
51.7291027586907
68.6952254269272
45.4473632387817
35.5235332157463
66.1275309510529
69.5336895952833
57.8878944274038
49.554617702961
34.3868263997138
46.989994449541
61.3191597163677
46.5961178988176
70.5381518187833
35.6252582743764
61.8858613073826
42.9177755489945
55.6396609637886
51.0420565027744
94.9130214708758
69.3771447944355
49.8907229863107
35.8615381177515
36.809962335974
35.6934139039367
51.6706020571291
66.4621000178158
61.5876966621727
23.6658968031406
61.163718579337
64.4691951572895
39.8437148830963
22.094500483945
47.5788489915431
46.2041208494907
43.3311068452895
28.3276745583862
17.9984947200865
25.6598108913749
60.4741176590323
59.6725187264383
36.3807927351445
71.2635263604483
43.3064403478056
25.28314772062
45.0019693002105
44.6181241422892
22.6831092964858
31.8865163251758
78.8332535857176
63.5982534382492
77.4941116657076
57.0463455282152
53.1308015336533
32.1861124131829
50.9288751520216
62.4237131327391
44.68141393736
41.8527442085923
17.2508776653558
50.7320339325815
64.9606108665466
43.8909195829183
50.778892962262
19.905896903947
50.1151308882982
40.2920052409172
33.4738750391178
43.9413555897772
56.0739025939256
38.7322117574513
31.2522300053388
35.7084628194571
48.7020802684128
52.404383989051
23.1504186619295
40.2442797552794
34.5074537942534
45.031406218186
47.4594966974109
42.2593569383025
68.4918142389506
41.5551451500505
40.7352342447749
31.9776759948581
33.482864452526
48.4380523208529
60.2131895255297
81.3816843905902
23.8657923880965
51.3508499612575
42.1791038941592
51.4712864067405
58.2150344736874
45.2691237442195
52.6464808732271
47.8460440877825
51.4533456880599
53.8143022917211
44.3483541978123
39.8926700221857
31.4111966174096
48.0909367091954
46.1153572425246
41.8813914526254
52.4763116147369
57.7811614610255
55.8992671314627
39.3528209999204
51.3048341497779
35.4468038548725
37.4728526150532
55.9945187997073
39.4865978043526
60.8045964967459
61.9478059001267
52.6741577778012
50.3990142606199
34.7666415898556
42.9504604078829
61.3627230920186
50.5980967078358
51.904744328931
50.2836208324879
50.7141445297748
36.0565568712696
53.3812612295151
46.9124754425138
57.3662286158651
40.6145124230534
41.5117003954947
56.5597190987319
44.2669660318643
25.9112182110042
38.0086187273264
41.7156556155533
54.7218229155988
82.9416745300305
45.6640393938869
47.11166000925
61.8862371426076
44.403085578233
51.8203458283097
46.5009363833815
54.3243620079011
32.9440865665674
58.1487794406712
36.3218285765496
40.7650526952252
50.0280146952718
68.9764279872179
33.9638088829815
62.1965271886438
42.5162631003584
52.9536436777562
54.8427898902446
32.7131294179708
51.7234228085726
58.7783951312304
25.2449359744787
57.0728477556258
36.1258324701339
47.3173267480747
52.2010924294591
40.2765434700996
52.9579676222056
50.291671929881
42.7574148867279
63.8671778142452
58.8967433199286
13.6670801788568
38.3730944329731
55.8475763071328
18.7883815262467
26.7145967095216
40.7584685860759
60.6326471082866
69.601191769884
38.9420857187361
76.0470168100267
57.3645949363708
55.7374533265829
34.8125738557428
47.0090882406506
24.5945423546983
43.6624998692423
34.2344156000763
37.9552348516881
38.0442453082651
34.5943233463913
59.0750202536583
63.843267923221
66.5823177434504
40.9176441375166
50.5464922636747
32.3691370431334
56.0734597966075
63.1451594177634
40.2860264293849
56.8364555947483
27.6933777523711
45.8677187104008
51.6463187057525
46.783909574151
41.6888489853591
34.8648661747575
36.9870535098016
58.4787649102509
22.2703877836466
44.0138577841721
36.0808968512616
46.8538446817547
47.9727568570524
54.4048277195543
72.8650725132698
40.133127482717
50.9172616825409
41.3775234179718
30.6471154093742
50.7249807473272
35.0004418011458
60.969288693741
51.5715372283012
40.0360972620547
54.997405782342
56.8362100515515
39.5425226539373
36.0521803610027
67.4199600238353
50.8617288433015
77.741653338028
73.7535943577182
45.505189942196
56.0618947725743
67.7712550386786
47.7161841001362
48.3008315321058
59.1382800135761
51.0952485259622
48.0468675028533
26.927893890692
46.770901279524
47.3425342235714
42.8669881075621
66.096490714699
25.7797176484019
57.5706893578172
51.6567881219089
37.9097847267985
51.1021527927369
56.2954574357718
72.9626810136152
64.9566153530031
40.3351189034776
51.2712844647467
63.5051246732473
23.8312002292152
78.081705074094
51.4634997118264
59.9268665537238
54.9628206528723
47.8257392533123
48.8766974303871
52.5519040413201
46.5566562023014
69.4470999720407
61.1698426771909
40.6812211032957
54.1668566409498
40.7277451828122
35.8227377291769
66.3694714661688
63.1944452412426
50.8055758196861
35.0506534263309
45.8853122778237
62.273963028565
65.271128853783
60.4084168095142
56.7586525822241
52.97572305426
47.5659049116075
44.7715142741799
56.4433682709932
40.9160702954978
22.6187807507813
57.5720336753875
43.1200847961009
37.3361425939947
50.2499266061932
46.5938966255635
36.3831500988454
43.3149720542133
39.0287561807781
59.8343051038682
42.8147499915212
42.5411687702219
38.047926640138
60.8439152286699
47.8094173595309
37.1085558552295
57.0034410338849
51.4938751235604
19.7954274248332
74.5999990645309
24.9155141413212
39.8602863308042
26.5614642761648
40.2186577029375
33.3606967702508
61.4249650854617
34.3120181467384
64.8700759746134
57.4997920542955
44.0212491617527
49.3588462937623
48.400941491127
47.238237503916
58.7120233103633
38.2584142964333
41.8101340997964
35.6788563076407
48.7396385520697
42.3028115648776
63.8565093278885
44.497573422268
33.3110835403204
34.2616865411401
43.5722918249667
51.4754645526409
43.1010396685451
54.710193676874
45.8795410115272
63.9486019033939
36.8750650562265
45.3274741768837
32.7924406155944
83.2373801576805
38.7787330430001
44.0967502808973
59.8139945883304
67.1711887232959
34.2503121588379
34.5249690709902
18.5902491677552
38.8716893270612
48.6574029084295
43.9898126078112
66.6490364819765
36.3741202885153
42.1240852214396
44.1534505554694
62.5711067579687
50.5003366153687
44.050253322348
54.772553499788
36.3108907826245
46.9058875227306
65.4812549706548
48.3919855672866
46.7663492353146
48.1742258799411
61.381601030007
60.94596744515
41.4385229349136
46.0927851032466
38.9654886908829
41.0864501260221
37.32626195997
46.6082762461156
57.5999444816262
57.7289452310652
48.0404269415885
54.2503047263577
59.299407992512
39.3536069896072
78.2258075324052
66.4278460200876
38.8037466909736
68.1123979389668
44.4729707203805
29.9231406766921
80.7340716901136
35.5961373467736
60.1190575398505
56.4226401038468
51.7730124294758
51.2023798190057
67.9628903977573
55.4811660004799
28.9887903258204
44.7203226853162
32.268213108182
57.3670077707506
53.8795460481197
64.881998533383
36.8271230254322
28.2316100877034
48.1390201259298
34.6094518434256
45.3636211808771
41.9144588988274
48.6641698982567
28.2250408548862
45.970678050071
35.4910900816321
60.1041963323951
54.6605737879872
51.4795958995819
29.7999328467995
41.7844563256949
42.3544116783887
53.685107268393
46.1520493030548
42.0913745183498
61.9645312894136
51.9507945980877
53.6610612180084
34.7709192428738
40.1751120574772
42.4893352328382
41.4549810346216
43.6918396968395
41.0792170186953
62.7891692798585
75.2967197815359
31.2908239662647
54.7848025802523
29.9708264860998
62.1987092774361
62.8665269371104
53.5696219652891
62.0240875985473
57.5362131930888
18.5458342510002
37.2093270532787
42.1502069104463
42.7501380443573
58.5309572517872
36.2346138909539
42.3661559820175
46.9531936105341
31.5808868966997
33.8879843708128
38.4788837749511
73.919989164443
74.8765494632435
26.6855634283274
25.5749729927629
45.1963775325567
46.7325044970492
42.8697866853327
51.7082173842937
65.9341067075729
46.8141986988485
33.3074492952119
36.2468004692346
37.7505918964744
43.5822764411569
55.8561803773046
56.1372161946786
47.7710386738181
41.8306602165103
32.4852061457932
51.5116181690246
60.8756915160783
71.7485877856859
39.8663463070989
44.499840593814
47.6879419758916
41.7960629452798
47.5790409593141
56.0648165643215
56.8324293941259
32.1639638343721
47.2651201765984
36.2205338261581
45.2976741828024
43.6533075690688
64.201170951128
35.0509319920093
27.8440543784599
67.2415161505342
54.9739453010261
35.1046330761164
33.8005407247692
59.5406877727308
68.3165726717561
39.7260810714215
44.5525140035897
71.8849010723543
40.8261524047703
41.5220978204161
64.8600241442761
28.1571438556695
51.8795403227269
19.9584775138646
70.47404506755
73.7452918621612
60.725849121809
71.5597791555238
43.562677828595
64.1753312665969
44.8734064120799
55.8179816696793
80.730898975774
41.3084760565817
42.6881732419133
48.2081762049347
53.2671744935215
62.7448000013828
41.740769892931
37.3656888492405
50.6154195871204
35.9032751216381
43.0411143694073
66.8496134225279
48.6670651473105
64.6370147354901
26.8625968472208
70.0998158152116
34.2141218017787
56.1124230735004
26.8239931203425
31.2261592596769
42.310338979587
50.2578048035502
65.8338254783303
75.7031357576417
49.6780656278133
23.9729303954276
34.6347753623848
59.6725429873914
49.0088411141187
52.1679744590074
48.2358050532639
47.6549044059522
61.9949958287179
47.6727884978959
29.8429105430841
58.9913120493293
36.3121560774744
45.0502216350287
56.7796358838677
57.057917304337
43.1759811472148
55.8102371171117
44.0009069163352
37.335420306772
55.9788418468088
53.6018459592015
45.494999922812
54.9600982572883
46.9247967470437
42.9861842188984
47.100249491632
44.201486883685
64.4190805577284
47.9587716050446
21.8000187840145
21.5799749828875
61.2447234336287
49.6434789616615
49.7995245736092
42.6597030833364
41.0849031443965
46.2073266040534
44.1370701928266
62.2655616141856
61.2943340558559
43.3199512015944
67.8184125572443
28.0973347237319
23.5838142689317
33.3098583854735
39.7166535258293
51.363621884957
37.9406903404742
44.1811496055328
60.2064705453813
65.7965326681733
56.4003303647041
50.2647692803293
53.2604369800538
40.8509572502226
62.5399529933929
72.3150954539788
49.3520769290626
42.4834033474326
39.0684406738728
54.4910828117281
52.4025252554566
50.3801099490374
53.8214409723878
49.1544871220267
40.8389933256463
60.4834152385592
47.7702442165369
64.9754223413765
54.954197909683
62.1157654561102
66.3152097724378
57.9055090900511
48.7757394090295
47.1920366864651
40.1885247323662
47.5295692682266
62.5575524754822
64.1560937743634
33.6326053831726
57.6238723006099
28.4262157045305
43.98238863796
46.2071547284722
55.3441228810698
65.6167698092759
47.5362065248191
46.1119119543582
52.2267168387771
33.7738875765353
57.4187578633428
53.9480293635279
45.5714999698102
51.7366810200358
42.0649259549473
58.156220568344
31.2886358704418
50.0812845870174
41.2192489951849
52.802609372884
57.2779649868608
51.7980626318604
54.7925466205925
49.415538739413
52.9128543101251
49.7438786085695
51.0510257910937
45.4463575035334
60.1481572259218
54.0468800347298
36.69388666749
39.4579579588026
41.4061856836658
57.3949170764536
33.1440741967759
39.5986091696138
60.0529676303267
52.1411275025457
41.364883125243
20.8529342232438
41.6956693415001
25.960340583697
60.9715227968991
48.0684810318053
46.5183866675943
48.7044922076166
48.8259821664542
47.521286085248
25.8451389148831
34.8683218937367
59.8768586758524
55.1239712163806
58.2911937031895
36.5375078943589
58.9160684961826
21.8095456715673
44.7097344323993
51.8895723391324
35.9179546125233
59.1052126139402
37.7547047566622
64.7734627127647
59.4158995430917
47.3345671200623
52.1248769946396
41.7296264320612
40.0067270733416
48.7159563694149
43.8305753283203
45.2665326651186
46.0177533328533
73.7064655422136
43.1123120710254
44.193871319294
57.5454183388501
31.6319392528385
46.9831188117382
24.7405757307988
49.3494645226747
41.1103367805481
26.9871130603182
50.2358094789088
44.6601742878556
43.0172613821924
36.8459836579859
68.3095250744373
45.1222032234794
55.0056586507708
29.7877897508442
43.924000672996
67.9350529797375
47.7380595635623
67.9571777582169
56.7475500050932
48.9545570220798
40.3652037375014
37.7763255964965
41.6999721156463
45.7241082563996
42.0156825483558
48.5426566097885
63.9263690449297
36.6251816041768
70.2849466311646
60.3565245401114
78.7140359128726
29.4350546784699
26.9325605900521
58.9351320639253
37.210677517578
49.7003893367946
53.8310668896884
30.3891305190964
45.0574605260044
66.3975435309112
58.3865710068494
35.19849604927
45.7934628706425
16.1425904836506
67.4377451835346
36.888716975227
62.5408862251788
41.5393469855189
36.9026008993387
55.3013663842177
53.7612330168486
59.5449450425804
52.5930418169415
28.7585280123414
42.6045587752014
54.9165794625878
51.5419217757881
39.3798537552357
53.0907385516912
43.3151142206043
63.1637590471655
54.3546359054744
46.0637255060918
57.2878825943917
44.3517754982883
46.3210968766361
52.6594038121402
55.6339810136706
74.2171325195654
52.6461176108569
60.5301741558721
47.5742545444518
39.3954657018185
61.0332123469561
35.3711459977378
50.4223552998155
48.5418082680553
49.645378254354
33.4071161691099
61.3529412541538
48.4878733754158
55.2624070085585
43.4040006250143
26.1105383400014
34.5118536613882
49.8024195432663
56.5698519814759
65.1113585568964
54.686156151886
63.5237274691463
39.4613576074901
70.9600251126003
52.4531802162528
60.1836073677987
55.8991738595068
40.1267082430422
36.9741906509569
60.5774221476167
56.184281501919
39.3228019587696
47.9817994404584
58.7734615430236
54.7933788970113
35.7795845717192
53.5604516044259
47.6359717897889
52.4491454008967
51.3372882734984
42.3427323810756
44.9150678236037
49.5186969637871
37.3372591100633
60.6716271024197
64.1906853765249
63.0738329142332
38.3143330924213
64.9186001159251
62.0998273137957
55.4077888373286
63.6175512801856
74.598356478798
45.0327962171286
30.0979099236429
54.8271930203926
44.7305326815695
12.2561879456043
20.6483500895165
66.6917298920453
28.8215628289005
58.104472328178
41.7675788979977
63.6870125308633
47.297753736505
39.8315285798162
53.3762459643185
63.8362784869969
55.0018811132759
49.6884176353896
42.6953678019345
51.305759511888
66.4399372413754
27.9867116827518
42.7569205407053
59.2220892664045
63.3746151812375
51.4960424683814
38.0688112229109
43.9592561684549
60.4521856177598
48.5511675477028
39.5797512494028
39.5906154531986
62.7128137275577
63.5197449475527
55.8417572174221
46.1428589187562
53.9713870733976
45.5609340686351
45.4505227506161
64.7136732935905
35.5511466506869
54.9793364945799
73.5467470209015
67.9608989972621
51.1507186572999
42.9211697541177
38.6946029932013
32.9961578827351
37.7452683635056
47.1806838044729
41.893574828282
45.2536616940051
48.8565465523179
49.3308098521084
65.4663072433323
63.4408611338586
72.4576194728625
47.6859861984849
53.0431169085205
50.1161162741482
35.9796970617026
68.0277184117585
60.0588973145932
24.8266705777496
57.9422308597714
41.8442996218801
37.0947619434446
37.3327551093406
41.7114845942706
59.4975900836289
51.8245466984808
48.2298912480474
58.5292091127485
27.1755567751825
31.1534735438187
67.7866010461003
49.7432427946478
52.3521061521024
39.1987304203212
65.2071938849986
37.315634265542
72.5569457705033
55.223372252658
60.8517228160053
48.8213434815407
45.5672124400735
37.7600507095737
34.6026461078652
37.4985916540027
34.6649428582687
26.8194532953203
51.0853595100343
47.5361390504986
57.8276523854584
43.1918635991301
45.3832776285708
47.0179140807022
46.7335749374745
55.8301231823862
26.4590226113796
53.6135486527476
65.2721365913749
49.9819145072252
53.9688351564109
27.1737560164183
40.1625711936504
46.2313797324896
60.48574722372
42.9545574821532
50.4892010241747
44.0281464718282
51.0924475017423
38.1381657905877
53.8617019615064
42.5089315511286
57.3363360017538
50.4634469747543
33.5112504490864
48.1765205040574
31.2928081955761
54.7456254251301
46.2558631319553
61.2173152621835
46.9894324894994
33.9607591740787
62.3611592222005
64.9942435789853
45.0882475357503
49.7223195619881
53.2120638992637
29.225406765574
48.206620849669
59.6295508090407
55.0814766436815
73.7326702394971
64.0231554862112
42.7244495772691
24.9930066987872
45.7590748090297
64.0291233081371
34.346525138244
45.9521109703928
29.5892293099314
67.6587956026196
61.5709839854389
35.1182042155415
44.5858714008322
46.0133091628872
76.4603075529349
49.4502434972674
55.6990840937942
69.0188551787287
53.8714045193046
45.8771951962262
54.949241084978
48.3024460770642
58.778091520071
51.4647093601525
53.9465956855565
40.6465727835894
50.1215617316821
50.9324120823294
50.5970464850875
62.1765785850585
46.5731811709702
41.4216194050103
53.9000840391964
56.2591944821179
36.2577137655196
65.1201361790299
39.4783695054531
23.4200596809387
55.2976561244577
37.880851328373
64.151378814131
74.6219567303596
45.882684411481
34.9217067472637
50.7794090081006
50.6577111314982
44.4580431096256
67.1824098564684
44.3644874140813
16.2448680493981
45.182921551168
31.5570774488151
34.772359393537
81.4256646628392
57.0315362885594
59.8397620022297
52.0910225342959
31.0193364042789
44.5983056844542
70.6934466956325
59.961083624512
56.3495744951069
47.8006547111768
26.9215478561819
44.8510654149379
34.6599536016583
41.6361654177308
48.2948865999258
36.5574894472957
55.1128650549799
74.9492470374372
60.8600134029984
74.396898309342
24.4897884316742
60.5288891121745
54.9640711862594
47.7778063726814
55.1667009480298
27.0968940786802
26.7575836274773
60.748614417389
40.9519472625107
48.7270701918708
44.024038749384
48.3708259183913
51.0802970733494
23.0579790193588
34.5074631273746
71.0485449950111
46.865949453786
25.0581827014685
51.4788085594773
73.2480757036803
52.9783431906253
53.2742611596309
43.6234797816724
58.7577938102186
31.7051100544631
61.8543087039143
56.1564466916025
75.9127218234253
58.696027379483
51.3032021466643
62.6490458380431
46.8098646961153
36.4741443190724
53.5265049431473
51.3830647338182
68.6255111824721
54.0202546393233
56.9047081749886
52.5314553640783
63.2590534165502
36.4234699867666
39.911536546424
58.1872426904738
51.4824711252004
45.000668335706
35.2654250613992
45.9210743912171
56.2714936211705
52.9751599186377
62.2862461488694
22.2705364227295
32.2611536365002
61.3951317034662
54.5118380337954
37.388344341889
48.9309992117972
22.749219436761
67.7535799797624
73.2676304463656
40.24947155267
26.0539282113314
68.7150130048394
62.2132090851665
55.930172232911
50.5908001214266
48.89473807998
29.1415270417929
29.4344034977257
54.4513873755932
54.1436303406954
51.8932252656668
45.8779559470713
51.4738487545401
21.4174314402044
68.2902733329684
32.5156342581161
32.8915389720351
63.0590896122158
79.0656541616151
44.6394286584109
34.5937697216868
58.755976613611
56.3658444210887
56.7343995440751
32.958786515519
51.6016882378608
43.8872910501918
46.7256208879389
46.0327971726656
48.56175952591
54.1491507086903
46.5543330647051
38.1342836896539
34.968086797744
73.4122648793173
56.3238532636824
65.0132589507848
37.1648062486202
45.6779644358903
21.647121803835
55.6480088271201
37.271291250363
56.099563071846
47.4180176854134
20.8617319818586
24.0185760892928
46.8210282805453
29.2736228701923
63.5398201644421
46.1480405647308
55.3877684753388
45.2529879752547
52.59790699929
49.1148404311389
47.8072933852673
64.7491691168398
70.5510563158246
48.0435173492879
37.3838030267507
20.8335513242693
31.9005504716188
47.7062270510942
45.4625494312495
46.9670037273318
41.6608944069594
68.8704187981784
27.5674489768701
64.0103910118341
34.5280255191028
56.9719759563267
47.6970955263823
53.4567413385957
34.5137974247336
38.028882490471
28.3539540600032
52.6992225088179
71.3403298477543
43.0994611699134
68.1546010077
41.8256397203385
47.4300611764193
36.8620014283806
47.5427159108222
67.528150556609
71.6403084631625
51.8591262865812
55.1629936788231
52.5555199477822
49.0830757655203
50.0706003398633
28.7738891784102
47.6330006960779
32.4446487240493
52.6464266117749
49.809470679611
44.3617315962911
50.186934042722
48.9699772559106
35.1144220679998
28.2479434386322
32.2886012494564
54.9083848018199
29.7148712910712
55.1625370047987
34.0502065606415
58.6179284844548
43.724156729877
50.9421472903341
27.4673745501786
40.532075567171
69.2700004670769
44.9676683929948
38.4272469673306
47.1406364347786
49.0586504590537
33.6359332781285
25.331712141633
39.7167827068745
56.5640137996525
46.7797613237053
38.2396768312901
29.3426864780486
47.5297331809998
49.3167503736913
50.4314374178648
32.627110555768
34.8799295257777
45.3179622534662
39.6707538980991
50.5269597750157
67.7132959477603
45.4750306904316
43.7414702028036
37.5427220016718
61.3414311781526
62.703362852335
41.3118915794423
62.4665165320039
49.2310093715787
69.7073101024044
45.5049126915444
62.4493117444217
49.7640386223793
72.8172689271611
48.3006681369735
24.349184287712
53.0916267540306
22.1279938239604
48.5292438883334
60.7002858072519
63.8339602388442
55.823121778667
71.8417362436527
66.3317875005305
54.3702163733542
51.8912345170975
46.0203874390572
48.6909592243229
42.9654305800796
43.7416861765087
46.3351972866803
33.6065263021737
55.9874597471207
57.2638572193682
72.1153540494752
40.0797951221638
62.3026352375746
63.344371039465
44.422969695669
50.5100834649056
30.518875643611
55.4933988489211
42.5346490927041
31.43898001872
58.7627961300313
65.7532588578761
60.5212864931673
27.022388856858
41.7685666443278
46.4339274447411
46.1906671058387
46.1359014734626
51.9246773328632
22.8540456853807
50.1947292592376
39.51979232952
77.1069456781161
52.0952125545591
29.0440009561004
42.0391397085041
52.2304416135287
31.9440914202772
48.0511844112363
44.3979764357209
48.8098931498826
41.6615570429713
29.2743589351628
45.3965078573674
48.7278552725911
58.4536967333406
50.037365173921
61.4186390768737
51.1666209902614
40.6358705367893
61.6579446941614
57.7789665199816
60.2840393316001
57.71150640212
29.2331347941508
52.110864687711
65.3068081010133
38.2217376621297
54.9238885287195
43.8531274907291
52.5083700660616
49.9585461337119
54.9242535606027
41.5067644324154
54.5471342746168
64.5090064033866
45.8393556065857
38.768819719553
42.0334226679343
39.2945056315511
55.3767439909279
37.7046244684607
53.3236984629184
53.1692088581622
62.5851267948747
55.012186197564
36.5702273789793
49.0928244729795
27.0136822480708
44.0569444637658
35.7662556485832
37.2339961584657
56.5567821264267
35.368423210457
48.3960908371955
36.2256654538214
30.7085652220398
40.5282116184509
35.8798097353429
46.1190104585613
57.8448730055243
49.8734454624355
53.6772646941245
58.8392244186252
51.5035113785416
71.2089461232436
46.9015894923359
50.7761253044009
57.0442725438625
43.8590449746698
54.71620564349
63.7285568751395
71.2018620007104
49.3391888216138
47.9883769061416
49.2980643660513
48.2987995259464
57.326253503561
69.508455749734
61.5908602235148
53.3211845438927
37.1851100586355
24.6556712314487
47.86749039172
49.1778548341244
45.9994449280202
60.7077222783118
49.3913337122649
22.5726264994591
57.3766172863543
41.2422541994601
66.648400388658
51.6121599357575
37.4410175252706
27.4883024083672
49.0061204414815
27.7184523932763
62.447650404647
58.8170097998324
45.7883893512189
44.5456695277244
46.4377660304308
52.8255300596356
56.1744180973619
25.6333312951028
38.1870993893734
41.2158756516874
34.2213951051235
49.7009341139346
59.0667691547424
37.4080550856888
40.6327035204361
46.3293668980626
53.8759560324252
32.4722317047417
54.8652151599526
51.4167696237564
42.6792903337628
60.738209541887
34.8350110013393
41.1716144997627
46.2000883184373
36.7106045407533
40.6461749225855
42.1930516138673
56.283861445263
67.7433717064559
44.004617864266
60.886268178001
45.5939607229084
28.438408812508
49.0458298940212
46.2228847667575
54.2896717786789
58.9283733163029
57.3122113477439
44.1045028623194
53.595056058839
56.8033832838853
53.8321857340634
58.0988482572138
30.3837379906327
46.6271066572517
54.4275619659166
71.3689220557741
34.3459527573527
54.6466636005789
65.4705960303545
53.6963196936995
58.819082705304
66.678862972185
53.0893691349775
54.1595470160246
65.7332740258425
25.7152292968713
25.2779250108791
53.3505299753831
56.3643137458712
61.1091610509902
57.2244519367814
68.4022319037467
20.3895383048803
50.9224566165358
34.8513226956129
42.2666364349425
56.5904435701668
49.5757075026631
53.4657181240618
42.708058655262
28.2900217952351
64.4323396496475
39.4537075422704
49.2480104323477
57.5461245607585
38.6244125031746
34.33499163948
45.6033719237894
53.0288254842162
53.1540372408926
39.8852104913377
28.8524948991835
47.1612283302573
47.5594367841263
56.7260165698826
30.8317832630624
54.9110416322947
40.1701882015914
56.1968751717359
57.0891828741878
42.3181992024183
42.5646349322051
41.767016844824
39.7782518994063
61.8128005415201
62.9095751326531
29.4676733620913
58.4299242589623
52.8252489864826
61.5684349904445
31.7226785235107
52.252841508016
60.1772478315979
49.5341168144661
49.7807445935905
50.5331514868885
60.3371154516935
27.2592608864025
41.8747247196734
66.9144595507532
39.8258347064257
70.6793068534978
23.8836903974273
58.5010783168499
55.3276671868072
61.9927745778114
44.6925745345652
22.2629791125655
43.322256533429
49.5109110604972
67.982348240912
42.1557156834751
44.9212110135704
46.0223787929863
56.3374797347933
50.5691869184375
29.2544880881906
35.4217201471329
42.2590123067942
64.751191996038
43.1591905187815
47.6139021571726
50.0371605188315
73.5218391711724
45.0524653773755
36.0959796700627
51.5354459173977
43.0271007586271
50.1414688769728
64.9455695878714
59.3689307104796
28.4441212226888
44.2270995117724
48.1322554405779
63.6957556940615
54.2706143576652
54.5506095027314
36.7446304508347
65.6587956938893
54.8511657863855
51.5252304729074
31.4634117837244
54.8715212740245
34.151144381109
63.1985639221966
31.5910669974983
37.5639885198325
25.1270762179047
53.9767196867615
47.0996249467134
47.8567199806316
47.0522005483259
37.664491776377
40.7324483152479
51.1253730859607
40.4502468649298
37.7155317924917
33.1379214767367
35.1935030892491
50.5736951250583
54.2354852426797
40.1729280594736
47.6197178475559
59.2529756482691
76.4129460747254
51.889155479148
45.1477383145078
60.2100075222552
30.8589338324964
60.9107503201813
46.3811276014894
37.0373567566276
54.6025900635868
43.9041448291391
29.942999037411
56.3721287064254
51.3631555234824
57.2583108944772
55.5539027322084
35.9697124920785
55.1252619829029
41.1022699903697
69.760133787514
39.4094752147794
54.5643862336874
58.1130344420671
56.0474871657789
57.9399426002055
41.5838677901775
37.770138393733
40.6752127774032
39.243360189721
55.4290874395519
54.082661116003
69.2893495317549
62.8827566280961
48.3639324927041
46.2260303087533
42.2955210421801
49.1653236094862
51.1546066496521
41.8626818340272
53.0711112078279
49.388914136216
61.3383153453469
58.4471697453409
61.7100714240223
30.6601165793836
51.8348910380155
53.4265988040715
62.6795758958906
43.6528663616627
45.9368657320738
61.2275789491832
46.2265348061919
57.0766812190413
52.7924379102838
27.8648175299168
59.0597296599299
40.5943000983963
47.1001293044537
39.349649194628
51.5978407580405
54.3833849020302
60.1076885126531
72.1228410358357
63.4030160494149
46.0347548127174
62.8863104153425
48.1265629641712
63.3014266379178
35.2340582292527
68.7882592901587
61.7568791843951
46.3766445405781
58.644436346367
34.6826022025198
39.0577540267259
67.3516595736146
74.5765232899172
56.8181456066668
24.9201209867374
63.933081459254
50.4207867197692
52.8195410035551
36.7454962804914
46.3155859615654
48.9453502930701
36.9839884806424
27.1407545078546
47.3655760288239
48.5747736878693
52.0776123274118
35.9010683838278
53.6192849744111
58.0061988439411
39.243861261924
44.4711947410664
50.5800909362733
52.1989450324327
59.9618813022971
49.6686306782067
48.4994779806584
53.5376715008169
57.7558107670932
81.9735735612822
57.7702614013106
37.5729024829955
62.7789620310068
46.4434734545648
33.0599453065001
24.2044427517242
60.2477398235351
55.8425539173186
51.6684717033058
45.3689613379538
33.4819479977876
57.2236334439367
58.3037108182907
46.7978108674288
49.6073542380868
64.4419781398028
32.5454829200077
47.1342528054795
43.7239804305136
28.231672430411
40.2185501065105
55.1863521337509
54.1726329363883
46.8210851206607
59.2138363979757
61.7881293874234
57.3697080370039
34.0330545869939
50.2342923544347
44.4160556886345
67.6494322251529
60.8865343499929
51.1953741312027
23.7109699752182
39.6323127206415
50.5176154430956
53.3710916060954
57.8025109600276
58.8753446231194
44.0815858542919
40.3935045469552
43.1409771088511
48.6088286153972
37.3889644964079
42.5684826914221
40.1188534218818
34.7555657383054
39.1437478079355
39.1699248924851
45.2943649142981
38.2714725099504
51.9637793427438
47.9480098932981
55.8226422406733
56.7597004770386
29.9976721871644
64.0595871023834
53.479209728539
47.2446480300277
33.9411825872958
46.3479369413108
60.4782362002879
49.5911022182554
59.0244880877435
51.473425142467
43.0811394937336
51.1022825725377
47.3389007151127
26.2975683191276
47.0266832970083
54.1705667972565
59.4678246881813
49.4918888434768
42.6235121674836
27.6488965842873
62.1345499530435
54.342940216884
47.6224051788449
40.4913358269645
37.0449640023152
54.0069551207125
21.3875306794018
67.6187598146498
60.4412639979273
22.4732329178366
63.5077766608447
42.4442337360233
35.109908413142
45.4217626713216
47.145202755928
51.0368545074016
48.3337880112231
32.0430089719594
33.9918607845902
43.4642660431564
47.7991453837603
60.0946807768196
64.190927054733
55.3950348403305
56.4475303515792
59.8859415389597
39.18895884417
40.6493358226139
38.8575088698417
34.9208282302519
49.703372316435
30.1728890941827
52.9548749793321
48.7592260818928
43.280520522967
55.3095436189324
23.7494223926531
64.7167070768774
39.8235316388309
35.7874013012349
43.9321867190301
62.9386840388179
53.596173832193
59.8689645027319
53.5479862242937
67.6733521744609
43.3218735336536
34.638240840286
32.6146357227117
40.7617100980133
