"x"
18.7063240841717
16.9911674922332
20.7804654026404
12.0872975327075
29.7246644971892
31.4351483946666
5.47702559269965
24.1459193406627
13.9105671783909
15.4119741662313
20.4220610437915
32.3629013262689
29.527321876958
18.72930272948
14.8678789148107
28.1723256858947
20.8425278309733
31.6885652486235
22.5343043376932
27.2833087015897
20.017232443206
18.071004046545
27.5378820719197
24.2215544451028
30.3473448613659
18.3155038626865
28.1981057123099
27.8985923156142
11.8240198111947
37.0605197475418
22.9392512934282
32.3035664157942
29.9421443836764
16.4461798034608
9.8836473416164
19.0818435358486
20.3687142813578
21.1239005671814
26.1032949855721
19.3421530071646
24.3395171361044
22.4315796047449
24.0244265645742
19.5662138750777
33.3807918475941
31.3453179784119
17.0902478741482
21.9976349500939
32.2996593313292
15.6875067227458
14.2525604460388
25.9208332980052
31.9387947674841
32.6290488708764
24.7860309202224
9.92016305681318
33.1505073932931
20.6803173292428
28.249992011115
35.8728091677135
25.4365163622424
26.3326830463484
22.6105087362617
25.0692127272487
27.591021778062
38.404394451291
31.7256912123412
12.3720982810482
32.851633313112
24.8779086396098
32.3303943965584
32.8669533599168
26.3254615711048
26.4160041464493
28.8493019528687
29.5794528210536
23.5708143329248
21.2001910433173
30.6479053106159
16.9446983976323
19.8806265369058
31.6478939028457
28.4905781503767
21.4350467082113
19.5797019433894
21.7869733884583
21.9764092005789
23.8979793619365
30.6082043331116
27.9081895947456
25.2968179062009
30.782320885919
11.585641419515
17.4966753926128
35.7262457234269
20.3007163247094
20.1001457870007
26.0443539358675
24.1846974526324
21.6011793818325
21.9323561061174
17.700751189842
25.0806990545243
16.9986709253863
26.4150259085
13.0166223272681
27.0975631894544
21.2526522111148
33.0419889651239
12.259882548824
25.2160808071494
15.2977175777778
32.4959145160392
40.3454397015062
23.4894820954651
30.663584289141
28.3780555142945
15.7304676948115
26.9105829065666
30.3661138983443
36.5320301339986
24.8603158630431
19.405854656361
25.1075083389878
29.2009332217276
19.7072413517162
26.6084352508187
22.8116389596835
25.6486482918262
30.1324762403965
19.6253859670833
11.8272546678782
27.3308312986046
19.700267072767
17.2848105663434
22.4116242025048
16.238983348012
26.6871399478987
23.1069983681664
26.1739632114768
33.6066934512928
24.9447048641741
25.973182125017
17.2536642067722
23.0997898383066
14.4207421923056
33.4956023507761
9.73944667191321
29.1743085719645
27.6340421522036
36.0059956761467
20.415962790139
27.0999309337245
18.2956906966865
22.7848183752506
22.6710895076394
24.6325080748647
10.0464149611071
20.6545469583943
26.126605947502
20.2494302304431
22.6206016261131
28.200015751645
21.9141843030229
22.7963132085279
33.0143090104684
11.9882384547964
23.0448811082169
23.042560252361
29.1884761536494
28.8587446557358
31.5923442365602
26.1436461471021
36.0312297501866
28.2286758068949
30.28360796161
21.2484679883346
21.1297404952347
27.8283890764122
27.7285777032375
21.9300938537344
20.2937541529536
14.3668728045158
19.1574566299096
28.3498809905723
37.4067502236429
15.5554551398382
24.0896823810898
20.6465323274539
15.1950378669426
20.8308204310015
25.1103819115087
11.3871777895838
27.9580323956907
22.6112929023009
30.7156540919095
37.4498369616872
21.1377849336714
27.6687674690038
29.9453456420451
31.8823102163151
22.8796035051346
32.8761120792478
22.1725889947265
23.5944565618411
29.0072040865198
25.9902125457302
26.283164951019
24.122254177928
33.9213238563389
21.9441656721756
22.0571168931201
26.4579711249098
14.408906060271
27.5045507121831
23.0731274699792
20.0611041858792
23.3551949029788
24.5966940652579
13.8007268081447
33.7683878140524
23.3861152082682
29.4025191105902
34.087907220237
28.1728534984944
31.9798373384401
16.5342205902562
21.767532476224
19.3432708029504
31.031817040528
19.818232790567
15.2226611978965
31.7039471818134
28.5235420800745
29.3734507276155
25.8718368830159
38.9045330674803
26.1232258751988
14.9565493687987
33.4247832419351
32.9634258290753
30.1680026575923
22.6009776815772
23.1992475455627
34.5518905203789
31.6565363202244
32.6795732835308
25.6541355513036
24.9417616054416
27.4103208445013
22.9305917862803
26.5949240420014
25.8457817835733
19.7543614543974
17.0494630234316
20.9339743712917
11.753238301779
29.7769572818652
7.9927469138056
32.0034920237958
19.2423888454247
27.511573722586
27.9528140556067
18.356695555234
37.4789858681566
31.3432634575292
29.35613875743
25.1055368920788
34.9201810525215
22.8072470752522
18.1521849812019
22.2332593519241
23.1535016791895
17.6083781989291
31.9891970371827
25.6823466159403
35.0144059747238
19.4044863572344
19.1378100309521
19.959318684414
17.0012019347178
23.4255080809817
14.5426630275324
16.8222135165706
17.7917046058486
18.1049558101222
26.9951375951475
24.0920830750838
26.4435325283557
29.8030581325293
22.6034542545676
19.6219158358872
18.1931947125122
26.0203502643683
33.4323344985023
30.6829670444131
30.5253080790862
24.2114300373942
25.5643163109198
25.6172579583357
23.2040427392349
26.3612671056762
26.9558065570891
16.7281279340386
35.1375056409693
26.4019641559571
20.5851508537307
21.6217491775751
33.3387113176286
25.5644815973938
26.9319612765685
27.0387361291796
13.1188768581039
27.5784370256588
30.2290275227278
29.4082118198276
23.7256404245272
24.3254063185304
24.5097832754254
15.8638728782535
38.2238480733217
21.0236598039046
20.9896239452064
25.223352201283
35.9960009341296
22.8775773895904
27.4275045841932
26.5482537969311
25.073248706758
21.2048384360969
14.9690244812518
26.9483075244352
30.7508123107255
32.9364740590631
29.0910602223495
31.1092794407159
12.9418534263737
18.0629306037174
31.518272892572
32.4251119280234
30.5229699313248
33.7160380324349
19.35457251966
10.319846545699
28.4836527192965
20.5851147751793
24.5821684598923
18.1870891945437
28.7088067969307
24.1750225890428
27.0947488490492
21.0677008144557
26.7366869142279
23.1044187443331
20.6459413981065
22.7451356593519
20.4992424929515
19.6832443354651
27.3801514279841
20.7012334372848
24.9300404684618
20.6673824694008
30.1145951496437
25.6763466401026
13.3629710879177
25.1384870382026
14.3782433122396
33.2050566328689
24.9460944906438
28.2344467112564
23.3439705520775
36.310314507284
19.3245097803498
26.3898440869525
29.2822839190971
15.8175150398165
27.0970676792786
24.7551758075133
26.5606956090778
22.2665878478438
20.6154679181054
25.6813761079684
23.1717477785423
29.1870530927554
26.4708192786202
27.4058730341494
18.5975055794116
19.1468704026192
25.2072209344202
24.3677104639795
17.0369937084615
27.9429016169161
11.7029162563582
21.2585286886123
13.4035751922056
17.4865511917156
23.4673122409731
29.5485522365198
15.8873191103339
30.1735002547503
27.0326422294602
29.0892756544054
33.1828720634803
26.7816735198721
35.4827093870795
21.6263801557943
27.4069884326309
22.1304146572948
19.3307738518342
32.3065622476861
41.4671232437199
24.2431729100645
22.6566240724958
17.2311383066699
20.6601365297726
28.4727303311229
36.0652199213595
20.4617681447417
34.0211186325178
32.6791587285697
29.9034155439585
24.4763096561655
35.0407904639739
17.1246769139543
25.5713045597076
34.14116804488
22.3128345581957
18.2875542202964
23.2000850141048
29.4996550614786
29.4715656666085
32.5932070147246
24.5368512580171
14.8703336482868
9.56059443125519
26.1177596007005
34.3299058964476
25.7650905055925
27.8266225708649
24.0848632995039
16.9947021175176
25.5634035682306
32.8656415687874
32.8783151227981
24.353156494908
13.7603333685547
25.8677270263433
23.7625948619097
22.5877884309739
26.7709891078994
25.1647867960855
25.8974452270195
24.9748071248786
30.3350053494796
28.7361410446465
23.0363244656473
33.1830154173076
22.9337757453322
23.2555888826028
15.9728286787868
30.7996817398816
11.2831611419097
31.8331963615492
12.7430418040603
14.0499629545957
13.2304857412862
25.5513520678505
32.5371141079813
16.2456189049408
25.8578670211136
22.0085521694273
35.9793125165111
31.2251545721665
17.3353487160057
22.9910452151671
19.1624047001824
18.6894497596227
22.1120629226789
25.0766828656197
23.9532881412357
30.0223417114466
20.5482272896916
25.5121258320287
22.8524306689727
31.032459501674
37.3901300576931
31.7796608200297
14.8935229517519
28.9353413973004
30.8424041823877
22.8101979475468
23.708381005039
28.5247680731118
15.5381158742943
25.7835052441806
25.3250415669754
25.286202978063
20.2593459747732
24.7163455700502
17.4678888870403
20.1308091636747
24.4180291658267
19.4281047908589
21.6463923221454
17.8899243939668
23.0111343320459
22.2650865325704
36.508226811648
24.9123066663742
17.3456692052613
27.0507508423179
17.4498399952427
14.4368366441786
24.8229001881555
38.207015020535
20.8446381147951
25.719735189341
23.8157898886129
24.5249185874128
30.5914706550539
29.4457443058491
10.5930508114398
23.8618798553944
15.6937032959233
21.2417443050072
30.1941462792456
18.4793798951432
28.0463050818071
27.1998426876962
25.1646244199947
27.3222185201529
27.9045552946627
23.936703867503
25.2836967818439
38.3344395065165
27.5144296232611
22.4534982582554
33.1428264267743
20.4005930799841
26.6237628879026
33.2763495389372
29.180225054865
28.6301757674664
19.1010857466608
26.9264172529802
25.0585960457101
31.4387663733214
20.1478138379446
25.6448912201449
13.7639933993722
26.5176651533693
28.7984962807968
25.441841841449
20.0816728640348
27.4112079292536
25.1211847178638
19.4598926712274
29.7242417465895
19.0370695898309
32.5461724540219
32.2117664152756
27.7298958040774
24.090052898918
32.9873654060066
28.6988222273067
23.7613432807848
32.923424616456
24.8427189653739
15.6249101415402
30.0648677861318
31.6801646491513
33.1298822071403
15.4691541101784
18.6100439569419
24.58224396687
30.3937736898661
34.2440270585939
28.7921803947476
22.9990611551329
20.5024197986623
30.1170815248042
20.497627823494
25.236741894164
23.7148225540295
34.5673537114635
21.937634021204
25.5828286986798
26.1543492786586
27.1678954130039
27.2492068754122
28.3179918304086
32.0924965199083
23.4336095163599
28.6322769941762
14.4279965432361
30.9171032859012
12.4224237864837
26.1013474315405
17.8734485758469
31.5322447801009
31.4693713793531
25.5128616001457
19.2861250952134
18.5835828538984
27.4101144168526
20.6352841807529
30.3233424201608
25.118738040328
20.6720044370741
22.9733604472131
27.5490635773167
34.6958452349013
24.8213703045622
20.1782869175076
26.0359888197854
16.8429793324322
28.8821703288704
30.9060769854113
18.4080235996886
30.1930442452431
23.2922255527228
16.6604508731825
33.0683696829763
27.6454979786649
23.541838536039
22.7183273294941
30.9701298688926
15.8320978051051
23.5687157795401
20.2296138973907
16.1449098493904
25.1568434061483
19.6520918281749
15.8346716081724
16.8263767081115
19.2843178287148
21.7461371328682
34.402954718098
38.9114694818605
25.497645419091
26.9587257876992
27.027225564234
33.2790413405746
26.7927887207477
27.028136048466
18.1782945899106
19.3411566084251
26.5970966313034
23.0121927568689
30.0839237170294
9.82930765059572
31.9509294815361
27.0010318607092
18.9007311360911
25.3578307805583
26.9119613013098
19.1238499013707
23.3839861582965
24.721278087236
29.8045804491267
24.5572812622413
29.4258007081226
14.7492208983749
17.9949546931311
28.2930901739746
21.6855203104255
13.4012733586133
26.0304654715583
38.4125582387155
20.5197515431792
26.2679207371548
23.3604521490633
25.83301467821
29.3308623350703
24.1444387938827
22.8831111919135
10.6330069358749
18.5477481223643
20.1214078036763
12.4594766637217
30.2656950894743
17.5560269277805
11.8357116470338
15.9433861961588
13.8160088798031
27.1459156199999
23.5919825034216
26.5453344210982
22.6717980345711
22.1423554297814
18.1133618811145
26.899733254686
28.1899926019832
33.2176410360262
21.4681522455066
28.2142415409908
20.2885360457003
25.1269520260394
14.9914894253016
37.0894475172562
8.63481068518013
22.0868975389749
20.2487811911851
30.2246378967538
23.4161109663546
22.5591658148915
13.2376509445914
17.0379527611658
28.128024074249
10.72887460108
19.5604011416435
17.4057521525932
31.1147704720497
16.8494680896401
34.1832318110391
19.3812769372016
20.2451941790059
20.8838735939935
18.3235486038029
28.6637498531491
18.9182521309704
31.5341099863872
26.8242928432301
18.0115178460255
30.5924636311829
24.9315545195714
24.6912989765406
30.4223251994699
23.8060125615448
23.5939556499943
24.9811714980751
23.8689912948757
28.6828462034464
8.35873503525456
19.662980386056
25.488519518797
35.1608769481486
29.3541492428631
24.0701271919534
33.8932672515512
27.3136817850173
23.7773600732908
22.8234485723078
31.3827361911535
22.3685090800992
27.9283826705068
27.9107548296452
24.3993160547689
30.1846788730472
25.6768086925149
19.9894376840297
11.1328733852133
31.0555323492736
23.0135529302061
18.3203515363857
35.4181989075101
21.1188682587817
16.3484177784994
24.5795067865402
9.99158644117415
18.3882515178993
17.0374468606355
30.2246342324374
26.7706225626171
29.0947260708861
28.2398557057604
30.374423484318
28.9979042485356
20.8646903047338
24.0685517899692
26.5641748439521
7.11598238776135
35.2990582388828
20.3672656556591
13.0270767956972
26.3868320267648
23.5338747035712
33.4272116888314
32.647061208263
26.0160251054913
28.4951320616528
20.7361267413944
32.0449221180752
23.3240329893306
20.7713040988892
25.9133811341599
30.1441927906126
9.77405423764139
26.5390039887279
23.6866813153028
31.5663239918649
22.7711409330368
25.3085336309242
15.5217343242839
23.5374909235583
26.1201332323253
19.3653499009088
26.4681970700622
29.4138232246041
28.8802317809314
37.3432825764126
13.5567622301829
29.4631445780396
19.9561294633895
31.4443887211382
23.4824107133163
24.287285329774
19.7918527759612
29.7582629369572
15.1164333565021
26.7746236873791
16.9692699260504
25.2993242815137
23.8790289964527
22.6200187811628
15.4487906955183
23.2361792353913
24.6907335706055
19.9812570121139
30.1729301456362
21.386484359391
31.793954904394
24.3335247505456
32.5797598110512
32.0087108295411
13.3402808802202
28.3622602932155
25.7241362472996
33.3348552929237
27.6715438114479
25.2325196750462
23.9226219477132
18.3105763513595
27.0284228259698
24.1052734456216
24.2924729594961
30.103789945133
26.6788232140243
24.8425924684852
23.5870247939602
19.4748183246702
24.8708763939595
28.5046362550929
25.0354369869456
28.2352328998968
31.9256239803508
27.6420221896842
12.1130236606665
15.767948422581
23.2810986461118
25.4990930203348
24.8767940327525
18.5340574244037
13.1457679904997
29.8775048227981
23.3615424251184
29.1965158423409
11.253641708754
28.2356016803533
26.2449309462681
29.2857464635745
27.7895835693926
23.4971900470555
25.7746047340333
28.6922765430063
31.187476351508
22.8690292453393
29.5092979015316
23.9059482894535
11.5374935097083
24.198852158409
25.1477831974626
34.6084036398679
31.8295029457659
32.1361444424838
15.223312494345
29.1993192629889
22.6911099860445
28.3554965863004
28.5307361175715
27.3619491606951
31.8587028887123
19.4841933669522
25.2383994637057
21.0635139374062
21.9205820234492
23.3845743816346
16.969399341407
20.7355603808537
31.2369978055358
15.7947190105915
24.639111594297
36.1484779006727
25.5746134323999
25.8888613652108
24.588317470625
33.6892220424488
22.968594590202
17.7687332034111
25.8678698912263
31.670395610854
22.3247028654441
22.1243991983386
27.2553298156708
31.9529588334262
21.6912879844241
16.3957814918831
31.5674126613885
29.9031555652618
37.3255557825273
12.1718222021413
27.3656343808398
26.66367480997
29.987261723727
24.4230675976723
21.4502988150343
32.459314679727
30.3460635769987
24.3641444249079
22.6909894496202
24.1089423652738
36.5295822711146
25.0781071837991
21.5239678975195
15.8914587966486
12.9572633421049
20.822032308206
22.9104218538851
35.5019833405918
25.7119236281142
22.9273610872135
22.5029356312007
18.7895563547103
23.1648359506415
28.7389633478597
29.7693375032395
21.266348590143
33.1440583104268
21.5359019814059
16.9551614206284
34.1955292969942
25.2908919486779
42.1736462952054
12.2725818539038
22.8841846808791
20.6231471383944
21.7278655385599
26.9660675665364
29.5943669741973
27.0290884422138
24.5165747357532
26.5228560194373
34.8547062815583
13.9314772780282
25.3600537003969
22.5865543587133
21.0048214765266
14.6315358811989
20.5087347887456
22.5928735453635
28.718365333043
27.8722272487357
31.3084023306146
24.361244821921
23.432964249514
23.6391110578552
27.8962472686544
22.6017861509117
26.633556582965
23.5602203989401
15.1195333339274
27.2351540857926
26.5275564044714
20.0000902637839
13.527551510632
35.829809530626
32.2336002951488
20.5087462207302
31.4769665943459
28.2739542657509
9.66633997087487
20.5776589224115
29.570492124185
30.1647870102897
29.7442149597639
16.0733690661816
27.1449555177242
16.9938460539668
25.3060346003622
24.5541851501912
14.3575918400758
21.9963978976011
26.9467732403427
16.4416794432327
38.2915513568974
27.2551788948476
16.1531823037161
25.2955660798589
30.7036026148126
33.5829959716648
22.2289841854945
18.8942308770493
23.4034776920453
19.6091587038205
14.1331137856469
25.8760267235069
23.2933414168656
30.02835707739
22.3434854129319
28.709529992193
38.784492432288
20.1556392014027
36.1216381821333
24.4708662154153
23.45102916006
20.2799326740205
20.0269182212651
16.3042770931497
21.2277822196484
19.9849754804745
29.4614023761824
36.1477352753652
25.5091832252219
24.0685692057014
29.3483033077791
26.4696771278977
24.5003880700096
19.7599207982421
30.2787845721468
19.4394851103425
34.231779165566
28.9339486742392
26.8853192217648
28.3168161287904
25.8005915675312
24.0387472556904
23.858175810478
28.9023347198963
22.9726823512465
24.5931713376194
21.2283900706097
16.7469846317545
19.5569978095591
21.9235204625875
17.8905376931652
16.7856479762122
17.1195712169418
18.8344718028853
27.9277664143592
15.376712847501
33.7167747551575
28.9718084735796
31.2662666663527
33.7511190446094
15.0424483465031
18.4974592877552
30.1051052391752
18.6648727627471
28.5922282608226
28.8178635528311
10.9373695913544
15.5989970546216
21.9038008865851
16.6228512255692
23.0493052862585
28.1954942503944
29.9339460907504
29.6194083057344
27.1208831109107
20.0297851526021
27.4879402248189
24.8359669698402
25.9804275818169
22.1493800636381
29.9832188058645
23.8629959756508
29.7869640402496
33.7888746289536
17.5634520594031
35.1807344218201
18.37163483724
23.4373854473233
26.060674036853
31.8160933908075
32.0832699785127
30.0840671174228
29.8773494316265
25.504608778283
29.5876550255343
26.2729272575926
27.5222674012184
20.7625932991505
30.1218647276983
34.0701507870108
33.5625334875658
14.4044359447435
19.1337663438452
18.8030939316377
19.2296638619155
26.0761909419671
12.415876542218
36.3320024663067
26.35695298668
25.66445376724
29.7845664201304
29.535435535945
25.3474559634924
26.1424513533711
31.5256197234647
21.5945774689317
32.3114325059578
31.3871432328597
7.83785171806812
22.4013405386358
22.9440321680158
23.3974246075377
24.741890396513
36.271637350083
21.1179812551373
10.5346728581935
26.7712395405397
24.3831950472668
23.4845843166113
29.6220208983868
20.585472905077
25.5445635644719
27.5368451140821
26.3447026954964
22.8094658276674
16.4224191568792
28.9176929043606
27.2962097078562
16.9979740632698
32.9867736436427
30.676876893267
20.4351868014783
20.0014550238848
26.2087802868336
35.34431787929
15.6108903232962
27.6988117955625
29.3076766838966
23.5948216170073
28.9154425496235
31.9106543669477
30.5832986613195
32.5504055246711
28.4940827637911
24.059334397316
22.4071614677086
31.69296591077
30.5095274699852
22.1682813717052
23.4240190095674
15.5807538445893
17.4201867822206
18.2081148028374
21.3317260481823
24.3522158125415
19.2993517916944
21.9654183834791
30.3210139041767
25.7987945573404
25.4120621597394
5.08407598827034
29.5372027912465
16.8401187420617
22.5791601696983
20.4426555428654
12.1869824873483
23.6816252116114
20.9618122782558
19.9163460172713
27.131467474303
13.2037546485662
23.4550824388862
27.480307361111
23.765476886183
24.4628758868203
37.6366463003165
16.0453670060137
29.2089966358617
19.1809245638615
21.7160774162039
24.3756603682414
24.6103627840057
29.9119908362627
19.5167005294934
24.5858638547361
15.2079111197963
17.293215286918
28.193187317811
12.6436643535271
33.1441241549328
23.2072508661076
25.178640964441
20.5297459615394
21.7811955552171
41.8869291725516
31.6834099590778
26.8337071640417
21.4677375042811
13.3559979731217
16.2053656692551
23.2328596524894
16.8738566804677
31.4416793884101
30.5993418907747
24.6414344990626
28.9216014323756
16.7631335323676
35.8889639602967
28.4924952546135
11.9275776680515
30.5749910185114
28.5090476507321
15.9719381015748
25.5156164756045
31.0266539687291
26.209226064384
22.8677564877017
15.2529275277629
29.4508937746286
30.0430187257007
19.5575218647718
28.5213897470385
20.7757892785594
20.0908488501431
17.2506372446838
25.186282735279
26.0286356788129
24.8996399808675
32.1132249897346
21.6879897285253
22.9713588467215
22.4577436456457
18.1808228604496
28.3301623072475
38.5742166989899
27.1212628576905
32.3493166128173
30.4496397031471
27.0350319333375
30.3685885388404
20.7116393605247
16.5683356812224
21.7055561767684
31.2800076557323
17.5842242082581
25.3306054510176
30.4946662159637
22.1569463144988
23.5761924899176
19.8675992665812
23.650977862577
22.4980622762814
24.1794951027259
18.0047477333286
25.7863909006119
25.3077282803133
20.4890663502738
19.5632726419717
10.891103814356
20.5131593625993
27.588967862539
31.2053228495643
37.186119997827
31.3441672828048
27.4330425191287
31.598947616294
23.7511885352433
17.8974048467353
31.4736730884761
28.6555582424626
32.7011319343001
18.7393471132964
21.3583313627169
25.9866719832644
21.6688730986789
25.5369273712859
27.2269380744547
29.8419380094856
27.7110740076751
21.9301960896701
26.2660110369325
30.4414530284703
22.7238859748468
20.4659019933885
28.4530610777438
10.4376568924636
37.7006249015635
15.904065174982
30.8269317960367
30.3406354505569
10.1274729240686
29.8557015834376
35.3634317850179
25.8771938970312
13.901418427135
29.1120952693745
30.6707396637648
33.1597577515694
17.7137520397082
29.1602497687563
32.164444332011
29.2038286337629
21.8785217963159
35.2039304075247
21.8831944279373
11.6919050736394
28.1475808471441
29.2743216035888
28.8054499076679
22.6502136560157
21.3565552614736
25.2397492993623
19.1552427811155
22.6416550343856
28.964847093448
25.5202606087551
20.5307245219549
19.067780370824
27.5622780201957
17.8923930739984
24.5185371022671
18.093248968944
24.4891162030399
19.954952574335
26.7803106689826
26.5072276815772
26.1335243703797
26.0794078465551
29.197378619574
11.4167974330485
28.1523244691054
11.1211733426899
26.6614132839501
15.0233678752556
27.4762142682448
25.1095430692658
20.8938366966322
26.0174054186791
29.3115238426253
17.0381338335574
23.4315677313134
31.2509630573913
26.7910052090883
31.6064579412341
19.8630060302094
10.9815622447059
31.4831753959879
9.60606941953301
19.6989763826649
24.8450403747048
24.1843363193946
30.3210941841826
13.5357590086609
20.4134722007439
19.6907256654909
33.8976601371542
28.3365382580087
15.7711475094237
23.5089575871825
25.7669029058889
16.7412308284217
27.9458500212058
21.3834506226704
23.0458488455042
31.2804784160107
21.5505219064653
26.7892786068842
15.373881557025
28.616753895767
16.2199720973149
20.1855477644131
29.5382569316955
18.0378100646611
17.6778183784336
29.3539435137063
22.9194739482738
19.6223249774189
16.6230943053961
30.5591483367607
25.1085363095626
24.2429685778916
15.919633070007
33.1900142831728
26.7913891468197
31.2308873515576
30.7262210175395
21.587901096791
33.9750740444288
16.9020592467859
14.6371224580107
22.1232635983544
25.4146769177169
17.1875681497586
25.8929806032374
27.6339662028477
35.6339929138726
24.2292759996631
33.6206362815574
22.9921023827046
31.8892245413736
33.3265413995832
29.8526596976444
21.7562141129747
21.6427912237123
25.7312458241358
25.4636057186872
21.2619365658611
25.0041526043788
32.5656249420717
20.9605759907527
14.7671897197142
33.8648038450629
21.265937294811
20.0284101068974
23.3122780453414
17.0594624476507
26.7248875694349
19.4848356069997
24.3390970630571
28.6091787274927
23.0975808575749
31.8205347284675
20.2882137149572
22.4726092768833
28.4037037519738
27.3245001677424
23.656085669063
20.1339128892869
24.4623693870381
28.524070372805
12.3222354799509
23.8372560124844
20.6682552090691
31.4556933939457
18.1692667996079
32.487592077814
27.3248053155839
29.89457314834
32.1438686689362
22.7979516377673
26.1852260446176
29.7860401682556
29.744294215925
21.0027750581503
26.0560260852799
30.880967900157
26.7089595319703
27.3613697616383
17.8749236588816
35.0710224012494
25.5211877403781
25.2933346666396
24.7189075267279
27.599729562952
31.2401971401772
17.1069472329691
20.0992399360985
30.9708779910579
16.3010327963357
23.4739332925528
34.5946504268795
27.4218833772466
29.5704260468483
14.2982699675485
25.5344876549478
20.0866264756769
23.5323889018602
21.1391023771316
21.1358044762164
21.2813794612885
36.2445242681956
25.501067046908
28.9318844676018
19.1504255402833
20.1923009008169
10.4918093653396
16.7754358612001
32.7694507781416
21.7872196575627
21.7996009625494
22.6712573319674
32.7112902654335
25.4655450349674
12.998019438237
31.7811341024935
24.1738922195509
28.9387027034536
27.2842886392027
25.8929232833907
14.1044485615566
28.5405371105298
16.2714524223713
28.6721211392432
27.275075064972
23.9264608816882
27.9987315414473
19.5203149225563
29.0068602189422
22.4115515127778
20.1042996253818
26.8298199400306
35.7361616080111
20.5395239638165
16.258410923183
17.6598230842501
27.375930454582
34.0178121321538
28.4975261427462
34.6260444261134
22.234766301699
24.2879031654462
30.9338066261262
30.2139805164188
31.9834704510868
23.1299338629469
22.1011686837301
30.4054249543697
23.6965800561901
14.5713017787784
26.4075686223805
23.9200136391446
14.7712191333994
32.4022440938279
26.6631529200822
30.2021207055077
14.2925248714164
17.8010952658951
18.930188080043
24.2153792874888
20.5739753786474
21.1987926624715
24.7419392457232
18.7708480749279
23.583114234517
24.275880609639
18.097991659306
31.9858034839854
34.3892023200169
27.2727341079214
24.2480639833957
12.6618303824216
27.836510236375
33.3012096583843
29.2114858515561
35.646529522439
28.7556530999826
18.8257121946663
20.2770282281563
26.905429107137
22.10222564172
24.4747861521319
18.9389490522444
34.2037458205596
22.7933325106278
25.7102087605745
23.0173818068579
23.6467497616887
38.4989021324968
23.7982134334743
17.1889353062382
32.0833684876561
16.8945311212936
28.2042274484411
25.1299305818975
18.5782060927416
20.6082711229101
19.1443525254726
39.278124317289
37.8054246751076
36.0931344700208
32.3865614132956
34.3024532776326
30.7144779711962
29.7481255838647
16.8579797726125
16.2310837069526
20.2917967899937
30.6142612127587
26.1352163427698
18.9384069759399
30.6492052506655
22.5406149867922
19.7675002485283
32.3718574130908
21.0715478053316
21.5842647012323
10.8707741902147
21.7518861638382
32.1804563282058
29.5862848870456
22.7074602385983
23.5803609425756
13.7522521661595
9.93314674124122
27.6538997987733
26.208500447683
23.895489401184
14.5315342815593
30.0579620764638
29.738757899031
34.1882321750745
23.1564350659028
19.7709050495178
20.3391357218762
25.3046404570341
23.9225575933233
32.9151880228892
27.8650419786572
27.2785250796005
28.6941541769352
28.530733496882
27.1791237872094
25.6947879912332
26.7763804867593
28.7292848341167
21.6370201020614
17.7588830236346
24.8069433495402
9.5966158201918
23.4785053646192
30.9931401861832
24.5890781283379
26.367013878189
28.4970717038959
29.7353920293972
29.0541744558141
35.1440476232624
32.5416067382321
21.9545143656433
31.9767234614119
31.8477952852845
21.0733552230522
21.8634120887145
18.4195482558695
31.2888930784538
24.3939453735948
24.460269859992
29.7957422677428
24.2378035793081
34.0123783564195
32.0552453165874
32.5370950857177
20.8806950366125
17.6464960731044
39.9400744041217
21.5641026385128
17.5449687979021
26.065201102756
28.5550305387005
25.4432588096878
23.2960303779691
27.9117013327777
21.6733808627118
19.4198035330717
24.4973006192595
34.9379223946796
22.961440961808
27.1594849647954
32.4138296535239
22.5069276755676
18.5090461280197
14.5148790183943
34.259888716042
22.3054843098127
30.5489739635959
12.7485220320523
24.2776622762904
25.8376887300983
32.009987346828
25.5497950362042
17.5373525591567
24.2138511035591
36.530112007395
28.029488842003
17.6751971521084
26.6738769598305
30.8012660127133
26.279538939707
22.6463896455243
23.6524121555927
23.952271672897
29.4742036843672
32.4259173823521
27.6219420833513
19.6507099550217
31.1733023439773
22.7354558650404
26.9830408971757
30.992560435767
8.90472587198019
26.8716825172305
31.9265673635527
20.0306203681976
16.1062476919394
27.2090501151979
11.6335746239104
22.2367499489337
26.1929452652112
24.4914820417762
22.1123033668846
26.0184519924223
28.1900227069855
14.8902440676466
28.526497050511
32.1340676397085
31.0107786208391
24.8710710322484
10.7619811315089
18.7612339388579
21.5315477922559
16.1240826983603
28.658507252112
24.5275142602623
17.7564088487998
19.8617947562165
25.8405316853896
23.2789581408724
13.7327962554991
33.5120102390647
22.4781291886455
17.7594003034756
29.0282939438657
31.8074176786467
21.5468837646767
22.2341450862586
19.6215583011508
18.0598085746169
30.2664225688204
20.4479861073196
26.607804489322
17.7820868290266
30.721911531873
26.4449598733336
12.618038701921
12.8394301515073
21.2204829556867
28.0835413839668
12.3859976050559
21.6285072034225
29.5110027538612
20.9843344055116
24.8014563037544
25.4624582827091
6.92869841586798
16.0066199721768
11.8467654334381
24.7155027929693
27.8281650040299
23.7535163760185
24.1320703877136
17.8506026975811
29.1485883295536
23.8980194786564
25.5905875936151
22.9624474421144
21.4568249881268
26.7053893534467
9.83201330948746
25.579805043526
35.159389625997
28.4144780776769
15.9093089410674
22.4111533956602
22.5346457213163
24.0328796207905
32.1546271909028
14.5637420937419
14.9510018869442
26.6498352977972
21.6599510749802
21.0206369170919
25.8183606900275
29.1750303003937
18.4157259762287
21.3893538721001
25.0279421918094
17.7382800029591
36.1108779886222
40.3318176490671
18.2910430754475
27.2034781984985
28.8080198457465
28.6573130404577
26.302977418527
26.5726802637801
18.3833658928052
19.6638548640264
26.5427588893185
22.423034068197
22.3308629123494
23.1007360620424
34.9207030674139
29.572837962769
21.4719106443226
28.8077423116192
20.7463359850607
29.6702823136002
26.9624927081168
15.2391537791118
15.8795792609453
30.6474501732737
26.3637216842757
15.9577950200955
26.2667398666963
30.5501919938251
39.3340295159674
15.0246093515307
31.9852479733527
19.4261242635548
28.3069075318053
20.2286900021136
25.0710105989128
30.9467919869348
29.8589566489682
22.6508694468066
29.9685068661347
13.124157465063
14.691974921152
28.4647573716938
20.4724371666089
22.3422400886193
17.5788957858458
29.8577608773485
16.7139906669036
29.4240472139791
25.3418391950223
20.7575270906091
14.7324282908812
28.4644644474611
30.6929307524115
17.6747068297118
25.4414965864271
18.9898155163974
25.137126352638
32.6870485907421
23.5766908619553
26.6107042785734
22.9241216121665
24.9161611311138
17.1904338523746
27.1031364565715
18.3356533991173
26.3187368805084
25.3048856044188
25.3431530902162
20.4288600309058
27.7746545150876
17.8830594773612
22.1953303205568
26.4147936133668
19.6386356536282
17.1108368551359
38.3206968640393
22.0819096080959
22.6935477927327
28.0250747455284
23.4547710279003
25.9244663640857
23.2319555478171
27.6290564332157
32.6553625753149
24.4080579486906
25.1913391053677
30.4080927511677
12.0020280824974
21.9931873492897
32.4767174897715
27.3025546455756
22.3308196058497
31.2238991493359
25.7941601565108
31.1755113538874
35.2346857429796
22.0662839477882
29.7304270789027
20.2202667947859
21.4280494954437
38.763851111517
20.1035012145375
21.4133472880349
31.9505457300693
30.4037519264966
26.237023025388
22.6166602689773
27.8640100732446
30.3850704105571
27.0539277466014
27.7525316691026
23.7429095353805
15.151009076082
22.0165062462911
36.6504493614143
13.4922505356371
20.3165710205212
26.437057601288
19.3017626630935
10.2479854598641
20.7225482353556
30.8948135469109
22.097210236825
24.4187445146963
12.2312640305609
25.9678896283731
23.0514837428927
27.5431615766138
17.4447667753294
16.0285571470642
20.2378561720252
17.0632009860128
29.4110642978922
26.4903906732798
18.224948333729
29.1023731402241
28.5222149686888
27.7625633170828
20.6223711146279
20.1006513321772
25.6365152075887
14.3576477654278
24.7057385742664
23.04304423742
30.7029756717384
24.7776211472228
25.8023366564885
25.3488077083603
34.3680343357846
27.2315255831927
26.011020434089
25.8824028540403
26.3683677650988
15.9422348125486
25.5574324618674
27.2564602084458
26.432893727906
22.3827267065644
24.8729160986841
24.6853988988159
19.9902079999447
24.7042033584326
36.449034221186
20.0677262851968
25.9080546599558
30.3732764907181
22.9116894770414
21.5402891393751
37.0818954405791
22.5261221126969
24.6815381804481
17.8206905256957
30.2188907982782
28.6830888362601
10.5889108264819
26.3064112514257
14.3156195704971
29.5029659289867
21.6178857293101
32.6687374385074
21.369133098051
26.7864591442049
27.8309040702879
19.9389250015096
28.375960176546
30.8249405352399
33.3109895465896
25.1044742297381
15.1453868485987
27.0703237038106
31.9147612666711
12.90456176762
15.4558684444055
23.5260721063241
25.8529854965789
14.638281184595
22.6400285493582
26.0604304028675
32.4659218313172
25.4206770798191
19.7611690731719
19.7459227594741
17.1279163099825
32.086905837059
8.97970079729554
34.1505021322519
23.2998360414058
20.0326048303396
37.289757869815
24.8284816974774
16.6823054663837
31.8577566882595
25.5645274650306
26.0163012892008
24.1137421457097
15.0059471372515
25.7707003969699
24.2342388490215
13.7325593953279
