"x"
12.3339456971735
7.18404957186229
2.39509553160599
3.78269150387496
3.86777983512729
7.28440084411926
1.972102583386
5.08937316481024
7.65159919016005
4.67866524122655
4.46119355037808
8.78095557330488
8.34967426490039
0.154639570973814
1.54800669380674
10.7848022365943
4.04743291901819
5.17906229943037
0.890756072476506
6.0181993059814
5.23254349827766
10.5312023311853
4.02308198899251
4.32498378378913
2.01943422978855
4.99695314813219
3.56087760901976
3.65983796879212
2.93363577220589
5.49764208690808
4.83499332331121
1.54504594835482
0.892749475315213
9.01642799271071
2.75941591509442
6.38493862934411
6.09120967869611
2.32524315360934
0.181451747971269
8.32080671098083
0.957095852912187
9.06839366070926
7.61876367032528
7.51804718747735
1.76012299817754
7.56366427522153
5.31525395344943
10.6274049890613
4.18348173655226
6.62936859958054
3.841009340249
9.19751536566764
0.154499285239234
3.22450681123883
3.36871105246246
8.65266548935324
3.48048483470325
3.67429566103965
1.99198541663887
1.30843369258483
4.84662275936228
5.37695478666497
0.700377051842528
1.75224308932628
0.282184076555931
11.7078395327553
4.94233805220574
1.90325530711561
3.91197616181226
1.97540866211057
18.2108769272869
8.64434675313532
5.18398045096546
0.097527471370995
1.85526700224727
10.1631731726229
2.031228715132
5.84921382833272
0.084920133086941
3.27133610844612
0.165029287815419
0.315743549097053
2.16668492648751
0.935825126184708
13.2753139128909
6.47525561507791
6.8940630839663
6.57047636341304
14.0553815057501
1.32231458555907
2.77399539664011
3.29892274457961
0.505760434330208
2.31638974510133
9.17723658494651
9.73004784900695
7.67632154747844
2.92918322677031
2.7840738883242
7.34444034751505
1.95881268927856
1.46097037191243
2.9307495104149
10.198703664355
5.7043124223128
0.0355208292603493
4.61493558250368
2.75170942768455
8.31069990526885
8.55405223555863
3.28738286625594
3.35643519647419
6.63986301515251
5.82256456837058
3.36419178638607
9.67755654943398
2.7177025165753
5.42731955647469
12.9925514848126
0.223901276015196
0.683519446873192
0.614578777704377
4.77712191641331
5.09336416143924
0.470929243601859
7.72806173190475
6.49994607083499
7.26161756835117
1.2910372344777
0.146333035081625
3.24382886756212
2.66302651725709
1.20262118588421
2.80612688635443
7.87843116559088
5.70315571967512
6.23437371104956
3.93350554979769
0.383005919866264
3.56014398857951
2.17209889620747
5.95161224334621
2.43556054560178
2.85936751515964
5.50581185291257
2.34156453516334
3.25392414815724
5.53960823453963
3.72585311997682
4.15819375775754
2.40089178550988
6.60383438225836
9.03044154401869
2.10510905984858
3.68334210697848
5.50951452164326
6.72751117963344
9.67831494214428
6.68792866110468
1.31855101790279
5.81020200625062
7.71040814909494
9.38093746080995
2.81526208855212
1.98375318622016
1.04138977641366
8.42190727998038
2.33119511368043
11.0827987870454
6.93970780276517
6.81798798032105
0.865193737937053
1.43148980569094
1.50061761125447
0.789635209366679
7.304194313474
0.134601242458491
5.55479385468573
5.80068395938724
8.85238707251906
0.0337702920660377
1.29820507818474
2.08703306392622
2.12022324558347
8.46703654027054
5.44123550240447
10.8999601332471
4.06161025166512
2.13519884841961
10.0720096259361
1.89720316847096
14.6365180435916
2.06608369688047
2.16559153050184
0.854780102667089
3.76605899163203
5.86049917619675
0.567050846789438
4.88677539397031
10.038933204487
4.39820419996977
6.23860892374068
4.28148089801781
1.9336000714946
0.187112560293346
1.47241230588406
10.1622269721702
2.38457820378244
3.05386402178556
9.96360837016255
9.81443012156215
0.59420298423144
10.075536603108
3.13582141573187
1.243282622664
3.76581876871364
2.0726416958496
5.55629292800334
2.76483593964743
4.56982192117721
3.53910644881126
1.07370629506714
5.83690449258596
0.383621663786471
0.273697534229389
0.567026727666055
4.13829686585814
0.0560282729566097
4.0034303907305
1.40299494378269
12.2105425456539
2.77731802577431
2.27084176149219
5.62520441053138
5.05776865836043
0.439400062896311
7.4203833937645
3.45138919944067
5.81992228155999
5.73944207280874
6.00802106782794
1.65074798278511
2.0261981309044
5.7353145442903
2.48054336432247
2.83676455586232
8.14386741258204
1.88889673445374
1.35522056370974
1.58612928823466
1.0125603992492
6.8923985739583
1.95683278143406
2.26325418984164
5.94335622154176
0.880679627275079
0.636033524709115
5.02543174661696
2.33596754501568
2.23923900705105
3.58591340433779
3.81608566050165
2.86743573715321
4.28893639421821
1.64928781515862
4.38276708591729
5.5546568473801
5.52083241020373
6.6539190011099
15.3014636598527
13.2806274341419
0.145956193291862
8.88310167938471
1.18009808033228
1.36742561589926
1.46403510589153
1.18970670737326
2.61373756377522
6.05256487615407
5.74521822854877
2.14683213271201
4.09272077323641
0.0592113006860018
1.73581847921014
5.01817524121744
1.1746134608984
0.263878609985113
0.439478829503059
0.602003144238138
2.52391288885186
13.9794706134126
2.7905591763556
2.66145095130197
5.21109465043992
0.897563039325178
1.33603280410171
1.14241344854236
5.72423264114575
3.25657271314412
5.12161766680621
2.09174349438399
4.32488585356623
1.77935060356577
11.693877610378
5.23861958274897
4.98751103878021
3.55636498425156
2.08157037850469
0.594704192364808
15.6690376149687
5.03574304099678
3.99709553457797
0.799614236856351
3.75392160965794
1.85700765279659
2.05420303953348
3.69939150747819
0.0175024149939418
6.08183858829796
3.26462080702186
7.07410690374672
2.98097603954375
2.35210739424539
5.16298432771016
6.15684695076197
2.93331931348531
4.8226568615064
1.38481994079024
2.90660837199539
5.75016080401838
0.678844202129453
0.252455840826076
11.0423908103257
1.29742694797836
3.28329375697001
2.59118077810854
4.58536111454468
2.35373496543616
1.4216540614143
3.67172888945788
0.998589838854969
0.118786538951099
7.8832700435531
7.16054711956531
1.81653615108745
6.00751036542006
6.60288501131596
0.714468583464622
2.58971231523901
6.8745121580576
3.32859782502055
0.348812667652965
4.80626106727868
19.3751173559576
3.33750583231449
5.3448322461918
0.164616212524332
13.9725662302226
7.64092082552214
3.96211561746895
8.12143294606358
4.72779818810523
6.3624071596757
11.8838877649978
8.41780428308994
1.17888613604009
0.433601213796818
1.87956386666676
2.76661263706674
5.07389284508815
1.86167187057436
5.88556448106448
7.09880201611668
2.46663996867593
1.32581349462271
6.64856053868394
9.96405747719109
5.34834966529161
5.65728175527484
3.34034023658376
8.32200304667804
8.16081119289261
0.704576238058507
1.61452311268496
2.47873219195753
4.60077736061066
0.158748240210116
4.68044590670615
0.87064967956394
3.42610034295557
0.612180586904287
7.71324562374502
3.19402378518134
10.6081092264503
5.96239620354027
0.894222220524902
4.17636975180358
6.93330009647847
1.61358805082534
0.21062926389277
14.0181002099289
4.81710564345121
8.35965925361961
1.01573707540755
2.00161947868764
3.13430410580709
5.72710339911282
0.328989373520017
1.46267291250875
5.27305165305734
5.04905574809537
2.1186234196648
2.22392905255648
0.374592079855655
8.27130391262472
8.21773305069655
5.73254988158949
12.9514690325553
0.691770622506738
0.446249898592591
5.29992508236319
1.7345214728266
1.67329825926572
6.28547410015017
9.69295328112923
11.5648235660046
2.23557645078685
1.97508722311462
0.799234840087593
7.97784558963031
12.7398177515715
5.79799010884017
3.78372557461262
0.818995805457234
5.75765894610802
5.52998395121781
2.11403095163405
0.698965522308652
0.215022049506562
5.60165351884858
4.46536177769303
3.822862367589
0.909081278941733
2.12396947195829
7.18688473571092
2.94291255964988
6.84111344162375
1.81838937770252
4.25608308990879
3.24590199053995
12.7215504346863
1.43867270089686
8.198261025971
10.151972774837
6.36832456751616
6.45194959361106
1.84515020810068
1.60937970504165
1.21756792068481
3.87246003374457
5.83490516331182
3.15751329511494
0.900571071542799
10.1467377040535
0.85731940343976
3.03148358080015
11.0226674936712
6.83749034069479
7.21084743272513
7.65557643279884
0.895165698602796
3.74671365134418
1.57290899660438
1.91707131452858
5.74657395482063
5.01775993880087
5.37878277245909
10.125474879712
11.563220028627
6.00323935505003
6.36441074311733
6.42510834150016
9.1575012775138
12.3363141233115
1.16453922819346
2.30414799880236
0.983917340636253
5.93532919883728
2.21652400214225
10.071037732996
7.63521845632973
8.49430931266397
4.46886540969832
5.3496028050578
8.0455506792719
4.22374848276377
6.21882195118815
2.78494628558515
9.6050372812897
1.25837955583432
2.09049030672759
1.32849040191729
4.04172772541642
6.96824654005468
2.58592297323048
2.25557852292144
0.0332606584702065
0.771792349405587
2.69537794796272
7.44296975899488
5.15916713147255
6.04438639898537
1.26359993591905
2.3585889255628
10.3610164718702
5.82937579980871
1.95654386188835
4.93089009542018
4.82936506159604
1.81963804643601
1.55156848071236
2.45023409092173
2.5933277178765
4.17828604647537
1.84891745448112
8.79502131137997
4.55281309588093
1.75108211115003
8.56200626585633
2.29453587786952
0.861228932626545
4.9203903356783
2.60295169427991
4.16901546996087
10.1331406505778
9.59067230578512
6.25125355419852
1.31952593944335
4.68501154430479
1.45314198452979
1.48674107622355
7.07350827257492
1.88354216638323
1.58458747992962
1.48250549100339
3.2247384544462
1.32087459302895
4.43688994273543
0.677985325455666
0.136158116137685
0.0398422015836112
3.37675684131682
7.15090960729867
5.3119990741834
3.67472036741674
0.211197607041863
2.02563190832734
7.73186045698822
8.30855658294205
5.2005049930619
5.11172849219292
4.63111174758524
4.03882912360132
3.50795026253178
1.43131869845092
7.27709925267845
3.85648384690285
8.95537367169073
3.47168723718496
0.9958854643628
3.43828413144642
0.143145699985325
1.66687645792749
0.0837769592180848
7.66646819801787
12.6351557992857
4.0230760583654
1.27253278624266
0.296239013566512
5.79334925860167
2.57884764578193
11.405135143992
0.524466069288499
3.56819023834848
4.41806789021939
2.32150058727711
2.70510326428199
11.43140917266
2.85264465492219
0.378868076950312
10.6786011485383
1.0200661312482
4.8497550887987
8.76512895338237
5.3033090889838
3.80860108416528
1.24856058973819
6.8094075890258
10.4950582350608
1.2879271293059
1.45441985523911
1.31240687333047
1.78573830606964
4.98328248709809
8.78953824514526
3.63720126915723
4.51325480826199
6.11582114361227
2.22504592966288
0.628704893968003
0.0464828219264746
6.95864813317463
3.00748653244227
3.07246642187238
7.31602415908128
0.075891697240583
0.417459387589775
4.85229971834407
2.7971142437309
3.40092632867989
5.13264101464301
8.13869817648083
1.9622006919235
6.49687109980732
0.37357530831274
5.4226243346852
6.44522602669895
1.09289833907138
2.47749318368733
0.930718141870062
9.91692899639274
0.648273900151253
5.17730163410306
8.48207898149031
6.97331160772592
1.23589786235243
1.82475377805531
3.71777207087895
4.24556988760523
5.06851756945252
7.56570240482688
3.70108347851783
0.236855610273778
7.73931023424262
8.47929283045232
4.70543294213712
5.80213679932058
1.86131174223786
7.38011947833002
0.293657210286946
2.45166204147136
1.4465079177171
5.56201584162135
13.8589914527712
12.5448516145638
0.935780946793434
0.521684671991917
5.55106133763206
0.214090407826006
4.72532936837524
6.73290330450982
1.15338610485196
6.48203948512673
0.277825220808075
6.54931474373213
0.371246977734305
2.72795861499489
2.23777198698372
3.38676464743912
0.386531473602484
7.34614450484514
12.5377339313381
9.56402760930359
5.42673503514379
1.15807235806779
11.0812533394883
2.45105517096817
3.31230575684458
5.55890321265906
8.18041053134948
1.97362870607474
1.53000247426527
4.78072161786258
0.445154217411819
11.5244901040569
2.04964999575168
10.1572811603546
1.55686694197357
4.09850010182709
7.22506009042263
1.86670029070228
0.368462723907219
5.15325292944908
5.69501304998994
14.5937184104696
5.0000965017347
0.45780991442513
5.47377492726882
7.60109259281307
4.11496385931969
0.565117040192401
2.1192928070186
9.74109844050407
14.9654188193381
4.35625612735748
0.830205241630041
4.30185964796692
2.86836917512119
4.83221940230578
3.63721798639745
9.79309557477886
16.6832087328658
10.9291400993243
13.2651817752048
0.98242808599025
4.52660769224167
0.000405288421209015
10.906908265315
6.31667992565781
2.71933741226988
5.16310442303076
3.72429855633527
6.73364685083643
10.98818676066
4.73146454019694
0.124281654824198
3.96017043385655
3.6329045173196
7.34912948682904
1.14340591372762
5.83567683001274
1.08239087276161
4.69513591378927
3.74844705220312
2.25538739468902
2.95392954419198
1.69350318741979
0.915986182922081
5.163264577277
5.85591515497248
9.04678422957659
1.65124215004267
1.17455558001657
8.03338591940701
0.949340864820073
4.52160607092083
6.64273845031857
7.88458923614189
2.55272934263877
1.30804628133774
0.121456239522246
4.97729316569873
2.74121686816216
10.1993321139671
3.91095910784401
7.91407854810987
8.26478365343064
5.74322550091892
6.73480089722946
2.98656524381748
0.0402293168008327
0.444147572852671
1.43184734042734
5.40263695673719
10.5399643536657
3.53316613472998
5.43854553022262
10.5536362749747
6.91786133684218
2.85165014211088
3.23066871855776
6.58394428901374
2.5736986247051
0.317250360868766
0.267847141885652
6.22888747602701
5.30594633892179
0.135359587147832
7.67037903842639
3.90138054779672
3.77019437631835
10.0023292703554
9.35851093381643
4.31363501403589
4.62084079626948
3.42529744001289
8.15696225035936
0.923063908703625
7.50511612277478
4.96326091233641
0.700022396631539
1.45015686284751
3.27011740300804
2.10015554912388
7.0052090100944
4.49185923207551
2.76742088608444
2.94639646171813
11.4899415988475
10.8148642708313
4.94512644544153
11.5646422096306
8.02108671050519
0.651963334530592
3.87896955944598
8.84695283602923
0.793965270259641
10.5983265978826
0.413958903119865
7.30501358437674
2.59765738155693
7.52208347576024
2.12605867704248
5.83792226472148
5.5464392049894
7.98152519855648
0.642296661502835
2.65111916232854
0.128833931578234
1.51483190711588
4.10363059490919
0.491896432982882
5.02647145307786
2.00286832177176
1.09185916716497
2.59387930855155
0.82831596955657
1.46721678320318
0.300019909627736
1.08817641157657
6.24114784877747
0.500493124127388
0.131297344341874
6.32629063911736
3.9331895077815
1.63039126067566
5.68496238313731
1.98217675256937
0.735663926478513
2.93215640700614
8.12689497681026
4.9363651778549
6.93225557462932
7.32346675358713
1.09495474025607
6.86576115264985
0.377390382325701
5.73525133637843
0.550925615243614
4.55166704487056
9.85022281189907
3.71755509560005
0.84757583681494
0.424313987605274
5.90250897221267
1.26381651498377
6.13402023507702
9.0940477559343
4.52371399082141
1.14930637646466
2.56573725491762
0.682326639071107
8.24072101182151
1.24260634183884
3.68475336581469
0.760961691465525
4.26182018127292
2.55965906777119
2.2754184436053
3.71017174696813
2.86509098950773
2.07312236556751
3.79929163350927
3.23423757217824
4.38816776933948
7.84176691472856
7.69839178234111
0.0278080813586712
8.24187531643199
5.89411469819952
7.00602442957461
2.31552594341338
6.36087297685464
3.49167617969215
0.664984132163227
5.34502717200667
7.28574292734265
5.7829192141071
4.9805301707238
6.07819389551878
0.306759679968139
6.08372772112489
0.808753189630806
8.65160604007542
8.26726461143456
9.84559552744031
3.46670562867075
9.65924295596778
7.30606145225465
0.379262515299449
9.56642071254485
6.38007670519835
5.51187349483371
11.7071997368195
0.895624631084502
0.0420793087796994
3.29403356122165
4.96862782165408
3.63737204226605
3.61178952734917
4.0131835701524
4.85772993441693
5.60380951501429
1.82206335201944
3.34147435181761
1.98512491770089
10.2783115270198
4.55538192763925
1.69137718621641
7.97763825618378
3.29693735111505
2.26313029388299
1.70267619275913
5.96255164127797
3.68548690950666
1.51325629558414
3.73259601183236
6.83844350278378
6.79854775646717
4.38954887763042
0.000990150938017627
3.9944916497916
7.64019114430994
6.78063032219568
6.15962620358914
11.1267786938697
12.7144811209291
17.7086541196331
2.27639532758548
4.53668311539926
6.12216615118086
3.75110874211004
6.03470909409225
5.12756509706378
11.3396403379738
2.87945459131151
7.87219423384892
4.00699218735099
4.21761470197324
4.13545359809656
1.00696387235075
1.06791922248291
3.19242784753442
9.60554669145495
11.487602316236
0.0106882303953171
4.84029892832041
1.29745409358293
6.46402863785625
5.1055948715657
10.501081035966
1.01586963778926
2.45983279310167
9.38686842564493
7.22224754157677
18.8698442652822
0.408709665199965
2.15912859351252
3.44317664857954
2.55024640355259
7.46962311677635
5.31680658459663
5.17243852377967
1.71916757244617
1.24113766942173
0.39398861117661
9.78805047925562
1.8431312404573
1.83107057368869
2.95162224219686
3.27833150353424
11.0467487247661
5.04515690263361
1.81229025740323
0.260319234803319
0.134525471366942
6.96159347426146
5.11979285217957
1.43537716940045
1.11620151952984
9.51394443400204
8.60821788143859
6.61977026611567
1.83212936390191
1.03548210821253
0.091485888697207
3.54498899541795
12.8243328403427
9.86990737728775
1.44992442801595
6.059058814604
3.25393045786768
6.61886627468692
1.90311356409388
7.03769523147548
12.8382888074476
8.32375378813595
3.78889077193362
0.649967728924767
1.9834830192849
10.0646345241238
11.5728744239107
1.72964711673558
1.93054382689297
0.166149410891381
11.3676235079765
1.41532192509917
9.26567430142313
12.2532754205167
3.19897579029202
4.39481709618121
4.09731953720015
11.3068827660754
4.98905027406676
9.13056657573333
15.082142095717
2.22035078815004
7.86020229570568
3.55837505776435
2.78084524907172
8.54654717116542
5.78892817720771
4.13276546169072
0.148175121285021
3.99833428673446
1.61598206546678
12.2285644128406
2.94872935144836
9.00361312087625
10.8692091342702
2.29913487564772
2.5363645295279
5.55578419007361
0.755545473657548
6.72844317741692
1.88037580810487
5.88868660852313
3.93988697438989
0.153447617776692
8.88321036472917
5.1387503510341
5.49269417260991
7.35694194404845
0.0952360411226182
3.73520600105077
8.55235519164001
4.58047678694129
0.682378085412237
3.80801772093341
11.752772028558
2.50972842351457
1.78350815549493
6.83663922827691
6.04677030351013
3.28485223643895
14.6948364330456
1.77247866522521
0.35117061343044
5.87101869750768
11.0931299137719
1.00046580191702
0.539191975258291
4.02214911300689
9.04137664770976
3.00684543326497
0.657615647651255
7.99548341377808
3.92853755909303
0.0647625187411904
3.55323291205458
4.30139726959169
3.67624554783106
1.23269585892558
0.967141552528467
1.18867475539446
3.24224609144429
9.75752780213952
4.1040871059522
0.341119997781656
5.4359812522307
6.6728628706187
7.15015277857351
1.51324958453987
0.455909103176207
0.46110463186719
8.3369274623692
3.62450492164894
1.70868367422372
10.1636527338997
8.23596768050803
5.59604435808514
6.08696129638702
7.18482257798314
3.18667685770461
2.39481052409917
0.957725693680495
4.38598829304978
1.61252323469874
9.51928177382797
5.76477086785698
2.10052895209537
0.516224047169089
7.38357156234844
1.16472744473774
0.0298689884462004
3.98706646506837
1.23719039838761
2.41974250793432
5.02246306277812
11.4387360281562
6.71906338305891
0.475212842364746
7.40007255226374
1.94239618426257
0.949501502327621
8.05954004172236
1.98634448461235
4.19385450084199
5.88712829630822
4.22314119059592
1.36712441213702
1.32667392026633
8.36839328985661
2.48711369931698
9.9839621729362
1.36749013327062
0.777391321025789
1.5869236457937
4.50828776229173
3.02603006060271
6.88268858939409
0.580825936049223
3.08246374179964
0.168983940966427
3.80132575519383
4.71989174260079
4.00543679660281
8.80907475948334
0.891428464092314
2.84639378078282
3.65620653610677
1.68358192313462
1.83448064170578
8.22590914264307
1.87396859316038
9.52144404873252
7.83910430036485
0.646131997928023
0.403524958528578
1.11085226269581
5.67356172781587
0.755338999442756
1.58777683973312
11.8484992999583
1.52612207123829
3.26375686563551
7.32492503025682
9.49509853614216
3.70014731801402
5.78635174315423
0.401450251229107
3.20365877823594
5.37607676815242
2.71553532220423
1.59601459447005
7.53506958620451
6.15829366724938
2.75340187363327
8.09768626932055
1.84147919062525
2.77094481572463
5.14479950927259
9.77234193123877
1.670998102054
6.49822370614856
3.83569834072659
4.12731357551421
5.4367664270103
4.29827549793015
5.16834160542362
6.17855756414777
8.87154210358858
3.49431475941691
3.31198619375884
1.28783441998106
14.8585111601278
1.45916822393604
5.24076607175985
6.28826804459095
9.72349129151553
4.86538149416447
5.19906950648874
7.62850029197913
4.84788671601564
0.708837982226073
0.210369285196066
0.786522773693824
0.670744851231575
3.23039803188294
4.50064060278237
0.911293564985756
5.84905133177404
1.1716578155756
9.20493579469621
2.98598627559841
6.83815255761147
8.55052093975246
11.8629993567046
10.7935216277838
4.01898839045316
3.92830806026797
3.01570619922131
7.1251722285524
4.29404925089329
0.183629771787831
8.38183157611638
4.63552149012685
6.23683647718281
0.19518538985448
0.055956180652885
9.62957553565502
6.27264566719532
0.218753654729873
0.799145153723657
3.22017585858703
2.53637874762606
6.24600700102746
0.0425329484178057
10.800857531721
0.835516140796244
1.16267444100231
7.75247446630935
2.4094607681036
2.07467106505066
3.0969713581726
4.07490583602339
9.83116428245337
1.18139700498432
5.97602912372164
1.91303319297731
6.95534813841351
9.20057171404904
2.32502339393214
6.68356302194297
3.53760099969804
0.978938699699938
2.63439142145216
2.72957712877542
5.28990737755904
5.16694742254913
2.37550667952746
6.58088595000285
2.90799199873924
5.98409976810217
11.3676219014451
0.154400919564068
1.13509299699217
2.73455048445612
0.581604754552245
13.5347670642659
2.76288053154712
7.95784785877913
6.57696363050491
5.17230074056396
9.54346333164722
5.31642045102831
1.37562505959159
0.393450224493412
4.41938079893589
5.35149034112692
3.28302793204784
3.36365619880583
1.13149147831087
0.799882323051107
0.726573262363672
4.06998512335122
2.88054792226584
2.73276423104107
7.2831030028856
4.53853897260457
2.10125986885547
4.08416809514165
7.97718425747007
3.24439760762609
7.72370416082174
0.450278632342815
4.37066960148513
3.82572116556523
0.287972949445248
4.92589269931964
0.859304007779168
0.442610493136348
3.33478270317107
1.75166898407042
2.78890934240296
2.45719580274036
12.1292915454033
3.7704008130977
0.433983359479365
4.50369203463197
5.43655884553407
0.776626262813807
2.04753506619908
0.467376765925069
7.36782683525234
0.63089735340327
1.14021694439928
6.37889206409454
11.4078295623555
7.11162558291107
0.327870598994195
6.19462712981621
10.3579998714849
3.03297701757401
4.26943751517683
1.30167475435883
4.64488675352186
2.28876288620543
5.96408070996404
3.27433597587251
4.4081408996135
2.88529123958397
1.91947263186656
6.56361127544129
12.3071436695437
4.81766581107646
6.42285890607589
9.34363181308221
2.36903948243707
1.46255181171
5.16255600377917
8.74648867174983
0.655408620675195
2.49235757102341
2.3742702556774
2.75620443280786
3.08537308592349
0.9090498328983
1.8291001405607
1.23748579062521
1.29963608924299
1.20021468028426
2.93952655047178
0.751617028009189
9.49251084227709
6.24750269563683
1.10877803526819
2.0490359712467
6.95302370530466
9.17524404358119
9.16355265222613
0.303358012087368
10.928123514168
8.97107724640563
9.42864178214222
3.46736345866338
3.76699918415397
4.60424162447453
2.23075783887512
0.907045719213784
7.75380863342434
3.35325827445364
5.43255007360131
2.46435126755387
5.68142584525049
5.25623913854361
1.30645378610426
4.95631620287895
0.528882979415357
9.95487871424008
0.71561171207577
2.7058380888775
2.93799319770187
4.68477159738541
3.72705729678273
5.29741679279004
3.62438845913857
3.12966878991574
0.773743309830585
4.21460030377747
4.43856576296677
4.02388021174396
2.68631551880389
4.60480127949268
6.58416317310184
1.55405516270548
2.83073622267693
4.27781699690968
11.3053606823087
4.23014525228714
2.60290368460119
0.51898825244319
5.25695868611095
6.84427336995052
11.8173294235021
4.38626713585109
0.248319283127785
7.20395846292377
2.25972253829241
6.36187854688615
3.28554734166691
6.54918092768639
6.33425451815128
5.26245769578964
4.41106674266229
1.57422125339508
10.7435964746401
1.47015378664259
11.7620165459812
1.60475566517562
5.57224908843637
1.1085848714348
1.27898798708816
5.01040825408335
0.588526436783703
2.5304205898448
0.247082900610609
5.39820427500746
6.54345403891057
4.95133907534182
9.27722849883139
3.79151678644121
2.1439568605274
3.56972661601784
13.2142355432734
0.820107571780682
8.42221213970333
3.19580782670528
1.25847652455486
2.91846073232591
7.08833393217887
0.167938994975132
4.77572153322399
5.25091569582914
1.52676622383296
0.380894704721868
3.97593883435036
3.19613192696124
4.10014947410673
3.89350953937808
0.593959423713386
0.551924481987953
1.54885521624237
6.57543188916264
3.31894082482904
1.7187212842552
0.729777924335015
1.84953490444303
1.71968829245455
3.12212301246084
2.75304331024188
4.33731389281002
14.5695664221421
5.33412860005924
7.63738640966587
7.50673114132723
0.841216279101569
5.55286641476262
6.80226751137525
1.23659303168774
6.03750338700293
10.1585822645575
8.37391393724829
4.62102635843306
8.27001265715808
2.59300665929914
0.454323099341305
13.1530263461173
1.92217812873423
3.99157667998224
7.96386925503612
1.58146208857824
6.06293176160221
1.02159616645153
4.0504960808903
0.272895744849455
4.19573839753866
1.68192926794291
0.860254578824181
3.8101656595245
12.2369960648939
7.84872537478805
10.0115514593199
0.150000160932745
5.33655676990747
6.30119980447207
4.05836989649828
3.78706983756274
1.92998000006968
4.83861805405468
8.07711731176823
1.58072437625378
2.06483822537272
1.73326297729142
6.0498139763987
0.182025426444917
0.427174036300777
6.23444151133299
3.54345813902497
4.39865321386606
0.294750230386853
6.87474426813424
1.31489489829877
5.69533067755401
1.75156365148723
3.84272888363336
4.47214210871607
2.39323145985815
8.73043688722914
3.06427768069061
3.09494386708777
2.42829243652523
6.00063593109842
5.15565514825697
0.275689819008811
3.9083864307031
5.00951423309743
0.466463910765866
5.90683005958161
3.92569447867572
1.87396537512541
3.46669891185638
2.16231324576792
8.48066196776927
0.742395937739696
5.58712601970262
6.12189306411892
1.41494089297936
6.70968855265528
8.5000322918483
2.91607489878079
4.85209438484162
1.81106973615627
0.0160356262127863
1.68031482025981
7.7551735567948
8.37160661819192
2.42102189468984
1.9736077869311
8.93301188748863
5.13286499772221
8.74140080995858
2.45491014793515
11.4225583616644
2.27798807900399
6.8218081491068
3.42849052976817
2.9027703916654
3.62776760398902
0.76079134057435
2.71435515023768
4.47852052314926
0.317807618326662
7.98004677053541
13.1006641313434
2.8661728440371
5.66609324887395
7.91634952213796
5.84509439955129
0.239239004440606
3.18317834753543
3.59678824017547
2.14337844282567
4.05355545226485
0.424669375483417
4.91777730640024
8.63077780231833
1.01179527311332
0.898276641964912
12.4214948154986
2.60808300226927
4.94960285723209
6.52209101244807
1.85272763406293
4.06440036323392
6.38459133869023
0.311358156614006
11.5091706858948
0.170037243515253
2.91239607613534
1.07331259641796
5.89041336090254
8.08812915347517
4.92550923027268
4.57373237252484
4.5863690553233
4.06045066109968
2.15281865093857
11.1735211918131
0.91612957429796
2.1924405000766
9.71395671367645
3.08926820289344
1.26040687318891
0.0488202366120887
3.03304722461802
7.33713014051318
4.3163790833205
3.15341239329427
7.24547028075904
2.82868051435798
0.712647020406218
0.564862182363868
2.35418287345843
0.601625489071012
4.14836260024458
6.07576557216868
4.99832860659808
1.90309635363519
8.04250231012702
0.309441736171392
3.69461450085256
10.2385088568553
9.72365711349994
8.35847104899585
3.69029755238444
8.13764887812063
0.655094906687737
5.54547638166696
3.00220933975739
2.14743541010113
2.86843294065524
1.95396388880908
5.77095202170312
1.56627071555704
1.11313471570611
5.34249252137578
0.387807890857366
2.60229402014974
0.190373649820685
7.21580279059708
5.65487823500364
5.67633348982781
7.57811507210135
7.11860536865437
8.44711767063886
0.886319181881845
2.62538431646197
6.63943621540261
6.40559727326035
7.60048036463559
8.38209269568324
2.16136653907597
14.3770158058032
4.10506259080464
8.27449766137391
4.64766403795896
0.856763454736714
0.314182764850557
8.40131490662401
0.448269373737276
4.71734136808664
0.83181606605649
4.18650093488395
6.51946042198688
10.0464569922599
0.731949601322412
5.98755651539364
1.30769017965491
3.22015525307506
0.410277699120343
1.76894578617066
5.52492729509739
5.039162770845
1.37096173129976
3.99481448935872
2.87495201935443
2.36876967828721
7.00028329156339
1.40121777076274
4.82947691343725
6.3549593789503
5.43494203593582
2.10690614837688
6.97947250683758
5.25032826699317
4.31128004671397
1.3536027022232
0.910154031589627
3.38855213485658
9.82329109683633
6.45862515084445
4.94896695387299
10.8707363290816
9.31357234892258
1.1739223017285
7.04292865357677
7.9114489181176
0.80255514798064
2.18394049443305
8.32145726308227
7.53897535102633
17.6137860864401
6.91750387195498
3.83241574336594
4.0438646847457
4.32279845699668
3.5205258987844
4.42895851657501
7.12377205491066
2.04839966697293
7.72787739988416
0.639632996171713
7.40115981779114
0.412822972294586
5.09660623501986
4.35010892234372
8.34625656417194
1.63647710698433
3.02249288652092
7.01994882591596
1.50861805304885
2.3782076909875
0.952109950594604
5.80078121129359
5.96022324170917
4.56690896842611
4.75750702898949
4.475689958781
5.29653253033757
5.40680693449207
4.89840973168612
4.86759128980339
10.1369604468346
10.803061677143
9.9512949707822
4.29452642268271
1.10365663814765
2.32643800593679
3.51942502893507
5.44019597582519
10.1371343946084
0.909615845541499
3.18532069967446
2.09578054491431
1.80772105126785
6.96958799380809
4.57827355399796
4.24060267396271
5.34591273249694
2.09339170251042
4.47572689280114
6.80517241382488
13.0717223975807
10.6033938812648
12.9682659171522
1.43359645796088
1.06396501768194
1.40973653178662
2.21631340505405
4.70311439130455
1.57556088388257
2.07269378109103
0.116672739386559
13.7700390767293
0.442345094016897
7.47163605410606
1.08690466731787
0.428416626527905
1.36104299587142
6.46379086597759
5.2076781867072
0.959806190803647
6.07700548393203
7.31525670271367
0.763120036572218
1.80835639529549
6.93801804445684
5.2835787584347
0.735189975239336
9.57544020761211
0.170895116720892
11.7184264119714
9.95046285699087
5.9137746483558
7.01426225714386
5.50400381907821
0.188760017044842
4.96105754282326
2.04331162129414
1.6727170906961
10.8381932488265
6.32670429673306
5.19333837763001
2.58720074237015
5.79586546927542
2.97122036541324
10.0148308018116
2.50273665878922
3.41504898387939
14.3782361312776
4.48567143175751
6.41181359023831
4.9882575403899
12.1651559152896
0.172131159342825
5.03724371083081
7.24515349138528
5.19582158885896
4.58459884050339
4.98001908417791
11.4021525951102
6.81564914993942
5.4108229232952
2.25846925750375
4.47544928174466
0.579778593964875
2.47244426920543
1.30525114946067
1.67246577329934
2.30125058049248
1.6240393742919
3.73798215296119
4.07079221335554
4.05170287534072
0.88287191465497
3.41663319566724
5.29193731490523
0.0547167379409075
3.66472178138793
6.9892757402714
9.94781916961074
10.1142825897315
1.70207179617137
1.84642886326157
4.88168257288635
2.70196260582407
2.95058814587713
3.48146389842965
6.82061908300966
2.42350100811857
0.808261893689632
1.51908204425126
0.528261181898415
4.41747780577579
4.89709919784218
6.71289230231196
0.826166519031044
5.27627009432763
7.82311023212969
2.03402899205685
3.83081247564405
9.12244564387947
2.35784291289747
15.7879567937925
6.80551559198648
5.30826991889626
9.29561720695347
4.91767641382826
3.74026594217867
3.23204875458032
1.993018157317
1.01923923022157
4.28832800163657
6.27575649414212
10.1276530891224
2.88327101083523
3.91463441774249
0.584136741235852
1.97002211037282
3.63235548138618
3.94417278002948
2.24371185773233
3.89443240128458
0.757371500640766
13.2934186507161
6.03210453628054
5.20866834558547
11.0068800626323
5.82502511018761
2.05116698052734
3.03836783859879
4.19996442592756
12.1463692403995
4.7577530774577
1.35888313603838
10.6412643586332
3.63916317000985
9.64142188895494
2.01587029732764
6.01075463928282
0.474261117410518
9.27387400673397
6.67754313908517
2.17130089939628
3.65111248102039
5.09040341712534
6.57975810461137
5.71919057431106
2.59029343724251
11.8182714631582
2.91933412663639
0.278819390255107
2.76386194343843
3.48008722825108
2.7492559058422
1.95061694830656
0.992526748329077
7.68873186316341
5.31166920159299
1.30061791278422
5.44082520295094
4.06661280430853
7.08849008111048
5.93817250133313
0.205239707478045
4.80139709543437
0.698172318658821
3.51619767936407
13.2980491733178
9.51173405628651
1.86514324533586
5.31819410632332
0.459862942807376
0.00884004402905703
15.2581884326289
6.57743264455348
5.46296241059805
3.87568970323216
0.714921439066529
3.14603461883962
0.583009136876933
9.60188254248351
2.17668886463943
12.8018389223143
7.83376793535719
1.27440206706524
4.03679260052741
4.80113311627875
3.18283877006171
0.324528437475388
9.97150859329849
12.7886363682819
1.33022125810385
0.294490106799914
5.94924665056169
6.19362368874898
3.08170568799974
3.21649139454673
2.77368975803256
11.0719121759757
6.97283486598388
4.70524511765689
1.14717039325962
11.0722040524706
0.625492865219712
2.25162415299565
4.57198184382991
2.72026564925909
4.81894497996101
6.73500518757629
5.00173934269696
0.016554887406528
5.5859427433461
0.529469322813222
7.83418554347008
2.60631663259119
11.8594487197697
0.174590479582548
6.31042176622544
7.35098815057427
3.13618623663761
0.63355156281918
1.63551505333223
13.4044885776019
7.37257459772776
5.3104372927919
8.22499562054873
0.146878603845835
10.0882694823667
4.59450203925371
0.419131224517824
9.84259495555299
11.4439007826149
4.66484914334368
0.562756860105773
8.07870279765223
1.11754094991101
6.97804850060493
2.38500526527226
2.31437585316598
5.70055439602584
13.1572547601536
2.45166371181547
2.7764474617913
6.23165091965348
8.54850704965528
4.11981081124395
0.0410958392181155
10.424012131989
