"x"
12.2916298120285
6.82398425415158
14.727322072736
30.3566683093179
4.89338259827408
1.48269743658602
24.1555439524539
8.29899131302397
18.2499745395035
1.51034962508877
5.65860280380153
15.1155511382967
3.76107771880925
4.44405041450512
17.7456994540989
7.39263040329915
15.0682339633942
9.63131238690186
0.907884212210774
1.28444394421275
9.97456271089609
0.0998513471415385
7.32192731936355
30.1536009646952
19.7023604996502
9.39892231722676
8.25469670817256
3.82247258835318
7.10577387362719
2.46142679243632
9.36912507288427
0.0108758918941021
19.5193211099555
14.1124472022057
21.1190591566265
2.80767303594029
14.795898219563
19.5161315612495
0.601931351718656
11.2428523779793
15.503052034978
5.35679812297275
8.0763180304231
4.47224844247103
7.20728673040867
8.7956789880991
9.79663089439619
0.777696864679456
10.3305293247104
10.1506017148495
7.71123040467501
10.0101681209605
5.06059398490014
2.26467773318291
7.56614992917831
8.22654324583709
6.55972412648352
15.5829067325513
15.981370611891
11.6832871793254
12.4128717929125
20.2241609804332
2.4337251924756
4.1908807315476
1.61244544669292
1.24401072971523
5.06591536104679
1.83885130099952
12.0667579853934
19.8193796275781
3.52708203718066
6.50676810182631
18.3101252640667
14.6812288090587
0.218544111271864
0.13077540400572
5.73286982253194
5.24548563307288
0.632810236668253
14.4733351638368
1.50828893689385
9.2450141441077
1.80306416004896
17.923217266798
0.230449950322509
24.4947224616695
4.55857990309596
4.96292036301124
14.1703013330698
9.06002221483451
1.00486399060693
3.33944552926948
18.8171783462167
14.7742866538465
9.47448527440429
10.5075133498758
2.935190187649
3.30729768611491
20.5172228158239
1.17582138627768
2.67145182598336
13.7663302914729
2.22754614641147
21.1539585386714
8.96222912706435
13.4816576604128
1.0144946298855
11.215339647606
1.50680124935179
14.8570289083929
26.5124740981595
18.5197636950761
6.05121431872249
1.2008904479444
21.7133964008259
5.18844802968386
4.92976317182183
11.9335973461394
1.14275346279413
17.3205112246752
9.52529617891296
8.74786232598126
7.90026104077697
5.02057555131614
8.31234723926771
8.24201735667884
6.74454714171588
14.0925736397741
27.0462839864194
3.26417400501668
1.09751021563984
9.02842127321095
8.61282697878778
0.974737666547298
0.0275516563171361
0.942294392734766
0.85617583245039
9.67063107527792
19.9569331588671
9.66018106516737
15.4855950269848
14.1017321962863
30.0452515482903
5.3698050789535
28.2729079015553
13.6849245987833
9.87670756876469
13.0834974348545
10.4723874013871
24.2005379870534
0.358660773491341
10.284193639763
7.93473070687445
21.1057531647384
5.59484472017418
6.32641830477224
13.222481450066
14.9608435109258
2.72569161106005
18.0837198517383
10.3563848469826
5.89231587946415
20.3092589043081
15.5402505659956
11.3127673015746
1.68801895342767
22.8418016400057
9.23346490599215
11.7524356489844
13.9566039200872
11.3153241574764
5.71931442245841
0.0118313458839692
9.62602598180822
1.09364758245647
3.18733103546727
9.87592158051153
1.01231863146204
22.4376327823848
25.8152567967273
18.9158811712202
2.10902206599712
10.3885647840798
4.769342020154
13.2201599888504
11.2365302142911
16.1449063103646
13.4024255089649
0.0824399292469025
6.2752652913332
1.47261233069003
10.678620418432
5.15020860799989
18.8955436460674
15.3053318150342
10.6846200302243
0.334293325618367
0.550877628847957
2.59248536414954
9.34577616372986
12.0423532556742
11.0839134552779
0.268427800299657
2.4017930496484
17.3537550028414
0.629301555454731
12.5979236327112
8.39211693488529
6.45971520214512
11.158567853272
6.02264455519617
5.02009403085609
7.10708936676383
6.09932681545615
5.32221253961325
13.6322036851197
10.4849158733572
13.2634250912815
4.41070113096562
11.3053194247186
8.11456376686692
8.78392891027033
8.02406147122383
6.46998405812043
18.5548379085958
4.09163273870945
0.893947461023007
15.7668253872544
1.39796346704546
4.86371305859758
1.87941570633742
18.4998262673616
11.860711639747
6.28578039805728
13.6837871279567
2.38340627402067
4.74428781308234
22.724637389183
0.538809085264802
17.5741203291726
3.71812055953118
3.37702305987477
14.069421298651
18.5441009234637
15.9258632455021
7.38110551610589
9.57271195948124
0.296033762973555
15.4602765396847
10.1551279425621
2.42419582791626
2.40674926899374
7.18733609090042
1.17759251575386
3.95820531994104
3.37802348658442
1.83663107660202
11.9231910444796
17.3189518973231
2.41779354400933
17.211709883306
18.4827622491866
11.2618843559176
16.6587759274989
4.75568599838098
20.2529083937407
2.05819245873874
8.3424465173299
3.4936351235956
16.1312775563254
12.3762202175746
7.55967600271106
1.88819328323007
12.7666924148798
11.5727898173504
8.35691284314887
9.47668737397396
1.05951093137264
23.766690490739
14.5295698661357
4.29674601143889
12.3049630151369
15.0833836756647
2.7443403378129
10.7414418666871
11.5189756266773
21.3714012876153
0.480150645836022
9.6961535513401
1.54383313328478
5.4885764596801
8.05678311735392
1.94081836380064
4.15472406893969
10.6029916554689
15.4893751928637
5.25431749410927
7.54865613290534
10.8003224711865
7.61298453435302
19.9900183361024
9.72606809809804
0.744989046101851
10.3451683185995
21.9433878563612
12.3663025908172
6.21287920512259
1.69551077158293
18.6962114739595
21.6594417579472
1.92531121076211
3.58266025183535
8.99342130869627
4.67380709014833
6.10635768243582
2.15932417708981
18.0029512383044
3.46902762539685
12.9668240863408
13.9918490312994
6.42999656887657
8.34907004609704
14.1175345517695
1.49029809981585
9.05783916823566
17.4428043887019
0.666521862149239
5.25840068530353
1.74907208420336
9.52048744381857
1.57933012429874
9.4302543438971
3.35534322075546
2.39567622229717
18.2704811450094
11.7974920198321
14.5780661913162
0.822050282782262
15.8607866149396
10.3984073270112
6.36092573404312
30.5456297006458
11.3616366870701
10.6308559038508
10.8386865087041
4.37690461985767
11.9201256893575
18.8258082605898
6.61071729518689
4.5874566701642
3.55144883123016
11.3598552066833
13.4920462500304
2.32044281437993
3.78263536840677
4.53146074823241
19.245963470579
14.8348998278379
0.252924731432129
8.81449822136549
12.8839921671897
14.2422429757419
8.95273736678064
19.8701316956431
12.7826776859964
0.445215084105587
18.9944662619382
0.526004674083339
16.4724808186293
2.03711981885135
3.11275194399059
15.3191533405334
14.6894050296396
2.08337600342929
10.5151722673327
12.4354160856456
16.2700454704463
11.9938224554062
8.20085117593408
20.9796070845947
2.9836841019628
10.8825881548368
19.3201465997845
8.96682571619749
5.33498951316518
6.62971895223996
3.65672097541392
6.46696542389691
3.58810331422619
11.8033767707337
12.6338120518316
1.7279202118516
34.8545824177563
4.97220936231315
5.81806510099027
27.4254251044506
2.01437608338892
12.1733034495264
3.76920169219375
4.80624614283442
2.40296468408673
20.3384851105511
2.67478676886204
22.96172240749
1.52111197821796
7.05762454308569
15.5466084368527
10.4282633044584
12.9669552668929
3.95221318594119
8.83012081263366
4.47401166893542
0.112765576304077
14.5123563241214
4.02985578402877
16.1645543130396
0.846027225182852
14.8697409532946
4.76904097013175
2.1452768736325
8.41353148873059
10.5624005198479
12.845246113431
10.123442998156
10.5997753795236
8.90546515583992
2.56015956401825
18.8671341392543
1.70488198302051
12.7345872848589
10.7864346913339
7.32311261817813
2.14982058079502
6.05528159067035
11.8096732534468
2.06936689943827
14.643611991778
0.274483440443873
1.81403909809887
12.0078088466621
23.0655601248145
2.26315129548311
5.51710100844502
5.49074595425163
16.1944788414985
18.1811660528183
22.8368737375597
24.0348871797323
4.05348190478634
4.98065939173102
7.20847796712198
6.36596771197916
6.14582425914705
0.332105718553066
6.97121093980968
13.3349382318556
17.0836695469916
31.5967577975243
11.3960707560182
1.06100159322402
6.29341932547639
20.9023454226553
2.62129581533372
8.7669254009613
3.04160653613508
12.2094032354653
2.68954276107252
17.1141031558744
3.49300345859883
12.6628124620765
18.0924833322765
7.5805618195318
9.47305299568863
2.43401683294307
10.4066819883883
0.965078362852037
2.45287225822834
5.73566439561546
6.75186491571367
3.79837683364992
9.89280557259917
8.90426491840277
5.01457543986208
4.37253196723759
6.79009366077667
4.67856041714057
10.4144781827927
0.626647425815463
12.7436177945141
13.6814109515399
10.060746253534
0.257108677137017
15.0990899960998
5.18985281328694
13.1950835644909
19.6936711668968
1.41015835106373
9.1724958278993
1.82190614601016
3.42460935935378
7.7389482408762
6.83989264070988
1.64076479961773
21.4537910651416
0.422815366146711
3.70255442105229
9.09306053072214
6.6629000393901
3.40504818595946
6.02524259322789
5.04839927889407
3.6523435866581
3.73101345347718
16.7313880752772
29.2556123323927
16.0419799274187
15.0410760194063
1.12141889180296
14.6324132173263
13.0315952468663
0.123409977278451
1.58305317163467
16.4019645817593
10.6874959169262
12.3422873672098
4.87945638266068
1.87344815589653
5.53520545363426
12.60204766877
2.5020614714332
3.14443976192637
3.29130394384265
10.8917836170247
3.77260488457978
2.50969952903688
1.01237895751303
8.84996220896203
6.31593861617148
7.43116470985115
1.08806723728776
12.2115607839078
2.48547410592437
0.731133501375905
16.5036828722805
9.72236120142043
0.520814132216795
10.3443590458483
8.71694940142334
30.928392431943
17.166973464191
11.8702196329497
35.4045537300408
2.8305440209806
8.33874144591391
1.42805393343728
13.2431415754775
8.16309005062211
14.5942066796124
7.32549563981593
4.44037000895992
2.1380125079304
23.332406161353
0.891445903107524
8.50203091909376
7.36582474783063
10.3320568334311
7.94709459878504
1.73243349418044
2.22822769522348
20.1849463137117
17.959259236085
13.6922643933129
5.03010700948029
15.2444268306378
18.3492807671428
2.35018452154337
14.977515116334
9.8440155226975
6.27793452549322
22.218370065093
31.7788632120937
14.3763288081074
0.881029572337866
13.6687316656136
8.8819376142991
0.250797439274551
14.8523721504045
9.27308307862539
15.1547888293862
6.71723467096268
15.5268605798483
11.9347047526389
10.3486991953105
4.29371627978981
11.1193405500567
23.1792844836645
2.30795340612531
0.230885064229369
12.7305828500539
15.7186524834959
6.64757220074534
9.86399324610829
6.84930272400379
10.4141018353403
0.21301256492734
4.13802558911315
16.532398880518
22.6527363061905
6.92517780698836
0.611070031300187
15.3249089606106
18.6414605937898
22.8258638177067
18.0507924407721
6.70332163572311
35.7711926102638
15.7893711701035
6.07750594969024
1.00561662990974
17.2091110538135
1.02707309567436
5.1418990253173
14.6446399390697
0.545766023003228
3.83129031397402
1.84264862909913
0.615774453591389
8.70746122673154
0.906072819747242
12.2048999648541
6.3039624132216
4.73813315100566
12.6914743799716
4.24708602949977
16.6484658140689
13.0416171571078
4.39985380335531
6.38658327648996
10.5502369310509
9.31337342465707
6.48513506166637
15.3494403231889
24.4350116699934
2.14305887930095
10.153257381171
12.7964958214698
2.50699711032212
6.47930451668799
11.8731576483697
4.9872768850585
18.1734072975814
7.20494235865772
13.9538995921612
10.8973259106278
5.27018679471856
9.56101339713178
5.86377162252115
8.52961236724881
6.61347163613663
20.7092559430748
6.12494572997093
7.89670466963301
1.59660214406217
16.7801580391824
8.0102642532438
0.341734910353826
0.830850736831056
3.25964212013651
7.94613906182349
1.38998716138303
6.27159452997148
30.4021129015262
0.00431118533015251
10.7435192906003
0.0862930268353514
5.01212080867503
7.68106847413733
16.0993788857013
2.84548718962811
18.9589778427035
8.464052926436
12.5049035064876
13.8841214732494
1.31602459587157
4.88289538770914
10.3545177727938
19.2970811389387
2.67709852196276
15.3115991503
6.29528914578259
10.5544940168476
5.0411481410265
1.58083946444094
0.282631302252412
6.81303143501282
15.3525652829558
2.88039832375944
20.5721877049655
0.367917400936938
17.0360383893645
12.452128610187
6.0287227027274
12.2383231279727
3.94252664258541
6.08538150112209
3.85982177311242
6.82538961336976
5.85617973909311
5.52020077593625
10.2837731003738
25.3556758165359
10.6964152306318
2.4198557715863
13.7032457035009
5.41170985440016
9.03662351812866
25.9614443447821
2.48298095539212
6.51839324273169
8.33118136161362
26.162794240435
2.07253333929438
15.2691540238298
8.43863016925752
6.28213384188712
9.69605892896652
25.3172597382218
11.2715208570306
8.48096192474653
17.3653755337
2.47735101729631
5.11474222876132
2.62728787934056
4.99004804241946
20.7926217286711
1.52969369461477
31.0749208431661
7.0103223901242
2.08641215586771
9.92152187973261
5.67424059845507
7.31608378700912
9.90073519585525
12.4182305661574
15.6662231311202
0.166940130293369
5.1786090247333
15.6794524285942
3.64946140907705
5.93795734457672
7.79731488617748
20.3535348062582
7.7636948616451
11.4459435921162
0.0491868704557419
17.9241388570517
11.6135256364942
30.7926352135837
1.45084888547554
3.85263616255961
14.3641121219844
0.62918676994741
2.53938213930316
3.23552708141506
4.73107560537755
17.6084732555117
7.29894428513944
13.465395802632
4.39878994747485
4.93992338888347
8.60808566212654
3.45862521789968
20.0334799779779
4.50389194302261
29.427376383099
15.7980414107442
5.69350568488636
10.6853369157761
1.0400104030212
1.28414463251829
12.8200219484856
23.1586259789765
9.16991978883743
5.69970440119505
3.88117096566652
13.4089928120375
22.7684816345572
11.237461026758
17.8959345910698
2.61741350404918
2.26245475932956
16.2398901568796
1.33719463769
8.16760067828
0.934869568315255
22.6007170509547
7.91549058631063
6.97957491502166
14.4761759322137
15.6507441192632
1.03694739539109
1.9100965000689
8.35671909937088
10.0192421725327
3.2746319656901
8.66979188927797
5.78737156775164
3.28102256171405
6.62148925475776
22.0592623545852
10.6900360435247
2.59122038260102
21.9335291303843
2.6709052734077
12.5171561391981
10.7269919011742
7.62021595005195
0.658133253455162
20.4480709247836
4.75387359037995
8.97333995747542
16.7234630323946
15.9522541901239
12.0249381754547
5.25248429419428
23.8275735974532
6.5799932115966
0.355600202788385
18.2863170281053
3.00590372644365
11.1223648734856
7.0490607060492
11.6652541120535
22.115283459425
11.0963329720897
3.12525001354516
6.93867649842158
17.7112966310233
7.02966377139091
7.70845729857683
3.2437002286315
4.02734125964344
5.68485637195408
11.4969995592199
16.3238690873733
0.845572352409363
0.415274722743256
33.755386378532
3.53209256092981
4.00622026063502
1.14355304925648
15.3363873716444
19.9133038514477
9.46506462059915
2.9085855276791
28.9716691710055
0.303359521045572
8.68679191917181
6.48752849729014
5.93759495766707
2.45583821088076
7.89213250391185
7.42529928684235
9.47132003493607
14.0375351998955
7.3090058285743
22.9631197173148
16.2696953397244
9.01310662738979
5.02396154721862
7.31100699690877
15.9298873506486
4.60828021268974
17.8041942529051
1.86869488097727
3.31633908629754
5.46819041483104
20.1982772412788
4.4628091622144
11.3263765391335
15.9469993785024
6.86893840320408
5.19732302788181
5.83790251108681
8.06389499539858
7.19399750232697
1.28392176702619
19.7407051935379
4.20037489384413
11.5588534182865
17.0557321514934
8.4730327770559
4.30460027419031
6.22190963476896
10.5695697519794
0.450496873562363
3.86799396947026
9.17241340503097
4.67664054594934
1.23519888147712
2.01815213174984
9.61722400970757
24.2115772329271
1.05658280663192
12.9135798662901
3.00836176611483
6.33546626195312
23.9154363281472
3.69400954805315
14.5212990061483
6.62956253702161
16.4381300099194
18.5518496523617
11.6231657656632
3.21559221483767
6.8131268506867
16.2574211601168
12.7846889901047
14.1352358274162
6.2276373173631
2.84500722773373
6.26826314255595
6.57218368313816
4.30119531229138
4.99394442886114
30.5904923938215
1.31580587476492
21.9982099253684
1.21951033361256
23.3771462459117
21.4021958810705
6.5008773064155
1.65563134634052
3.61899971030653
7.46048630097431
21.7221624683589
3.15858691484261
5.58324460871518
1.70428085280456
15.6054715644288
5.57682838862059
2.09171195599139
13.1651963572949
17.8590323439444
5.48262959346175
4.69780494458973
5.31550737799814
12.7138706855476
31.1579193454236
3.35875167511404
1.02211254485989
3.16922245547175
9.94553781107532
12.1420481242239
18.2512206491083
4.25414003589944
8.50030076690018
18.4904673136771
17.1380470625804
14.3094131257385
10.3807573672384
0.128012009306751
12.6332374289632
5.76218138448894
14.1533676534891
8.07661614380777
6.99417828582227
12.4351568054408
4.32268041186035
9.86156715080142
19.9951139974678
4.16393703781068
19.6436981599877
21.1594450753182
28.2570409395763
7.28304362855852
18.3370062150061
1.87333902674811
4.963448503986
9.80721751921686
15.8023878931999
3.78554223229251
4.23325631257022
3.32682584412396
4.29886092529762
2.26459197408659
3.03979985292846
3.32172806374729
18.610727135092
8.32884120754898
7.83101241104305
25.6866750144858
6.13429258185965
18.4240120463073
13.4333927184343
5.04202442243695
7.7113357372582
4.24010268995242
15.3269813207253
12.1215771418065
4.29965952730595
2.42353179492056
14.1493781935424
11.5023655275643
5.12581669402384
4.01973214212558
14.9047204604068
2.70358564772399
0.99275604542176
1.41022995774291
17.7711593918502
8.56415349990129
2.55389348603785
1.11098666487683
2.70275673744285
0.155840720981359
10.0341892992374
20.2799428720027
19.7457402478904
7.63898259695133
0.994068617001176
21.2290547728595
13.7023660857687
8.90610134229064
0.445293169468641
13.0847268180543
1.69792640954256
11.3688546232879
11.4538641646504
1.40968766882763
2.36118077300489
5.62356673181057
2.32729202786462
11.2656638026237
8.48036813549697
5.24183120578527
18.0445148143917
6.43889654961248
17.8856074810028
12.8574195317924
21.7708731535822
10.3354439605027
5.38170351646841
2.30819035996672
15.8849132247269
2.04254340018228
21.5106129646301
12.4115733895451
16.3113932590932
5.07298456504941
15.1278954464942
15.2967688627541
3.41974489342465
5.74259633971952
3.9062931202352
8.59478896841969
9.11553117093898
14.8291191086173
2.49131633900106
13.9056335041808
1.82712920941412
0.891895871609449
1.34602445177734
1.07180912307036
3.27740754000843
8.27503018081188
8.63724667578936
20.8419485556364
8.132853174938
4.49401387013495
1.80923659401698
16.3991461042315
6.82446286082268
26.2746626045555
4.28407951258123
15.6667657662183
1.63321592845023
5.71882324293256
5.58935440399059
10.1388812065125
3.93481315113604
10.8863140456378
1.28099378198385
1.29534456144862
5.29688228853047
33.8427880313247
5.01845733570868
11.4907143367652
1.34123414754868
6.59890966489911
4.75761202617744
3.32454501081386
0.373888114541549
16.6789288249071
0.193434860557318
1.59672275185585
9.71021172590554
3.82850364414737
7.89360134780404
5.00773927820763
7.95604350690716
17.4927522893995
6.78221591449653
3.21166911162436
21.5714029173721
15.9552951343358
7.04008032954572
22.6845260709524
25.1723421737552
8.33695248927051
9.70267823433022
7.33913961020384
7.75110619142652
12.7157899551094
1.75581858493388
16.9685160275549
4.30554822087288
5.92128909192979
8.49328539334238
12.4079118742149
22.7694186381996
21.3120104683048
12.3519919347018
13.112199306488
12.3922681413933
18.1013914145848
9.34658551403941
13.821695323628
12.1858742088079
32.5178112834692
0.281363958492875
4.03833244927227
5.06519874435022
3.48371546715498
4.2277792468667
11.616956628859
14.8153608431742
24.6337585645674
8.19061827370596
13.986468508152
3.89683586545289
12.3840086206182
5.89949232526124
6.0661101843617
11.0419867094606
1.40875186771154
5.06911529228091
18.8234513625503
4.29041521360484
3.6286681938195
3.3184417989105
0.55183032527566
17.1683216933161
9.01267194559221
24.3203232996166
9.12123522661409
12.7119109965861
8.08176258578897
0.499305175617337
13.7801525648683
30.6457882747054
27.4003099395449
1.80837577774258
14.56169760786
20.1669132464398
9.64864427223802
11.2512667969452
3.06427120231092
10.9004849639897
10.0796173978064
13.9927955809981
0.0493253744922242
3.34857385605574
4.39495620918207
10.5141893494874
0.683275004848838
13.3121015504003
1.21675395124709
24.5273227209504
2.46558527144553
2.51095155254006
5.93859497457743
3.10743066568305
5.04559218065105
0.845017643381969
1.62301552481949
0.937141623628897
14.0096868076942
6.24818821454209
4.30066930130124
12.9733396226194
6.17211405187845
7.53211663104594
2.81407682861881
26.3676133472472
11.0358504251897
2.88668568641988
5.84051688201725
24.3334277998656
3.14011857364856
6.84440219774842
2.02240580692887
11.7855275049806
8.5218342486769
11.2077593337744
4.14829008766905
11.9160490659852
5.35433320328593
25.6814434160452
18.2128011879077
19.4018702022731
19.4855823215362
11.9095354986146
7.87413565786063
11.4803198580021
11.6847286298059
1.45022745291284
7.91012514382601
10.0024523577124
9.07087712758232
15.305579546839
14.3519010394812
5.96916350913966
13.3453164277589
3.22259527573019
16.5394102223217
9.17727001942694
4.07143430784345
11.1654881715409
11.5089783445001
1.17802385186001
2.79607805423439
10.3660010422227
0.529854115224599
16.3939677644521
5.45122419245009
12.4952618964016
18.5675291344523
2.14997270314832
8.82782377478205
5.987496608946
1.98572566732764
2.20565064810216
6.98635210550815
16.8436549603939
6.77466558793882
20.3233953269673
13.3298912551254
2.39428640343249
15.5502657556067
5.32965678721666
20.3730137782615
9.40595236606896
0.194568885490298
0.856440886855125
1.47815635427833
10.1869492721021
0.691301049664617
7.45116110065802
9.21817902916703
7.85810471183907
10.8973544324973
17.363362852484
0.790300313383341
0.199687959750024
2.46688173282971
21.8315096604514
3.40808262117207
5.51736720469248
15.1423645205796
2.66238888725638
15.4444879386574
9.36688622459769
1.86976620104664
13.1599196094289
12.2587936464697
15.3800629079342
3.1484395178988
8.86370567604899
5.31264175660908
10.4967638581279
6.28217486664653
3.29892481677234
20.0741906184703
19.0385398454964
4.842739314211
4.50565228238702
0.872176978737116
13.1426306441426
5.91713613830507
5.61472599495947
23.3065588865429
6.92146816290915
3.81771385061191
2.93521237821083
1.77359582430097
5.20898611284792
1.51893645261618
0.500691779167809
11.4280843175948
10.5079121422023
6.20290692895651
2.96376538564773
6.16952590058333
6.24617836438119
17.8056756302583
3.81560907699168
16.8023685133305
9.33026187121868
4.18696361593902
13.9680300373584
2.63450932689011
3.62970870919526
21.0177764809349
10.8426179271191
18.6803184449673
12.5220971139024
7.03597041155508
15.6995579134673
12.9981151186125
4.87967389635742
2.31509520672262
9.89193511299404
8.10952335596085
1.93280929670263
29.9010832794011
2.31744037009776
14.9384627993159
7.45922415517271
8.51436064078848
6.55272138229875
5.76750519685447
15.9784755669534
25.7051578722894
7.72183237482769
10.0167893338948
4.6013542397796
9.82089936733246
16.0887486586938
6.27680942416191
8.9507419615984
3.41122718527913
15.2443590108305
8.54333893236012
1.00082995626845
4.31283246725798
8.16173502229329
1.38971338734575
3.62366332643574
8.08218408526884
3.20153562562681
0.126355374231935
17.6212034188211
1.77356667800668
0.452325819060206
20.2626328915358
13.1028695497662
19.628572743386
3.797746347338
5.48298356661581
10.3137762285769
11.2799797672778
6.74376388302237
3.26307884910496
3.70163042098284
6.86550007867263
8.03426121883845
13.1873024560902
1.5973370987922
7.09809241816401
16.9634359224452
3.47049906849861
6.60054725594819
25.5742472130805
4.72412477247417
10.519879080493
1.68839390389621
12.5690316046398
12.0369764116222
19.3619429180564
5.5755294393748
2.10421737283468
4.04789819457999
11.0721498430579
0.731042834774928
4.97068031691015
4.66326216312406
9.05464799143374
16.9466695731354
2.92960377410054
13.9331651002301
10.4739142285453
13.9022335410118
2.6169817109442
0.269552611636136
9.08746384084225
23.6026697518547
11.259214181243
0.663192430511117
11.2844923976809
13.1599189713597
3.27352445492255
17.8116439069357
4.52379946886556
27.6941273827106
8.2179952878505
25.8063702755758
6.86109929486686
21.1502167861909
14.4961733836681
1.69015503488481
11.8823169750809
1.41719143555198
0.127014378085732
17.3065169714391
2.51257534348826
12.7349038110328
15.1325917570415
18.2439888827503
1.0923882946372
19.3690414074808
10.8835347462445
0.956857251003385
0.926907142851182
25.9503058770007
11.1347263213247
3.91221079044044
10.9567176084965
4.48497538454831
24.0627524155529
0.238213954384074
6.73003902860164
12.8471556314495
3.20408116094768
6.04979349300265
7.15057416819036
10.5910585727543
9.09783272072673
5.19717573188245
11.4389622583985
7.08536690881529
5.23731498979032
14.473728671087
17.1051007919209
16.1183053734847
3.52858353107627
10.1443453138864
12.8700415138155
10.4651173111051
6.45203017629683
5.40218461625561
17.7705216972609
7.79103068045396
1.20132749226829
2.51156818121672
12.2533767855128
11.7850480283468
2.70234179814457
10.0141917355359
20.4483144450933
2.82063208196842
10.997667722404
6.24990412034094
14.6358022000641
4.75156044209623
8.11872177328601
3.17861597070038
15.7162453159032
2.97402365470773
8.45660152845085
22.8979093488306
12.5428620410676
0.536029925569892
0.745752966031432
4.09553765122403
4.06320542097092
1.32866100295661
8.31128456629813
11.2120741655567
11.6670889779925
1.29543961957097
4.1468049865216
24.628798244521
2.72987654121895
2.1012153942138
1.81028592516606
13.1074402946979
9.84646221622825
23.8276727497578
18.7202736269683
1.1185004375875
0.145100436465564
3.94467323649713
8.42659431509674
4.15056867911181
12.8570550121367
3.14713894117406
1.56947379000485
26.1660261545524
16.0556459333748
5.96902067773044
1.41938216984272
11.1235335469246
15.9521364752454
10.1804143283516
9.51721376302912
18.2346908779936
12.9769148305058
11.9622767437249
0.996957081893902
12.1012531686574
13.6617219656964
7.23074153065681
0.325435159970231
2.55853593484811
6.78163232692836
14.111001836136
12.2421506326646
4.22306810113124
0.163327902555466
5.84992412477732
7.69174455516469
11.2415019814259
20.6900962628424
14.3139102496207
12.2122174732186
11.5562747620321
1.33627941831946
6.97710230015218
5.63436391593983
9.02177312613488
19.9789953382073
4.19182522641332
13.7438903097063
18.0522372946143
14.8165516290684
0.445478304515332
1.34216523729265
10.8468347694725
8.59787862086258
22.8092580433157
11.9916465486531
7.75414962778703
21.0646874900231
5.14083644438548
8.99702599272132
0.902357554846731
12.0196117088199
11.7118884411476
0.442523506133986
23.4335899360614
3.2150617655837
6.50435094721615
9.53657271233548
0.245088944211602
7.33524789102376
12.1997169684619
6.94011233267263
19.3102725256832
3.29985786229372
11.0319769052715
18.3282133962091
20.6777532584965
7.17861638404429
8.76254075574595
14.9124286137521
2.6457694824785
5.24109740509046
8.72624195180833
0.335834286647407
1.60809033550322
6.7971592970483
1.07272476889193
6.89514647237957
4.64002270588987
10.9175770546086
1.73158428146245
18.1740051462402
5.25955799967051
0.199399469420314
18.707414297387
10.7477828479717
17.6274211145937
12.3583022039384
11.6558813024312
8.24382482096553
0.968961646617406
2.61489518486602
8.14085788350897
9.66305157169096
7.7044534496963
9.19015971012414
11.2432261928916
23.5138028780649
0.0281177926808596
5.4442604072392
6.38068942353129
3.84026505053043
8.01561591215432
25.4116703756154
6.37320722453296
8.65381968772554
5.38701747214767
3.6749605089426
3.62009862437844
0.225160852650974
8.14767128975093
2.73109511776577
15.0685994420201
0.565718904714217
16.8110865153209
5.223309667781
30.0340884830803
6.0068969375982
5.72343805764643
11.8228931197124
5.98725315830952
4.32538967579603
5.83232198018277
14.5772555377334
10.1974561722861
10.1194551209311
0.258391356164982
5.07455710321665
19.3784907460213
8.87516721740061
20.5660219769925
2.40099411457777
10.9783162212348
16.8031317647547
0.216173892840743
5.70980758170248
6.41645854339004
7.07759386859834
0.130398850888014
6.08223353995201
26.3901419471949
10.0354927163541
9.4724714756012
13.4779255371541
2.88206706754863
1.50856095283538
2.34200456179678
20.3143138904124
2.69399816170335
12.9581717308611
16.5878849104047
3.84040199745876
28.4778862260282
20.6764021551068
20.4005506355315
6.08741146144084
6.46393662165697
20.4290917003713
3.14819714985788
6.10197554342449
3.44869513064623
12.2596968673228
15.2162447106093
15.6333081424236
6.97732237167656
2.33222299664285
4.96210657458933
10.5623063165694
7.47374221682549
18.2094195399484
2.94908471405506
2.86946280866428
1.37518965656065
6.56702474063166
20.614289585501
7.82182803377509
10.5459603946656
9.88895827904344
9.43940000001603
8.67757643572986
7.41113413642199
5.213300361506
10.4717958718538
1.16423522122204
5.50155998207629
18.9022923354059
4.77855862118304
11.170091672181
14.1279676463455
7.17858492410676
24.0822600666434
9.12466286681592
8.88681940879233
2.29611261747777
10.6643023901204
7.540760980919
20.4621415646427
23.4617316164076
16.6159846588104
10.4736532084644
26.3029694534605
9.36080627143383
9.00622792541981
23.6564667101489
9.37392163948149
22.2135901451111
5.50870254074348
16.0561539026722
1.76620120182633
3.83628685056483
0.210274245660297
15.3333806591528
17.7053050603718
7.7489129267633
7.02990884892642
21.7812142437048
3.67901911959052
9.64442072436213
8.45379661768675
13.7612721882761
1.33480701393036
14.1086996998638
3.71401663869619
1.2709945432533
9.61407935246825
3.80936372093856
1.4793389942497
9.66422972269356
7.98314404120629
17.4370067194104
7.9640326090157
0.867112664753722
22.3582045175135
7.7834905590862
20.7033253101586
12.6270037610084
15.4807653278112
25.1937037917274
5.68755995381972
3.69742098264396
2.80899276917186
13.3153053466231
7.27253528311849
15.3874117415398
4.8927309922874
3.09767806902528
2.09428956732154
17.4130975432604
1.91723163527018
4.93033211678267
1.92332174216672
17.8996431175619
12.6881684642285
13.0179742512518
8.61595855094492
8.39898642272897
7.26097854785621
2.7400838446104
23.8310288637877
7.69674289040267
16.4696970999108
18.2473735506608
13.5982230305672
12.5181616283953
8.14629547491766
10.0998070091009
13.1020080690914
5.27929873205721
11.6983583149589
29.3288007378578
1.3450603466481
12.091649227357
3.29058715716823
7.88601196585751
8.5819692350924
10.9650764614344
20.3416963573545
11.4593130536377
7.35477055422962
20.962301544979
3.28238780105821
3.32833076907733
10.4320927988738
23.7325028235658
8.05555063405363
1.06820836663246
0.909717893227935
0.346411857753992
16.9212047476321
10.0863125404577
33.8991660650348
5.47185218892992
10.7090855948627
9.26426253281534
24.97803051956
19.9973126873374
7.35399462282658
11.439242771826
4.0625621099025
22.8040672593703
2.4646541569382
1.50782642886043
4.11977954208851
2.01393253589872
4.24180056649611
18.467638600522
1.47748803719878
6.85521918348968
5.41669864774786
4.96275599146782
11.9166124612093
21.7294664122164
3.74282617121935
15.2557630557567
8.85863976764478
1.29892503684195
6.05937144719064
37.6374337664899
11.3545165397227
7.38778412342072
0.039281789213419
1.25852231867611
10.380246816203
25.7063428402742
10.9788790345192
7.81945078633726
11.3022042068187
22.6668727955796
8.60784817487001
4.35054327636627
25.864511581025
14.8919744882733
1.75232137553394
8.36571773531003
5.58349997736514
19.9003060348332
14.3175697335555
3.37045751512051
7.17992499196226
0.01467140391469
14.1200482665992
2.00539877205661
1.05436979793012
3.84070672632307
13.9308584854007
0.677014400678376
4.05343282733287
14.9697119196684
2.98436752285131
7.95636004768312
2.14354371813015
17.9466648027301
15.0881375186145
2.41544209420681
3.71452900581062
5.95175153575838
14.0976380091161
6.57842326909304
5.61171819744719
10.5980186257511
11.8685216111586
16.0313885193318
17.1794892754406
6.01505381055176
1.93774523616671
12.1939339673006
0.247033359482884
6.64296045587762
0.217274576425552
13.4464811533689
11.7150612641126
14.0737764586617
10.150193516165
5.52640095820438
10.4901280732121
5.49851404502988
2.1197160705924
7.49836852774024
10.2330796886235
0.746019898564907
1.46691608242691
0.244290987029672
9.52485361034788
2.27107988109838
24.5512369088829
8.11521093591034
11.0984412021935
12.4026240315288
0.320264807480303
11.128042122962
5.30343285583373
4.02354620747664
7.20972972922027
1.64760554463187
13.7316240591123
4.84076545163254
4.38807950738848
12.4602361116558
11.1096719745547
9.99675360508263
16.300979175869
6.41834195703268
21.2588128165659
11.6252751439854
19.9645335796095
6.22487272840844
9.63999764062464
24.5740221813321
13.0190679958017
13.7818152550608
1.5081733930856
21.5575010548917
9.62318950332701
11.5927771199495
2.55751213494907
1.45106548443437
21.5728149310637
18.6504249460995
0.0469913240522146
20.334361679852
26.4540624804795
1.38263301654106
15.6227642670274
8.48766285926104
4.77068368728952
5.96295944415033
18.4132849254127
1.32432850077748
0.257189944386482
6.94854534329474
5.8476112772816
6.00928299591457
1.87477231957018
13.2863145321608
6.73753870651126
9.84957381151617
9.32015152648091
15.4801588971168
12.3988936944428
5.7824404537261
18.991959374398
11.7792931522505
22.3044349463864
14.1419279854745
2.67807492054999
13.8908940488576
4.53033680096269
9.62142599746585
17.6268860476776
3.62022742629051
10.6256451457739
10.7237261002415
7.63380031804308
19.5913789793849
0.101452879607677
25.7626216392964
9.53075392171741
3.38972583413124
17.421329440549
14.1701318320693
21.2572241660022
24.8837945982814
11.7290464695543
29.7966760583222
0.153913861140609
1.57682454358172
2.85620093812552
3.64197720773518
5.28568918816745
8.72176105537556
24.9736889265478
6.79881498217583
19.8707156767735
13.2615450304002
5.88532858528197
10.7392219826579
8.89271255582571
5.39283854886889
12.6160228159279
2.06916248425841
0.249258568510413
3.62217486836016
10.2730182465166
15.2864859661795
5.26142194867134
4.22968058846891
14.1041252231932
7.65533048875014
8.51616093282697
23.4013426277529
12.9900227766484
7.3314077406425
4.78234998881817
5.04356026649475
4.0487966965884
30.0247233361006
20.8502596709877
6.24656616710126
0.597422084308088
3.71240396417132
4.29449388728442
6.81788973604571
17.3223648708936
4.34478251263499
