"x"
23.4768489596622
29.863669956103
34.0425375383347
27.1105889475999
21.8135749921203
29.7308242879808
47.6402516011149
16.5743951685727
23.6619643867016
23.7409614026546
30.7538762688637
26.3231252785772
31.5834690351039
23.4277275390923
15.1480318047135
23.2160070876507
29.6276277396828
38.4203885681927
11.9926443789154
9.3463409692049
33.9359080418944
41.6684022408093
7.44458292610943
5.19744488410652
28.8052089012689
58.6121378466487
15.0308690596479
29.1807920671999
24.9794702976942
26.5824710950255
16.5566438042125
7.29675328087999
42.9394509643316
35.4093844536692
50.2812689635903
10.4693158064038
24.379073016089
34.8421348495066
38.9592389025731
19.3449696558788
24.7275083325803
30.2812761627138
56.6372998058796
25.8312982005555
32.2569270213209
26.8843338824809
9.14151039905846
21.7262594029307
17.0019587036222
20.831804908812
47.5485410075635
21.1042743641883
35.3988996930684
18.872188891021
21.9456551507907
19.5328588131815
41.1621675826609
18.4116492513567
11.0285862519787
41.1086387932301
21.3001720375796
28.6725767888129
37.3263628222048
35.758724110201
23.4868747647852
4.46554338559508
30.3976989351213
19.561583059163
36.7056269198656
45.9571993025071
4.62487689219415
25.0083474973979
50.2830072306097
39.2253110650927
47.4175811279565
20.6696241628379
27.7721248101443
14.9829890113324
10.9941059760226
37.0879073627293
24.3045517191846
2.60007936173293
17.2031388152391
45.1378419063985
24.7421901869686
28.5579958930612
5.18944109790027
22.8163584135473
19.4564258214086
22.7593280840665
22.981217270717
46.7310210224241
37.4445240944624
34.0086963027716
30.0783663522452
30.0218376331031
8.7791983038187
39.954816782847
4.41061570309103
22.3717477172613
24.8617533128709
32.2037862419746
14.3980387465732
30.6505187792251
22.3868558648974
22.9388047009706
22.9339674030632
31.9172233946502
32.4549152515829
16.8107272218824
42.4612085262672
35.3563108015805
21.1329477839172
2.17208699399703
31.0972556006163
6.55108488081443
29.0667782537639
24.7099912259728
61.3465999253094
57.4721469078213
24.6413345448673
31.384857888816
25.3386671189219
19.2272371146828
30.9114361181855
38.726757094264
35.6824871618301
31.0917753575954
8.60240450128913
32.5212785203137
26.7279030755162
47.3815289791673
28.7411071360111
32.6522580813617
34.4898669049144
13.8290910515934
41.6405967902392
23.3733199071139
5.48909373378024
21.3271227199584
24.8901776969433
18.2368383742869
33.0087957903743
33.993624849245
35.638171993196
6.56644163722121
55.5350724752486
15.4681664221849
4.73768473602831
21.7707800962864
19.6271903347224
6.13167001250068
23.5611893702298
6.97516554472722
24.2606356274337
37.7178485861209
41.2919518990983
24.8872649855912
30.8021126780659
41.2249363958836
13.2965098443943
20.2985451091081
12.0254763402045
30.019375635311
2.01829387806356
31.668260138454
23.9165400154889
33.9611237436536
75.315639357718
22.4120801191379
16.8350926040158
37.1361051220447
29.327049738331
16.3628430731388
23.465922859592
21.6880217112476
25.382089568302
28.8380059545214
21.8583522364497
21.0781425556278
42.7268640138209
47.7665960788727
30.9907909482718
15.4847703874111
25.5493290416082
27.9040740802884
32.638366241008
18.5369901824743
17.5244467807307
47.8065710049123
42.0371028129011
11.1182879190892
14.3096183892339
12.3590060975403
43.0096976924688
22.9015997977018
19.9061401188374
39.7334318608046
19.2911669611931
43.84899395518
23.5742682050889
16.5823383445142
6.88589187338948
34.3687242362648
34.8682346298138
24.8506852178916
16.5171477027697
27.8177575208247
25.928163016215
16.9216861948371
25.6614503916353
37.942039873451
33.159164711833
34.6845555384936
18.8820596318692
51.0186243802309
37.5944347678579
21.7329832259566
35.7303793076426
23.2081011403352
25.6572564460289
35.3404249064624
44.7680850513279
24.4888742561047
11.6239855065942
35.2903700899333
37.8132089506835
13.4596493839646
46.0399778094143
42.1078342944384
31.9119572173804
28.1025443252738
33.4388242568821
12.5318665988743
30.5232821969108
40.6503885518759
41.0486655309796
30.3222360089421
27.7236707042903
32.7420541085303
36.2359371967614
12.2627729084343
27.7773176113374
17.8978572414116
38.8807751704007
12.7862275787609
19.9156173183844
35.838539797945
16.6086963843554
27.0054125273021
8.26363800388052
19.5783472781789
17.6700179465115
30.9046915078544
9.13020218722522
37.0038859639623
36.1558333970606
28.6304680630565
2.45681456290185
20.4332381486893
18.5544779989868
30.6180118117481
33.683841118394
28.5051865503192
11.2370773286449
14.4295875282725
14.2002364358664
43.3352907188237
37.1192952152342
18.9678994007409
36.7008171975613
43.1732256896794
23.5127930063754
33.3618787248646
36.0315348953009
36.1110853496939
22.2015372466401
41.0080906003714
5.86356190033257
36.4629619538269
35.9029295388609
19.659526180476
52.9686889145523
15.9584823626615
11.7401100103531
41.0090124234557
50.2378766890615
10.0575276860309
15.7736519604394
35.8760719136267
37.8222965635359
32.396073685959
34.5042382366955
27.1368502173573
6.55932597131928
12.0228371666152
25.6242409085393
28.4954545088112
32.7921573072672
43.785874824971
35.1092160942374
31.1129236128181
20.1888248324394
31.8373840302229
29.7427353334477
19.7751236148179
26.3738907634158
6.26468514622343
32.2189274709672
16.8835147283971
20.923400199009
7.54626747627592
27.9934246179314
22.8774880990386
27.7981048915535
22.9954776354134
13.8773010789978
21.4863320659892
35.1660287007689
52.2545190993476
16.6319435298872
27.373031526804
30.0658160828774
49.7420992702246
31.1104986816645
28.025987338851
23.366856041608
27.2825616411865
17.8036048554443
12.4880573712289
16.7760577984154
34.035842679441
37.0608160272241
34.0092938859016
53.8666464388371
21.782860532403
34.6322920173407
34.0675352606922
27.9750744812191
11.9199315551668
24.5748656336218
46.0855524521321
15.8113060984761
31.0263720341027
32.0422281511128
33.5687552113086
30.4046477656811
38.1396352785143
35.8835083432496
49.6800512075424
33.0500028096139
34.8833065723768
39.950703131035
21.1352101527154
37.3608209658414
23.2980748638511
20.2241324573868
26.3476183172315
48.7331960350275
59.4853720627725
32.2337988558062
20.0603962875903
13.6810854543
19.5766269695014
42.7214849274606
36.7703585885465
21.60871090031
30.2307604010143
26.02334828116
24.7515763621777
24.5134036522359
37.9682889208198
6.41380297020078
23.6862027408179
40.1917870622128
41.7904299218208
29.8331682104617
15.8668271265924
32.0199377834797
20.5980402417481
25.1617238998622
24.0031499382656
25.3620316299002
40.5414214823395
0.349818843265168
10.5711186693335
19.2045753821731
25.1770494603737
10.6274280697107
41.2905209697783
50.7595241535455
5.14807677827775
17.3926305491477
34.4183451961726
25.9399003814906
31.4676966983825
30.5196235784627
23.6028932500631
30.1328514702618
28.1232576735039
36.8367023766041
14.2924826013814
11.8741935119033
17.6414528395981
37.709736963734
34.0034991037101
33.391432938174
13.8723688200116
39.6121956408024
22.8772472590208
33.1767742522061
29.4674974837329
20.7057231012302
3.10778659768403
13.9036697282214
10.4573594406247
1.11743775976387
18.0653171613812
49.0053410176188
16.4722078479826
15.2971863280982
27.7941179927438
6.84709438748658
15.1537059233034
36.2374097108841
43.5170189943165
3.91126677393177
40.5907699915437
27.0503337029368
29.8652501515314
43.7583298888057
44.4147703703493
37.3482987750322
45.3023056033999
28.878525365144
6.00194754078984
21.1326074320823
23.3098994474858
33.6946285718338
26.8587416503578
30.4168744183026
32.7319863252342
11.1622077932365
34.4159862957895
28.5941244499537
32.4389709159732
26.1404877528548
32.9028422937062
58.9708774816245
40.6296807341278
11.538692235789
39.8702538572252
38.0982912277755
22.2954914905131
39.2987741623074
44.5607972331345
11.9458254892379
16.6496213059872
13.2152920330584
23.2282064389437
21.3804194703698
33.4033845326952
27.2918601986021
40.1519731925708
18.992322589197
52.2418027278036
13.5124323423952
53.1018577050418
23.3861038926989
39.005096629262
34.9622870329767
22.1101484114639
33.1670240033418
30.1057948730886
23.0775114148855
34.816572163254
20.7759007449389
17.153764677869
27.5624716188759
22.2705677617341
37.9711277782917
15.4915003870046
38.8022685889155
28.2456431537867
20.486025325954
38.3354073856026
16.4743839079545
43.1653560450588
50.9462580084801
39.7978498600423
13.788276584819
21.3707662667229
32.156323781237
37.9461396951228
32.1965291164815
31.0508921276778
8.70130406692624
32.1247304789722
38.5948706418276
41.4007892295241
23.5888263676316
31.7191921640188
39.4481141585857
28.7560849686623
26.3265433255583
24.429654981941
34.1823645811074
18.1689836084843
7.02484850771725
60.4951237328351
17.5281287636608
29.4428404420614
42.0731896717559
36.4814466756902
16.2695040460676
30.4339461494237
29.8590247519314
26.7147663515061
28.9691982325166
32.2751603362226
9.02505312114954
34.6355009695486
24.4596313562046
20.9948995150626
8.41805329546332
49.5622823946178
12.7845942042768
23.8611246924847
47.1835342235863
36.4503719378263
16.1589181201372
16.1283710505813
42.6576655823737
17.4924876075238
22.7150479404554
40.0983095634729
33.0308467149734
3.57866012491286
25.803307138837
16.9604055117816
32.0915744639933
30.8159631676972
37.9643534310162
29.5633207075298
40.6037340406328
22.5625672136208
33.5120603319695
22.3476397804916
13.2427891716361
28.3372891135514
17.1915587503463
45.2560931333573
31.3779551070184
41.8543247414451
14.4848646212484
33.1703212112188
29.6198688913137
14.5591604523361
16.2445921916515
22.5062155326018
32.0892021525651
37.3047535307705
2.29251217097044
22.3507826216519
52.4975711014122
28.9605389930736
34.1065362095833
19.6713673882186
4.1764912661165
50.637512774032
36.6062472574413
20.3586485702544
1.98181560263038
16.4332757872691
38.0637725349516
34.7606734838337
31.7075068131089
4.4234476801737
39.79876739175
32.4327024165541
35.437381407246
29.5445961412042
8.4489589869742
20.6329930108041
27.3700442165136
4.71777580394157
19.771276363984
2.58501243827149
37.7432046923786
39.6095467265695
4.75881381859022
22.1698956680458
30.7240806985646
10.2824347093701
36.0412294510752
52.0557345356792
35.7807937078178
9.17746533563146
28.9008412335485
17.0752566811118
49.7771103400737
38.8450873441238
32.4493442878694
26.3281479012221
38.2689470576162
9.6406209282577
32.5278713367879
26.2529593892395
30.3461136296391
55.2219560950088
22.6509321946651
34.5477919094265
30.8251203037798
35.8229574281722
32.0986279937296
22.4965704170076
15.4026949851056
4.72108228132129
23.8625727593899
22.2038703039289
44.4347224663943
14.8507779481656
40.5434456188232
42.2201733848919
33.9917068835348
45.6525812391192
26.8039613030851
30.6047716643661
24.3189431261271
26.2545580718981
27.5080920482361
39.4291675427619
7.9778301036774
32.2212852537632
36.0580738633871
38.7643329799175
27.9960714435918
24.3626322597265
43.6236662324518
22.6613393519074
22.3683064358886
43.2636922225356
21.0559199098498
40.1861355867114
38.8307290151715
41.967446776107
33.2342647900292
19.910417124629
26.977853057906
29.5091821394225
31.5065206494182
47.9938872670361
33.5159681141151
15.5331644175756
33.1406949087977
19.0149719826877
22.7723724674433
35.0421368610114
28.9603490848094
15.048712817952
19.7580061497939
5.70112941786647
24.1587958461463
32.6147273013096
38.7254743371159
39.3254300113767
32.8124226615777
19.78152631782
1.61036715129586
35.7165131252259
37.8907707985491
18.7765495061773
20.026967022568
19.4670057855546
33.5924466347112
28.1011409591883
25.5299232258352
46.2846738961486
41.695582261309
36.5014366339892
40.923871146515
38.0127382844196
26.1887704953551
23.5228395089507
15.4775718227029
12.1877694292251
36.3565839361399
43.3863223530352
33.319453895092
26.1161063797772
21.1784527637064
17.6327599297397
32.3033352810404
15.6622197944671
25.5728622898459
13.7184204166078
44.854218814813
39.0072577167302
31.6102126147598
6.41857292503119
30.0619692075998
40.9821417182684
26.2133300304413
5.362379970029
22.4865971393158
22.7694995929471
1.2114204698852
37.8339942079037
16.9655632227659
9.12311151623726
41.2190467584878
29.5679596603832
37.3829316347837
30.1696776115208
34.9674338940531
20.7125845520559
15.4709773138165
7.20599883755467
27.2479557432234
28.6268758121878
33.1782955676317
23.6706596482461
28.4575559198856
36.7205489892513
42.0972257852554
22.0514665600672
27.5271232239902
22.2802977800601
35.169519064948
26.3322293150192
4.07068320524655
54.3265799526125
23.6587026156485
26.1719541158527
17.6338921301067
23.1567389051254
13.4279279354863
12.7546496223658
39.6007197443396
40.6698346603662
52.1034479815546
26.8128818832338
32.8640500549227
45.0118664243406
28.4519421449921
11.5834313617943
23.8081248207526
21.4596581391893
33.1720784306526
36.4187869708985
39.4937204197049
10.8791594393551
32.911686738953
33.2132088486105
56.1182586010545
30.06506790407
35.782028734684
20.9481183223132
26.1290037601106
30.7921889703721
4.42281152921654
32.4426226317883
16.5433073882014
54.4777800794691
15.7469502650201
30.2766022738069
36.5630141459405
43.4592041425932
42.9687210358679
53.7034845445305
22.5747752934694
22.8486133739352
29.4572321232408
17.9764359258115
33.059074903903
32.5835517729295
13.9309681377776
8.7944767829224
19.9625604785979
14.6632706746459
39.4808231852949
22.8277317713946
32.0602203253657
21.7819188255817
35.5143175926059
7.90745676495135
28.5334072075784
36.2713403534144
17.2520136926323
5.03383405555181
36.4353649318218
33.2326978445053
7.33508639968932
28.9839788340032
42.4330003682304
18.0927163921297
44.8278038639734
41.2533862516284
40.5594794079661
40.0126651860774
14.0214681159705
11.2219822594818
22.3104481851768
23.8975558429956
14.5440806169063
19.1355226259477
21.6778547866094
37.3219355009496
1.43040171824396
46.853882400319
24.110520305112
42.0925074722618
11.8867483455688
10.6828391266606
34.5138807296706
17.326028784737
9.29779402025686
42.8139945492148
24.1684910720637
24.1077236831188
1.50141352787614
37.302092416212
10.1174785289913
16.4069349609754
26.3683967292309
26.8584411591291
15.0109471287578
20.9212493617088
31.6304423846304
31.8291375879198
31.3260536640882
31.0260551050305
24.4019590318203
3.4124255907888
43.7662965680186
6.33036377839744
1.91085508453229
18.3108592405915
15.2614323699962
51.4287886208218
22.7025654166937
21.5924844145775
32.3843152727932
20.0674983672798
20.806352957835
10.3743524290621
31.414646981284
21.3629804297152
47.6301692426205
35.6360705569386
5.20670455880463
21.6046100016683
3.08578596450388
32.1382206362202
13.5465009512757
49.6078937780112
16.177295986563
38.788887206465
30.579644271182
7.65903289119409
10.6405061669648
22.9079333133996
16.4216359145939
43.0845056194812
39.401374431327
34.140821872279
1.79337086156011
19.3522516172379
24.5368148104302
29.2083489708602
20.1268319971859
18.6224491749626
44.0485055558383
28.298329655081
0.791522266926979
23.1264530681074
41.7070378549397
20.5946932546794
41.6492598131299
35.5967256790873
27.5176927447319
38.7326634954661
15.2231032661653
20.8182545378804
12.335212295875
13.2055936601158
20.2457935549319
43.8543126918375
38.6281015351415
9.93411423895548
32.4222499504685
19.920901209116
29.5901603572451
31.5906316973269
31.1386001762003
47.5557851139456
30.7385156862438
33.4359687663558
23.5514586153491
38.3552024976745
37.6784093677998
60.3617776650935
37.0691649150103
23.3101136051118
45.5112318508327
48.8316954113543
18.0131563451141
21.6180245453956
10.7886817318324
36.275780107826
13.6619169682844
17.7983181085438
8.51779543312609
44.3011390976608
31.1152336653322
26.1938177110162
30.8986594676062
5.68088828586042
31.3652269076556
41.1521216854453
29.5518324244767
30.8582146652043
41.700216755271
20.7114355489723
18.2805344462395
23.6608700361103
30.7480883784592
9.1499506495893
23.7575025491342
9.50821223668754
34.4574986957014
19.4124543108046
11.4177103154361
20.2845554528882
33.7869292535073
10.1603040235773
38.29206074588
28.3560903742909
11.9702881732411
26.3237234709385
41.6701277717948
20.0872144637885
57.9128350131214
23.9227711688727
42.0658065937459
30.8517049998045
47.9825552087277
17.2150808852166
41.8332986533642
16.5717888157815
30.7599590625614
37.7971795853227
25.9984271135181
39.634511526674
25.0838487409055
22.0983238425106
40.4094031567659
30.1268752938903
10.4018106590956
34.1831213328987
26.0961201041937
32.8016603831202
28.5863904282451
36.5893591661006
13.3459369726992
22.2267555538565
21.3471074588597
1.07017076564813
22.2976859193295
4.60644469010836
38.5930399876088
33.3076793830955
47.2711229231209
8.60080343374292
24.0198508836329
38.0972212069535
11.2351261544973
29.1196851836918
35.5821068398654
40.3184642083943
9.75483468876963
17.796937841922
26.5514852188215
16.8067638422927
13.2865241399879
22.5245698355138
45.2243931591511
25.307117914781
20.9214905742556
34.4437880907208
17.5362656514843
21.3201793376356
27.2022156510502
23.6780165228993
43.1493154261261
16.4367514425177
27.347933322455
26.3822674503573
44.7356235600459
45.9880946204066
11.9525271467865
42.6430135034025
4.47770589552065
40.8417340617643
17.2769685741514
12.6153385624272
30.8463793247938
47.0266432035714
15.9024221822619
46.6556746877554
36.7717300813728
50.0049373600632
31.7062620539218
34.020042559132
27.4882385972887
26.1829608132217
18.6810981016606
30.1614565651452
14.8253401741385
27.5599359304563
33.327398635447
15.1210623793304
31.6101474687457
31.043165223673
34.3116562515257
41.4435844868422
47.2491509281099
12.1543541084975
23.387288255617
42.6583179272711
34.6800230909139
30.2037051413208
35.1850222488794
31.4485571311427
13.1711699068546
56.3782327342778
7.82568943308152
22.3419601563364
22.5585548856864
23.149790475145
23.137018783018
28.5589109174907
11.8291105600874
17.839165776968
26.9930058158934
42.8751274012029
8.58285413123667
15.8047761035476
30.5625403765589
31.6123539581895
24.7553171124309
33.2061117775558
7.36381015740335
19.5276533719152
18.1892560173552
23.5345060005784
25.4448793828487
30.9420900885016
32.189827831462
39.2509239725769
45.2904023695737
3.57094695791602
35.2328006643802
43.5183259658515
43.1014070753008
31.8691162416558
48.5689925029874
43.3181734755635
22.6482391357422
11.545103887961
28.0235623940825
28.356212656945
7.39881427540602
29.6254697721452
32.4782570244867
15.4438498431489
21.0411912678154
13.8342563920164
11.2956382799894
16.5924844797701
39.561733417213
24.0073105637073
28.0675791008141
35.1695554796606
40.6441997000743
28.5500148311257
5.3081642370671
29.9824790002633
44.5981538854539
43.9364422112703
5.0181127153337
21.7741688713431
31.5219266805798
7.28379567153752
29.0849584154785
44.8754725046456
35.2909829401173
47.7046189829707
55.6064652744681
47.0396779943258
22.1824689768255
31.6520771477371
43.4150092582726
15.3779910798996
13.408884285821
33.249520083118
23.2659802772105
24.275789862249
27.203935942506
16.5154876066662
23.5863021709756
23.8976842258126
27.5940758112633
13.3637284860015
25.0047544948757
22.9617913719267
29.6431742142886
18.2814216835812
24.7443948872387
37.6964517869055
35.491013713181
35.2828325484906
34.8654999397695
20.499638191564
23.8022482022643
30.2521783392876
28.4453911241144
13.2685706843826
30.7980073150247
23.9355648402125
35.0954160094261
13.5778134478727
7.00708366930485
29.2231496889144
26.7805512994528
22.7573834332194
18.6210439540446
37.4377708416432
24.2319268174469
11.2716725561768
21.6691997367889
13.8205361855097
7.3146890848875
19.1919034693995
19.5901718921959
24.5272515981824
34.3543786089867
42.3791546374559
30.3832400590181
12.4525272817861
25.7803734857589
12.6650969032198
50.5317719653249
43.0041224230081
20.5078506037937
21.446248004213
27.9501123208436
43.3554241899401
32.6854615472257
33.1118624657393
29.9322033300996
23.6365254968405
55.9242479968816
32.5306235346943
20.2746276278049
40.1650136802346
13.8119674753398
21.3586899917573
31.8443856432212
29.9138824921101
13.3152331691235
44.0738164819777
18.9205021597445
17.4112915992737
40.7052957918495
2.15266356244683
11.6281137336046
28.4864882472903
18.3110921178013
26.325840735808
42.9745734203607
11.7936871480197
1.29188189776536
21.2319174844439
6.05793878029028
25.2004574984312
25.0701763255107
9.77260344661772
34.5430681016296
30.3187863901258
37.6164086628705
21.3411314412951
30.425405036658
31.8628144450486
41.3841269910336
23.0264581005003
50.1015295274556
27.0172398223999
33.0643576569855
43.4189050817227
14.6937909395597
34.3562912836228
21.787434589026
57.3066667187959
31.917974865064
16.9172716792673
40.0718114338815
43.3679501991719
28.0914937146008
47.9530184529722
30.2529806736857
8.31373007438781
37.2927933931351
34.374897973612
38.8783665839583
28.8217390887439
49.643792770803
23.0997493956238
8.65306537000932
13.1489398889244
35.4754044208676
17.6327516324818
29.3340803589672
23.6769338641822
22.7083308622241
19.0494825553785
23.4449821524322
9.29626855067909
30.6120053399354
0.194202782586217
9.71989730337848
43.8684342429042
11.2136634293869
28.5961860325187
22.198723629117
27.1378196775913
24.7501343023032
21.2896630393789
10.7234967870103
37.7343292813748
21.1691387929022
12.4998749233782
43.7643534038216
38.3490322788151
25.955937569961
30.7827071329606
42.1488221734762
36.3056327264111
55.8862191855949
20.3631237272806
54.0763246826828
25.9665903118619
31.21525373022
42.281846748665
23.5648212488741
36.8702654555743
31.9974543061107
28.4917004501134
37.9841002169997
20.5667342059314
14.3608095522337
12.7985358703882
27.9967778827995
11.0946257028863
34.6202152781188
41.900793556124
12.7030199921964
45.2333139721304
29.2540789116174
34.911123724645
25.4487025256916
17.7801694255322
8.54123146273196
40.2193006128073
39.6711201407015
30.5225272197276
59.040013467893
28.1797888963413
10.8010278549045
18.0098439854806
41.5789160324735
54.260061820969
45.5486429855227
10.4326056988441
20.549566084191
5.77796730212867
4.57796793751119
28.1720378901809
53.9071099366993
18.5510548762977
25.2104501705617
34.4462602864951
9.19992513954639
21.834078989923
31.3766168430448
6.0525513798978
7.73178233225631
40.744536742568
12.6441649161279
3.65202156826854
27.1236998960376
8.34519388154149
24.7428674250841
23.7184017896652
26.6454224940389
22.7363574482157
28.9272820384099
44.636702844721
12.7645156346262
42.5209940635856
38.1332852412015
27.2209982735641
22.1508264075965
22.7534758858383
44.2279004491866
27.0627975463867
29.5482348185033
26.8829531036317
42.8735740017146
25.7365741301328
21.6552719117878
22.0786125890527
28.7871764972806
18.2466177320556
28.3058962784708
27.9064486866424
33.072348781553
18.9473032485694
4.43997015245259
28.5318343434483
32.928629219532
23.7198544776804
21.5888549469731
11.3794998403864
41.292056799936
27.4951476603746
30.4486722219735
5.17319539946247
32.6567098964006
6.75442442297935
22.5839023478329
28.7589282728732
38.7626137584448
32.6184024568647
33.0194100737572
38.8673258945346
44.1135705914348
23.5130494460464
42.4573075957596
41.4313474204391
38.2922149728984
34.7372787538916
43.1335360277444
2.98686104804128
15.2642128231853
48.3400677941999
31.6085651516914
15.2947298970762
14.3069805265604
20.4314089921538
29.9865378066897
57.4914370197803
18.2136155573189
25.8211966603994
31.0856163036078
28.0384719837457
20.7429480738938
23.1854441478857
32.4667521752417
33.3436186521799
2.61352653615177
20.8170418161899
44.7898236569017
40.7540047541261
42.1884957688252
23.806766984309
23.4946948192852
14.7552959155291
34.8842247389257
39.880576440346
25.1121056266129
24.7934112325311
20.9382514624866
22.2145744599402
5.84789123386145
43.1193197152941
27.8650345782827
24.8045478444123
34.4881369989452
19.4977961520132
18.8205894082785
25.3687782678753
24.3435067124665
14.9132398422807
14.4711205735803
15.7400815282017
11.0128764477679
21.7153586758964
48.0734812561423
32.4761069607781
25.2120075747371
11.9134831707925
40.0665352120996
49.3900028988719
9.98860532417893
36.2202257849276
12.7501695619282
53.0126724857837
10.7324238866568
29.0223693382139
30.9969988651574
50.6004268303514
42.5839697476476
8.74681589193642
33.3573295269161
16.995642948832
36.7598720745374
39.9740400258452
27.7487577870488
33.833035826683
10.1653834189716
17.1656549941623
43.0679059121758
30.4310670588166
25.3107841126621
23.6716118641198
0.737451715394855
11.4018461880267
25.5162586458027
31.3489387929697
25.5875500168833
45.0564209894259
17.873263778165
13.4001950733364
22.392956726253
39.3146321924938
23.0992537923157
23.8806564360857
27.547315439778
28.0577479396015
14.5872329913676
38.4063512086868
29.8746729580425
18.6851667705923
33.1633818801492
31.4226202666759
31.3238564216797
37.529469653964
38.025967637077
36.5413769438875
42.0256813056767
37.3354158829898
4.10187182202348
20.7655517850071
25.3749721217901
24.3526364676654
22.9919617343695
23.7631764262915
13.276941049844
34.8113117273897
31.3538654241711
12.0245973219794
30.103020407649
38.12076728791
35.4963887863144
11.2095010932535
23.4987983480096
43.4090481794064
31.6804484054037
36.6665165745942
30.280081089586
36.425747256726
11.3243463914841
28.2890885651055
42.325779562816
47.1142985858023
51.7443160992116
3.55371874757111
30.0408159382641
20.9555887144325
46.0598586127162
33.949207700789
13.6702415999025
14.3346730566333
34.8081145435572
41.938469838351
34.9478366454769
24.802322784674
20.4142142552882
28.2689433759511
41.6073733475059
28.0526221729815
23.9480030722916
14.9242624640465
47.8351839516162
21.0137428715825
16.1536125908139
17.5915478442548
25.7287889719009
48.4970620833337
27.2463557776064
27.3302971515373
51.4061724767089
37.9267627838999
28.7870337982627
39.9729726836085
33.8728435560412
41.9833271298558
14.9627396371216
28.4695451026906
52.6637511327863
25.3082687035203
10.4429404251277
24.6701345779002
36.1629065993681
26.9471995532513
26.6398483265114
1.78169710561633
24.4224099908024
29.5198776759207
31.2257037032396
41.0871412605047
19.7059332609757
45.0880968943238
36.6017299704254
43.7876572835263
6.31804507148903
15.5407741200179
9.04310382902622
10.5701875049435
28.11697605066
29.3900551826555
20.7349929958582
7.94124737285437
44.728447124362
26.6487124795766
32.1511055577026
29.6639007050544
20.8328574430197
29.6265064738691
28.9054348599166
54.7792955301702
16.4686070833752
25.2013659748553
20.3038290143013
37.6915482838277
20.8285959862195
15.9834679992405
17.7355152089149
40.6468872912228
29.1618323419243
6.65209251455963
33.8656879495829
21.7174812071698
13.9346875716001
34.0871410444379
37.478037038818
30.5624386761338
33.2277638591749
31.4116226974875
19.1225072368979
30.9237419627607
25.6013880483806
15.2541767340153
30.3266691509634
40.8263760153204
50.9600844699889
30.8997237753672
21.9442976173013
9.56958406993018
36.7632099892944
14.3534309230745
56.5697034820914
3.55856649831731
22.8929040831048
16.9901479847344
27.9441009741277
8.26647556386888
35.6723387725651
16.5886135771871
24.0725900046527
23.7942919135094
24.0717272274196
24.1276267450303
12.0179905703877
31.8194054532796
21.2483058356889
29.2374515905976
27.0328323822469
31.7594922613353
42.4400326460356
36.7355090002224
27.3756369236009
30.7271076232253
29.6270994003862
26.5944511629641
34.2727939598262
34.7556405235082
33.3678890909859
20.9004693116236
44.6423510608732
26.7254057805985
22.1066261641681
34.4064663164318
19.2253099754453
43.1588971521705
36.9644619213257
31.7799394018948
9.46924783883949
24.7554938774556
36.8307497352362
10.4445671662688
37.410326814279
27.3408596869558
34.5265646465123
6.75536249764264
24.7677515260875
36.6160976700485
25.1840936951339
41.6282368823886
23.8001651596278
34.5813854032024
22.0235809218138
35.3521530050784
37.7395088784397
30.5546092335135
18.9526421017945
33.353072591126
29.6972657264242
22.5168794612706
31.4841667655855
19.7636517696083
36.8178821893851
45.8047901280224
39.6663896193787
11.8717055302113
44.3638310302049
23.6101009917537
27.3433426519943
30.2755183074623
3.94777753390372
41.9510055979443
34.9490849331687
24.3737432143257
18.2773447129875
23.363638902083
16.8662476353347
21.803595983274
27.8846210800111
33.0271075479686
24.6960399672389
29.8951788608314
24.9405640781323
13.765704727431
45.4530190676451
42.5928928718239
44.2248275037855
19.9458690360188
38.8430643718147
17.6436146721244
32.7836948446929
22.1636592410505
32.6643765127572
24.0770089905709
19.3818418309093
32.5152231380343
22.2592611331493
20.6598728655516
10.9540262259543
35.3466360364109
17.2044416108931
45.3832635655999
45.1932925730944
28.6302476655692
23.0244797675323
28.3170516602695
22.8997833186571
33.3324817474931
45.1855096500367
37.0286391564235
31.9072984158993
22.404400864616
16.2709686439484
9.79410457559049
9.75645127523338
18.8430437587016
51.9180769100785
56.3742102123797
25.1641827635467
21.505016926676
28.9982413873076
24.9961032134009
18.651212984696
34.9597778636962
41.9276862546875
65.3895208146423
17.8435318171978
34.751008137316
1.25183129049437
19.1666113212705
46.5290677268058
33.2819734234363
33.6038073990494
15.0841568596661
27.9534503817558
28.474062634632
19.1514177713543
57.0102585013956
25.9835054632276
26.9419138876543
37.1905043255538
16.6030549444258
29.0959331809645
18.9178007189184
32.8943290747702
46.4638504199684
22.7349515538663
0.238617090508342
23.0356080034474
55.4715297184885
22.6917230524123
21.2162504636363
20.2967443037778
11.9803585406928
52.174888830632
37.4801097903401
29.9650518725074
28.0192003514816
35.1350151002407
22.6669907104224
19.7198784444481
30.1390985026956
14.3171343950789
48.3390268551178
26.5954183414578
51.8173075281084
31.1131382518127
35.7417094174056
31.8618763703853
22.8708050755012
19.0751670859754
11.8006964214146
26.7340607009828
23.3869626186788
24.1868345532566
27.6562531013042
18.8812608830631
43.5173753648996
12.9335814627454
28.7280659064894
48.4278117772192
37.9152920097113
32.0083859506501
52.004713518545
27.9940070596596
33.5427523590624
20.4847038257867
3.92982373014092
32.9390796367079
38.8151905569556
24.586006719619
21.4563107118011
20.0391902147331
26.2826248537749
35.0209208009044
18.6096286141788
22.0329867210239
17.815208202228
16.4882518148407
36.2749329768121
16.7270104627901
48.9867457654327
36.1386193428189
41.3263653870672
9.01715657673776
33.1413811501926
45.2105400152504
21.1116679478437
28.0278696678579
28.0565948225558
36.2002115231007
21.3943745940924
32.6249684473252
25.276957359165
18.7572147231549
30.8053102809936
45.3004674054682
28.7525433581322
27.5929011639596
25.8038074709475
6.11946568824351
13.8735165353864
24.5697433286403
28.7336842156947
37.9702489823103
36.7883478291333
28.5017589107156
19.4009547121823
20.5959093291312
14.1809636726975
26.8215903081
23.276505305122
31.888567794194
4.60865353234112
36.6919496562332
32.6404708903283
53.008278273046
40.90635497123
34.6349032130092
10.7212811242789
16.7563011651951
36.8244511121208
3.88035591843456
26.7370827030391
34.476028336212
25.5800034850836
26.2243297496669
26.4065810479224
30.6830993817029
15.3046348132193
15.1953127235174
21.7845345004662
19.8232746683061
45.0778280384839
28.3379260450602
27.056745486334
39.2461255658418
20.2267864719033
10.9143639903647
27.958073987794
6.15424667396492
31.3041386792311
43.5355915222317
32.2657761629671
18.5134516097605
25.835731299594
38.2102157414399
8.58761668205261
39.7258824668825
43.6926994007081
25.6633561104536
22.8935955092311
38.6566027533263
25.559470616281
7.46327955206556
17.5606342963874
27.7441650163382
26.7288005250288
27.2683985065669
33.9303035224801
36.4846206522681
46.2957410607487
13.4402566243113
19.2025895696133
29.0733680129051
18.4373332187533
17.760397028178
13.1177911534905
35.3514110192746
16.8049849569798
20.943557145074
24.223168939352
8.69477959349751
17.7269436884671
24.1777045933343
41.1444846415162
28.4951946698129
40.6741225349274
18.8159170314702
17.5615270622075
27.6630175939948
55.4266771767288
38.8974774853525
34.5494220498949
3.93427428734444
22.149332659319
6.45112344063818
39.0535955115573
23.3729628846049
20.9267147351056
49.0188768599182
20.1767870225012
17.0329029671848
26.49120464921
29.0942415129393
46.0566136986017
32.7812521252781
24.0329226013273
16.9715026677578
28.0049939174205
25.5583223886788
22.3692824816986
28.1131046358496
34.079199610278
43.9383114222437
10.9160844236612
24.4086685119126
40.6523491395241
29.815521812575
14.3793119117618
40.7411504536867
24.3756837677211
19.0004193224013
35.8193825810189
23.7996932119131
13.925249921158
24.3190965149552
30.3671958390623
36.8717820473318
30.7849814649671
35.0309746339917
30.3535826969892
24.6914150506218
23.7554345985736
24.301231704502
30.2533782552928
17.2221892510547
26.2640079949051
6.21832087635994
13.1688712982085
31.2351430300623
27.937449188903
35.3486847598106
30.6229142006487
36.5419317724875
16.4828992448747
42.3237096052617
41.0906101211565
10.8636246062815
32.2215799242258
10.704755410552
46.3545694947243
33.4384705222269
24.8018830548972
11.9426955249043
24.9538730364293
33.915219330727
16.1002401262522
27.0535733085126
28.399767447263
35.1336111314595
20.6306776031852
37.7765301615
42.143216682598
22.4638790823519
19.837894351081
41.6180120582597
52.9098737984896
29.7831172123551
57.2231852449477
46.1024170181092
14.5657883067739
17.8917020559311
45.2292049303651
44.8587601538748
44.9934656266123
26.0488063595697
26.6133032273501
30.0980900844144
17.6951174158603
25.4598080646247
29.0409319102764
41.7306729592383
37.1684560927417
16.1702654051401
38.1699622075329
23.375670844689
16.9626294635236
16.9999056508582
41.9639401617308
42.151458049193
24.7467602000336
39.0655231662095
19.4974310230464
38.91910626553
42.3803968820721
28.1732331030071
11.4930829498917
29.6934838872403
37.8712826874107
20.2199138235301
35.1425680797547
52.9778305441141
43.1951043661684
27.7026125765811
48.8451861776412
39.5663571543992
35.9196331817657
20.8419458766304
10.2667340543121
8.32679552214258
51.127543579787
23.7023043911904
44.7342452127486
25.8081382581563
50.0704416073859
36.6012639831752
18.4475665446371
3.92009536735713
38.3087560534477
