"x"
28.8037192309275
34.0002467855811
19.5832232711837
18.0872116237879
27.2433798993006
19.9623428517953
35.8130153713232
14.8111857091397
25.3560566343367
26.8869093674013
18.7921893084422
29.0211230749264
24.4698540396727
17.8547559538856
28.2287359237671
29.5337150804698
14.2838824514476
16.060499008745
15.5247254762799
29.1076636873186
14.4185177516192
18.6638462357223
14.7001462761205
21.9313298352063
27.1660142811015
17.8266518680571
24.3180437246338
25.0513052102178
32.5551823247224
31.8597292294726
29.6351651428267
26.9073779012841
25.6613694597036
11.2454029032961
36.1776082661818
17.4450495072949
20.4658647766337
14.1097953775898
29.5766015769914
16.7944180546328
14.2335604867197
25.3801165746709
33.5020900005475
22.2332105971873
24.8846437083557
27.9587785480544
30.2735754055902
32.5438642641529
26.9326823763549
26.2115128571168
16.9057284016162
19.4859087971511
25.926912156865
23.1401552911848
19.8403208749369
27.7197033166885
16.6266240729603
25.0282624050057
30.7616766309366
29.9839674495161
31.2548651825637
27.2647463716567
32.1311383275315
15.3535989578813
28.4694992238656
19.7679572273046
8.55090158073161
26.2118509970605
28.7996580125764
15.5412094201893
27.7913727331907
19.0583902987764
25.4872195189819
26.0998184094205
29.8222308279946
37.5579444708115
24.3750696768984
25.0394286820665
29.3178594808385
24.3630988057703
21.3630082318559
30.5896959733218
21.3646141579375
25.3377876942977
27.9809229960408
18.9366934588179
34.0989535441622
22.2462887590136
26.3488547410816
17.6453858148307
31.6660035358407
27.8127290113371
24.6204428840429
22.8282063500956
35.0107378022302
21.5755075015586
26.5736860921606
21.946356841363
27.8542466228828
21.245206588854
25.8060253923759
13.4957060916349
27.5749126216397
31.0206337831914
33.9898088714108
28.1557993032038
39.6630584529302
30.6606934173033
14.8513448322927
31.9992286618799
26.3975687557831
32.5447563780472
22.4134540883824
25.5419064778835
25.0206193421036
22.3562358412892
24.3820901901223
25.6625356152654
22.3963478580785
29.9132343148813
30.074468255043
24.0977263306434
14.0892668829436
27.0396150881425
31.4293897710741
33.1591178197414
19.4165805032483
29.7443204559386
23.737837956287
34.3242442468181
24.4588296071711
20.6308108521625
30.5787210953943
28.5110489232466
21.3869949337095
20.5666158432871
15.9652518719375
21.1266673834116
25.476939138025
23.1105607934296
31.2859686091542
32.0746608776972
13.4833867893368
25.5438077729195
24.9652810394764
26.014729263261
33.9046649402007
32.0806049508974
31.5218577394262
16.8318577110767
23.9296498242766
18.0941705359146
33.0963977146894
24.5111380005255
21.7656586552039
10.6049729743972
28.5754813347012
21.5846303384751
17.9953254759312
25.500363111496
20.8075580652803
22.2185087623075
21.0182071430609
24.5919035747647
24.3648627307266
26.8601716961712
23.0799972312525
24.6692512882873
31.2060651602224
32.083065318875
37.4739753767887
24.4771451456472
31.8505365168676
30.3755650529638
13.4908937434328
25.3518070327118
30.3215809864923
25.2400192199275
20.5146868946031
35.959116600216
39.751035531745
19.6701157605276
32.1944365045056
20.4013185096234
13.8188331620768
24.006339488551
32.0319582941011
13.6030148016289
40.1232582495964
24.7075490886346
19.9084328254685
27.2086154902354
23.5757879680023
20.6120412331074
23.2036516894586
26.4014340005815
26.6666147625074
29.1909978725016
22.5721964379773
11.7734522558749
22.0374281983823
29.1480017127469
25.4904948174953
29.3891392881051
30.1346358377486
18.7075859634206
36.0328196676297
25.6494263419881
9.30446286220104
21.5561934746802
20.3490924413742
21.2984276702628
21.4730653446168
24.9603275675327
24.3931038305163
28.3041866961867
27.0081720547751
23.1559136649594
18.0902431951836
25.8863148745149
28.6249787313864
21.1477646138519
33.6049816338345
18.2347398018464
25.4523931071162
34.1170599684119
36.9736102388656
23.2357922708616
36.6242581957436
26.2220399221405
23.8339689560235
22.3061548036902
15.9726559417322
19.3636101903394
26.9576773745939
22.7718938607723
27.7830888750032
17.2771483892575
31.6713934065774
19.947081618011
30.7128498563543
32.0019153412431
22.3450679099187
36.7195845688977
27.5758613366634
20.3645893139765
21.6646496905014
17.0466320822015
32.1202312596142
31.7735070828348
29.9450377933681
20.1691121374538
17.2667826525867
15.6666696537286
19.7893535485491
30.2918514236808
20.356715656817
18.3166489703581
21.7646641889587
30.5807481985539
21.5412157820538
16.0816544409786
8.24357001110911
21.0940902910772
28.9784803520888
26.02655866649
29.4439883204177
26.1348830536008
36.0751395301689
35.553762174905
21.3031680556014
27.8012577444315
20.9191284674415
24.3060502456501
36.0211215377403
28.5057307453826
25.5377841182053
19.9442875571549
20.5452295253053
20.1150941208173
17.1661340682189
26.1771227698773
20.2758908857707
41.4609776021979
23.2878056587651
27.3295540828258
30.034356773831
27.9759457334876
28.8528225384653
29.7487286152318
24.6135553577915
31.4733312930912
22.0703057013452
23.5503706484146
32.0812554797158
27.4284637533128
22.6730070076883
10.5906392143458
18.4340231432107
23.4382605412975
27.2947840380716
27.5856690481305
35.8263855779028
30.7782954070717
41.1200074835055
34.8099335281115
11.9089215761051
17.030773472804
25.9239277569577
29.7734405845404
33.4427042165771
12.6543098594993
31.0327562270686
24.4015705771744
25.7653557695448
28.4369573462754
31.0325277759807
20.1242307201028
22.5999253956442
17.6367111811786
26.4525373699144
24.9898571055382
28.9021593984216
12.8719034604728
21.607890930808
23.5179871087894
31.1504018725827
21.362396911718
32.5071983970702
32.4134714202955
18.8551333462402
26.1927536372647
10.489979153499
30.2199363242835
35.1634193818918
23.0528535321355
31.2206863658503
21.3540389901027
11.9854070013389
30.2971651311964
12.4365304596722
39.3907599569657
26.4469791436568
25.7258665049449
18.4432151028886
21.6783841485138
32.3600367177278
26.8872383981943
30.0678201485425
26.7816287563637
21.3003431679681
31.8689284846187
33.0130096134378
31.1818024143577
27.1352911833674
14.2064977902919
20.4697986831889
22.8486880249536
27.7127828681841
28.7828838685527
21.4881951687858
19.426017455234
22.3735933657736
14.6895312471315
23.7853201339021
32.4806991731748
24.3912601377815
27.4206558940932
21.1130754556507
24.7583997901529
22.6206693099812
17.2636086354032
31.5773587208241
13.7749729910865
17.1954615181943
28.240953556904
29.7570504248142
20.546676334925
29.8613535938784
24.516435735859
28.6352058174089
17.9088667267933
22.049929224886
23.9672712453803
11.2190694214355
23.7398698925972
26.0229093721136
28.1365072820336
14.6335422246963
28.762195375748
23.8262815633789
27.9577143723145
23.4215377335675
34.0659255394712
29.5884762890637
28.2351594418287
22.097230469808
14.8875502636656
23.6143295653164
20.7444602856413
20.5822460819036
14.9099913401764
23.8593095706628
32.698811381124
21.9671189086512
30.2738168276846
26.8619794864208
35.4450294261283
18.2090773014352
15.5863811261952
22.0728654675491
29.281940148212
26.2574014253914
32.4078354984522
19.4204853149131
22.5868733751966
22.3212440963835
20.45651122462
25.1919236003033
25.8927892660722
21.960337436758
31.3668281305581
17.057703519034
22.75012107566
23.4408440068364
11.6252965034098
28.0891601461917
21.1177266435698
39.4617620368904
18.632947630249
32.2518930304796
27.0926552824676
16.3853289093822
34.8820934587429
18.5009331675246
16.4666149299592
20.6213556695729
20.6107984296978
22.7225120412186
31.6858522593975
20.8852880401537
15.8744708169252
21.2922151433304
26.5472834929824
30.8077600318938
19.4144212640822
22.5436569424346
22.3762046312913
21.2431156774983
25.3832166083157
24.5535305002704
29.7198727028444
22.3292404520884
38.836559027056
32.4452031869441
17.6986430305988
28.6403402220458
21.7394347302616
23.4961770842608
28.3130154013634
24.4442237713073
39.3529817761959
30.9966505272314
19.9451544322073
19.1609045723453
16.6103135794401
27.1845094393939
32.8567299991846
39.6885027622289
37.2280272168523
29.1224320884794
31.3219541450962
33.4427621914074
26.703111641109
23.4855783637613
21.02409908548
20.4942155862227
15.3321905527264
20.2146480325609
20.8877782570198
27.5036471663043
37.3809051213271
29.5454139821231
27.1847815951332
29.8650306649506
29.2882519075647
19.1354842390865
34.1003244742751
23.807818791829
28.4298181766644
25.157383014448
21.1779017699882
31.5736388787627
36.2509826177216
20.2148200478405
28.0863144202158
19.5806021943095
28.5545146558434
21.9729678472504
29.9749582074583
20.1658970443532
18.9471466932446
35.0349546447773
30.4356046719477
18.9858759753406
23.6435242695734
20.4062650213018
25.8770816959441
18.7918452546
26.9530357327312
22.7096598129719
24.8882597545162
17.3081090673804
17.0678673079237
27.5633677129468
18.6395587399602
28.3741357037798
26.4670333825052
25.7927986094728
25.3117209533229
26.469364517906
32.8073894139379
25.7119432091713
13.5650344891474
28.3292747568339
25.2300906693563
12.4260933035485
35.7245715335364
17.8821155102924
31.8007605848834
18.7446610536426
30.9813715750352
19.6285274653899
25.729819945991
27.302038599737
26.4736797427759
31.535550695844
20.5801790858634
21.2849842384458
25.3843981074169
27.8097326401621
20.4985493561253
27.5277850450948
16.2221579346806
27.1544300252572
20.0564029393718
23.7106407992542
30.6727756513283
19.4800572237
26.7311592353508
24.8860149178654
18.8909547869116
30.8193766511977
26.738734706305
26.9486386328936
17.6083069294691
33.8848906336352
19.8676280211657
29.9498262815177
32.8386265784502
31.4026621636003
20.8198051666841
29.4694079784676
17.5363945309073
10.8146998105256
22.1018385221481
30.8542515616864
24.545574025251
22.6747006410733
15.9261451801285
24.636834813911
11.9891418636279
25.0604058372769
29.4023393187672
29.7970643732697
24.5921538836627
25.0125890094548
27.8532987926155
25.638667261228
24.1385830100626
32.8530495520681
25.9205954149365
17.9594463668764
20.5622589215636
29.7599345678464
14.0503657283261
26.2708864198639
22.474555647932
17.1158729121089
27.0218399818987
15.6293568799822
28.3468917245045
31.4699752489105
18.5832713963464
20.4298962140456
8.48964287433773
25.5769742936804
27.7897948399186
23.0668643023819
15.0620091939345
31.4441273920238
23.0987642658874
16.8094267137349
18.9335691308745
18.5583029408008
37.646270029009
29.131131991744
21.3018618524075
23.6930577550083
13.7141174869612
30.8208636473864
34.1066325549036
28.1664654328722
17.0051489491016
22.0387809444219
16.4554172195494
19.2984459456056
9.20179125387222
22.2645913165375
10.3656593963328
21.9776670448482
17.4187556374818
19.4960538297892
35.3129755056478
24.8528145253658
37.3161631149656
36.657600761901
18.5986309798066
25.9030423127115
23.5039561055601
23.961577611044
26.2678579892963
22.7409402141348
32.027346175164
29.4302603695542
14.5074154483154
21.845472099131
26.1803028639406
20.990456816855
25.117689505754
28.4668664680794
19.2376411752775
32.2559254942462
20.7527381135151
21.7750938376412
28.0254286946729
29.336738656275
32.8226970741525
19.5896828081459
17.5763363717124
38.7649645442172
29.5954994158819
14.8434326381913
27.7631794800982
24.9274706467986
24.0609367610887
20.6510226940736
15.4684742012428
20.824987674132
27.9262196738273
26.4475875999779
20.8593651419505
27.458241279237
21.2180708069354
31.2460218156771
18.9022151753306
25.5693550920114
27.8812452917919
25.4310071701184
19.9459611671045
32.2692828020081
19.7301460527367
22.044028993696
21.3177902856842
30.1835561171174
18.8599046552554
26.2836541282013
24.0776060149074
35.4809750848913
18.5666813049465
27.2210933966562
21.7659610889792
29.3022834463045
24.0195549791679
19.8378681670874
29.0447096822986
31.0063160024583
18.9139677677304
28.235138184391
22.8434875840321
17.2058612573892
24.6606932021677
32.9880332574248
24.4144597323611
29.7886555315927
34.8773183887481
27.8127687750384
24.7186573687941
38.0043071673668
22.2090748138726
28.3626133576035
37.0969785356379
28.2433993280049
33.9564378373325
18.1293335044757
30.5730754509568
15.3578145895153
24.4992126710713
32.537981425412
20.9395409096032
16.5481594391167
31.1692690011114
25.2723614918068
25.6320414831862
29.9378995783627
26.1250647483394
32.5661757029593
23.275621724315
20.2950942562893
27.4102055467665
29.7497499035671
25.1514384523034
22.5478638662025
26.5083604763623
20.9038272500038
20.2832600727895
20.7176476251334
24.4715079432353
17.7885872079059
32.8615045174956
18.8501751050353
32.1245220024139
26.9590644398704
33.2321989350021
39.8555106462395
12.9446752831165
18.3637249981984
20.957542071119
20.2422560192645
17.9344037733763
24.212183826603
20.8149204030633
20.8461920497939
22.0304785761982
21.4887264883146
18.0329936323687
24.8576289508492
24.3652898585424
19.1284973407164
20.2985310694203
32.221106113866
11.8349675208374
4.55760145600492
33.4145755507052
29.5994931599125
29.3298977892846
19.7082525584847
20.1112974435091
15.8476214855909
11.5319921635091
32.0037298835814
18.1268212618306
27.2940868046135
24.8067145066612
26.7336481949314
24.8604262854752
30.5776621680707
36.4270879411329
29.8994087148458
16.5672733215615
22.4695466055673
33.4068569820374
24.0166048666923
28.9251046255231
36.345459055691
31.9823079975322
29.2427686741576
26.9072121009231
17.4890778725967
27.8406260535121
16.2278304418719
23.9865789422765
22.4434879375622
20.6509268252787
27.1066336892545
24.7265964353615
17.2390191117302
29.4991338011467
30.5124689359218
27.161332173273
28.854627837427
21.0747757228091
37.5888448653227
24.5929643046111
14.2245024209842
23.791828029789
24.1853631800041
24.9758323188871
17.873018165119
33.0865547293797
22.6989146322012
16.3813219638541
31.2146063661203
18.4107451234013
22.2185356775299
32.4497744441032
22.3831522278488
17.1704216627404
28.1669269083068
29.0863751899451
31.4297440228984
27.2865603046207
23.2945223106071
25.3341875737533
32.7501132851467
37.4720171363658
31.3273690640926
23.54392032139
18.9951219363138
23.272584984079
17.0756524800418
22.3501738160849
12.1843332005529
29.0454405359924
28.6569905932993
30.3001060150564
17.8183628246188
35.4228267833632
23.8201522035524
31.7630121717229
31.5786758437753
18.5061134397984
28.4843420377001
19.235295150429
31.3121652463451
14.710888154181
31.6357216332108
23.4235949115828
26.2432440649718
17.2308329492807
18.4049473144114
11.6281321272254
19.5553203500419
21.9509486109018
18.5137404126173
27.9446227941662
25.1803000690416
28.9006847189739
26.1868203651899
25.0339407761141
21.9913187902421
25.5934518993998
29.7307086642832
20.8068776410073
33.3596042590216
24.4884588487873
22.7082519326359
29.9357324140146
32.192330586337
29.2141607962549
24.7712589918247
23.1244439492002
14.912878186442
22.9855812853202
17.9495486430824
28.9685237946933
28.5535402828828
19.8632028885186
25.4513283958659
39.8796140316449
33.1923406105489
25.5172242876142
25.8252928266302
33.0967921763659
21.9535642303526
37.8127473871888
37.6334065184287
29.5506736729294
8.8397629748658
7.86745848599821
34.7495357950634
26.5564883826301
32.5149791082367
26.0507224826142
28.4793915692717
28.9929079823196
30.7764464057982
19.6208909991058
36.2250773680812
15.5273078940809
31.3091698102653
26.778333587572
31.9224643986672
33.2590546924621
11.704037245363
20.5081957858056
30.6355659394593
21.7424849835244
22.3260391205998
22.6358109070839
25.132126850076
22.577141248621
22.1537995385006
29.2250578757375
13.7785401115101
24.7300026239827
28.1427087029442
14.1797728836536
26.8099701032043
22.4150978261605
17.0065342702398
26.0363727342337
19.6643984643742
26.0921578854322
18.731866357848
27.3465757025406
17.7884032949805
26.3964205281809
19.7388490216301
32.9324219608679
28.1971242045984
29.7344766557217
22.5465398048982
15.5740715097636
29.3013029266149
24.3194674159845
23.087668674998
25.5389287602156
27.5586289586499
23.0780847836286
27.4275556905195
23.4998401720077
19.7197103872895
21.2669084580246
29.2466766899452
22.5911949508006
26.3224908150733
27.9196021612734
29.6266910154372
36.3327026619428
25.0779273112324
20.1822677627206
20.9862995159629
19.4516878199273
27.000041003339
21.7498841399057
24.0275581367314
15.5706808436662
22.2425051499158
29.3753803241998
11.8299915222451
20.4415561165661
27.3228943813592
28.5923484626324
28.0427162224232
20.071697444655
27.798277232796
27.0639995483415
31.4875293523073
26.5473071020097
28.5518159624189
27.427912899293
13.7488598469645
17.6179105881602
14.8110104521171
26.567877875641
21.5822394005954
32.8438668977469
24.3636870989576
29.4463971862569
22.6640234934166
10.3713295771066
34.8122524095453
22.6610454497859
21.201633522287
16.3696370087564
13.3256842382252
32.1647589560598
25.1650644509011
29.4068194925785
24.2210363736376
22.6889844639073
20.9068014286458
35.8837653861797
29.8571665771306
40.0081875025124
26.7155243083835
23.096789047122
24.4991343701258
15.3563080122694
30.0396700855345
29.2302797781304
20.9126867353916
21.4404927799478
9.89463229198009
29.155686381273
13.1967276914592
21.3584388140589
18.7848310917616
26.1354397982359
20.8091568523266
21.3973451405764
30.6745550129563
10.9603417338803
26.5029582194984
33.5094704059884
23.2386026997119
21.9582947656987
26.8734917743132
21.0738451918587
29.3708763550967
15.0737802265212
27.8133942843806
25.5034290506553
33.0906797433272
20.6199766835198
19.2447375273332
21.534159895964
38.1808817831284
28.1314680280633
27.8999534668401
16.901992193377
27.7044277405366
22.9730343446136
23.3938460023548
26.8289822386578
12.6912414561957
24.8780717840418
26.9443842216899
33.4050806006417
19.547433569096
23.3558946056291
18.8873469363898
32.7020153403282
33.9094687486067
17.1062663663179
15.9092419082299
11.518098369613
18.8827484675641
26.2794515248486
27.531415829435
30.2779928781092
27.927304035984
25.1960522728041
30.767566873692
19.7617824831206
26.3431940460578
17.9245429579169
27.4735202314332
17.8088307085467
17.5092633124385
26.7512800637633
33.75457637012
12.6668889075518
33.978861826472
30.8745056157932
30.836370238103
30.6522936560214
19.1612637834623
25.9606818668544
28.5881676155369
25.9351907996461
15.9635390914056
25.0303632579744
25.5131049780175
19.4750832393765
37.0999431682235
33.438163693063
17.4092764267698
25.6487514590845
31.772212125361
22.4121547769755
19.2400849809493
30.2884439472109
30.701234890148
15.564277744852
27.396841510199
37.7909349041196
20.3728551843335
27.5228192098439
29.660687665455
25.1291647617097
15.9829360665753
30.2464024163783
17.2615478280932
22.9488005395979
21.9937558285892
14.7582179193441
16.3725389633328
32.3113859631121
28.1937713269144
23.4713034704328
21.8296927399933
35.4302012154239
26.8673125654459
30.8664717711508
18.2778270949905
29.1319890879095
28.5326876910403
27.7899616804963
29.7837309073657
27.1477353991941
28.5940318368375
15.690040611662
26.0958779879791
16.0225187893957
18.9226668560877
36.6810881511724
18.5102652525529
36.068227121744
15.9143134937486
24.4887329172343
23.5394193790853
20.8120065158607
28.0766706215218
24.5733459703876
27.840323741552
19.2618590138269
22.6781611563638
22.3723069299012
25.8801352697174
30.8388063916937
17.9170397575945
33.0881748581305
17.5681722350419
22.0026345923543
13.2119442922775
29.2232472915202
25.3156928345561
21.0810203003092
20.6695573171601
27.4784391978756
24.3693126365542
27.1650238893926
22.1488628070801
29.6857637353241
30.1979987882078
34.2996460851282
17.6137976581231
38.5111335178322
14.3486404558644
37.9664715358472
27.7052670251578
15.3163072731603
23.7461168086156
8.6774862043394
17.0163029804826
17.3315567662939
20.0802840292454
31.2531641684473
29.5987956691533
7.19393184408545
33.3796617109329
17.335615960854
22.7201109519228
24.3652023375034
26.2430324917659
20.1105143874884
35.7240100835866
38.8255489037788
27.5796836019208
35.475628797558
27.9826419893652
25.5528257926926
29.2981870938092
24.9648085329682
10.8576640253887
19.4660010747612
26.5288214432076
26.8898436333984
12.3007715165717
37.2236886972046
18.4482181910425
35.269244831742
25.3747362177819
24.3570784816504
29.795349139401
30.0871287239715
24.6766742318869
28.6239613313228
15.9567355876788
24.4225474540144
24.5324033590162
28.1940712826326
28.2733082072809
35.0791971782862
5.92623903044898
29.5123776886612
27.3620926309377
14.8628816246936
28.4471915336326
13.9846983132884
24.4722586823627
24.6798524606841
28.2484186959122
33.1678869435564
22.698616492562
17.2726666554809
16.0708272596821
30.931350775063
29.8983928980306
19.1393114859238
27.7924611366183
41.0609095336354
31.1225903686136
35.0885832195586
34.0057434514165
18.6081842286512
15.0521737756208
31.1207632767037
28.2234266633168
16.2065829383209
13.8171001101541
22.0281158806756
24.2610937450081
21.267086030935
30.1602336810902
25.3738361410797
27.7595094637945
26.2892855098471
20.3777560964227
29.1104964679107
28.3961187116802
25.2252104355672
30.4717070190236
22.2568287979811
24.9910912853838
20.2271835645661
19.0073136938736
27.50884660054
20.1112750684842
26.0883956533029
17.2470649937168
26.5863552922383
33.7298264959827
22.0201565651223
22.6267549145944
24.3411009866403
23.9692085888237
34.7325040814214
38.1285530028349
19.0208466278641
25.7836758185401
31.2765641137958
26.6668603325728
19.9798322282732
18.489649426192
41.5852830724275
25.5106923636049
24.8502599075437
19.7429936214515
25.3643724834546
23.6395087093115
19.4623292190954
20.4301979858428
19.6558759082109
34.4709539553151
26.595860812813
24.8555611353368
24.9037658097222
23.9255415872314
26.1675491929054
38.3826218058771
23.2870940119028
29.6149645932019
29.6699420083314
13.8794895028695
18.8302131602541
24.0155115257949
17.1451044967398
16.4434536593035
28.4588895970955
22.746513504535
33.4474279079586
26.1970027815551
13.8487790478393
24.61479883641
32.2037619771436
30.3103525890037
22.3152434919029
16.9608017575091
30.0728359259665
33.7397161405534
28.3255837624893
28.6392904119566
13.5722459992394
25.0786539399996
13.3764286928646
14.068722515367
23.76995368395
24.5957822073251
34.8841535901564
35.6415147863072
30.13158980757
7.00270023662597
27.7292479993775
21.6695782030001
24.4551549432799
31.5028837649152
26.0605952469632
15.2115763863549
26.8988295458257
24.2216623853892
29.2488582665101
23.4299429293291
37.6719408889912
26.7210664460436
28.9419947424904
24.9953044345602
16.4043931087764
32.5093214167282
39.9814932120448
25.8542857132852
30.9533571824431
26.0738647892608
23.032956244424
26.1772400466725
24.3136113043875
30.7514931773767
28.1758303521201
28.1751478789374
34.3260562396687
18.7944220844656
26.076943310909
18.4190464586776
23.7274178280806
18.3358448091894
12.8654386848211
17.2339675009762
32.6205602614209
22.9205703828484
24.2326413281262
26.6869901093734
30.4721465567127
27.5635906960815
14.4256373634562
21.7428291914985
18.7403151998296
15.8897576155141
19.8155177113064
26.4809138374403
18.9750428777188
16.4741575252265
25.0668595312163
25.3198862774298
16.7140612844378
28.0341915320605
27.0648689422767
23.9231198868381
26.310294889845
22.2901474684477
16.8305846922468
22.5960733368993
19.8078259360045
27.7311607729644
23.8918616436422
24.1805870020683
20.6187473377213
31.7222578683868
24.8800221597776
14.579929294996
17.3926777206361
36.108447422967
27.0683903988449
33.5197113687173
27.7005146257579
22.6567773846909
33.8301309617236
23.950561741367
26.1067309649661
21.2119959294796
24.8325944179669
9.5666930028424
22.6936878636479
27.736606891267
24.7277656600989
25.6185645936057
27.825220907107
25.1975074396184
32.9289560439065
24.3699487997219
22.6751032749612
20.1164902460667
39.2798058667636
31.3669309020042
23.44783868175
22.7741623297334
26.485597784631
28.6634261487052
24.0990625694394
23.7519239773974
18.3968377299607
32.6433306094259
29.312318447046
30.0861944677308
14.1879971604794
26.8142575398088
20.4616725211963
22.4696757039055
19.9095094832463
29.7146865166724
24.2677526082844
27.1441945340484
19.7203248972073
20.2663350327201
17.3054568408985
25.7905043428764
28.6175342043862
19.2467013373971
21.5354338521138
16.8775003089026
23.7100225175557
21.1097230669111
33.0678090220317
20.0964067829773
12.3656168580055
20.0847377767786
21.8284374699633
31.2751372810453
32.242227322422
12.5231392448768
20.2866294654086
22.7521685417742
31.8642930593342
28.547664755024
21.1735837182347
26.9980781245977
19.4550737040117
38.2894690989956
9.49849746046256
26.3186822179705
21.1535475533278
36.4915525519705
35.8727985152626
18.6383552163636
23.9261488663033
29.2586932890117
25.4644046770409
18.1303153280169
18.1522838072851
26.4337840419638
32.0264682567613
22.7892022347078
15.4428656312122
14.593110862188
15.1859284265984
31.4641859382391
28.0745546333492
23.9569158526137
24.6675210847839
9.52247586101294
19.621892035523
14.7742924280465
31.7851201863959
24.9363158363849
31.7310072015971
29.6820668270811
17.3987629244779
36.1576619932236
31.7097480641678
18.2230986887589
26.798821054399
23.2347148703411
31.2916656723246
28.8667717482895
10.3451781906188
23.7619944149628
18.611168069765
30.0643302500248
26.8030945825108
25.6127992644906
10.532436799258
20.5410234164447
24.5987644197537
24.0286743734032
36.4491895751512
26.9618910970166
30.9826896525919
19.7480035247281
21.7342229560018
21.0389665560797
17.7357605891302
25.9687549900264
27.1466551115736
28.5181060325012
29.555100412108
30.2050155587494
15.9613987198099
23.5815850785002
33.5654519498348
29.8928294330835
26.9495588028803
22.5576110417023
17.949885991402
31.4088786253706
18.4488736562439
32.2044194210321
11.6769367596135
31.9626722950488
29.2236624518409
28.4857395803556
33.1882369704545
24.5504068443552
25.9157573338598
33.4855472436175
15.3825440102665
27.8735373634845
25.8593102684245
18.9720455789939
18.7231711344793
27.0237032324076
28.6874533292921
31.0307390755042
21.2341897888109
29.0894602658227
18.9317825715989
21.8987930174235
11.5995805956144
29.0799099719152
19.7114816841541
32.1413752390072
16.1318241058286
28.4896548371762
17.6770633622195
19.0539985196665
14.9155176244676
20.8213835489005
24.4820817140862
31.5040696877986
35.0969252181298
31.8698685178403
30.3203198127449
29.9210767028853
24.3244425480154
31.4670617226511
18.4813493982305
26.935047772713
26.5726498585249
29.5246622059494
16.6698861634359
13.0386609816924
26.8452727003023
23.1651451176181
35.8252562129329
21.8962316634133
21.8204186763614
14.3344040494412
33.6287654470652
24.9726907582954
26.2282856041566
24.4344099191949
17.9672933416441
28.4431555862696
16.3545770570636
32.960122381337
18.1835455121472
8.65279522258788
13.0593423498794
29.4671662149567
29.7033541370183
12.0881620096043
26.3515876373276
34.7266750646407
23.072599247098
12.690247250056
37.1325048811004
9.1249740780645
20.6973707303405
30.5198049871251
22.3018278833479
26.1806909926236
30.0376305822283
34.1723712394014
18.4338940540329
21.8222003405081
23.8748039351776
13.2792343306261
14.7349323146045
30.7548918761313
19.9225008487701
25.3700569272041
25.0955550232902
32.8972498653457
22.524482011795
31.0894032474607
32.4467393802479
20.4713024897501
29.9998993752524
37.6913556342429
23.4663642011583
26.036619375638
32.7239361824468
18.2028284024429
32.9454661346972
16.6840290068059
21.1680790176615
28.7662657909095
20.4988583689556
25.812218664214
27.3729049135
19.0788295585662
30.3860530024394
23.2463944703341
30.2437278442085
27.6849532267079
29.0141693083569
30.3810031851754
19.3472805971261
8.26440586242825
34.1555140214041
31.9861518917605
30.9617660474032
15.1671967934817
30.9921294916421
31.9713941775262
21.2612132785742
26.6608299949459
33.7260932661593
19.4302956340834
24.2188908392563
24.9540701508522
22.5126874167472
24.7151340357959
25.2395522037453
30.3021302679554
17.3876511337864
22.1548239467666
11.5276914221145
26.3925357954577
12.2336388332769
20.4682166920975
18.222899409011
19.8272893670946
20.6585843040075
14.1652591397411
39.7747581318221
22.1185002475977
22.5921381497756
24.8473801184446
21.9726645262619
19.5565304486081
30.4107147268951
9.34042311432709
23.5384383704513
16.0018260125071
21.738705487034
35.961006571445
22.4394066986037
17.8011195734143
24.6969516854733
19.4235207047313
32.6282978523523
22.5566561799496
26.3193165650591
16.3872143952176
15.5155093409121
29.7769382130355
28.6473712185398
24.5589445577934
29.8107972368598
17.9625037359074
20.4209944289149
31.5391361247748
28.2528007635847
25.5253119161353
22.8367183310032
27.7665081899613
31.3026815652847
32.4826545780525
31.1305912444368
16.3733694702387
33.1402711570263
20.804238253778
25.1731097698212
13.075151713565
17.1383817688764
32.7548263594508
14.2139654839411
31.0576000018045
33.0232249572873
26.5233604470268
28.0641308985651
25.3718480700627
18.2170146610588
30.497750922659
15.090259979479
18.1730774696916
15.2027477975935
22.7180717512965
30.542968516238
22.4024381721392
24.0430881269276
18.8094729557633
18.4895831160247
30.1884861895815
35.5109362811739
14.7449271042435
16.3031495409086
22.0307406270877
31.89545806963
19.0841007840055
32.5382766546682
36.7007485104209
21.1463485844433
30.4716110462323
33.7795229628682
16.4620334804483
22.3146259551868
27.6787737724452
16.3320345105603
26.7766073811799
25.4861561348662
16.9742196565494
19.9255781015381
32.2170932777226
27.3949132300913
22.5725508684262
36.9100831426391
24.1620425134897
26.4717814978212
29.6460777753964
26.4018385205418
37.0662223526693
23.8922211514223
16.8444328777755
16.6135046631098
25.3644456155598
24.4396895868704
18.9360131742433
21.578655115749
33.1405662465841
22.2080183913931
32.4367987224832
25.2736067166552
30.3124750265852
21.751311654225
31.0800891369581
25.2510530874133
10.358549002558
27.5523154530674
23.4552282141522
15.1783828609248
27.1997353527695
22.8927847140208
33.1215363228694
31.9759305352181
22.6031702244654
29.9033730057999
7.07377118524164
40.585855252803
23.630912322551
27.2221480729058
14.326145243831
18.234411184676
25.3000523429364
29.5309457927942
18.7398997833952
25.2953784768146
23.7404235173017
21.5431054483759
11.7940074531361
23.4782950021327
26.2290466576815
25.6828908808529
16.1654245341197
11.8118507321924
19.5614580530673
20.0635246699676
31.1525223311037
21.0362829737567
33.7096808943897
27.2872604662552
25.8443179307505
27.767592901364
18.164125434123
30.6083980023373
37.5677207366608
28.2509995158762
21.842717891559
28.7747651571408
18.3622258948162
25.2320167650373
28.6605319473892
24.0884906845167
23.5164634650573
21.3486410677433
20.5320343142375
28.0733571620658
26.4216940151528
36.7107250476079
17.1614279039204
20.6915776710957
21.2369789369404
33.4152148338035
22.7446527240378
33.1546638160944
33.3962872391567
23.1739007144549
17.5530067842465
23.7018445739523
29.8686616355553
25.2002279972658
10.9377804395201
25.0646433094516
30.8659039670601
23.3046892331913
35.8780172512466
21.3630917016417
31.0108407633379
34.9905948133624
14.7111145313829
24.5771373156458
26.3581923674792
31.5203677630052
27.9436476528645
23.7980910394853
24.790397239849
20.8246797090396
20.8347654901445
29.6641057124361
19.5674644783139
23.9479076815769
15.2130148961159
28.1209416889472
22.0576149178669
25.1807908061892
21.5308013139293
35.8742651974267
19.2073051584885
27.6438822287201
28.0703513883054
15.0333972021143
26.8457058817148
21.0428529777779
14.4453345400035
9.88427752163261
26.9928888358891
27.801997680217
32.2688721353188
16.2617223570123
26.8046712502837
34.1399673605338
25.2369676811132
16.8635177454008
22.4048507632688
16.742527903989
25.7355341920629
21.2976933456957
7.25664998111128
22.5221302360296
28.358207992278
30.2957362029701
30.3661491954699
27.9751698486507
33.0423706909642
25.825118785724
27.4224425433204
20.7449486311353
19.5239661109808
14.0723297838122
32.1813911665231
34.5854821614921
15.3878557030112
38.8615643584585
36.4339937900609
31.9960471941158
21.3194269686937
19.9293240904808
19.3548807641491
24.5621849973418
28.0173297040164
29.5607869746163
33.8350555626675
26.2453822665133
24.3205211358145
31.3512856606394
22.2846152959391
21.2499344615411
41.0755730213082
31.7302964394912
29.8231515329282
30.8310877298936
33.8605422759429
24.9911742517725
10.3826002683594
24.5903457282111
22.0334484936151
14.862459213228
23.8381162984297
30.4505052277818
32.0750883314759
29.6803950332105
23.8996471140022
31.3006521901116
27.3368318099529
22.157525178045
17.5230763386935
26.4766241889447
25.4169626859948
24.6608354151249
21.3360201559054
15.7082173507661
16.7207054095343
25.3062328085732
39.7795893237651
21.1771813454106
29.7786228358746
35.4538883061564
19.8581176344305
32.9899315256625
19.4801518926397
12.8510274810235
25.0827614217997
23.6522415652871
21.4942865431975
20.0379171641544
14.0735659981146
19.8939900612459
29.5022937469184
30.917457328178
20.1251514967038
28.8359629455954
22.7492605568841
28.1686058733612
25.5414426046971
28.1163347885013
12.9699607612565
18.7070642365143
16.7702872953254
11.2632119763767
25.9474093327299
16.7811069870368
24.9526627594605
29.8118078871774
24.0208358038217
28.6342822713777
17.28755524382
24.1187324980274
20.0867954874411
35.6632931602603
24.6638427255675
10.6520970119163
22.1101779208765
38.159443364792
19.3611700087786
30.4842517478392
24.0850989473984
24.534512986429
24.8723347738213
17.5659428117797
20.8795213606209
31.0543118976057
24.5796378469095
22.0556755317375
22.8775506140664
29.7067284118384
29.4168680304418
29.3569933390245
25.2414248418063
25.7228228496388
13.674499746412
25.5607974715531
22.7633699787812
24.2868191795424
23.3065587002784
19.414679845795
10.4132546344772
24.0498596336693
31.7978895967826
9.37992313411087
25.8999270619825
27.4936793604866
24.4704908225685
18.065752601251
32.1520318510011
27.4501141298763
15.1348630296336
32.5746746268123
26.3128071427849
20.4250450944528
25.2561448141932
26.5797567320988
29.898481676355
16.0319056827575
19.4521324300241
24.9047156656161
31.5880898619071
30.435679666698
26.6886204946786
24.174387483598
17.5155435688794
27.6878366712481
10.2517939172685
23.5051468014717
23.5616704914719
28.5777221433818
15.6877544339702
28.9523524465039
25.2710606437176
17.0595309697092
