"x"
4.44165942026302
4.20596982585266
3.00899053740752
6.05617632390931
7.12394058491473
0.521615727933645
1.20342136360705
4.93426853790879
1.52202969589544
4.39522179389531
7.38904433092102
1.15127145545557
5.36927001085132
1.81392008671537
2.0768650341779
3.66397712990859
9.20118712820113
3.64079835126176
5.98277080571279
8.21776527445763
2.88868902716786
9.35636284993961
2.88321719267083
1.33993073799792
5.4568312995779
3.56654318626066
9.61388674331829
7.09887404227629
3.81033642080801
4.51492314459756
1.22180543091464
3.37563285138458
4.09102016120164
0.644172169268131
5.23497617105022
2.49680336564779
0.429955897581834
5.41178839688508
4.63398285052926
3.47842661431059
3.32485075237472
0.174903054958664
0.217066962229343
5.29319659108296
10.2759249391966
8.29169620992616
1.56176676973701
1.2538228998892
3.56797869317234
0.939014088362455
6.36735209263861
2.71375123411417
5.81234510755166
7.38124324707314
4.34670229442418
4.73950485466048
4.80382124462665
2.74139401976179
7.61044063838199
1.51290243957192
3.6091405316256
7.5939059490338
0.168952555395663
7.46977482922375
4.07402905402705
2.26314521400983
2.38994707514861
0.235626741778105
3.20715919411685
5.98669286679663
5.38715325528756
3.47479373831625
1.29832393722609
0.0384662051911927
8.36198568224083
6.53417760040611
3.85490463914082
6.30436151986942
4.07987694060528
3.38282741140574
1.48209633951849
2.39849420031533
2.13990563061088
6.40416890382767
2.23348716500971
6.67215339877114
3.50654923822731
6.74370478373021
5.13609000828476
2.27071188492498
3.15450240302795
3.09398021974987
3.86543328204077
2.5581703404896
2.67983660239336
2.46820027241483
0.184346099262198
5.80127229914069
3.02597408793649
2.8249840747807
7.27186544415894
3.55109683005139
3.43864547321573
1.46268567768857
5.00027259392942
8.46864763154425
4.79775187559426
2.05140433359867
1.83244403451681
2.46474675466845
3.92928119981661
5.98973933374509
2.04249539594507
4.07478888282255
5.05038965493441
8.05770350184238
5.90820352081209
2.202588760435
1.37474124986049
3.55201724852333
5.52832026733086
2.04556200187653
1.50754535570741
9.1640808198748
11.1535333213396
1.41709324433322
0.472320330873125
9.28652405927528
3.11493369517848
5.07457714993507
3.31816871184856
1.4165324000736
0.885539583396167
5.41915131809619
6.36838169302791
3.610490770891
3.56544040841982
8.17867402220145
2.28400796186179
2.34343633537994
4.54583328682929
5.32423864590981
1.30409363191575
5.27789788320661
5.24098303867504
4.53100320883095
3.89684834517539
6.99717922834679
6.55197280992073
0.940059900380123
4.77553141536191
3.91055472427979
4.55266559729353
3.03722145035863
1.08627612671012
7.35607956303284
1.00538335061987
1.38809762429446
3.95537986187264
3.56512928031935
9.97910848783284
3.34971550687683
3.22385742329061
9.93170844717768
5.84998076083139
5.03655202818804
4.10869858460501
2.87701424676925
0.889821909368038
3.46936394588138
5.2745189774111
4.99883216107264
5.35878066439182
4.32943342020735
2.33170298160985
6.28830592607205
9.19039391200088
0.485600740648806
10.3360893437639
2.58839054731652
4.59949498763308
9.54117329092696
3.11146372696385
2.77670648647472
0.236617808695883
3.54048045119271
4.96072672540322
4.3968733982183
4.09643513034121
0.340622957439263
6.41131760785356
1.14285635063425
4.67528637726748
1.2666082708165
5.48422650899738
0.12555323773995
3.02593539236113
5.29970943462104
12.6757230143994
4.9397409655413
10.4851475683972
3.52604879599566
5.37205132422969
1.78496150765568
7.86522745620459
4.43800151749922
3.34142971651116
2.05255056891393
3.01915161544457
2.70440727472305
1.45313385569616
1.86601898577175
6.91351214190945
1.36985136993347
7.01614347053692
5.5077977306716
6.81678484376446
3.57469894800332
1.30925509842142
5.85007439333257
2.00538480007195
2.3364859749563
7.67125784186646
6.73213003901765
2.86589232709308
3.09035301910264
4.69976464077157
2.82757004988589
9.79631023674314
4.68978989446807
0.813982113239112
7.7235130011104
0.165006419432794
6.45737360564536
1.7027757154116
2.79314881292819
9.05767225194722
7.53176204161718
7.37563200123234
3.87933583697304
0.891930617343614
6.98049211641774
8.52940483018756
4.26637429379718
4.46226842195388
3.38590240571648
5.53164088415761
3.40547180301807
2.15965420939028
5.094273108989
5.99029594025119
3.21452997159213
4.13741382760076
0.496517088944526
0.908878775943795
1.14132123999298
4.54692434286699
2.46192617341876
4.67408989788964
4.20544487424195
2.2146858846953
5.01933854712672
7.14039370650426
9.4567449297756
7.57706084987149
4.82829913694316
7.05267362266452
2.5136675306642
6.92408655304462
6.2538629544677
1.54509361771627
6.01990920869754
1.78947365141128
6.84030974516645
4.56342747202143
5.43259268160909
4.528069391381
2.20797134749289
1.42573418051966
7.34633625252172
4.36309195356444
1.1698359985303
6.07227995060384
8.58993823264372
3.1509997555986
2.39504797118002
4.90091014653444
6.60779570462182
3.25544851548525
4.28296989994124
4.91612463590899
4.90133732091635
5.08604551434202
2.18649838352576
2.348159160465
4.16936588007957
9.00242913048714
2.70493698772043
2.77812817897872
2.96336834404623
2.44264870416373
3.69890034561736
2.87722162160233
2.37454686155247
7.35168469836935
2.18244383577257
2.48248066054657
1.67024759562984
4.24907300266538
6.31811232306063
5.70198625791818
0.415712792676255
7.26869212522866
2.4525796645321
0.884292204864323
3.61827001906931
4.51421006582677
5.40396355791017
7.42108452959255
4.10112795652822
3.51569212591523
6.26587488222867
4.08097257604823
2.7699644328095
4.78914452251047
1.49347751152665
1.64890509331599
5.57545298532137
5.07594523951411
3.94566206960008
9.79324702639133
3.19487830376209
2.58414170239121
3.49825683606718
3.10772167285904
3.17846564376527
1.74913093161905
1.09372505685315
3.44109790275538
6.08246247796105
1.12097926903516
5.49902798836037
2.10761175175791
0.123921316117048
5.548919544951
2.9571904335171
5.78271184349433
4.96232378791243
5.10250988882035
5.10671446099877
4.31097324000615
5.56951556354761
4.02080073468233
0.645317998714745
4.24837793778389
6.7206697013445
1.75876044668257
0.00249059200116221
5.40993403410539
4.39931241416645
2.53579044947401
0.537067255936563
3.78199785892596
5.80156196374446
4.20438218861818
5.48953426769003
0.407211644925383
3.76521063031479
3.40054145781323
4.3446397235057
3.07326151523739
5.70860686711967
4.46483076084405
1.2936556362547
2.85322067708314
5.10988966561854
2.87608256392516
6.80808540200815
5.11683737194278
6.01743314182386
2.27786830480237
4.29165053647012
4.26485280040652
9.28196221357211
3.03756900750546
4.89102073977405
0.541518701053761
2.97201232639161
2.54719652002677
1.56659800559282
1.56981442123652
4.54094462329522
0.439029109947311
2.44387177845524
1.06584551976994
6.54590034391731
2.59387370897457
0.102718121616088
1.87340572010726
9.48550427565351
4.79719573595829
3.93724432215095
0.259901621595044
0.726553017739207
3.55847013479391
1.17617680225521
2.82574148150161
4.46271080089052
0.375185196753591
1.41076047355648
6.11608912335015
5.21642033709213
1.54510424094342
1.7193659644574
6.37579821963078
1.49905679975922
5.61983491187032
3.80746378796175
8.9268711578686
4.99917378186211
3.88523225001492
7.28465387364849
9.78057589381933
3.72891924139532
0.054563573616277
2.33683614815995
1.55938034877181
4.43183704046533
6.44557173286215
2.43636744688023
3.50643914579107
2.30413536563393
10.0245778326043
3.29557183921003
8.50104445125908
10.3462434257381
3.36218470474705
4.41971125546843
4.37600498522407
1.69637889863879
1.6845070731354
1.56054547076711
1.567287533544
7.20301292603835
9.98063911683857
1.70813314644167
5.08520238799974
5.54501761707904
1.98726215958863
4.11016420903798
1.21074487621305
6.34996630251408
1.0350952274166
2.100906070607
0.265481430297157
2.21813174407128
1.27391545462941
2.09801817878689
2.61809387011454
7.56851113401353
0.939531694166362
4.92020686411311
5.31164879212156
5.55005606886947
1.45519312936813
6.84949388960376
3.78592456690967
1.84359111590311
2.50761047936976
3.37710080202669
2.93590484652668
6.20762484613806
8.27953293919563
1.26977269537747
4.17179797807768
3.08077775132779
0.410177619280595
1.78481710609049
4.31610277155414
2.31477875794641
5.62123777901579
0.62911018030718
5.96247919144782
8.57014030916616
5.20295748719946
5.80962341045961
0.0606480636633933
3.45053804339841
6.11217411933467
4.38263874966651
0.980921524270125
0.211097975261509
3.21092426311225
7.65094863018021
2.16497506821343
4.98993390938267
0.831745949108154
3.34978912724182
2.45153035502881
5.00239174013348
