"x"
58.5499472758665
27.4678450077772
18.6746595645712
53.5666566342115
42.5320561043918
51.6952330712229
53.8231616839767
34.9651340395212
19.583155028522
66.198635706678
35.2124380413443
38.1584251765162
48.5707255080342
40.9995025816113
46.2150637526065
47.9076887015253
47.3319728393108
58.4920141845942
48.6806268803775
45.9732912480831
75.1234758603287
50.5786214955151
59.0820609389972
37.5630047172308
32.7531877406873
45.9303696867253
31.6973518114537
36.3851942019351
24.6003484708192
53.746724082157
8.3384738303721
65.1538219768554
40.8695424441248
56.8007784429938
59.9250993691385
58.4468336310238
35.3173533645858
43.075383361429
54.3630299624056
70.9091837734569
57.1109666023403
30.057844845743
49.2286026477814
48.8124457653612
60.3245290389334
30.256933369829
58.1786431372166
44.7144194506109
61.0347656998783
38.3565808646381
50.5999122280627
54.5599263627082
42.1066351700574
52.6318376326688
41.5333344601095
56.9094584323466
49.1839870810509
39.5318632014096
46.4895865147454
53.9554375223815
39.0233921352774
46.0021901410073
62.7727622631937
67.84439207986
60.6135449837893
62.2745756991208
54.4858558778769
49.857471883297
51.380427647382
50.3458188381046
42.6623235731523
53.6147606559098
67.4493253231049
40.9242731984705
61.7619056720287
36.2461341544986
45.1956460252404
41.270211385563
60.3124465793371
38.7334518726139
64.6637021563947
62.4740354251117
43.0494353175163
39.275169884786
49.2294389754534
39.2503006383777
27.8346254490316
62.0578498579562
56.0491060372442
54.2836056556553
33.4167724475265
40.3011649847031
48.1562751345336
48.0831236112863
42.0962059870362
29.8492524307221
57.1172204135732
63.4986955672503
52.7369412517852
13.6595648978395
37.8856572322547
52.711922628805
42.9896214045584
45.2378417755114
64.0289127826691
45.7646994385868
41.6188854724169
46.7494823969901
16.2292818073183
45.1862227171659
58.7657010182738
56.4757353626192
55.9003219008446
56.5612281206995
37.0454414747655
66.9481972232461
49.8865344095975
54.7275238670409
48.987854225561
46.6105767060071
50.105828884989
56.0789361130446
59.4880564603955
59.9213277455419
59.2318470124155
55.8455479796976
39.3186685163528
37.8673344908699
62.8677505534142
38.7721049102317
61.9050694163889
35.643945629212
46.3620630092919
47.1062928428248
57.2356556542218
48.1285117100924
62.5926277134567
51.605383399874
42.3978866203231
53.0343173537403
44.1122640389949
45.8050493150949
52.6032499969006
65.6499959994107
54.4076354708523
58.8371148798615
69.2855636123568
62.1128068771213
57.089427113533
56.430760351941
33.7825892493129
33.3044490311295
38.884411279084
39.9263445753604
37.0932572055608
35.0384322926402
25.0834546517581
52.9047024436295
34.4617450144142
54.5774707105011
37.2574184101553
52.9695995151997
51.7406597267836
53.0224601738155
50.2453295048326
69.9562734882248
48.4193664509803
56.4550214447081
50.7702255621552
29.2346813875479
45.4106170218438
22.586964953628
50.4310633521527
48.5722754493875
68.4451053384691
56.0381027404219
44.1272877622396
46.9743723089972
46.1039977613837
32.0578675717115
67.5197717733681
57.917710300535
69.3264960269344
68.0649250745773
34.4918888993561
30.0392748322338
63.9557642862201
44.7316746693105
58.2786989863962
45.6658585125188
53.2652243971825
28.1737492885441
56.8739376962185
63.5281762573868
61.9201159570366
31.0296168085188
65.7263360917568
56.2182512134314
33.2648971118033
59.3736541923136
47.6777489297092
56.9261717610061
59.4330008141696
41.3435334805399
51.062016794458
69.0135294571519
37.0991411857996
44.3662728648633
40.8123068045825
62.8470649477094
63.8453787192702
31.1920079402626
61.3082975149155
46.0796381346881
53.7505359388888
80.0845308187318
39.0253462162535
37.1694019916648
56.2282219529152
45.3063822351396
43.9333076908762
52.4531066883355
38.6025507934391
25.9528377636201
34.4675691723848
45.8686984609812
68.8180253375322
79.9943895968509
49.2040273267776
60.640361905098
51.0853797197342
46.3398189749569
42.3594162799418
63.3974705357105
34.2762938700616
31.9566276513749
30.5676192045212
54.9042005091906
56.4727194141597
39.8915579076856
43.7030887231231
41.5809056785934
51.2786285020411
57.09139239043
53.4260891377926
39.8341968655586
57.4952499940991
35.5041269678622
50.1918394118547
47.8675615042448
43.764839479244
49.8144830111414
55.5449682753533
63.9591657556593
49.244438815726
69.1287480760366
27.6715953834355
51.0139117948711
38.4673417080194
39.9444765758462
54.0870842989534
53.1696090175815
52.6366072706878
50.5285581644696
42.840618500486
30.8998342137784
56.8159366703046
36.0869787597542
49.6503569163174
28.6508519202471
27.2112687584013
57.8883619979024
62.3171407263726
68.0573930032551
54.4074129313231
32.405746076256
48.1436113361269
59.8441681358963
72.6001289216716
47.5725467316806
46.1005819030106
55.9415687806904
39.7340123075992
41.5012029419874
52.6615456677973
62.2311845887452
54.9769578035921
49.4733958970755
43.8382483553141
59.4455989077687
85.1488509173405
65.5528519302607
42.9291707929224
54.9979115325186
54.2290131095797
47.0858580432832
41.8607028201222
48.8356471061707
43.6927843373269
50.4180848489944
65.2598651126027
23.9648736547679
37.5074307434261
67.6264768000692
36.206327799664
31.0073839500546
61.4026706665754
49.9274573754519
64.0025878325105
34.3731093686074
48.0051620863378
52.4811489041895
42.4984625417587
55.1806374453008
68.0178736802191
65.3942318633199
40.0551192928106
63.0724899936467
70.1673835473967
39.3362915143371
55.3789652418345
52.852301672101
21.7581295408309
48.5738132148981
50.223392015323
53.0769549310207
55.59794427827
41.7144712526351
39.9511250667274
33.8383817579597
67.8237650543451
57.661841576919
53.2772890292108
33.6993718985468
55.3130473010242
62.3641157057136
62.2453921940178
27.0997282583266
58.0648850183934
67.844674224034
34.5113175019086
62.0617787402855
49.3217569310218
58.0630443524569
34.6300493052891
36.5325174760073
55.9316827449948
56.2989735975862
38.1964612752199
29.3435534462333
36.0358350180023
44.1863424610347
58.6404419504106
67.9959598463029
45.198834920302
58.0983250401914
37.3476508073509
58.1102519761771
63.1072707939893
33.9956211587927
74.7897001417575
49.0464396309108
53.8922603707761
48.7454126123339
46.2221000343561
53.7447130290596
64.9186281021684
45.5902134999633
52.3660794366151
36.2527017947286
51.2247669976205
52.4753593839705
50.9985151700675
29.7215960454196
61.4819992333651
53.7419866770506
57.2877277620137
36.3803694024682
47.6382667296238
56.3301604241133
51.7950403578416
55.6635174900293
61.1605574842542
48.3320484317888
45.761828077957
44.2902956157923
48.0998251587152
46.0540900575133
45.5789522267878
48.8887993153185
60.254620667547
38.3799492992539
42.6303246054732
46.271352050826
34.7058199227551
65.0303134694695
68.9706566277891
30.6987786665559
45.5463915597647
61.1370392609388
61.7775278165936
66.4841237012297
44.5365870837122
83.116967039849
49.1683622822165
38.065590756014
71.5265733287618
63.5117731522769
38.3342266082764
53.7270345725119
36.216643685475
61.2543777626604
49.6277658734471
51.8134798388928
52.1131834946573
52.9262132477015
46.4321275707334
55.9350944124162
43.9707648428053
62.9925491288304
50.2060313243419
53.9144121309831
71.6577238581632
46.7643259725108
68.2850756216794
69.5363785098207
22.6937346626073
46.1944019482611
67.1523358207196
29.2822545859963
63.2895988412201
58.5234371013939
27.5117334629469
73.5280204217068
28.6474488380432
51.3159761205316
58.2537222187966
55.1207326818258
48.2554977555549
46.0782350506634
44.6280735079199
29.4358492399008
43.0944228086852
54.579362552613
52.1028344519436
44.5996193215251
51.0959305800498
42.0678750611842
48.7460526637733
48.4368329867721
51.7228925795688
46.7750252690166
39.8064151406288
31.5519496239327
66.4266048930585
62.4048150610179
22.5777390540585
42.8343827836215
56.676202872768
50.6182571873069
46.1629587613589
56.3116138335317
58.6949262302369
45.9084746224889
52.2182342596352
50.5407916381955
44.5035138633102
57.9447089228779
50.5448680371046
39.5196524448693
63.7602543924004
34.8249949980527
51.7605123110116
73.9919995866759
44.3392950905748
59.9439526442438
41.388895874843
57.3709592688829
35.1158714853227
53.9400399662554
33.8540923214957
34.0577505994588
46.3668256998062
67.062612157315
65.5539969448
53.6582353524864
34.9006587363803
51.0736523196101
54.4251620769501
32.3285844177008
51.5924098901451
47.6331104524434
49.3512719403952
44.4660925579824
45.8108041901141
52.5565355084836
30.2079870831221
21.1814440321177
51.574149960652
60.1721797138453
40.6170160975307
52.3175715468824
42.2911753412336
46.3315462227911
62.1260441374034
38.5586053672761
62.4897170811892
43.8424444757402
46.4729756582528
39.6386024076492
32.6906079892069
41.0603328142315
53.5918517038226
34.901703055948
47.8026442229748
46.972939837724
42.2422627738956
36.758090229705
65.6722625717521
43.7221771638854
60.578455356881
61.479585012421
16.127778403461
56.1648520175368
60.5977241465658
67.9680868051946
50.7542855571955
64.5247031003237
76.0417596395028
21.8504362739623
55.2420901600271
23.1281497981399
53.093625837937
66.5397264994681
46.2789512239397
55.5912057403475
40.9202750306576
48.0064975742639
36.5732963196933
33.6364942059785
65.6408756971359
48.9454042166471
47.4442627280951
61.436680611223
77.6941165286017
57.860304415226
26.4379673171788
36.7893001002083
70.7187575893629
59.7789642866701
47.7331551257521
59.4752706258697
60.3905217256397
57.1293782442808
47.7202012203634
75.7878628570487
56.9520254153758
51.0615307837725
46.0876769386232
27.4438075721264
35.8534043654799
71.8434748197806
37.3278107132551
66.7944902554154
45.3734437469393
71.3124389718187
54.7159433364868
41.8049939442426
77.6417955193117
22.5886234547943
51.9291814882308
38.0812442606555
54.8441271297634
56.1076450197107
67.5669407472014
56.0029658023268
44.6927586570382
41.9146698036933
49.6744004078209
54.7616665717214
51.0011765640229
36.8717127013952
49.8496892862022
53.755470039323
46.773819765076
65.4413335956633
46.0532846394926
28.8494669843096
64.0753487125039
34.2804776245362
52.511142892763
52.9135484289221
69.5687117944372
51.138749346137
19.4234663620591
61.1285127699375
68.2246117852628
72.8849636164566
56.1673677060753
24.6068082284182
44.4860184099525
46.0272298660129
42.4934823997319
31.133566563949
71.6005893382144
36.2256500869989
21.9408854872237
57.4623748491581
52.6193156838417
30.6667136126324
52.4661546573043
41.4110657759011
46.7230462003499
37.9309434443712
38.9710927382112
55.5560845881701
36.3780993502587
46.5037281159312
61.0136847271248
73.0179660911572
25.9984069038182
31.9028172641993
67.8607992827892
57.2979545220733
22.2018320341327
59.7170122899115
26.2310944173658
39.4742183852941
39.4616966601461
48.6348524625521
33.7979012168944
42.2515091210591
43.5478392988443
18.548873718828
48.0519818607718
44.4543537218124
35.238820919767
38.951377524063
49.6286340523511
62.966183712706
30.0060103647411
45.8298545270826
23.325893515721
42.2082200180739
44.2087003029883
64.8673802148551
57.8105126041919
50.4594561643898
74.842359028281
33.5892398967948
73.3901331159187
65.7888634130359
53.7561063189059
46.4942174963653
52.6061068754643
49.5638858061284
53.0432176310569
31.9945330365144
58.3925971295685
46.6947640758008
41.7977369390428
67.7630606573075
42.913233069703
39.2632022500038
46.6449764557183
47.2054353915155
58.8277567643672
42.6721475087106
65.1234128046781
60.5814713984728
37.6716452703611
49.7174937743694
55.6669051293284
39.3526890315115
55.7205220684409
43.0561000015587
54.0119868703187
43.5249221511185
61.8475100956857
44.4182352162898
48.6600767355412
51.8601762130857
67.1434519812465
31.0811117757112
33.6865395307541
33.4070869996935
64.9710434488952
56.4010242931545
43.9146266318858
62.1552646625787
43.3794863056391
51.7318035010248
49.3317880667746
48.5253842081875
66.998602449894
64.9320821743459
48.3253515325487
47.9761841706932
43.3238066947071
49.0509691355576
50.5347520578653
30.9629146941006
45.8746172487736
50.7874712813646
50.6024049129337
54.317260440439
51.9059710204601
39.4075866322964
41.8300753150838
61.6775990463793
81.1887115692051
35.8963785693049
56.5313071478158
39.9292810820043
55.271400231868
52.7409038040787
44.9817103333771
54.9581618979573
29.8057968728244
38.9297869756499
20.2221902552992
47.3767804913223
39.685574406758
53.9952555205673
37.8085528966039
60.7761902734637
41.9496825896204
63.8608609791845
43.2639203500003
34.0803151018918
57.179826265201
46.3153881020844
48.8766694441438
63.4780825581402
57.3400701396167
50.5004543811083
60.5959723703563
73.8572819116426
43.7987425364554
59.2522644525642
49.8456705361605
41.3285620978022
46.2207219097763
49.8596159275621
46.2945142760873
49.5782586280257
41.281210957095
55.2081669215113
26.9081596285105
47.7398472838104
48.0026787157515
39.7287899311169
76.8680253024113
45.6250600591064
53.3222866244614
59.9603542126715
49.9053967185318
39.6718091797084
45.8163657641012
43.5745839029551
59.1584383975714
33.0870717298239
46.6977764386684
58.0255121458322
39.3204480886005
52.6719154790044
41.9500085074124
39.5677533000708
39.1545135388326
40.2562687173486
34.4142719637603
55.624540662393
65.0955080986023
48.2179988175631
53.0705029144883
35.6940203811973
49.2736172862351
43.6778149101883
35.757906967774
55.8329651132226
63.3394947275519
47.4650849360263
51.1559301964627
48.5120754223317
48.3965471852571
36.6784052923322
33.5657173767686
66.1987161263824
27.321032108739
37.5435194931924
47.7366760373116
32.0031045004725
37.4991110060364
51.6965175717406
48.8563818857074
32.8388093039393
50.6868596188724
44.4275252001411
34.7930499818176
46.0206137504429
46.5686329640448
57.0743401534855
48.9841213915497
71.6324263917401
62.9409877117723
31.9344580697154
66.2413017824292
34.4912947621197
59.3063094653189
56.9654367864132
64.4248791970313
35.93162111938
50.4599774256349
56.1432811897248
41.6189032606781
36.9731419653514
32.4911570176482
54.7422270052931
53.3997770864516
39.5466765854508
76.8799172672343
54.6609899029136
46.2599202524871
57.8857467509806
29.6341360546649
30.209653029099
54.9801588989794
70.4759410540474
46.7511588707566
55.179238424285
44.8746749199927
44.6796154603362
43.4050233103335
51.1944351252168
41.0236848714364
34.9003155653936
56.6710408311337
51.946509629488
38.4481887789462
56.0345648787916
45.9467788226902
21.0533822420985
39.3065548764045
69.0274399705231
48.5546832561287
47.5716905898917
54.9772244878113
41.5070927236229
65.6904892995954
44.9288418050855
50.5280589219183
56.7984795197845
47.4856254179031
24.6817220518299
57.0693032816052
33.8021807838231
50.1961163710803
59.3321638181806
17.7738051395863
20.1675112824887
37.5573481256877
50.1164928544313
45.0857169460505
42.728001344949
57.2659095749259
29.935769933357
61.2081696745008
56.5388310234994
43.5638249386102
27.7344345115125
49.0091241430491
60.4214190039784
75.3786490256798
43.3325306512415
61.9472825434059
66.7543535586447
48.9350012969226
32.2477416135371
45.6330818124115
26.8290766049176
49.008239086535
27.8673099097302
35.946363536641
36.5868335124105
48.9858426619321
61.1842660233378
59.943979253177
38.9235430862755
38.5350244585425
52.2017368115485
54.5244044826761
56.0334770474583
72.208143487097
56.0054077433615
38.0365090910345
32.5006053783
39.8065128363669
31.9976565154428
49.897154422095
42.7231281995773
65.2617488522083
17.4323718994856
46.6678135562688
12.7636551856995
52.7409994509071
52.8781918343157
33.575439453125
48.7889079842716
44.3319884128869
41.391413891688
48.1288513168693
64.7758474573493
35.5419883574066
44.5466260891408
42.0731445159799
63.6997878551483
37.7192203886807
43.1170657277107
73.7382485489261
31.1160878743976
59.798295609653
48.3689818996936
48.3097331832122
24.7096135223069
52.5518720503896
65.0600946508348
66.4593055844307
65.6664878129959
23.1091175398412
45.1450045220554
70.0571717295415
62.4531891662627
55.8262257371098
35.0362854544073
40.7042431179434
41.3074294105172
58.543932903558
56.4702891744673
71.5807729358685
54.1346599813551
38.0757151637226
32.7794566534221
44.5429323706776
29.8393120637616
52.8063600882888
41.8313383124769
57.9474549740553
48.97429393396
55.4912820924073
53.0317079741508
42.9998140180871
42.0170136261731
28.1558454036713
41.7935276211406
56.5499377436936
22.2502786300994
25.0359531957656
35.500505939126
56.1388383153826
55.8709187898785
40.728221880272
40.6864926684648
45.1809426769614
25.6836952641606
58.2886232063174
48.6966208089143
43.7753485050052
62.7960556033332
53.8772701751441
59.9103635642678
33.6930193006992
37.5892310084859
52.1366644767722
41.9165887404233
48.2592481654137
41.1396285053343
51.2848030775785
43.8260621856898
39.0963341575116
56.2220144085586
39.3304401354729
58.7648580316454
65.7806520815939
37.198000960052
51.5544922556728
40.809994489649
74.6497403788281
45.714910607785
59.6718250773847
66.2380824796855
34.5553012099117
48.2705739792436
52.5242490693927
57.8826363317867
41.9257547706366
46.2164772674441
32.9898044932634
56.9842725992203
35.2031171321869
51.9252350088209
62.3448449186981
27.6111401151866
58.6658013910507
65.9683875739574
63.9255000278354
65.061124227941
49.3442543316633
36.0341092571616
40.5865010277445
46.8246354255825
57.6366409193724
51.0426254943013
47.8331046644598
65.1411014609039
54.8720976803452
50.7213348057121
50.6446115672588
59.4299268908799
48.6033021938056
66.3693946786225
39.9477441329509
54.5078257444799
56.9446418900043
50.2760919276625
41.1725041922182
40.2448058594018
32.5881343256792
46.533418264643
33.8760803117358
22.7747576425374
54.4414421543479
61.1930528620334
69.6994052114838
30.2157699130476
54.2525893542916
45.7805978599936
46.2327522691339
80.0847460473788
56.1989154666662
29.365854524076
35.8420498669147
28.0578179750592
35.1469785398815
43.3769078376753
51.8064311202071
59.83294560574
41.5894420351833
36.0675940755755
59.1640085913241
40.712220082263
63.0813584662974
44.0629445947707
49.9750432092696
33.6720589629336
27.2121067158878
67.5134256016463
58.6144464090466
55.7253383100033
46.0483372211456
40.2025487106927
66.1542062181979
13.1950981860538
49.8782623559237
47.750912912636
55.6870725948605
50.3141423221678
34.9811747204512
23.2107813470066
44.2225771956146
50.9250008501112
47.6836850966227
55.623979633674
51.9079609774053
67.7464218344539
60.5206430424005
45.3199797931345
40.2775669470429
39.6703339647502
59.2825466766953
70.7635837023706
45.5217962153256
65.1493740733713
54.305618815124
45.3215069718073
54.78909839876
63.3447247557342
53.6120663862675
40.7727372366935
55.3151806350797
39.4045523833483
29.0706018396401
44.8108215816319
57.1463844273239
32.5693347025663
55.8426363859326
50.2325697336346
57.874660850203
43.7126764561981
54.6487473417073
53.5317366942763
43.3067441215701
59.7321060020477
65.4047627467662
61.0456596594304
43.8966106826944
36.3602208904922
42.3079377670158
43.7492203433067
78.2028548902
60.8608868438751
27.6654367335141
43.9780387314477
69.5578352530585
50.8159671910107
39.7396156652932
34.8613923677721
47.924724733457
41.2736708946619
44.7524089831859
40.3661702759564
56.2009894754738
26.2975320219994
50.3521848935634
64.4639218691736
53.6400505807251
65.8066212712003
63.5781683493406
63.8961395248771
49.8002341017127
37.3707012121437
57.8288480173796
80.4199186025305
41.3404863327742
32.2548447642475
37.9213508684188
50.4551698453724
39.3328278325498
53.5491279792041
28.0442145653069
51.190783502534
55.4557897616178
49.3593332823366
51.5060347039253
49.0226752009127
27.2245794534683
56.6829840652645
19.9893506808887
30.1950246095657
28.2500326633453
46.0527066575425
59.5748772379011
68.2094336021692
54.4906165450811
65.421982947737
61.8724200593933
27.2140479313825
56.2747607938945
58.4034114144742
45.8047169260681
33.0343756824732
39.1272347860795
49.9092224985361
54.3552511371672
22.1084363292903
52.6836299803108
55.2860282361507
46.2467982899398
55.9011777397245
27.6134704705328
44.9847562238574
39.4233922474086
35.4255000129342
66.9739056844264
38.3127798326313
50.7311785593629
55.2530532382552
62.3800226487219
28.5447592847049
62.1263741049916
42.150130495429
57.9979524947703
46.9303191173822
60.0297936238348
61.0701023600996
40.4951362404972
52.3289784789085
47.8256849106401
59.6878430340439
49.1536130663007
62.297534244135
34.4348670449108
59.5182569231838
46.0109766107053
61.3498413469642
46.7382417060435
40.6318068038672
59.7777743358165
39.1244438589453
43.0681573227048
35.2128812162353
73.3572215716778
61.174007598509
43.8149598892778
49.2189942393452
63.465055404231
64.0609398018569
54.9667260609567
75.653771027447
56.8404593504965
63.2664569653571
48.6175668425858
57.5947725214064
59.6823651809245
57.5839319266379
47.4330254364759
58.292227704078
64.8206913843751
64.3709068652242
56.4720171969384
48.9201099611819
54.7630538698286
52.55979266949
49.7091618083275
40.0004713680767
41.1730042582095
75.5866138275859
61.1367256380618
40.5637891963124
56.377060227388
41.2899097380052
30.1640096120536
51.4186327811331
54.9048352624667
32.1802421007305
45.5366475507617
53.4858948551118
38.1985174957663
45.4026246443391
43.417197605595
24.6044520288706
36.0919485334307
38.8560334883233
43.5900559648871
60.0084256380796
32.6901629101485
67.810068372637
50.1207522116601
28.4039585329073
50.4948122426867
43.4827888042765
41.0264984238893
56.8621392827481
41.0980064887553
46.027608634904
51.7718305811286
36.7462440393865
10.8061411529078
70.2760111498547
66.7238708585501
40.2170788031071
63.1164303049445
58.592670224607
60.5637112632394
42.1531519386917
50.2586541231722
49.7310474514961
62.1778787113726
32.2507748845965
42.5176763567215
51.8576517701149
46.3222024962306
28.8276259520738
58.3425658289343
36.0185661353171
78.5165313589287
46.1053114904396
37.7324327882043
61.3013754133135
34.9924093578011
44.7937806136906
51.9604854285717
47.2561208065599
63.7799056246877
29.8079333268106
55.5846940726042
57.4129645712674
74.0908883637304
41.4173940196633
49.7017826419324
42.7218929398805
45.8723555784672
51.698819660971
15.9397047478706
64.1481387894601
59.877685457468
45.4311809502542
42.038380927069
49.3040705565363
51.8777895253152
41.1374273244292
27.5421873666346
51.4076238963753
27.9987537580125
38.2514628581703
67.8176008630544
36.9785299059004
77.1398138212872
41.1940195132047
24.1047277580947
38.8150175567716
43.4777994299395
53.0760039575398
59.3326292932034
64.9683053605258
40.5802424997091
67.9170046932995
31.8741321155582
55.0345035735518
34.3950900714844
46.6066625148874
39.0717374981759
35.4191923889392
54.8209202892069
65.1453577447683
57.1233053722594
61.3783867564052
45.0350764207542
25.7944839132371
56.2724542804062
29.3166418094188
56.8358412012458
34.5829565111184
47.3189787103286
41.6569855995476
24.3091357406229
50.9009844623506
30.0976722501218
35.8062361832708
60.4294212535024
56.5475187264383
52.7273426298052
30.9771471656859
44.4796929135919
47.3094179760665
44.6796104343768
63.143542362377
43.57068547979
59.2743829358369
58.7078925222158
49.1487585473806
43.1028241291642
78.9946858729136
52.2442744996737
60.7353933621198
60.0262419786304
40.3759598731995
37.9333674442023
73.7063421825779
39.5157267339528
36.5684208962886
50.7060388103127
37.5757717061788
54.5921675395221
50.785595132038
62.9100143443793
70.8327577407372
61.4533618092537
42.1959833241999
48.7619627732784
30.5179923220202
59.0981137473136
41.1604856606573
44.211681233719
57.165286084637
32.5126490555704
47.8014061693102
55.51925765723
67.5241796765476
53.2543500885367
65.9644355066121
28.8853616919369
71.9722603405726
60.2221434470266
57.3290653526783
63.792796432972
54.894986981526
37.7262085534828
54.263296194814
40.3372657950968
54.3651394080371
51.5417614327655
63.019379414618
64.1331646125764
52.9635528102517
34.3619231134653
55.3178812842816
52.8114552143961
39.6220461309175
51.0441044811159
61.3931870087981
71.1114659793398
42.5171801820397
19.3690301154848
61.6139435674995
52.5471915490925
47.9502588044852
57.865274278447
58.3227283786982
50.7237506099045
50.2417917829007
46.0789413403271
42.4222385510802
59.9504429847002
47.7319831852804
51.7549611162394
36.5569891408086
38.5638480540365
52.8721046168357
69.9209808439959
62.2565632220358
51.016653701663
43.495012447238
52.0587916951627
56.3664236213528
44.6121299639344
46.9117848668247
57.6925663277507
75.2626007380796
30.0844525918365
33.6614408995956
50.1598147675395
30.807004507074
62.6576723530889
26.3257150538266
50.0620552804321
61.225948529318
36.4716004571208
40.3434548992664
53.401344595477
66.0199068021029
41.9259405229241
65.1739266701043
67.5768785178661
47.1271830215901
41.7855671323074
32.5516337063164
56.0274824139708
56.3960333354771
51.2921400833875
56.2466909643263
45.8291160736008
48.3092858456075
29.4642171822488
32.8609094587731
53.7348213605583
35.8386007137597
45.6008522771299
34.8560911137611
69.4731058510852
36.8608840741217
54.4424606952816
71.7340449145326
47.1879747696221
37.3300155624747
58.1604735460132
51.3224383350462
46.0514849983156
32.5556843541563
49.0692415865411
58.9872977696359
65.7914111856371
65.221578348428
85.5392360086453
53.4847980365157
49.8903449624777
63.1706560496241
56.5729388501495
38.6637680052177
44.3982762321309
36.8210138287395
60.1817392451512
54.5721814967692
36.3327200270661
51.3325920328498
23.3362312428653
38.5080536361784
46.9107046723366
54.1199773550034
25.270300188588
64.0434311702847
48.8652147352695
62.7331788185984
48.2826898805797
43.7729133293033
59.9542747717351
54.0690148249269
41.0830071666554
35.5960893910378
65.7093246467412
28.114663483575
58.7994351008057
36.8209624491684
47.0847820397466
55.8276806492358
40.8273273147643
38.8875922653824
49.744858359918
57.2398473464445
68.1795429904014
55.4368183482438
34.1406052037442
42.6172086116532
40.7213950064033
47.9109764691494
40.8327791839838
58.3648340776563
45.8339393138885
29.8826479818672
42.4672435037792
47.4207742139697
46.6011001728475
65.805702470243
61.5903669036925
75.8129024449354
33.8776084910012
41.8267951304424
31.8375130890454
48.2693595346063
47.5751475896686
36.39524541288
34.3817721121013
52.1197383757681
47.1531643997878
40.4039126355201
31.1569290235639
53.8958988152444
47.6856877181693
40.5078562442213
37.2805743012577
43.0972808040679
65.525390394032
57.6558864675462
57.0307014975697
39.662721613422
37.2449069283903
29.4355637393892
73.1252411639819
80.9025917160225
63.0728874821216
46.2832128050036
58.7382853031158
58.0508457496762
43.9769844524562
41.7653067037463
24.399529537186
53.7992021068931
43.1735160391468
34.3689440676206
46.9218719284981
45.0851436704397
46.1894842330366
41.3724216166884
55.7678744196892
61.0992087051272
64.929356565699
48.4719634521753
49.5599826332182
51.9720552954823
78.9193202365451
41.9914193451405
32.5736581347883
29.1543297469616
25.995811726898
34.6813464537263
73.1467689345491
50.915837334469
27.6261755805781
37.3288725502789
61.8929672054946
53.7066663615406
46.7657082248479
59.2772645875812
54.6153559349477
51.163584459573
40.0146049913019
53.8268010597676
59.5186860001344
50.2587691880763
45.8949581719935
56.6683155950159
58.4480808582157
12.0983624830842
42.4742357805371
53.8003913126886
52.9590751044452
35.6504740602243
48.6807025503367
51.3798362575471
32.64139611274
46.2017153389752
32.3070447426289
55.7506912387908
33.4479142911732
40.0876653846353
41.9916833285242
64.3310578539968
59.1518399771303
48.404849646613
40.3697993140668
58.3958414383233
40.3723831754178
47.5735446234363
58.1417921930552
51.8056223186096
54.1683483868837
32.9919665120542
46.4795835781842
41.5285915017098
39.2906184308231
43.7197030521929
46.6321079060435
61.7141308262944
41.7221007868648
49.2353159934282
55.2081018686295
62.2870673425496
42.6561843565251
33.5691445041448
59.6117933208342
63.150272006169
55.0140301231295
56.756780622527
60.7298693154007
40.9357778728008
81.8931032861483
26.6345497220755
51.9402820616961
43.1849262211472
38.2298016455024
79.9475073952548
63.5422226507217
32.0099893357469
31.1419641133398
44.5526816795362
66.0487370099872
42.522647511214
58.1654579378664
27.3033967680366
36.6547619838462
56.110808532685
44.898053817451
61.8468288867632
19.0859364195571
72.3208234854888
42.7642889142529
31.9134104065597
37.9109580535442
59.2583042569458
26.5775433938426
52.742441412509
51.3617529068142
62.0673937270801
54.233510280028
58.5209605284035
35.6751896440983
34.2748306225985
47.2655505511028
44.5620718699561
52.7901210356504
53.1507958915417
47.2874771803617
45.3193290159106
55.857103690505
67.0686552766711
35.1126168388873
72.7090702350152
57.5725983715308
48.6959565227078
64.998787920922
60.1369049865752
42.8025214001536
30.3634926211089
51.9054821226746
40.8257085364312
48.3451096341014
47.4714203272015
20.4331279732287
66.4144576527178
62.6561343669891
41.0083563067019
57.5345281977206
51.7128942534328
42.9649400990456
50.194913771572
61.5594054572284
59.0697449631989
54.8627193836411
38.9882198069245
49.0422927774489
65.7822843641043
62.2768124565482
69.0852055326104
60.7150260359049
40.4497091192752
44.1649113270401
63.031523860991
61.1537449061871
77.8625602522096
74.0510987820209
48.4672523779758
52.9666794929653
24.0211992058903
60.7644789852202
52.1593529265374
35.1662027803736
34.7937886603177
46.2458662688732
18.4630440729383
43.8932992053262
63.1713578477502
77.1329265977156
51.4050695579499
24.0898815914989
43.3511494193226
54.2570733930916
50.9779879823327
13.3779545780271
51.8869006540626
28.3786150626838
50.8006483782083
52.9992981813848
47.8826548904181
37.7008111216128
62.2355476953089
48.8958852365613
34.0777098568835
53.560330113396
64.8685773834586
33.6815430317074
42.1844447031617
61.0155916772783
57.2485846001655
48.9266660486853
65.3850336093456
47.3078931216151
17.2839203383774
64.046461507678
54.7180377412587
41.356588434428
45.8321054000407
48.9740421995521
51.5990860760212
29.7992250882089
55.7539641857147
41.3083863444626
75.0981783452344
45.4545321874321
34.295508203892
28.9684153191578
49.768855329603
35.8376060146838
49.1064629517496
61.6588750854135
36.1302736110258
51.2510543689132
68.3596781920642
62.1522095054388
67.6340845879167
54.2839429229429
48.4429678879678
60.5366131290793
62.2020015027374
57.558029377833
29.8752548510587
37.6047166064382
49.9468285124749
31.2811737071428
50.0538877211511
50.2417989540845
49.9378739578003
63.1002529593004
37.0750878937542
32.0048775523901
21.5978818014264
59.9726269952953
65.2549134101719
42.2402882017195
37.6166753005236
58.5246055386961
65.1665356941521
62.3973192561715
53.4791994839907
26.891160570085
71.517400439353
49.0456319100427
46.250769123435
57.9309894237667
29.1197237093002
55.6601481046528
52.0318767055869
28.4356611315161
43.8508130144328
57.3566983453929
67.4456265289336
50.8108495734632
45.3440142696099
48.1744737202742
34.4723205082119
57.2666404303163
50.787861039862
55.4590248968452
39.9505498353392
48.654295558469
66.0247596912086
46.7222860082984
49.5548536535352
32.0570238400251
15.970697812736
58.3006176631898
44.400999089703
46.7121018562466
33.9957261923701
46.1690261494368
46.6772989948604
30.172866396606
34.8924794699997
49.9235169962049
44.2153282028182
37.6064729411155
39.8565845098346
39.5942288450897
38.7380426283926
53.7199999671429
46.6991322580725
57.0588181726635
48.2452632393688
33.3106933627278
37.2523937245824
55.5872412757097
56.8815983006719
17.5290384840611
35.999369667843
33.0138736977767
49.9163194559515
33.1008620073645
35.0702187046409
30.0595020875335
75.6145602050138
58.7890706490725
56.5506856422871
55.5026852525771
36.8273933418095
38.6837169062346
41.3906761445105
25.7614237364064
56.9723801221699
39.0439704526216
51.7481363378465
66.6831341106445
49.0176716819406
35.5681846383959
51.3400953982649
42.9056764580309
53.9938638452441
51.7708573490381
61.6391253191978
44.3504021503031
39.9909558705986
51.3032043818384
58.237184304744
62.1450419072062
58.9423393830657
54.9544574227184
48.7203656695783
26.5541760716587
67.1815141104162
32.119669392705
40.8213337417692
31.659440882504
42.6649205386639
25.4565201395838
47.6590045727789
27.932026842609
44.3460874259472
40.4264118056744
47.0506009180099
55.2456902805716
35.9303300805579
60.5816766746277
38.7002391699651
58.9869416784495
53.7070729304105
46.5432622469962
46.5467066504061
27.8725559823215
47.9105177335441
49.9874126166105
42.6591497579603
63.8957957737148
43.416091799736
58.2046410534531
47.1445171628147
44.0497231223738
52.2150248289108
35.3951591874124
47.0823406241834
46.5635268708104
45.6266003745918
56.4284895546734
47.1932539588877
69.834531724714
60.5855610880944
33.2915989682078
72.989358735315
42.8205487318337
53.5834687296301
53.2299963757396
45.1522573941814
48.7554187233671
36.9872587615791
64.2526362091303
40.1852536015213
47.2882195841521
40.4033633414656
38.7471121726729
49.9854902736843
56.2181862536818
60.1410831324756
60.599280288443
40.1313616894186
32.3785772547126
31.4534052275121
64.4541752524674
46.2623131927103
55.8898421004415
43.896028585732
58.7346884422004
32.9763303045183
49.1529499180615
53.2303107436746
58.0464643891901
47.1929201856256
61.2609925679862
41.2064816337079
53.8687857333571
69.9013124210797
65.1301909703761
51.9202812574804
34.9586257711053
64.8231240920722
70.8481151697844
50.2512609120458
67.383819213137
47.0284650102258
42.0021260622889
43.3314318303019
43.9962487667799
49.4502394460142
53.2869787421077
59.534704266116
67.7939236629754
73.3947659688267
64.690051600337
62.1162034571171
63.2745480164886
57.4469805229455
67.9822845384479
37.1587715577334
29.6911626588553
52.9572259169072
70.0182593931913
36.0687076114118
76.0181119623494
45.1340068131685
54.0398553479463
52.4619281291962
58.319941489026
39.641983481124
56.3995279371738
40.4383659828454
38.7003187493545
30.4466886911541
46.7141509521753
38.7879621237516
55.825296510011
82.7514729420555
61.4515352528542
54.0768752376745
57.6358402147889
60.9564082697034
75.3521081018162
52.2371588499104
72.7908107410085
58.7689040694386
45.7198801450431
45.7308828365058
54.562532575801
48.2795485295355
56.8927040789276
36.9669823656845
