"x"
3.0994120053947
6.93463855423033
0.490866105024014
0.563629670068622
2.54931224044412
1.50715934578329
1.5459354268387
2.41334324236959
7.8734086593613
6.61007643176133
6.78734038956463
5.03592925612234
5.70218530930868
13.5572448063136
1.3062268262729
3.5223858362667
6.31855712272227
0.285074324347079
3.51375713716645
10.066712303086
1.96863131892764
3.91454387610239
8.71840949781805
0.285753989241827
6.11819347832352
3.17506699357182
1.22360613852184
7.51556104514748
7.01629464558019
3.05604791140694
9.6207563765347
5.06188211070237
0.272536120569838
7.09519231667234
2.17733686132196
2.15535338502377
1.06637387070805
0.137688289396465
8.72485123232265
6.48512714542449
3.87002159841359
5.54801062680781
9.46532493483464
4.30300996323143
0.907240156084299
10.8332158089772
3.54756431188434
0.0199912189325315
7.90308822451915
3.08581194840372
3.99199684616178
6.08704048208892
1.10716128256172
10.049725882709
6.15022531710565
5.18616406409049
3.84901490494829
4.85752371605486
12.2580400435254
8.35068370215595
9.10149046816515
4.68728857837358
0.65504596568644
5.54865906015038
1.25955340918154
2.31128208621848
10.9055689536035
4.92184034768103
3.15561182796955
5.38767353005612
12.3073848688469
6.47204583510756
3.6939151753832
3.64721717778593
5.21758593998405
1.99922956526279
10.8050118666142
7.72336472291499
5.63292072620243
5.00344989102223
0.982951396144927
2.00974469272424
3.46137446810512
4.24181212172685
6.2250504270196
2.32877622947115
3.30643467605114
0.217085368291716
5.64758910331875
2.47781241625954
2.38172289385187
1.89859876921609
8.89324052259326
2.31216601096094
11.5109525155276
3.07079616226195
8.00097309984267
5.94853540494411
2.55991327576339
1.46620941024318
6.52584971741965
8.860805304721
5.01348080579191
10.9488559886813
0.334791757914183
1.39034038875252
3.52942310273647
0.0500280083726203
8.2486952887848
5.11084157042205
8.51908647194389
14.7518990075819
6.86467897612602
1.52514213696122
5.83569964191029
5.58815815020353
0.968873035162687
3.47860094625503
3.26726835455425
6.92553869448602
1.67273688130081
4.93327639997005
6.04676355142146
3.54759780043774
1.59284572582692
0.829065823927522
7.08953700959682
4.19365170331477
1.49888331070542
0.629407190717757
1.16873427748207
0.972628753964105
2.69795437343419
1.43406470306218
9.19708373698671
11.0880519729108
7.20347536721017
8.8165912593649
5.09551430586725
11.7026713693872
0.07823605556041
2.39458046853542
4.00028567324337
0.191538068419636
5.59385747183114
9.86953312531114
1.21509409509599
4.65700610310224
3.26286489174247
7.37491436302662
6.95377855559436
5.17224132634333
6.32745786570013
5.38142987254103
5.79764018766582
5.14559824845894
0.278021697886288
1.56966167230281
3.30534614825517
6.39729690394794
5.73922651819885
4.22401215218573
6.58494356282193
1.45058945763454
2.3920767921294
5.69944051433517
4.46067065931857
0.876671188741004
1.00037334486842
0.46441552017685
0.697980867698789
4.97646443545818
4.49470533058047
10.9623003285378
0.454189069569111
8.53590888436884
6.95656966418028
14.6818111883476
1.43075441010296
12.7349760473635
3.29340057342821
8.56709343656896
5.61167427627336
1.14156669540903
0.99948039278388
3.27557914424688
2.48756243269145
0.804381258785725
3.09884688834923
2.09547858195591
9.41288391669965
1.28142040350551
2.71778597962111
1.49124777966638
0.258897501043975
8.11010309625041
2.72983510512859
11.0170801635832
3.63451366389316
5.74727042112499
11.1320499097928
6.73226877115667
6.27827066928148
4.46365893097374
7.83476176589382
0.963582238182425
4.8405792122991
4.02796123358845
9.32944605592638
0.699332699448585
0.996106793172657
2.5750275650025
6.95381750608234
4.93561911862344
0.547817875319888
5.22453786374759
8.21154631360446
6.14678622223437
3.19375747349113
1.02356947027147
10.6631957911832
8.0526783131063
3.71768861077726
5.5502486648038
0.139742093605132
4.38198572956026
12.5319391929234
0.927078074731612
7.65431909821928
6.98076745119427
4.68004549023099
5.74661826249212
8.25164685957134
3.59503887593746
2.10861181840301
1.75792176742107
5.28410284314305
1.73478967044502
3.39317081961781
5.4671760648489
2.71452616434544
10.2412792155519
9.98224595095962
1.32521155677891
1.21559845283628
8.37225536815822
17.3157095260062
4.0577185805887
1.11755708850143
6.23626240994781
12.1578758815303
2.72322131786495
2.38058888353407
4.41534421406686
0.48303686327738
1.15664662657435
12.3151427699545
0.334402266889811
6.68267793953419
2.13351200800389
3.53886797092855
5.08139850571752
3.25932285847153
0.0259879398756036
0.636881898130296
0.415844819508493
5.57970087975264
2.76991531718522
7.59789021685719
5.88239100761712
0.488576432690024
0.459277932532132
1.94222017679546
1.95310958661139
5.16855402155072
4.22751610167325
1.01008079946041
6.02885067928582
7.49433126766235
8.0484363483265
4.18335457252905
5.83803267688784
4.01219995692372
5.71365577210298
19.5222695358098
2.21079422626644
6.82134592815421
7.31169279017007
4.6163238119334
4.4794556684792
6.92193498640243
1.65279746634789
1.06996426431442
15.5895662261173
9.34807430021465
2.88680365774781
6.34580592159182
4.75101708803398
1.50177176110446
1.62708825606742
2.78536141854651
2.6284858711153
3.77807688348266
6.60111827140695
4.4206551508978
11.0897734097364
7.43800331838429
12.2362380614504
6.3197247840492
2.18535659369081
2.11661373645457
0.640699756331742
1.62077080458403
6.72899482952431
1.90577795660992
9.09990561194718
10.7334081549197
12.0401086538052
7.36079431434387
5.86234116242071
2.9788673389703
8.08730882126838
0.534765661209262
5.65696328440079
0.714378303832078
12.2928049182519
5.06704461176806
1.85360191389918
1.02198282256722
7.21463070788794
0.794566707108811
0.205736453291162
7.60418146383017
2.54524273930534
8.02816916257143
5.04991700872779
3.00134448334575
0.865740608423948
0.492928386665881
3.10393526486912
8.72514601796865
2.07365229725838
0.785221769296437
6.16500712931156
1.65131828384298
1.85367514684506
1.36609924957156
1.80415709037334
1.95510233050954
16.9003715040162
5.87487241718918
4.77211008046517
12.4541335273534
5.6355916429311
4.28261570721105
5.15318778372207
0.196197535842657
4.72526898375061
2.33169461134821
3.18482221896287
5.659871827811
0.953739508986473
1.15191410295665
8.35113786160946
3.02825783162424
16.4360058477096
8.26451563656613
13.9529994921759
2.90835616178811
4.72122470140721
3.40255532571967
2.31295363046229
4.71857953816652
3.07896481826901
4.66364342719316
12.4765687866177
2.8771098004654
2.1708614891395
12.0322722010314
11.8297529639676
3.01767889684191
17.2822788357735
5.3710187145447
7.82945735845715
10.8410981716588
10.563075914979
5.22516111377627
4.21672459415723
10.3767646010965
7.06580021550374
5.86098902289958
9.05830351143988
1.86484210730793
4.7183595597744
4.24063986293454
0.576697033829987
2.79578636400402
3.70835475623608
4.05701322015375
4.81013773963494
7.73480389598622
2.36056642027527
9.27852503955364
3.62777279224247
4.03500484068416
14.6413579117507
3.76128684729338
0.991559740129721
0.4774309694767
1.66509905041021
4.60011411923915
6.40254642348737
1.39449953567237
5.15684488514271
11.3245900697977
0.428778373574396
4.78310782780749
0.17878506377539
1.2996354979387
2.07506072324705
4.38041749875993
6.26301027368754
3.61832794733346
4.45939186029136
6.6444903942494
1.11776370280528
4.60568915586919
1.75830437801778
0.151238692846617
1.79057912901044
0.560627695871707
9.64496394153684
1.15446885290594
0.428316812030971
7.20810172009424
0.132977280658922
5.58056989684701
6.36283395276865
11.3653167849407
6.42779606860131
2.20126170028338
7.59296275209635
0.222053504243687
4.45123761892319
2.16367070097476
1.65855215685044
5.30103926079564
5.10917962289259
1.22690512462106
1.92900463208049
1.59274726174772
6.53573707677424
7.01106584718506
1.53671348922031
4.72317829262465
3.29900184242093
6.68989261458862
0.647891878524152
0.334638247642111
5.02117092255503
6.65727001614869
0.381189914876088
4.26918393932283
1.69410267844796
9.13535018917173
6.01041288283774
5.49078320618719
5.95927154645324
0.666263210651195
5.83391168782418
1.12230494883277
6.32491702046774
6.50903373025358
4.93079354055226
5.80747560597956
11.8898360989988
5.29818542543596
2.14099753648043
7.99163561877304
5.16369363758713
7.14677413925529
6.39982034201525
14.6956938551739
2.79406642090227
7.10529425120694
4.67794914729893
2.85559887997806
2.31023810338229
16.8644541306248
13.7189963625534
3.34307092707604
4.60175437999046
2.52057536379871
8.39341601822525
3.29485055990517
4.66712433844805
6.8190184654668
2.70186113193631
0.962778856046498
8.98024605121464
7.08015878395448
2.86686630312885
1.71604255260157
4.5170285506174
1.60936584052257
0.636695045977831
4.88224113360047
3.25116533786058
6.02116194257098
2.27615009363475
6.29743522810853
8.52762416470796
0.944024557247758
4.56461038933912
6.73860703853262
1.46795602049679
7.82993065464381
3.43515714237459
4.20164926249019
6.62651525644786
0.0300611834973097
4.07636547461152
10.7287099352106
4.74231142399602
1.31896061357111
1.5909768640995
1.81080114562064
5.16055507445653
10.3835289070601
5.83226336166263
4.48230853274609
5.70118420291692
9.47175370198183
0.672537577338517
4.80513915016285
3.58919443625517
8.9907661814703
0.394019537478352
2.3642702260986
0.440719816922208
3.51535426452756
4.24200694542378
5.38845341652632
4.02931014541537
2.3174003630246
1.78030859678984
1.91382231769755
0.954312644898891
14.3966634990647
0.593560281006567
5.08470366720693
4.05476100277156
0.752476905472577
7.04220526386052
0.627893884666264
0.631799960907982
5.05267735570669
5.6385156698525
6.3067067353345
7.20998584292829
10.5763323837891
2.9214919134867
11.7309730499983
7.58450997527689
1.78507843945386
1.02693573571742
1.32398821879178
0.298117150095896
4.67559311073273
0.614436320029199
11.1008969735296
1.98400316294283
10.0502541282296
0.335238498304885
2.22733075271443
2.03819372691214
10.3907028213143
4.85789501108229
2.31735548004508
2.37873300210566
1.56609895639122
8.67064665071666
5.28299349825829
0.694777094759047
2.03949096332889
0.322603667154908
10.7892820844427
10.8635076554492
6.01761788129807
0.120565784163773
1.62810713518411
5.53349053952843
5.55011129472405
5.8913264581406
11.9470737641677
1.03880339784371
12.2223778162152
1.8136249914546
8.59061060473323
0.662597523500454
2.38548035309703
7.57474146917413
3.19474867860384
8.52402194868773
0.82226115767398
2.71431971341372
3.99211568129861
4.62879972031036
6.68843719176948
5.74255955871195
6.15504111628979
4.39857661258429
8.55529097876184
9.41339102573693
12.0967600028962
3.79493424637314
5.13702254042033
4.66509433463216
6.21088205371052
10.5991967745395
2.14207475942227
5.48230248969048
2.468720683828
6.47898541341207
9.37804423738271
1.50513830594718
5.19008436240256
0.29419806286768
1.49392308667302
6.93363470491022
4.23794123344123
7.38406571791779
1.88499833457172
4.22396627254784
10.4202118935063
1.39676034450531
7.99569550713338
0.706836488097906
9.68544501811266
5.83214580547065
1.20688944589347
4.24432390773188
1.19347455907092
2.99012065597988
10.2990395389497
3.80212641726296
2.7259494169727
10.1566264826318
7.14533502200707
8.56971750035882
10.5404938105494
3.42971987556666
6.06817305126632
3.5757430583184
7.73091341834515
0.70347273722291
2.64444190986943
0.777791876969738
3.44992806203663
4.15017001796514
0.210679751952476
0.133793102543226
8.09508471284062
5.00117396004498
11.3565633044944
4.53320131637156
10.020457456807
4.44324705161262
0.0142451142892241
8.83711137218266
4.82182712294161
1.04940738778768
3.46229397691786
2.78785375755009
5.29079269617796
2.43484112758734
7.26391985081136
0.132210389710963
0.338791013590308
3.87078484669322
2.317477716133
8.17424447741359
11.4584237286187
2.74809603579342
1.09257313033584
0.439568352885544
8.40426649342586
0.917248720989202
5.33156089950353
8.79023677175439
10.5914319419072
3.07488350663334
4.3278691591695
0.987989292480052
11.9968409072963
1.08468440981421
2.6427503908053
1.18421789127884
7.22367700915389
6.53967845719308
9.65622460935265
12.7593366363356
6.29981718957424
8.25429507531226
0.0719240489937943
8.53632700531741
0.543513656769898
10.4577807621281
3.94295293372124
8.57227616943419
6.45443876263107
0.465414673089981
5.78005658462644
8.3939777687192
3.07024200446904
4.32014351245016
2.50591072698067
1.21774389408529
9.69225359149277
0.0785877695307136
1.4753513969481
1.61812222008092
3.48661057651043
2.20832354389131
2.00223356951028
12.9141958896071
0.051049234166491
0.156898517161608
3.84841621853411
0.630175006585102
3.67366843856871
6.87135495245457
0.0824583040885543
6.21569393738444
7.02571437768986
4.08727708272636
1.30456602200866
8.40416569262743
5.69685878367926
2.0222206832841
10.6089065782726
3.74691800680012
8.15953216925537
3.97684984164096
0.758999329991639
4.56813424825668
4.48831471090315
0.335872382856905
2.97723317053169
4.64657614938915
1.99164007790387
7.52283849287778
3.1477814540267
3.13624097034335
11.7898126365617
1.73557146918029
8.48327970597893
3.0126452866286
3.4685926977545
1.96808988694102
7.79070677235723
3.72098216321319
4.65046102181077
5.83862136118114
6.85957170465998
7.3358522600283
0.505421683192253
8.54019033722579
5.94778131316816
5.40042808400504
5.79365981619206
1.66460918770591
4.94628718588501
1.95736554451287
7.41831288807388
1.81551057594346
5.7354198070243
2.16296508442611
1.35037717091827
14.539935067296
2.95988241658488
2.76745842024415
1.79043405223638
0.818736941406857
0.462885420419162
2.97578566600975
3.88426526602345
2.34071549493819
1.23276310041547
1.83558780699968
2.61622134130448
6.41601088255748
0.44850144175781
4.75481278263032
1.42770800739527
1.78510660771281
0.00881035507401718
2.05503846518695
3.22814504648088
2.94039947912097
8.85802449192852
4.50229819398373
2.370350738056
1.58102285263209
3.45626759808511
2.41919471882284
3.84878173936158
5.60214559253977
1.86414106283337
10.0742511218414
2.47621246868251
3.46628574780304
1.22735539129377
3.76462123822421
4.24617184326053
8.23455173522234
0.878441592110041
3.62217257256149
1.28786345012486
0.345398499487813
6.86635710299015
10.9634570014321
9.29806267376989
2.66345110721886
10.0012002745643
9.4063487720337
1.41085726208985
5.09761152788997
8.7232743952071
2.76114374486193
3.99527709398381
10.417453531348
10.4036597767845
6.94418810947523
8.98812059313059
7.07853734493256
2.06571088638157
5.01312002143156
1.42174698412418
6.74378139339298
5.83396162837744
6.26506594433368
0.594512619227231
0.582682434469461
2.82841338776052
15.4598894761875
6.66688531904692
7.69793835934252
3.03119708047372
7.76874325238168
7.17252879403532
0.266477734072773
0.805073906667531
2.94063846280455
10.8111326349899
5.99576325621456
8.8464587694034
6.59192441962659
1.94097727132358
4.36398414001139
11.5804741624743
1.22983155136045
1.50536028668284
5.22898352090402
16.1549541866407
1.98962511551281
8.91373001504689
4.83511337835718
4.504199558869
1.77906809754047
3.53878817986697
6.04892575647682
2.52456123251408
7.15354431886226
6.34371917694807
6.34901373541713
1.7209998111436
3.16469557583332
4.57703871652484
12.0984912849963
0.552726862952113
2.72099855355918
5.4214911312817
7.49010102592845
3.2885494409129
3.14842688385397
8.4816560132433
3.23353174608201
8.46195647027344
4.05005130451173
1.74925560131669
3.89825175516307
12.1059073135257
1.0161340524547
3.59542516675933
6.56234982889146
3.6283157300204
4.27383391652256
5.23685300722718
6.4448453470113
16.3563816092074
2.35131834633648
1.02638979442418
5.25058310013264
4.42109715903344
4.25634915009141
1.6152206225629
13.9026224628119
3.11141883414756
5.54786872098229
2.72569635580563
6.09090079087764
1.95329610724002
3.25870800297707
11.8448801335678
4.77090635949083
6.05374622464741
0.891993939876556
5.45289167203009
1.65657392071398
1.24171264469624
5.50799683246161
3.69559957620389
6.76230246743123
0.566883152350783
7.31971424538642
4.88491193391383
3.88541545253247
5.2388183074072
2.84877745281921
7.83315931912512
3.65430486854166
0.027378904633224
2.40731227509847
4.42757112905383
7.6761168660596
0.220584214694699
2.76932073757052
2.79090923722833
8.53159065180104
7.37729357805153
2.31020499486476
3.29508249697527
8.27728238322012
3.87745148036629
4.02651927433908
8.97678269539028
5.59714566356467
8.60308569390327
7.69727523438632
0.507862380831531
3.83123562205583
3.65815992657605
5.38999979489498
0.949789323970654
2.71380068734288
3.43744473108151
6.04501913767308
6.96454898282132
7.22914980724454
1.5040680533275
9.64421680380142
0.863975024212217
2.07653466877937
2.94881835577453
3.78335026473383
5.93849646739721
5.10490189772099
4.98985487502068
1.17390249160876
12.8783101448789
5.59094359632581
1.56681659212844
3.81022819945531
0.600496749393642
13.2950559994764
3.4036198630929
5.22966641001403
4.79833842255175
5.20802470855415
3.79264802137711
6.16883877664804
8.07195191737264
5.23761806543916
2.89707613053541
0.424738554283977
0.458390774571514
0.395598198254613
9.57082222258718
6.73864272902534
14.1638697590679
10.6487360550091
7.73934104281174
3.80293119233102
0.922138593159616
8.30285826232284
6.09532312955707
3.07461929041892
2.70030824698945
2.76857933495194
0.265922141261399
2.01590007636696
8.81224840502944
4.41645784303546
3.26670026406646
3.09310557786375
8.33902361337095
3.86705184355378
4.58746356889606
5.05275884643197
0.469356212455812
5.18996836617589
0.714515428990126
1.22929655708804
6.83013068046421
0.512269014876325
9.55121130146859
5.44425405628727
0.910151237621903
1.59233803860843
4.11162897171235
11.8083502165973
3.62123036757112
7.99549377475313
0.718321860767901
0.433532705480487
1.79209072961486
5.97250845748931
7.73730154614896
8.36221482604742
4.15988292079419
1.49916890077293
2.70459114108235
4.8784014836979
7.17367392499
5.12372251825381
2.28406895297399
5.36557665274646
5.69091802329847
3.18305739201605
3.96715152518346
1.86066434268317
4.81001002689966
4.97852149419487
10.142356576398
0.371308228932321
0.186076853424311
2.19048762573498
7.46674591955532
3.94543080613931
6.78421156480908
6.61372346803546
9.2434428385598
1.88217392861816
8.07853776495904
5.37728955751534
8.00592091400176
2.11999924960633
0.0199048048501294
2.41609073709697
2.84726161044091
6.30484270393314
4.66614253032639
1.88003098592162
4.21671525798268
5.68208040203899
0.926168439221198
10.8332742005587
4.24784504959753
6.27599376316371
6.5757347503677
4.91720172946825
2.14230554126527
3.07100838472597
0.237457943148911
8.51405672692299
4.6205640443026
5.13009944017928
12.1307911755023
4.27175851073116
3.42595006804913
7.62005067474746
2.31995391659439
5.36544963397057
2.24235835450031
7.42929039988667
4.11000943188656
0.517234326574972
1.37113705277443
5.90948923933295
3.02548602065037
1.51361563197847
1.15363073555897
10.261003445576
2.41329313721508
0.391765880157788
1.12618598933407
9.38766163308173
2.18400857411325
1.29038072191179
0.852561474157032
3.58578953891993
2.9827409889549
11.6845601471141
0.0291922892806087
7.30954935942207
0.143521698191762
5.63449540641159
3.52550189144352
9.13993224967271
8.21630639084874
2.11002875585109
7.0361900497014
4.10801093094051
3.81589430523504
7.3345334305578
4.96065365150571
6.31271090423705
3.46184393856674
3.57758824247867
3.55318889404921
6.36925352737308
3.1227434752509
1.24212081360899
0.622279266826808
3.63801786023887
4.75090494096916
1.32091405995183
2.97177812316744
1.13220357747455
1.05923758880608
6.45975305233151
2.02366979792714
1.97779789303869
5.45518815051764
7.85994599573314
1.67838949432332
3.47877305476391
3.38931680772124
5.54689296566693
7.26825979072601
1.35528610245128
7.46835425113007
5.72858617922806
7.26160268857081
2.22598353866488
1.96247916722023
1.1559536839175
3.67447752505541
0.363662117160857
3.40216679032892
3.06240911434535
1.92234272685609
9.50641422532499
6.31783187264029
9.54179251566529
8.59726325143129
10.1409959141165
7.9750687815249
10.4188879486173
1.53109487146139
2.61965619865805
0.720364600419998
4.1878376621753
5.23663581107599
4.30545056191412
12.5315677374601
1.56638630503067
4.60603807025344
1.88464822713286
5.40016375016421
2.2197776099727
3.80607350494555
6.09125529881567
0.598584119303371
7.55300123710185
5.74444650807171
0.370459514670074
3.76003712881356
6.79948979523033
1.91039840276989
5.06250501994609
5.39367955489656
3.50476889871061
7.23179709166288
1.72994874883443
4.20074203969904
4.31330983992666
8.77153715118766
0.944841327145696
2.37638319376856
7.41468677297235
6.24501473826056
13.6571610812098
3.72710293158889
7.31312592979521
1.74956702054007
7.6798660447821
1.60197115453087
5.78098664991558
0.191626774181878
0.826609144081189
5.46542759984732
5.53580409177381
1.50025239495328
4.70919609353254
9.57145631587406
4.82504090759903
2.39232504399653
1.35276199463247
1.26182982508014
3.07979253072915
4.41728949081153
7.08279018290341
5.25047961497741
8.92325830645859
2.29706021491438
4.79258801507687
5.6345229037106
6.47544071543962
0.745290564373136
1.93512395489961
0.893663413762326
2.05466358648828
3.44625622965395
5.54240059573203
8.56314324773848
0.837585209227278
1.95401811506599
3.23495029466539
2.31117275543511
8.85680436610283
6.7666111048311
4.75546855013818
6.52250465936959
0.757111911661923
1.03686507791281
4.42290799692273
6.15417622029781
3.12326045224433
4.64267644693624
1.48884197578463
4.73632494298857
0.423991773277521
2.13461309828033
2.7721921108931
1.88007327320407
2.23632890265435
8.64402279257774
1.25212758694517
0.155820930376649
7.57222366519272
6.39288447614918
2.63670491985977
2.21273156348616
1.04533778503537
11.7709590122104
12.982204509899
5.95160608645529
14.931071922183
7.7747967432421
1.00858404766768
19.7804116411135
1.16674760893211
1.01906637784888
0.139609547362015
3.07887911330909
11.0022549284622
0.487046898342669
2.23257213365287
4.51446769293398
0.74211903847754
2.03507475089282
7.73516804911196
8.38484232000632
2.21963359508663
0.704965926706791
8.83550399448723
6.88776940489021
0.0869911629706621
8.23932457715273
5.66246141973144
11.3872330868617
2.40425923304795
8.9803431648761
12.0323625393212
5.78345587769671
0.209025425395033
7.2267331648618
12.4444653280079
3.94578052219003
1.30718175787479
6.20042483787984
6.06686028186232
0.0461582327261567
2.51026211863045
3.45125370658934
1.34380802046508
1.26074031691021
8.26915455982089
5.54110207594931
9.61369411088526
6.0807244386524
9.09153376705945
2.48404419577207
5.50226643053764
7.74622028643332
7.31717313174158
11.8563953325348
2.85854560788721
0.740234204567969
3.62932195197881
2.42353012213569
4.22373360488564
5.69198811426759
1.42690469510853
0.626538522213725
9.37848261091858
6.35591099777491
9.63190628681332
3.27088222838938
5.92867245552823
3.1119751636365
5.03364102914929
12.6869287574664
1.2481800513342
2.15997220948339
13.113711681217
0.479938657381565
4.22634309721581
4.46250601428204
0.187495700083673
7.57591457524244
1.29990152646318
2.75773286991532
11.0075127566233
2.76385464239866
2.09270222112536
6.91733979620039
4.95548350736499
0.51627173088491
2.68430679570884
6.2123478023933
11.8734775544056
6.46369633418421
7.63754383660853
0.697787199169397
4.2254482395947
6.67498866668254
4.11957455798984
3.22235100902617
2.94691043547652
1.16509925574064
8.9043608784614
3.99530979339033
8.39265799149871
2.35844802855031
0.685160418747063
4.37492348719388
0.251902012818644
0.0899304633835634
1.75980122294277
5.24829085092892
1.11281178613668
5.99658346648968
4.39632092873443
6.73358080365514
5.87049874378944
6.39186432357158
5.50216500756615
4.53765587881207
12.1658819339875
8.22845986112952
3.33955434371539
2.6582834077999
1.15204225294292
0.988686401283519
11.3513875859231
7.14634185217829
6.93077542819083
6.4151416067034
2.23719652276486
10.0472152000293
0.121718971058726
1.26195934533756
4.37040047254413
2.79841308947653
8.83088431320783
4.53096488197247
6.80604655250567
8.04281267337501
4.50911931693554
0.588317813225348
7.49042703352422
0.926512409932911
13.5063989087939
9.17848953977227
0.594793260097504
9.82171830899567
1.23995994217694
2.22848108969629
3.06217861361802
9.00765045080334
8.93792863935232
1.39708757732761
0.479693873785436
8.40525592211634
2.57680935319513
3.80721472922849
9.13385024631024
0.447812513448298
1.34937127586454
2.12050587870181
1.53260507211859
1.95637632697586
2.97920411802455
0.964006851427257
0.786422536908727
3.80784596782178
2.10664961487055
11.8179431073975
2.66049490120551
6.15925751626492
3.7050110520795
2.62279705026955
1.04839131236076
6.09240443445742
9.60588550660759
3.46115411179153
6.24725990668256
3.57706277541138
8.95046321675181
3.35918786004186
3.0316989502893
0.840356552182028
4.45302593998279
3.92980664037168
1.05214133762842
1.85278251333965
0.659841641315325
2.06637403819142
8.74810684472322
5.82259725292205
13.5252077830955
2.60652739088982
10.1048861375385
2.68376467478179
2.92492627631873
4.42309091242459
10.1248065726135
4.63864677808646
6.93271385971457
11.1282043391839
0.915537285618484
0.635695364326239
8.43411714036405
1.00141473002301
6.73120326828212
1.80921128485352
0.155402780015993
2.16580878477544
4.21397093102829
2.91988709205536
2.20095620483603
8.97512636147439
12.5970352141123
2.3828777794516
0.094884424470365
0.331946834921837
7.23701910462564
7.48406194925482
6.66194385848939
4.02007715310901
1.3188756188038
1.89660552423447
3.91864757984877
0.925472212361198
1.41928584780544
0.593437463976443
8.92844938207418
4.46466295979917
1.26638074871153
5.42986886575818
4.14721514457696
4.20244862301227
5.74695356190205
7.89259624446199
1.52120194397867
9.39051505572565
3.42189122104962
5.73931115213782
2.13478418347737
1.86571711674333
0.955941959835771
10.1744996616617
6.68456081164013
2.63746008936714
7.70432641729712
9.90240608060647
4.76353152189404
6.72553310994859
0.857669301331043
2.96246081124991
2.75892629288137
5.65251808719419
1.13790802047583
2.91973432415845
10.9847001265734
7.02415573683502
3.6113052861765
6.42106651387741
1.29524916410446
1.65738898795098
0.847498676739633
8.03066417574883
10.9441234031692
11.2759748706594
7.32173398137093
2.58227668090862
9.17799104214509
2.17961394228041
0.722197536379099
2.05489471554756
2.7305029363982
5.4111419131954
1.20293984655291
5.18447998911142
9.40906179012267
4.07209228724241
3.71267315931618
4.01057449635118
3.31563847139478
5.22060624789447
6.56666595555875
3.32709296340002
1.4643225185285
4.56016020530807
0.0496104949691684
2.11343974806368
13.3456249733999
8.53175198928947
9.84856462014922
5.55148449954216
1.91273640843328
8.32516073714942
4.04383030254394
3.15001695416868
1.25178871676326
0.442442595310917
0.401531765237451
1.68172337580472
3.23838936164975
4.41533610992627
2.02684211714721
3.11168887311175
2.74246027693152
4.92403630147155
12.7436660811767
4.15085926250161
1.94730402436107
2.66176275908947
3.19513129230551
2.59845892433077
1.02187764767633
4.15062312264659
5.66945604514331
6.16260489028974
4.95271123945713
1.32655021734536
4.0992558452787
5.66329590510577
0.679081329144537
1.49363637174144
0.558227463625371
0.844982033582208
0.690057850442827
3.73774352483451
7.40802136544833
5.08404278662056
8.25010906387819
1.66742449218096
3.71334455349816
5.80303682945669
3.58259654603899
2.52347271889448
4.31157852994378
5.67859648726881
6.82945828112329
0.612913323588839
3.40347073506564
5.1398835144937
1.13418919701613
9.43375807791404
6.49556609630839
4.73276195116341
1.96409376056806
10.632058527401
0.591447642689091
4.75192794110626
0.12195956181096
6.47562928497791
11.2655288539827
3.26819821171846
9.68280450433594
2.46323132887483
0.690443371422589
1.44223193638027
5.41128687808385
0.820022192783654
8.9638858102262
2.80858946498483
1.95773447812192
4.64809045179502
1.90503154881299
9.88710266537964
3.20847339462489
9.15633791958691
2.8466864321436
1.58820496872067
4.52200655216289
9.43235806189477
3.28727713227316
2.71694690454751
8.68617575615644
6.04791673831642
12.6553846428236
7.82487538644216
4.96436867397279
11.1548768627462
5.29209231026471
1.36036998592317
0.503674522042274
1.57343447208405
4.28802711375679
1.91761761386795
5.60987554160884
4.49870383972356
2.08021362992073
7.7542134327814
1.6653847760843
1.52684461791068
1.00177589553801
5.45907631871794
6.13458200327094
3.04482434876263
5.26286566035269
0.89293156903327
2.85062574909491
2.66226933922215
0.30372611719625
4.8554299028568
6.21965143363923
0.895727099850774
0.416833040826293
7.71368569694459
2.09415783174336
8.05265857444254
0.143608986400068
3.89711009924719
1.48898366453922
3.77589236013591
5.21416116971523
2.26150734074532
1.83159606531262
1.36074414476752
11.4134957781062
6.68534159194678
5.77176960650831
5.5748920654878
4.64795411098748
5.61501439660788
7.68811571241588
3.14394213656008
4.53008369076997
1.60833257250488
7.68039666581899
0.51240655593574
8.32402913365513
9.60778053849936
2.39954224584009
3.21151217945244
4.74276307504624
4.85742209887398
0.723171858633468
8.21258027572185
6.31848094053566
3.1380623397046
3.97988141129693
6.32676931104457
0.550852646119893
6.45426081027836
3.63963902927935
0.0724761513993144
9.82941747643054
2.33557478059083
10.0191450910643
4.66657201759517
5.39986560571315
3.72781839687377
1.69276930391788
7.06284351181239
3.42809656555105
0.270412652753294
2.31778677552938
8.60036085359752
3.61544814643781
1.07620142604686
0.584698584862053
5.80612708709292
7.07757137715816
4.81725728686787
0.59209501803589
2.48421698343009
7.97073291614652
2.46210570912808
6.5247100424414
1.27924804433418
5.83946404512972
4.16942198217244
0.812287339339429
4.92652991542377
7.73220993578434
2.03300195082366
1.94270592182875
6.00804607383907
4.52829846180975
8.13911370933056
0.250063231214881
5.30941735487431
0.612130248919129
3.50648514480841
3.42027090955526
10.7295957859606
5.03555121831596
5.30623351453798
1.70168278273195
7.64950060048553
2.16877593193203
3.84659662593615
2.77547031048786
2.82818989362568
0.571781001053751
6.51486946430935
6.58510349625299
0.0193006889949501
0.0890102974429006
7.91282297577709
0.798362446948886
0.866389970605434
7.30924422387034
6.61195151042193
1.58563451841474
6.72579677416957
3.58327426947653
1.47194851893668
1.10659546739377
8.75735862646252
2.45018855202943
2.44181512087328
8.32828700076789
5.51595444862573
4.02907326351851
0.359086878597736
1.75655620023959
5.61000168083156
5.41261262260377
9.06870096777295
9.41992688458413
2.00304591562599
1.69438430604093
6.66973074620099
0.54616832640022
2.74911377327637
0.737205912308046
0.0655572861433029
3.11021316040378
17.4993418389931
0.917485915124416
0.626693969116647
0.657591549679637
1.08733756987132
9.14193880744278
0.0021789517855109
0.751081872350873
8.7532817851752
1.69363804161549
7.32476457487792
2.07681530155241
6.2079869909212
7.574927829547
5.13398367911577
0.103623559698462
2.92269273758405
1.89025699004562
6.94354390725493
3.65574583411217
4.18880863580853
6.82609027834213
0.736005580984056
9.8895990755409
0.691810739226639
4.59591066464782
6.44105928950012
0.536331023787017
1.86005054367374
0.486363615821423
0.660474274059776
15.2021640446037
9.0574009809643
5.80105012055646
3.41547518725027
2.52010398544371
1.8505247309804
3.22148879058659
11.2615076592192
7.22680971957743
13.4265792556107
9.24612817089691
0.57556951298021
0.920218197418535
2.42328442823514
4.81510010604084
1.00578000892986
7.57340752591369
1.95201093509888
6.89983617246192
6.09188799280673
7.74484307039529
2.12259390391409
1.10569056049035
0.32668147875398
6.05308199301362
10.5946910414802
3.22937336750329
1.92312800791115
1.36862052604556
5.54269391577691
2.21629022196891
12.6970012905076
5.50359115004539
7.30618084020602
1.92807319333442
1.44074726849794
7.30967742856592
12.0237591443583
7.15397508267498
0.519201625138521
3.12973603744233
11.129166954197
3.5767924040556
2.1026881663848
2.22711352728739
2.72567486390471
0.542133557140865
1.02764565963298
12.1145563200116
7.38914750989279
2.77388684848095
4.07428666949272
5.0711957961344
7.13104718092885
0.553821987737373
0.127002014778554
0.4283836344257
5.48258470371366
3.93282023262481
5.15559133627045
10.3106369057594
2.12172968313098
2.58486883249134
2.19368792604655
12.9732251167297
0.903528230264783
10.4884322499856
0.500866840593517
6.40895030573394
5.07892784662545
2.43892297148705
6.67873782262293
5.6566176038633
10.6465868651867
2.34807193971096
6.93456099647866
5.99421237671593
6.70845815911889
1.97364273481071
14.2363191116601
1.27694816328585
2.96248545018014
5.91500377954075
1.55838672071695
9.99210411682725
0.693162496727797
2.56905955461179
5.96997697478977
5.82102804910392
9.74596058949828
9.34550738893449
4.14778341662282
6.82165541220456
8.21825809514255
11.054989695549
1.41476972494274
6.48979712277651
3.28871873607028
3.4798109275138
1.88872432336211
9.53739700697976
3.42367662523846
0.277087162721707
3.93437705934048
1.39243259458414
4.62152853488185
2.89494979660958
10.5244227685034
0.357445771805942
0.704411393962801
0.34996320027858
3.86300495675609
2.40283429156989
8.1404420780018
4.64695728066871
6.58731861039996
1.16765249986202
8.29374872420332
2.07888265140355
1.78956876015928
3.99532010778785
5.44517155936051
7.84742338582873
7.73057696514575
8.35637243437937
4.33256901811792
6.67807252611965
7.91674208528062
1.77542197843062
0.302514254303047
0.206660781987011
6.08960667159408
1.42922743689269
7.13796991805161
9.75770142395049
3.68058125022799
0.917979283258319
7.29725034139562
0.788946892134845
3.88834124896675
4.58716155183049
2.01997098047286
1.07269010040909
5.66411631920884
0.035091838799417
4.12320808973163
1.99623645853342
4.34554655090138
4.06279488012039
3.65952860815236
12.870832439512
9.1098691885691
6.17097779177129
7.29183604604221
2.16203869786114
0.255906691061151
4.28914213553071
7.18686881009489
1.91432108890377
3.21876821108162
3.24468351900578
4.54217905644327
7.29628989938647
4.31295153684914
7.4601149186492
7.43519029509366
7.90028817101204
9.99806180577295
3.767065733041
10.5390521930531
8.0447253305465
7.9340138468266
4.6684730880303
6.98051366379062
7.25640078513661
9.21969877090305
3.3778399694711
0.128908185232755
4.56798926953021
2.47339371126145
13.7574921129271
3.93387665972114
0.876230548737481
4.12294981363487
9.2938314890489
1.5836481936276
0.528539118669319
3.94805392421035
7.71804077085108
1.8006783677265
7.4137118877843
4.48271428111713
7.88766681216657
