"x"
6.94449838194534
4.83006466242324
13.2145911824922
3.34769867530138
29.4352412223816
12.3648831155151
5.759493282503
4.40663628805803
7.56775895133615
7.13258895695671
7.19994041137397
5.6335779838264
5.42829025487115
8.55064882619776
9.30093531496823
0.397782167419791
13.3202203386671
6.47532613947988
14.610093030341
10.1951098310407
11.5422925911844
10.7075119650801
14.3906956538558
3.66338794119656
9.96140027418733
10.3860960242224
3.0639857519418
3.22804645583201
19.2406934622932
4.23356249390767
19.2498459015042
7.61947864666581
9.90229607190487
13.2653329987079
3.66012225813166
5.76633224263787
17.073932186996
5.7118677534163
9.14564547128975
5.16526247374713
16.4999587461352
18.6820427760251
16.1599695682526
12.6547149848193
11.1510272603482
1.62990009412169
6.8422987125814
9.66244601950123
3.31852870569132
7.21422885698649
2.46276101097465
4.98985224403441
13.2244901258365
26.8123258836567
5.89133566245437
12.3031117487699
14.4260587125071
7.79743035779193
35.228820704865
3.12438743422122
2.46691191568971
5.94882895238698
17.215220676735
6.3813132699579
22.6867990970321
17.2149834834025
26.2144068256021
13.294291170314
14.7218719590455
5.77747159153756
9.04742307551133
9.55464546440117
2.28107981974153
6.68123485520482
4.61830797426277
17.2174552921206
11.3938420079648
13.0097386892885
2.26778737269342
10.5112834833562
13.627306599151
5.59985702857375
10.5629101465042
13.7190379668027
5.632547987625
1.37006504083597
13.1052237004042
5.15685664210583
4.25964999012649
11.3491621334106
18.0917551429382
13.5320500378106
1.10198218676795
15.2982391044543
15.0422811895071
2.05912092798417
13.3263941854239
3.20118141584428
0.103629681653409
2.49961708825105
15.0386434221178
16.2168906159306
6.05686890471559
23.851279718168
10.0785919465125
15.6452578958124
11.7176144614443
7.72513812407851
11.8573740250736
5.02217747271061
4.95255749974674
14.5903925411403
0.687985947019148
14.1456878744066
5.9783395845443
9.74109782723763
0.401184797268645
1.53972332826428
18.0961288511753
2.68410448087237
6.8247580435127
7.17948828823864
15.9654684830457
11.6886237170547
7.07964692264795
3.80040756862102
15.9112972880307
20.5164538119904
0.324645046860465
5.12947053648531
5.00511531718075
19.4883650986823
3.09677109443368
3.26448190025985
8.04660830565646
16.7297788120363
18.9009648282081
0.0500395071182943
7.08504263311625
9.89754821157354
1.13550289441488
4.11973865702748
5.23804961703718
3.82011528126895
7.38249602727592
7.8028030693531
13.7372720493243
5.2601799648973
15.2327392715961
14.0255724079907
6.53293416835368
6.28461977466941
3.8598940739975
0.106214499101043
23.9808971527964
2.33894470147789
11.344245783574
13.571181986481
10.0339220371097
2.19521131366491
0.690736994147301
6.57800897024572
5.76860867440701
10.5522636324167
9.50038898736238
4.11960732596517
4.2860368732363
6.50669216965243
8.33803433924913
1.54428741846651
3.1030054319128
10.7843162108467
0.070785079151392
1.59851866774261
10.9711967874318
2.37041795626283
11.5357496220434
15.3723169118166
7.63934506969215
1.82197099086647
3.62018599277378
11.3502934575081
12.172863073647
13.6173046270454
3.75478132043889
2.5195999071002
10.6823943793858
6.73519848754304
7.92464988161612
7.9736408777535
7.67328023247965
1.60297178663313
9.51260577586095
4.80467360831431
5.42208910919726
16.9034637976438
14.3893334083259
17.5397693071872
8.63765582427327
6.20136582292616
12.4896967149253
12.4550738706614
8.47627529422725
17.2382725402713
4.6737996459369
1.52546368937282
6.60587754100561
15.2504574507475
4.12406316027045
12.063737228593
15.4680793639272
0.295039303031895
17.3501188405802
1.72879081219435
6.41086426993406
3.41569607613734
6.2754545567192
10.8482138253748
9.18452677586958
2.35596421879177
3.85290766134858
1.9056717865169
10.9826401807368
30.7934242300689
3.56304086744785
10.1548758335412
4.88338558934629
3.72134200297296
3.972651871501
8.42791693285108
13.9855526387691
3.03100170567632
17.6412044471768
5.0300891045481
0.731329891882722
23.7814852036536
6.73074745573103
2.06706587535482
4.46551485273341
10.0810122723149
7.95541700682706
2.80528623524876
2.88088362108516
8.06997167498788
19.8689270529359
9.63616156950593
1.79997309153186
4.98454524204135
32.5490876194252
4.44730285690958
15.9574220734095
15.9516199112432
6.50130347817271
0.0962506823715977
9.20359585434198
8.33412602496018
11.896578954068
8.07709624059498
2.92275545214642
9.93572818115354
12.4990372452885
0.524139637127519
0.368034699931741
0.3101969092329
0.674365170368036
0.485591594071517
6.22618002817035
13.8529886025935
14.2930919461398
6.52589038945735
13.4972389046123
7.29914498770301
24.7680176049471
24.5688857510686
0.816586288639647
2.90663745456813
13.7113073840737
0.651020408831365
2.53637493891872
24.4713526691791
22.0662751692504
10.5074685066938
16.755306860432
7.32611659914255
27.5279337540269
5.14669651165605
18.1556520052254
11.5567908156663
8.61268651994778
17.1192109713264
15.3493948280811
6.57945745624602
4.30254799608067
2.15053018182516
3.41941379010677
5.20928164268982
16.0025757737458
1.37160554998448
19.0029823541094
9.18576639713831
12.2954226389946
28.5701978486031
8.81494248448256
20.4718102701008
21.8975658994168
14.922613670654
7.85360204511198
14.2526217839337
10.4781706365212
24.4458411820233
4.66781992699883
14.3947371298837
5.60360061557482
8.93997276010055
19.4075728458371
2.42600205389168
9.14329257793725
19.2161466926336
7.28697833032589
8.08159502671852
8.05502432234287
10.7916374690831
36.7081528995186
9.24455923959613
13.829301437363
5.64029579982162
11.4441439509392
10.7888482976705
8.06555786733965
8.17893785424531
3.93016319123671
2.38345869608305
8.95453169941902
6.07532462553194
0.542414374649525
2.83544519381833
5.30199279327199
6.42326301638
3.86693137090436
0.0283665955066681
6.98980626415426
11.3386083394289
9.16908583603799
9.70589853823185
8.69398011810434
5.90951190598319
7.85559206269681
15.4219343313184
3.00677604973316
9.1862621717155
3.77788236364722
7.20939386440548
9.49688982218504
1.94444940029013
11.3123578816742
7.13352402672172
2.55481540225446
18.4931630268693
7.46458503417671
13.5909286793321
5.56704783797561
2.1537114335593
10.5725235771388
13.217509817332
12.3110416345298
5.60243289172642
26.3979953713715
7.57522508502007
0.0981326680630445
15.715066017583
2.58080009371042
14.5817650594089
18.5430728364736
3.00737503626398
3.14427241683006
23.9242339902198
16.0836043538888
8.33639683760236
4.73348745144904
4.35695234636386
11.2386375665665
6.54879081994295
10.5895086191595
3.5074911841887
2.72709359414876
7.80479186214507
10.0554605945945
2.91419159621
3.54719908849213
4.6286053955555
18.9845561049879
3.12271732836962
5.31693883240223
3.28269638121128
16.0671399576058
20.7788749903217
3.41682750731707
8.70542612286486
25.3126294679947
6.38055321760476
5.80832439652504
2.23373593762517
2.82183848321438
17.3247393739792
15.7264462672174
9.03708032093049
12.7836848609149
2.06714970991015
0.751770401103242
11.1458391882479
9.72103085368872
2.26731618428802
3.80639892348278
5.46811334029441
2.27593714371324
3.14664216712117
12.3219160828739
4.72215842455626
0.585728626540665
7.74248965759473
4.54726315567504
16.3590182550251
1.37369606229449
30.6746544316411
6.97641760884916
3.12076951377094
8.84219082072377
5.37702952447721
10.5387996416539
9.4864315353334
22.3380253650248
12.2474745847285
13.7060928736227
5.46907093969555
14.0307626770809
7.40986187011003
8.99313325062394
3.68587533012033
18.905509980443
13.6751903456382
8.25861715711653
0.69258282892406
12.5143342185766
5.25132428459209
1.83555781841278
3.38214328512549
12.0132364644219
2.55390958196405
10.3551159503108
0.37434922634702
16.4585729595274
6.17808233946562
24.6367268386718
2.51897184152391
7.65758445486426
13.4794954604842
11.9028069490811
3.97333335131407
6.8024363256209
5.49270994961262
17.4600579687126
4.13854828577966
3.77605640458578
19.4995434954762
5.32424417324364
1.68608380481601
3.40830804780126
11.6554075852036
25.3147463779896
5.41999311504177
5.7641202583909
7.46061584543961
16.6644282207221
18.830071059426
20.5553654581308
1.18388532334607
20.6556058023125
3.02419988438487
8.20806911215186
12.8307079896331
11.0144738131704
1.61886286034176
12.3013407923281
14.2764246877752
3.9548896253109
8.96885401032801
7.32369436882436
13.743960019201
14.4039927516133
19.5083906874061
0.794103505355881
14.3618427447924
2.20793727785349
20.4926525704237
8.89970529824495
3.36967529729009
20.0268723070621
16.1061459686607
8.04488794805631
9.7015461884439
22.0950881209632
5.02934062009844
0.988240307196975
0.0686549115926027
1.11252599590824
1.97278558576474
0.00501694157719612
1.58891780301929
20.5745126976583
16.6879429861703
11.3787703276836
0.811507780867797
1.39706611300235
11.9746011146992
2.26783381343714
9.95536987610092
5.03198932856321
10.2075196808369
2.61393040379215
14.8635176476091
3.27051836810085
13.6052291042884
13.0692580249161
7.22440704703331
26.0561345545689
18.8715056981891
20.5912382341921
10.5492429714056
32.6254597399384
0.755287629360713
3.81144881248474
3.51521754637361
1.53964390046895
3.37548760117486
13.8451803475618
3.74094895087183
3.11563671566546
16.7751525396941
11.7357369046658
0.551410478863915
10.0682702580508
2.38460320979357
7.8031653072685
23.3910374343395
15.337261586684
7.5553972274065
13.1603386156519
0.126155093312263
1.79587237253777
1.42299765720963
3.74958324246109
18.4510827468471
15.5250789676367
11.1290333326906
6.71304683201015
7.78057323768735
0.561441900208592
8.13887432163767
4.81205381799041
10.5245414189994
17.7932238671929
9.62473568536558
5.1260719075799
20.2176178339869
2.21005551330222
8.35310950996043
16.4602317682139
4.1821121350763
2.35844920389354
15.760059049353
17.4396639224142
13.7758284807205
6.67960633700496
11.4713812092035
6.6676840017482
22.6383307948709
11.696619912982
1.78470835089684
2.6987133911377
15.1791440052648
3.99996666172654
13.6052192920254
18.9698171336204
6.00629487134401
2.36559934459848
2.23282887600362
4.64358949102461
9.22758444212377
20.2908229228934
9.85568831674755
7.87620823830366
8.37995852343738
11.3826511893421
12.9622943233699
2.66426900740669
3.56396750354151
7.93516300618649
16.6266713590303
11.7706967517734
0.577740604057908
13.8698252849281
14.3413549656405
5.53587786853313
6.2738514970988
4.26949703438508
9.2377204913646
14.0909550037094
0.178902363404632
3.78968096338212
2.11121351458132
9.54124378040433
22.1050695516169
22.0589028205723
9.72253004004941
0.421072635799646
6.91955178044736
15.2665479803874
1.39787359123541
17.0998620335013
1.17828515177749
4.19999246672841
7.08095077425241
1.37875941582024
18.7357358168811
0.536226481199265
9.06009962782264
5.04575283266604
5.1908883782184
5.0462088547647
16.7877955598447
14.7126702591777
4.62776344528093
22.1407037228346
10.7167982496321
10.5509984949943
1.89110995489577
13.6584139419865
7.37271725479777
1.04835983188354
0.836863135918975
7.85774864611864
15.6833392102271
2.07631356202133
18.0231314152479
3.64398672245443
18.2888699695468
5.03933570102587
1.79814408894101
16.2070020101964
19.4542620138615
16.5493074338883
23.8496275618672
6.6189446356127
4.70475554466248
18.8985785526893
11.6924297530204
5.78425121493638
22.7169779544837
3.76136141107915
7.82965943217278
4.96722268871963
8.36830746263749
8.61652242019773
18.0082124224049
4.11233593880427
31.7497107489568
16.5983336977661
12.0506418114758
11.2984693496694
1.91587618733802
18.8829923979938
7.51198893270005
16.3275882578127
12.8649208465361
12.1847011281373
11.9602848310024
2.86339530721307
5.94574744731052
6.55013439245522
1.37693856332725
12.1161507442594
1.73626237466739
5.43480813503265
1.2786568608135
8.64125755615532
7.84227880649269
14.2638102173805
1.03285107761621
17.8352236947647
23.7552504411184
13.6009252327181
3.43821115274054
4.98813733014531
10.9852981304994
21.5116964653134
2.63002892024815
24.2196307051927
3.83843425661325
4.32610080018644
4.17452366091311
29.5426711440086
20.4885714221746
0.550913587803484
10.2967334911227
4.08297190442681
11.1104912124574
6.66300277225673
12.5180455856025
3.09933466110607
12.7162723336369
10.1844546850771
6.14952612668276
1.23158516362309
14.7619009483606
16.4034992456436
3.82111168557745
6.8644607534496
4.00837552901739
17.9390243720263
5.43303764425218
13.9232234218983
2.26364904083312
16.0762914456427
0.182954742966348
1.65765336714685
23.0476558674127
9.59208495914936
10.94181812118
11.81741469767
1.48112465516256
16.9567399244486
0.673501142514148
3.98145099170506
5.07273646071553
8.07794150806496
1.7283134162426
13.8522165827453
1.70386281489692
16.1023425403982
10.8339407481253
9.49665031002678
7.24533582106233
3.59173081815243
7.27707327045582
9.06385472044349
17.6947169937193
9.10679370580859
17.3613055788857
4.5599021948874
17.0837789704161
3.96588379517198
8.6710371542722
10.298670052201
7.35501181334257
5.08617316655759
2.46472074650228
0.828049145638943
14.238677220419
1.74807677976787
1.12088643945754
4.01368044507424
9.25082329838404
0.0408611260354519
2.92666559107602
5.55927068926394
2.42458069697022
13.0491342861205
25.2087997272611
3.4938613884151
3.83442509919405
0.878642266616225
2.29918868280947
19.7747758124024
0.760681033308832
19.4874859880656
15.3358274605125
18.5211614771351
6.22425833716989
9.3610608484596
2.38132616505027
1.00241410546005
3.2841658541191
0.442188186571002
3.74473137781024
13.4398354683071
6.03105606854604
8.39517009444535
1.57337420978154
6.11844609992658
5.78193484782684
4.40025110729039
2.05565573054222
12.2846885118634
9.30751821494409
1.71428751200438
16.0260899458081
11.5006462670863
9.86342937685549
8.22843694619909
0.153988103456987
3.28327905471413
7.14644677937031
19.4489591289312
18.0962123908103
9.11249238997698
13.4503229521215
12.332918394432
0.062545155587178
8.47749360837042
22.3403371404856
0.396598409861326
1.5910681568529
5.81445844880328
11.497372150857
3.29425632953644
15.0444180238992
3.79242464714711
0.201516978479465
12.8348081734439
26.7852749209851
23.7759984389021
0.501425600874191
10.7045609038323
5.55461160838604
8.41280673691203
7.45766522695319
24.2887646891177
12.9316300812234
7.88236549124122
0.504009243953065
12.7400409018879
23.3508245553821
17.8258229012909
14.0507559536837
23.9036488812417
25.8076995611191
2.58098384365439
0.480673713690114
4.95404410175979
2.60454430244863
9.20275817625225
20.7058375701308
18.6769691761583
2.54238336347044
6.14504319089757
0.692325920616213
7.87689913995564
1.79461393367261
1.90761769943269
4.99390502028245
6.49509349382654
7.41008085131825
10.9086761251092
6.35281613256732
5.61685250140727
18.9000476151705
7.18961074016988
2.64348753818637
13.8201031368226
14.489350002259
1.76793546415865
5.93841141089797
4.32294802740216
4.56533989397256
12.0745083317161
4.52999630942941
1.22018553200521
10.3899996748888
6.42870004293802
18.8271799116452
7.08259451203048
5.04344296641648
1.88846156379213
25.4621515554635
19.1460637375712
4.95046665892005
17.9626594272847
9.28087713017561
9.57916853949428
7.36782299354672
13.5267715435475
1.04812756180763
12.202543951571
19.7383621707559
0.467315874993801
3.01058091883507
21.7787212672269
15.5620558028378
0.942956795915961
3.06974751874804
13.5524495065957
6.64415679344683
12.7555015031248
8.05323884553038
2.82290925321523
2.55026961972644
3.41029652338627
11.3843300379813
7.33567751012743
8.0430103931576
9.35643889814295
4.12958688102663
12.3696445489081
6.35579824447632
5.40642251326827
0.990928479165456
5.82057297338712
17.0036392330588
20.196776029598
14.7063150989918
13.342907339674
1.5111074448791
6.85853632166982
8.30875132232904
15.9292360736573
0.264620835928381
3.64452041685581
0.0893202713490911
6.18127854540944
18.6068062204868
17.2982003074139
10.2559259161353
8.24264865347701
0.298417080193758
24.7667755465955
0.551694211422083
3.82396057248116
1.87464999035001
6.6454706247896
6.77359164692461
18.0380891542882
11.8265627285407
11.029614296327
5.78774354612223
4.18639083044554
5.31914661399918
0.870178081095219
3.66705362685025
6.02905643172562
15.753164713861
5.97840901709646
11.5737338280584
0.794690428301692
11.4933515276871
14.2150039318949
5.46339591965079
0.587500166147947
1.7923361007436
5.38737252354622
0.181335164234042
4.07786318100989
4.36233351938426
11.9780347611969
0.746446754783392
12.7822208509174
10.4807843619326
6.74501092804269
11.9329440559992
1.02049676532566
5.58994170278311
17.114546531369
8.02736333571374
14.2198274377733
8.5954531095922
0.140312686562538
7.39140132052997
11.3039021963325
2.168796537444
0.698770931254667
3.03578656166792
1.81691632606089
1.36208381391406
15.3619532104227
16.6206001827003
3.96040133200586
5.54253784939647
10.7413346257538
1.08343709043786
5.23496633395553
4.99649406410754
32.5665625174088
7.83219292997166
12.4387613707914
3.87362544424832
4.29793302090285
0.645821184403176
8.26998404227197
3.63386661131817
10.8964361250401
1.94201059639454
6.42851018346846
18.7233492732048
6.52850055351974
15.9462516661733
6.72013327477219
13.6379879433662
2.51031532756307
21.7780008889664
8.6761359591037
4.73209417116358
8.17491350473536
4.64518231007858
0.831244327127934
15.4570304322988
17.621473551777
2.47145849280059
8.53264690376818
5.7931836694479
12.1583626139909
8.6580090559968
10.1863924584554
14.0872297490214
5.41832246430012
31.2219088897109
7.93222361244261
2.6373772741904
16.8679944705218
10.5942047938201
5.23177478462458
5.89914079755545
7.5259522993486
14.157140363613
16.7334807464611
2.55759315067298
11.7560000826189
2.63962461613119
8.17173523828387
3.98665964603424
1.79932619227348
18.6286582555477
1.15581746213138
3.93328089267015
3.08674593117371
13.8151932469338
4.82059857221259
16.7329423953619
3.91161399893463
12.503192046313
8.27117930166423
0.436121923848987
1.83104360476136
0.846242066472769
5.1635391482409
23.0764374602586
3.96746075712144
9.94833097793162
10.5980644345505
7.52698369324207
0.112661353287147
25.9033918380737
20.1384325977415
11.2494090192477
8.52845821595495
5.08252633735538
7.43353976868093
5.00019122719117
26.0843219422398
4.02150964364409
19.3436434026808
1.35767736546306
2.82001470019192
2.70322049597715
4.05342366061351
3.11773083052377
9.93376895381345
11.1963833564668
5.4224742457943
13.413564581424
2.91467723436654
14.7907689397857
6.97976802863605
1.23825510963798
9.36498397513695
7.99101915689619
1.21468808256465
9.39456964842975
14.0037316032749
27.0705615635961
8.59165540896356
3.34337782593396
2.9018965549767
1.96566637605429
2.47808175319505
24.5925040449947
0.920090637999857
15.8730213931324
19.3461655092903
23.301038399487
7.10458098910749
8.67744777835561
3.38270606989777
11.7582095786929
8.98489413920752
15.2269125222164
12.1725961565971
13.2389655054047
8.91506937332451
11.2579157110304
8.4107979504239
3.95190779539468
14.9262963194633
2.41217445582151
2.62466031126678
9.6055781468749
5.13847238296786
27.0830713437086
7.66427932099926
4.16869292941953
1.59094167871978
2.79132961453102
9.72080516364395
5.63738954659453
2.8807932510972
4.95841950380628
12.2157351113856
4.72091216146514
0.965834315866232
26.4995658886912
6.06603244477165
3.04870089881134
17.0584736391902
0.115851468455401
23.3965115621686
10.2539932820946
0.76145650818944
4.18327015963186
5.16589612481733
3.32979757328339
2.86001116249206
13.4691145736724
0.701180472970009
6.75812461413443
10.4301196057349
1.85885918326676
18.4440432712305
7.83907612785697
13.6487237513093
4.81534061945386
4.76435855962336
6.81979438020986
0.575877743918635
5.61469052918255
17.0903909485787
2.26664635209265
8.85075191035867
17.2874778974801
6.46535672078235
9.64018669910729
12.9966286476701
5.80366255488064
9.43366414867342
7.86072250417527
1.77316032350063
4.59601310872585
1.13765820860863
11.3538943696767
3.1910794490325
2.29608541655937
1.50463385507464
3.14699480742302
7.79354921542108
10.5744370725006
19.7170602157712
15.2306184267345
3.93703493848304
28.3229159191251
3.46807214451519
1.71202529432783
5.07685062475502
0.388692133128643
12.3991100117564
3.94432107631558
11.5498116705567
1.361065097671
5.57252150028944
3.9599712472409
17.1691793017089
4.24323324114084
2.26936601102352
1.95441571995616
10.9440340464761
11.4664143643388
21.787227364257
7.79508608393371
4.63457404340816
11.3191499840468
19.7297311387956
0.260919079028052
0.4568787291646
12.8227921213925
1.42747823763983
19.5452230982482
20.1475087378927
8.55423472821712
10.4070764034986
17.5603648182005
6.35684477165341
4.28913240546815
0.967847793383822
20.9620479028672
4.51452473392152
5.56201198449824
2.70938975736499
3.21306549012661
7.87321842107413
11.3012980669737
4.07261936925352
0.334989698603749
5.88454199023545
0.79508218175611
25.0691946595907
4.24693087115884
11.9844581945399
4.2073647684952
18.7824073713273
8.43719504773617
5.26232253760099
10.2514812257141
12.4904558993876
10.2880518417805
15.3382051777886
7.82400385414373
4.03323955833912
10.1894467137754
19.7312501724809
3.59408087097108
16.8789563234895
2.15696911327541
17.1191489323974
5.21669369190931
11.9461297057569
21.1324084550142
1.68298906521658
4.24591773189604
0.0985390041023493
4.3853585733209
1.91434645093977
1.74177041102326
16.6008273139596
12.6929638267042
15.4471420994559
5.25811808183789
13.3171551684659
29.1905107907951
2.79355636882135
4.45543774403632
9.95381718231664
2.03875333291517
7.61775621907032
8.31037762113853
9.54503009222914
7.72104929814335
9.51287169009447
8.89695091173053
4.78753368370235
19.2788062151521
19.1989088603131
1.37906894087791
17.3596886917949
19.3259291048228
6.2280608101143
3.80539847537875
2.70221875980496
10.4526513128956
0.225946120917797
6.39170985668898
20.4575411044061
9.95756089687347
3.02297226153314
3.48102478310466
3.78524637781084
26.6187061555684
9.29387124536073
4.57488574109707
9.81542058289051
4.85051930882037
5.91291575692594
0.299948221072555
2.86980494856834
12.0291016064584
12.9946304257533
1.30411344580352
4.47940439917147
10.3191611822695
10.3023953270167
1.35435481702182
12.8879991276678
4.5631555840373
10.1599571295083
16.4814609102905
0.956530526159081
1.12264486961067
0.632329597168374
10.4576448832661
21.6444588731974
15.8589226193726
12.4873327987549
3.43932624864558
14.9431088090031
5.68112896761634
0.0452370382845402
2.30115596204996
7.67472586594522
6.74170409329236
11.4689918700606
7.15978809804331
1.36065962724388
17.0507562346756
2.65669208445197
18.3521301019937
10.2329113643508
2.22280519083142
15.4110447044626
15.9230960823778
12.239547595105
16.2967449519783
8.70900340378284
4.62357378651503
13.7879998350468
15.8585655502975
0.280115520581603
16.361665198117
9.16075874119997
4.72478014416993
2.57727629505098
8.92668687738478
6.28005973994732
4.95477649383247
24.4391876738518
0.133630400523543
9.50063378550112
0.467409583748687
0.580289953846419
9.49863996356726
4.96073318645358
4.23137991093931
28.5740700084716
10.6960308104697
20.6602581776679
7.08155657147861
7.63874892145395
23.7613790668547
8.89426372013986
6.31380152596972
4.7537459526211
14.020881569013
2.49785608612001
11.3520533312112
0.642376950990173
0.130030833998118
7.34520792029798
21.3359821587801
14.3910390790552
20.1247448849182
12.1726522824702
0.0275222033896202
0.628284318372607
9.41072532374595
22.3919037986425
0.917747492195417
7.32589783146977
13.1038111634552
0.827099676536995
3.89590528793633
0.382163806184258
14.5224670879543
7.7353844172222
13.7440564061035
8.60348753954716
9.68211946151911
3.94177850594932
1.74643485098072
2.27332217685129
2.23948531421803
0.572655561371216
6.50846590287983
10.6806857706795
2.47177369892597
1.70093406923115
3.09416080654202
7.56894537511786
14.2769638448954
3.84790521547104
3.5498021140181
2.24661286920309
0.368546467052906
10.0746057461947
1.05582973919809
3.58383469283581
20.7876849661389
6.89772353507578
4.33087036944926
2.94729793917109
7.71024773957547
9.8862535060982
8.92601176582481
17.2849863301963
20.219317395965
1.08914374442602
17.5668892239334
2.96648000366986
15.2500784490258
7.0233645263011
5.59034538455307
14.6900817266306
4.81850770302117
0.263915547249861
16.2336921150904
8.08293191527171
0.285656237974763
19.382535872402
5.27934675200754
28.8935041623246
11.346935806796
6.62936769581947
9.14601469412446
21.7406893149018
18.6783433592203
8.52156030014157
8.78330492439733
14.870164450258
10.2232893928885
6.79177339188755
15.7377478089277
1.23112727036947
1.33216036483645
7.29233898907405
0.57381559163332
3.28014934628982
8.57142405584455
23.1382429134101
6.86315728791718
12.3236075043678
4.25328044220805
9.34257441263791
3.83178933204809
5.05396891385317
7.76877356693149
13.4896955983415
3.03308502119678
1.19093201291255
6.63732400475778
1.13429396874513
14.2902330961078
4.3770111631602
11.9163283146918
10.6848706956953
2.46292543597519
5.09787335411722
5.20127848342353
13.123144954443
9.13070278543647
13.3595823775977
3.24584450572729
16.1334132889658
11.9662765413523
18.0198160043623
3.54688519290847
24.3818968068808
10.3944904151976
4.65259603224695
6.15347623379687
16.7950165784649
31.8005728535354
20.3062834020208
3.838293813169
10.0368777289987
23.0811927001923
16.149725466064
3.32455174066126
18.198058148846
15.4332526636901
5.46869072131813
11.7377192557069
8.81804930977523
0.357309030368924
1.57351017740583
0.512126906518385
10.0706915836781
8.44573276117444
0.642674772537777
4.77623579813582
22.7268019824913
10.0695930898917
6.42918420065061
10.5921786744859
4.94089394678736
15.3375961235248
4.3306816745227
6.00041686557233
33.4906071424484
11.1486931278174
4.36716959112701
12.1969688937834
17.9848784580827
6.71057556578372
4.1140025947243
15.4563624411821
4.45446872996631
1.24034630134702
10.1486157625914
10.0883576549129
1.45520963706076
14.1676999628544
3.36928712204099
10.0844589062035
5.64856527838129
4.49117914931673
10.0367808248848
8.71347327592863
1.75238440689329
13.6564148063755
10.8934119343758
6.35257802380427
1.6450542271496
6.75322222523391
15.8249686433263
2.53899316699687
3.38872405343372
13.9864903436649
9.52489892750978
20.3540383838117
10.1965619716793
8.53311534513094
14.0731901436717
0.242276350036263
4.93697924118644
18.5591316748537
3.04136815272968
13.0294308066368
6.22190708489433
12.1289752855162
1.94395344526794
21.0063820704818
4.45209546955214
3.04873329587281
11.8712020572275
8.73369886539876
1.02019076151272
4.60076566538699
2.71327135187307
3.06589254178107
21.1308743992314
13.6372331394849
11.281987791881
24.1217447910458
15.3105872217566
10.203454337633
18.6168903827398
9.11932864581909
20.1654945500195
14.9666818324476
8.50831498391926
9.79973464272916
6.76415184499248
10.8086976688355
2.28601882553779
13.2441306128528
0.739493640139699
3.28967961967457
5.51153146661818
14.4337230743447
4.63911345770563
15.6911633443087
3.38750421069562
4.51228488236666
1.65822319686413
7.98335457220674
0.861830869689584
13.8884382788092
1.46003440022469
8.48387232981622
19.2590326463481
11.2919395789504
1.60904480144382
6.87249433395883
11.4879094995558
4.99582136981189
1.49117389719944
6.34463778890202
5.92889981344342
11.112556932494
41.0970597993582
14.931944164428
0.465499376878142
1.76263428293169
1.84800163842738
4.26672563494526
13.0665061995387
9.28732478059828
26.1778878979385
1.76958417418741
1.01349819451571
7.59682511283963
19.5891801940279
5.75481089763343
10.8471395913512
4.99465311877429
5.49475131031493
22.281083650887
6.87798801809549
0.074385991320014
11.13859442994
9.15551309236915
13.3522974792868
9.68537605367601
15.2920881751925
6.60851470036642
18.5254961717874
13.9431316158525
8.16214014776051
7.91806783820642
19.0228912743001
7.80351405766807
0.328858009750928
20.6788382958621
3.39740314520895
2.7188993947873
2.34359839507028
5.76101834885776
17.2168890945613
3.45927621237934
4.34575444087386
1.66064889865635
8.41863983675613
1.37695554112437
8.75507444143295
3.12396455556154
0.96830725905307
29.4968032743782
9.50888721272349
0.797180989301597
5.40300230495632
2.9003837145865
1.6358052380383
1.51341035962105
4.7694622542122
1.92121458239853
8.68587181903422
6.46870944838768
14.599805760234
4.12101998520037
12.121245963499
2.83672902733088
3.33709520179231
3.91848199879801
6.96514085866511
2.31856000609696
7.97665080845966
24.0905799902976
8.05925270542502
11.5919124335051
21.7034277506173
1.82750002352847
2.38274387083948
3.89726331902463
3.52310920823578
2.32232743874192
4.97178383825562
0.918038468807936
4.31860986364148
17.8744462632384
12.3220715671778
11.0367774742391
20.4864794388413
7.04998810069898
3.23027408160623
0.32606846652925
1.64960601974593
4.50967757284333
10.7117603844537
0.873122191668292
21.3944324757904
8.56971452012658
0.608015212980699
11.9468905963004
0.307259801775217
3.19658763063568
8.60050171613693
2.76458403238957
8.29776502214372
17.5332663115114
7.37534665078048
7.96182105772303
10.6328952126205
12.7823365968879
16.1536883562803
5.89321932113374
8.87499605305493
11.7340702097863
15.5292694656093
1.6412676942338
15.452090324834
2.08842799491985
4.4395714532584
5.11585371568799
4.92935869842768
2.61855624024132
20.7933231602265
7.31579200827525
6.9513097708635
2.95652444474399
20.5424272455275
5.71913975290954
2.06521051844582
12.8255743999034
17.1095047550289
5.33311282103964
16.7144747450948
1.04675923876289
16.2485951027503
10.452764108777
3.68809392675757
11.5853547584265
5.65790033937633
21.2516138271216
5.66411199979484
5.85537040606141
6.12537773748196
13.2337431423366
7.37560769248052
33.7856316946989
0.772344553843141
7.71256159059703
6.5313458442688
5.7665887913055
6.06526482885693
11.3412742968649
11.6418757176944
10.2042174898088
13.6028016451746
6.16732281632721
2.93569406494498
6.61847586743534
21.5042322874069
6.12728588372023
1.32510205644291
9.58070825505914
2.51379953697324
11.3323071505874
10.7036256697029
12.7713590394706
0.880721444264054
0.292468748349851
8.32040440291166
0.305219599977136
2.54184971363974
2.1275551058352
14.1774902585894
10.1284046191722
1.63250397890806
14.3999894149601
5.6222880865496
4.75072003901005
14.4720544375783
14.2922144383192
12.8790281855498
4.40469440072775
15.6837097723699
5.7425183741892
13.788381870836
19.0029231831431
5.48906683075001
6.00282933499165
13.8434699736536
1.26791166901838
4.39064432866871
0.626167140970987
15.7066822517663
3.08254413618782
6.98121138848364
1.11560493232709
8.63796182808622
1.85918211936951
8.13838240126309
29.4409487117016
3.20882179573653
26.1394943110645
12.5869647134095
1.32127585487185
10.2106450591236
1.23085994273424
23.0837790007055
14.6353589619584
1.2493662070483
10.6509457537787
11.7073960602283
6.83599659241736
4.48992433957756
15.5388944782317
8.60500824637711
17.2253071298923
8.595009453842
0.769272492611692
8.35957417740202
9.76627971976995
10.8892554417253
5.80858493792877
2.27038161829114
11.739738797769
9.23137987969542
4.27524358296876
1.76339782774448
2.81727323308587
21.4456796180457
3.98140796460211
13.3938772526686
0.281804753467441
15.5690823353049
2.66413391126628
7.6435333583504
0.302434200420976
2.53053238186064
23.1132562272251
22.1302619044268
5.67601968355256
10.0751177873462
6.46343636326492
6.41412562690675
7.43024754337966
4.80345250107348
1.58778200093306
10.900042206049
5.95842448760966
1.35864050040071
9.09477152109291
1.59938619472086
4.6213559568652
9.57093965262175
27.9159846249968
9.14633363966294
21.2807504059881
1.4308116864413
1.21933481848842
0.0119372634528935
3.56911022676464
5.64806666225195
3.73701946809888
7.17839756980538
8.65183710120618
2.24830559454858
8.34326585754752
20.7251719747624
20.7254264969379
21.94186556153
7.41899162530899
1.77755164913833
13.1394812837243
6.53315345438504
4.76247700425944
1.48857214662211
15.0251561775804
7.51466709189117
14.7387381177396
4.87090912647545
4.12475807006774
21.5870009735227
15.4563066549599
18.4324339923507
4.02726167812943
5.21761714394863
3.84515074541257
0.387850044855542
25.2259569242597
2.04104064032435
3.33242019105813
6.79191404536023
4.62168934755027
6.84750551807752
8.64429688650815
3.36053440636011
6.1184100140384
8.70426460169256
1.95162963669233
4.97833352379154
12.8838170785457
10.4601301132206
0.689147971570492
6.19336287491024
11.0298143502939
8.1121552229231
11.2992737907916
20.8686818240334
18.7030848581344
1.2288089457171
9.01631014421582
5.9402133794083
0.51714600995183
6.39916406623584
4.22266125679016
26.8296134658158
12.9458981121818
0.499530229717493
4.59905830211937
9.86163532361388
24.4323036633432
15.8189983816022
10.5731005043757
14.9001132156138
4.12939121729836
0.430400455228181
12.7623098649872
3.07654649950564
1.02898132260558
31.6028390376383
15.2064838587212
5.13796027321666
1.52501920238137
7.72047069739962
10.2560820066355
13.3363175205886
14.5043996162713
10.2112843189389
14.9227276897954
19.6170064484611
3.7593065166382
7.20155048184097
21.5888186823577
11.1624765007669
8.19791280664504
13.0631685823385
10.4827967311878
15.8600659575313
14.9886570870876
9.68212765992304
3.30816684290767
7.52468956634402
10.7342327479273
12.9215470980853
14.0638224343083
18.834064854309
5.88103132322431
11.490291554112
8.7343811057508
1.84820909503217
20.5727519774435
19.3870835471898
18.5217529241968
3.66098271935706
3.91291645355523
9.60587980819978
12.4253571256079
15.1702392313675
2.45228716977127
9.28943543694913
10.8673170674592
14.1164245075064
10.1624318160311
12.1265202760696
18.6198946554214
13.588680094108
15.5614912749449
9.73440129309893
9.72291229870209
9.11686153950163
15.9447351240158
8.56160142583338
8.0615347251296
10.3074570950811
4.27860533818603
4.86819845703292
5.44539257735631
5.98599594086409
4.36776881106198
4.22757668420672
18.2105885818601
0.200960277802939
9.56099767814472
2.32049169388089
6.01994577874343
1.97955962998467
2.50511458610738
24.9078060965985
2.5756613032404
15.0648774754973
12.0347027201205
2.87845285887333
0.752739249101905
15.5463507398963
3.52452863007784
21.1166453547776
20.0064140371978
2.20046037892257
8.7023187179725
13.2284022976788
16.8158538387923
17.4093279987574
18.5877336467739
21.8533687759191
0.830720644444227
2.72807224681003
8.04046746343374
14.4602172542363
7.33464254356763
13.4693091735244
15.4142646760231
2.9791594017297
9.24449587351539
13.2306004874408
0.429143049232814
