"x"
64.4261304289103
75.8203224039597
50.5114580970258
33.1830352544785
54.4236660469323
35.6034496799111
51.1616382747889
52.4416035506874
67.2449570149183
40.7597756013274
63.0010209046304
60.3481482714415
16.3556856568903
39.4556535873562
47.0752709545195
31.2556443614525
50.8648275863379
51.6222183126956
73.2660811416854
52.0531989168376
32.4042162392288
41.4578469900126
22.6833677850664
37.1889772824943
52.4651986979835
62.0004637164759
51.7411129351825
22.5772127423478
63.2980775553733
56.7440547430318
56.5721735358238
75.3566504414094
57.856200820383
57.3916243389249
51.2215422000736
49.8193301726133
40.3649766929448
68.0871662683785
53.9822506718338
65.6605658121407
60.2621435653418
65.2423096192935
31.3845904543996
7.64367808755675
53.0974731173112
23.9957457408309
44.1735127115761
62.6980800181627
59.9004041403532
40.5771001707762
61.9749195408076
45.8852563229467
37.8423027228564
57.5898693874478
69.6730359415424
54.7971194144338
47.836573774746
45.9642914589494
67.5375679507852
43.2036431971937
78.7068950072765
32.2083518374711
39.6174977533519
59.5018740743399
60.2079836651683
50.2519636414945
46.5114427730441
22.8130703791976
48.9082633983344
45.586723415181
44.1461310268932
39.9345903335726
52.3219860158861
40.323086315766
65.0659222621471
59.3809239098414
38.9596367720515
36.1736608669162
58.7823426816612
61.0628842528889
41.0039287352812
66.512437351048
52.367991860956
20.5474017862455
57.3371980339289
46.3651651516557
8.68549485072644
39.7271158639342
58.3675315618202
69.4025835141102
50.348335551098
32.1742030791938
45.9706392301139
47.6513266563416
53.3146494533867
39.0627903604788
44.7365272324532
53.6971857517576
46.9661491646049
42.4160588532686
42.5083023961633
25.9448843542486
39.8766562808305
57.1529730688781
49.099738150835
48.9394630305469
83.0253398003888
47.6975237950683
35.7703929376232
62.4371523037553
48.8422111608088
36.0881939064711
48.8559416029602
33.9271992910653
57.3156482540071
61.9094979949296
35.636035585776
60.0155421067029
56.8457718007267
57.5274051167071
36.6483109071851
63.1014217156917
43.1942762807012
67.0942805707455
64.2546022776514
54.5179814100266
52.3719971533865
52.7956098783761
67.6658985204995
40.7137701753527
60.058445809409
77.6361334095609
20.593847008422
52.8379888273776
27.5765010960979
66.1589628085494
53.6291187629104
17.4951573855515
42.5729449372739
43.3793210424483
35.7808464997659
25.6805842459071
60.952658648638
35.3234231937677
59.2652782332152
52.6956526855203
19.6830651722848
34.0698941610754
42.9525231011212
59.3858948908746
49.1432855371386
57.8211964573711
40.8142551779747
55.0631998572499
42.9415102116764
62.3233878053725
75.4800385465477
47.3861373402047
49.8854322824627
54.6110838189503
64.9298930540681
46.6150203719735
41.5669702459127
39.256419846788
45.2434804214795
79.5646999013916
50.3842884209007
53.3498897217214
54.360083130268
47.4787278100848
58.0943544395268
76.4825141015363
72.1608634996128
61.3169200252742
44.7155547328293
21.5669938828796
45.8803839981556
52.8676096815616
25.211492087692
68.0486989673227
64.7709658369422
48.0552680878789
61.0776872839779
61.2383815925568
52.0303315483034
36.5125433541834
29.2370214592665
49.1214378871603
57.363155670464
30.8278340380639
35.0822074804455
51.311401464045
46.1306947283447
65.8589668571949
29.063135990873
24.5482937432826
48.0453026015311
59.7172561567277
50.4477317910641
50.6481465417892
50.2186193435747
39.7793128858498
33.1242018379271
47.4335297150294
57.0255199447274
71.8826484418504
61.5027671679854
28.132433257997
42.0524028595537
35.1361995562911
59.6563683822751
62.9159088246524
41.1515794694424
46.3263854850084
55.9445752762258
28.8584299378253
59.3620368279517
26.579738361761
75.7219571578217
48.062385385856
51.6227305401117
45.6313593778759
38.6191345751286
48.5318648163229
45.7210898865014
39.234954258427
34.5032778102905
63.3140065707266
50.0407225962318
56.777821155265
44.5400623138994
44.5292233955115
39.2177721485496
39.7960238636559
55.0433982163668
58.817395195365
22.7378090821467
64.8087875451893
43.6198969837278
33.8302073534578
39.3392245750874
65.4173513208825
36.809864686802
63.3658922209772
52.9211734887213
45.1132534537464
56.8320989143103
45.4893422778696
56.3407326476795
69.527592325403
48.5103993676603
35.707019339774
49.3638336192816
57.0461066905409
60.6890423689038
41.333071840927
60.5860979060275
49.007662339136
48.5435717739165
47.5160061847419
49.0703773559805
40.6470130663365
33.9068744331598
48.0707004666328
72.3023074870372
65.3600466903299
21.346349036321
64.8883967194706
33.0007613170892
47.4961500614882
44.5978258736432
47.4786938168108
45.3962105792016
44.1441742703319
34.1938228812069
64.7577675525099
50.1441946718842
39.75308101118
54.9109977670014
65.2648521121591
34.6232094801962
64.3517990130931
74.3029941780175
52.5731863919646
59.7437773365527
66.2604780867696
45.4828584101051
46.4703575242311
46.4730478823185
40.350553393364
15.9554225858301
41.5697385091335
40.6132981181145
47.689042147249
79.1358781005156
33.1138124223799
59.4238233752549
67.4015862867236
50.6167196203023
44.5998967396679
39.7623469121754
44.9424060992897
57.4427560201302
56.488527131321
64.2770010046661
55.2942455280572
52.0829974664081
53.7835840506182
60.6829177964832
42.7606754470617
64.6194205619395
59.101291699335
41.8096881825477
73.0750462929619
53.6703944328509
45.3726493753493
37.4490209389478
63.7922698631883
41.8671207968146
48.9597287029028
36.28731938079
60.9825961757451
66.7728463653475
60.5517719406635
49.3179648183286
52.9953848104924
63.031644327566
36.5272929891944
30.5044636130333
52.9328117147088
57.3059328366071
24.1405773442239
29.2514258995652
49.3680323474109
45.6977647729218
38.1431518773667
45.3022515866905
66.111011384055
45.6410255283117
50.9310794994235
52.7675043791533
41.5140622761101
44.1148730464547
66.1654337774962
42.6736525259912
36.7867838591337
25.232256250456
57.062289799995
55.7108966168016
26.8469280563295
54.9214909318835
74.1017034235311
68.5836315155029
27.2709847427905
32.3666614314337
57.5668778270483
44.7479601406416
39.8083104953142
51.9579940941185
54.408049210906
70.5180558356398
48.0850588530302
44.2635218102415
34.2804634064381
49.0730600431561
49.0658456459641
36.5375752560794
54.5058674179018
47.4666636936341
28.5945657175034
19.640598911792
41.5720571298152
51.9554730200565
61.1098932716368
54.2020535848596
54.9138459842652
50.9165351744741
62.1880957856774
47.3160119727254
58.2038925494999
43.4043171349913
67.9156353231519
78.1253845388901
74.0476784659989
52.5986277032644
38.7260225601494
53.0117216520011
53.1551219522953
42.9996463470161
47.3216655664146
51.6492167022079
42.1759859658778
78.2579729291511
43.4196413494647
45.3283878043294
29.0666986722499
45.7249030470848
74.4855223181558
66.5044294670224
55.8217550627887
51.2507705949247
49.6801189462556
45.9650010801852
73.6920347395253
52.1897864062339
39.0465051401407
25.0616354867816
51.6273911576718
62.38929098472
62.2549355961382
45.6942573655397
46.467590971645
55.3445637691766
46.153786033392
56.6547395195812
47.5065339822322
81.4720265525294
48.7666461151093
58.9535948354751
85.2920035789621
35.6972109526396
52.6724701747298
47.1109043806791
30.2441187480465
40.9001883585006
39.672169322148
20.0590270571411
68.0803883820772
39.8115224782725
38.0694809369743
53.2175695057958
55.961369164288
38.3522515564163
59.2248495202512
38.4989527958042
63.4303533472121
36.2109639216214
26.1951383668929
59.4512715470046
39.5319207571447
55.1066813990474
39.3332868814468
76.8523637646948
43.1768592912704
68.0791882332414
33.8149840787965
55.1974075846374
45.8503571338952
71.4811326893878
25.8924240246415
43.7405675649643
25.8631870616227
59.5195037778467
24.7786808293313
22.316470138806
42.1903188001376
47.2166650823082
58.3573253359646
36.6876693908125
69.675198681496
68.9709007740021
50.6275950931013
51.0246106423438
53.4788505639881
49.8834140133113
44.8281862773001
51.2445969972759
40.4470454435796
55.1632068585604
55.0381672102958
61.6150261834264
36.739777866751
49.3755330331624
62.7717606723309
27.4479896761477
56.440917821601
55.8269440662116
34.3647941481322
59.2839133460075
56.8673468660563
48.0627157725394
71.339417952788
57.1993494872004
45.4363704659045
19.0665028989315
42.2466515097767
58.0214621964842
52.7118906844407
69.903229824723
51.6230109613389
38.388309860602
35.5017893016338
51.1392209213227
50.428434368223
61.3236650358886
65.6002935487777
31.4688133860764
60.4736564215273
31.540401219816
35.9649920609035
56.8943375255913
61.8022152688354
52.9762831982225
55.1149267547291
32.5943090487272
47.5019738078117
45.4232078511268
62.0613333303481
43.1704902090132
48.9678293466568
39.2469074111432
39.1186750493944
37.0335957966745
68.7961210496724
55.913628032431
63.7278472073376
43.8668093178421
38.4317981544882
52.1501157432795
61.1591678578407
65.6987536232919
60.9961500857025
52.716475399211
29.9896468422281
44.1162161063403
54.9660135060549
37.3987465165555
47.3023639991879
53.3919206354767
59.934838116169
38.8358814564065
32.9520540777594
53.864478552714
31.0901661869138
56.2663258053362
20.442991098389
61.2218015827239
34.8750344957784
65.8617441076785
41.1749241873622
71.9520639586163
54.3408981058747
59.3097317032516
56.6034264396876
45.7033067476004
40.143335512345
56.8681953940541
55.0456247292459
32.5661934446543
33.675186149776
39.4690401852131
65.4401266947389
37.6248497515917
55.4574005305767
52.9186560345725
28.3051012549549
57.986582396552
24.7516393661499
60.0441740825772
33.4104395659129
37.0230933185667
38.7239382602274
52.2598016541451
53.6929396912456
44.6988048963249
42.4528565257788
56.1498424038291
38.5993456087929
42.169512854889
29.91804596968
45.5372966825962
57.1987398900092
54.9942692741752
50.2631179057062
33.1471445038915
34.9733770824969
42.6091485799943
43.1418745778501
55.2553286775947
51.0831230785698
62.5289019447472
35.1605629082769
31.5092758663135
62.2086578514427
50.7216386962682
50.7682086147869
53.8876104833785
59.5142747275531
42.4178138375282
39.6500486510352
62.927519204095
40.8542862161994
64.090317953378
58.6129629518837
48.6345141331426
53.6924341227859
36.6641093045473
60.6171673629433
25.0990608241409
38.7264591176063
63.1990355905145
32.1974483431607
49.3558699730784
60.0641749396788
50.810137623921
43.43172586523
63.4422228205949
34.7611875855004
50.4449870903045
34.5254187472165
52.9507142792941
56.1968324705958
41.5569247677922
49.2633897811174
72.4568542982352
72.8938529225898
35.2251928627088
49.8627576045692
62.6625837758183
37.4082040041685
65.2600119356066
41.6408957913518
38.7891107078076
57.0776950567961
59.9834915716201
49.8528486117721
69.0483242738992
65.3945330530405
42.0736107975245
20.8799320838307
40.5529086943716
50.5066181067377
58.6977478116751
55.1904953084886
38.4211770714487
29.0303248912096
62.4534569680691
53.7137085106224
41.4384274277836
49.333604099229
54.9950063694268
48.536956589669
47.5235625635833
45.9444168955088
53.7283289246261
66.4032984059304
54.5079634990543
55.3865355905145
42.9650095017109
64.5784566644579
57.3566108476371
73.4784617978049
46.1220705935223
62.2182522434741
35.1621935609728
46.7382265720516
46.6032342985272
53.1471943017095
50.5605038255453
58.2411704119295
30.7469369843602
47.6924951653928
26.701876707375
41.5424437727779
45.0092981569469
59.720604820177
56.6026222892106
63.8617272488773
39.030474005267
49.2377302143723
60.5352328158915
56.2181875575334
69.1836409270763
57.3594143614173
52.9014549218118
34.2637980356812
43.1453953497112
59.9875330158546
38.4019140154123
32.3677982669324
25.2989131491631
48.5854543745518
51.1102717369795
15.7715670298785
56.6942686680704
51.3417294248939
33.5158972069621
46.9613147433847
47.7449136320502
40.2623760979623
31.6769841127098
57.0717427413911
48.6831404734403
44.1616439726204
42.3053889187379
28.9473414832334
64.874952705577
22.5470863514537
61.8214055895805
56.3678028527647
46.2369723245502
46.6610610019416
24.6520086636032
70.1422933447075
51.2250957544893
54.7016093041748
26.5098545628555
54.1329459752887
46.109384438023
52.6908339001238
47.4921994302062
42.2975366935134
42.5628023222089
38.1684012245387
53.7710413963615
37.2843683875444
31.6695843904909
42.8996772505343
43.2272037491202
35.6579581862841
50.0552509911358
49.9138533137739
60.9337270976217
71.0983478390873
42.2732870560139
41.283965529874
70.8643034989846
54.1675137821585
58.4614487364888
40.5988257303376
44.4360860623419
63.3864348288625
34.3582926783711
74.5530886533571
59.4814436510205
44.431671872735
60.7069702353328
52.8454328421503
35.2581584996768
46.7099422123283
54.1854145471007
60.497847571969
44.0481955725134
54.9164802767336
34.7540842172044
33.5248264018446
30.6696842890233
52.5596786219371
63.2945030461997
28.8406019099057
38.7077595572919
41.5793953463435
64.9022109340876
46.5989812277257
60.9052705578506
54.1204818990082
49.803474116881
44.1155608277768
71.9357957411872
42.7218787966468
35.6525692157447
55.7185906451195
52.7559892274439
64.2442281357944
30.6113175116479
34.6252111172672
53.4066464525854
67.0722667593509
56.2370010185987
35.7002249918878
21.4685646560543
42.4946664366871
52.6017587631941
61.924614245072
65.4542064294219
54.9494197126478
56.4891627989709
62.0651649776846
42.0203192622149
45.9845018107444
72.542482683622
38.4981994051486
54.5739303808659
55.1116320304573
43.8081276603043
22.4800913594663
44.0436153206974
55.6009407155216
40.8393517602235
45.9813944995403
43.3991265948862
30.6839926042668
33.8294077198952
30.5865516040203
35.5628206394613
64.7709085606039
54.2347899172455
55.6272337213159
32.5531957944481
27.2882016841322
61.9573918171227
56.8509405944496
47.5044671446085
56.2328077387065
31.9929409772158
39.3618549685925
18.1720726657659
50.6332064978778
48.5781270544976
38.2906324695796
48.2461404555823
50.4193791155303
40.6265537720174
49.0675781387836
70.2252777251315
34.2421117704362
51.2233291286975
52.5666286897627
74.0874074357462
42.143546929583
62.090748315677
57.3113426100463
58.6239592172205
42.9144956637174
53.8078233134001
41.7198926676065
68.5353874694556
29.6772181434646
71.0603916496651
57.5224722735584
38.1739840572356
30.0102933282781
49.219342879951
33.9260622859001
71.6405832166684
58.0638318877043
48.7590671516955
70.7096378276956
43.6878515873104
41.5818945039064
36.321153678
48.1285069478342
47.7024517953396
43.8810981810093
33.1114738248289
57.7634430490434
53.2011980005095
34.7326500341296
63.2418205961585
33.7023970437182
40.1495461099576
28.5407574847341
45.8298590965569
57.4622913263738
68.9954326022416
50.0384413903374
30.4459939245135
40.5390101429638
34.4939614646137
53.7009564043004
60.3469008114189
57.6813810504973
47.4690663162619
59.9260452203453
37.4649219214916
69.8061500929688
61.4913811441511
45.1392592396587
37.6635564491153
55.8962778202914
60.4401966091245
55.8234833180904
61.7151216603816
83.7548664518974
30.1340070176897
60.4399579506758
64.5368808880448
51.3267629314214
57.8795552973511
48.5816093627363
30.5595749989152
55.6229284964502
45.6770684104413
56.1948688235134
42.7756276447326
32.5934058520943
55.9458081610501
44.4788802444574
36.0196792986244
34.9313391372561
68.4388336725533
43.2145949973993
38.5317548643798
43.7080706935376
61.4425719715655
49.1253323853016
51.9362003542483
76.0414581146355
30.262379348278
54.3325708247721
54.8218990676105
73.6461436333966
28.8278062362224
34.951497707516
56.1482715886086
61.4520665258169
51.3606033753604
57.6179410796613
46.5927603654563
48.7032484728843
50.9180489461869
34.3595714198484
43.3154352474958
54.1389648336917
55.1746502052993
38.077191542834
78.5101448143733
54.1043114848435
51.6030172351748
27.7394816705525
68.507461855188
38.5331185534596
75.9601105006168
36.2104416716093
56.7730681844534
54.9345675390214
50.3692501224577
41.6890025059363
50.6846451200545
45.5951217096299
57.9623084980994
69.2234758287668
39.5025114063174
53.5528983920813
55.5971999187022
49.4389817584306
49.5808814652264
70.3708453993213
57.1597909089178
55.9529619757086
39.9836897384375
49.8967919964343
34.5612616783732
49.1422432940453
26.9793992862105
57.982115726918
44.0906326286495
46.5062467847019
40.8989678602666
59.1839808822429
51.4394507743418
45.1858807916792
52.370911016919
51.105973964471
56.1409020796418
24.1138269227519
65.9438032191247
30.4357861168683
45.7965386100113
45.2913531291709
62.1952189132571
58.2336391322315
31.2833703123033
53.4722613636404
32.8438837784539
40.5295375734568
32.6269989833236
64.4290148746222
35.5940044857562
50.6766725797206
41.7786456644535
36.0273052938282
50.6564191488472
48.5564946192402
40.8516941219505
31.6967907778046
55.3526829541345
54.8721538856626
39.3193364624924
43.1630276015102
34.8329903691258
54.3314361944795
62.9984884988517
50.6425976287574
70.5656217648659
44.2006372381002
68.3682873379439
26.3928856700659
54.4879524037242
61.773205222562
49.4932303205132
55.1613680552691
56.2566891312599
56.4685847610235
46.5331075713038
67.1136233024299
42.1964517328888
58.6980706080794
44.6866547688842
38.3078818911614
41.7280382379488
62.7194836270064
31.887156330049
34.2700439505279
31.1512851670964
79.6269091483578
63.4416652843356
59.2979427427053
36.4876086357981
36.317881802097
30.8009505737573
52.9670833609998
58.5444860160351
45.4958166269348
54.1609009262174
53.5942367151551
20.8080206532031
59.5065300818533
49.713011039421
37.2880977578461
55.9277224596668
37.3927239328623
59.7295916173607
65.1920939330012
46.1232155095786
44.0879225265235
49.7242272365838
55.4785990621895
88.5456768496553
87.1433312550146
71.2502914252169
53.1686221249402
41.9254393782467
31.9638699758798
44.8749589268118
62.4589879997075
55.1389205735177
58.4202699828893
47.553145203067
46.4317716192454
31.9692915305495
28.5978463316763
53.9154668338597
46.5481546707451
28.7739287141299
57.7783581800759
54.0060812141746
40.0721811223775
43.4264225885272
62.3914951924235
53.9190581068397
70.1269657309067
36.5489380434155
50.2499010638798
42.313351854682
82.1182678939508
36.2253098748624
62.9775629844517
47.460917243734
46.2732997257262
67.7542633377016
40.0873894803226
50.3443604335189
44.7194076608866
61.2301476219147
53.7563310004771
49.7518570162356
37.2138113417135
36.6707948036492
49.240163853392
43.2621520665392
68.8600950874388
50.418268005857
36.4457100266085
56.0410514008254
56.1289777047932
37.864066939801
58.0317466985434
44.7836324451633
55.785623146221
65.6409991439432
60.1611932739615
47.7480372413993
36.3532193936408
33.4446017164737
40.5176219530404
58.0795293208212
30.0194803159684
57.2326754685491
26.1134857311845
39.4213061779737
60.0274419877678
51.53803313151
61.4312906749547
66.5162215940654
44.83633414188
61.1803109291941
52.7869603130966
62.2469664551318
59.9389311857522
41.8375418521464
44.2509818822145
52.6035422459245
61.7317957803607
93.5105483936978
24.2347872233906
44.7637554258108
30.9702568687499
51.6939893830568
76.7386965411616
53.7137929350138
49.1137365344912
34.11746649973
65.6943830661476
64.9873903021216
31.5794068388641
29.7166242729872
49.9731589574367
30.1733716391027
36.2499525770545
39.1572057300707
28.7536924704909
70.0474516340562
67.405488435179
32.5618170201778
33.8666342979316
37.1295530814677
51.0932544246316
53.0854198150337
57.5885511003435
43.5171786557104
27.834018599242
56.6355426330119
51.440194763264
57.4685505591333
64.6148459520191
59.9097684025764
52.850387012586
44.9662879575044
45.0951588191978
38.7958116829395
36.3162162248045
38.4799259249121
45.2053014189005
46.9353934493774
42.3941826362973
28.7232985720038
55.3600091021508
57.4522010050714
46.3352293241769
40.6375126447529
16.8148818425834
43.3252226561308
39.2538517247885
74.1640822615728
44.7538027539849
38.0227207611079
40.021223668009
52.0875121466815
50.4500803537667
54.1423242539167
54.265186842531
44.7852866258472
40.989634860307
44.905477059864
58.8745099958032
57.6988311950117
24.7807097621262
59.7542248666286
58.2198966760188
59.3029106577122
74.2450502475291
44.0370154101402
45.8555136807263
32.0655504707247
54.3457242660224
51.9668322056532
23.6008671112359
57.0490143727511
43.9786970615387
62.990888627246
34.5828000797614
41.9374351389706
39.6653372328728
65.8338499255478
37.8978676872128
40.7138897106051
52.9999522026628
55.9979297686368
61.6048701107502
50.314571056515
39.7802733350545
54.3676207307726
58.0494594760239
44.098406390769
59.447855502367
29.532689916861
15.170218606249
59.6273221075535
55.0605627242476
52.5534800253808
44.0799640957266
43.8330049626529
57.6094606891274
67.8913140669465
46.3279066607356
56.0025816317648
58.1691996194422
45.4940555617213
62.2659668792039
48.5402886017898
35.175652988255
46.2088938336819
25.9569439374577
44.1964969038963
31.043727369979
65.5979552771896
84.3042359645379
44.512858428061
48.4046110883355
57.1088450960815
33.1673327367753
55.3858666680753
36.8485314771533
61.3730068318546
48.6065377898186
39.2812842968851
15.4485732782632
42.6747381999712
51.9518087618053
46.377251935637
47.3178661894053
45.992329204455
31.7524115089327
63.4955869521946
65.2706646360457
84.0574759158146
58.639924833551
26.9407482295455
28.0746371842255
78.2078879517012
51.4223692473024
37.0008897700965
27.5072702389348
45.6645153783312
56.8773647304624
57.2940190322697
51.0517827235162
45.4945539589971
48.0002318508923
31.1400697343772
57.5097078923136
38.0829255562276
45.1305119786412
44.1020759027656
58.1044685095549
46.3046917841018
49.1686319001019
56.6695999819785
51.5537729021162
64.3859643489122
50.6180663212884
40.1630078408001
49.9219226650894
60.8645116444677
73.3150542591645
59.7117612604052
56.2454499304295
38.6015153955668
78.635449612736
37.504286796622
50.4351981295824
40.166381932795
38.5932454839349
69.5011571007681
65.8349327743053
58.3770533557981
41.0033332212948
54.8169142566621
41.0462850704789
57.62332174927
53.7192342802882
30.4163248278201
66.8591084424406
57.212235359475
47.8771863039583
41.8319832999362
39.7310049738735
28.2957010436803
53.790962183848
52.9252149630338
54.4373742770404
51.1527778115124
30.8340553659946
58.7524293921888
66.6318318806589
59.5017089974135
60.6688749510795
33.1538599915802
63.465430913493
50.1017080216093
49.6947812382132
61.5458016986665
32.6669624636545
41.5860217064619
34.2826882079589
46.2175780441612
45.3887781128287
34.8435546271503
47.6986917667091
49.8307869543371
82.5654807257487
48.2986281625926
47.515509929508
64.2212588340044
52.2062151692808
63.5360550135374
46.5177889913321
40.040957442933
61.9838268496096
36.6756552830338
38.9856730122119
65.4033212456852
57.6492712367326
35.4881259612739
23.2741928387779
76.303904499383
54.6795613428513
74.1924736606789
52.2350172266845
44.0383143723011
49.3595252279192
42.8979468641706
58.5078027994587
24.5857309550047
38.8293483294547
38.8461940456182
57.1230540983379
55.0295161549002
66.3382668513805
72.5609881761384
46.1420113220811
45.3111508867508
50.0627267174423
32.3889134490131
40.05870022811
35.8203421346843
28.8093287497759
34.5585940405726
40.5814819037914
62.4354029074311
42.1864590607584
46.260827453807
46.2637335527688
61.7686131037772
64.4818231929094
71.591591949271
35.2092849556357
58.1883043050766
46.5120478067547
61.423637252301
42.2720225993544
63.7808079365641
36.6749289445579
55.9492597797694
69.0193645190448
50.3319100942463
39.6824839990586
51.4656686224043
44.167164247483
61.5942839533091
40.5544232577085
65.4095943085849
44.8588402941823
70.4070622059417
21.1402202490717
66.1004107445478
34.2436194419861
27.2154624573886
59.6985465381294
49.8033587820828
47.13591030327
55.1354633644223
52.2406519856304
61.3154881168157
68.7089069746435
63.1149851199808
55.2857770118862
58.9008905924857
67.8655827883631
43.6956796157401
37.2346552834173
62.5163916498423
54.5861187856644
47.5177551619709
48.0095728766173
60.8137452974916
50.0086534302682
47.8620383888483
33.886577076885
46.7410570784877
22.5116550922394
66.3934551179409
50.6416873075068
39.6112831309438
45.9695374127477
44.1432509105653
33.8284011541594
46.2018797174096
35.7161733321846
66.8033489957452
45.2535606920719
62.7219452057034
52.3364877793938
51.0913333855569
32.6493403874338
39.8747035767883
67.7972881123424
38.0731802433729
31.9620215333998
62.6704921480268
47.7659990079701
65.6189490575343
41.2266411352903
28.1874174252152
27.1606430924197
27.6493635494262
64.7097922395915
44.3293449468911
48.729922901839
47.7795220911503
45.5836910419682
43.2378320489079
55.7618669234216
32.1851651649922
39.9060803931206
32.3159034665471
45.1782273718059
75.0676763201964
52.3956306278706
59.0910250786692
66.1385255865753
44.8018881026655
46.2663533631712
57.0654884446412
49.8731263913214
46.9374336767942
61.2533940467983
58.1510887015611
67.2198885586113
28.9922060383635
49.4056312832981
41.0789855755866
51.8231795635074
48.0033142957836
32.7236962742175
80.1259558725884
34.2744633089751
49.7915853746235
25.7881783880293
62.1326579712331
48.7319437321275
53.7579031151482
58.5711128078401
30.9624745510519
24.6367345098406
52.7744464110583
70.3287583845597
48.1729199178517
38.4953105822206
47.7474439226252
51.9213357008994
35.2726253215224
53.1400570180267
59.2807256798374
58.8736004126826
36.0715488903224
45.3228023368865
49.9886384233832
64.5707656163722
69.6704826275718
40.9572836942971
34.5144899562001
53.5520560883048
68.587996205315
43.6151753179729
64.501873170957
38.6606035754085
24.5649392250925
44.5517569314688
50.422787386924
23.0657828040421
40.0715924799442
52.8543027920076
57.9178266227245
42.9183894302696
39.0484230127186
29.8835665801738
50.7189281284809
55.9315716847777
60.8595645520836
62.0779532939196
66.0481970291585
65.7209239434451
63.8515347149223
51.577672502026
41.2346019409597
52.6512706652284
76.5291140372765
37.2720847738025
57.8898631501943
50.0091557390988
44.0273613946568
58.221884816885
56.7926673218608
37.5087376423352
64.6532759536058
54.5745479874313
47.2124209627509
69.6479143932063
67.7579991985112
78.5622023004008
55.0807039719075
48.779903864488
56.7995711229742
50.7800141550648
63.4905641432852
64.53424715437
30.6698905304074
68.4078890364617
81.2215643005946
50.0384078361094
50.8821974974126
62.4772369861603
38.4368242095129
53.0831893905997
53.59277196055
65.3564032167196
51.9909674450346
60.5341496877372
38.7212267145514
46.4135021146659
54.957263590768
57.2124181820287
47.4856423679739
53.2110039610416
57.3572069406509
42.5102584064007
56.6628184691484
69.5446051916814
33.7105837650597
66.9744611717761
40.5608030660615
50.7056786678731
38.0779628817584
46.6526696458459
73.1090257215946
39.254461415112
65.9234798979014
52.6228124275804
47.9381914906089
34.3704336111005
58.795553073287
51.661824574694
59.6654392313212
22.1673788968474
28.2586015089927
62.1703131590039
59.0774263392934
54.1067870799452
69.9107406618905
27.273574937135
65.0918267667294
61.1462794709951
59.30430223234
44.8860641568899
57.8282068859954
52.3479600902647
47.8118686430071
60.9533117618412
36.6588718257844
38.4439662942873
73.8213648338342
47.1394508611411
43.4719429130007
26.2998538017485
47.8790973313153
48.1508459430188
53.1417561229318
47.7561840321869
80.5902020032418
67.2522131819278
63.208463974297
62.8239774610847
34.6618938725442
59.3178720509308
19.3034118495099
58.4303889423609
41.6956278961152
26.6912382561713
41.2924375850707
40.5820482876152
61.6098012775183
52.2137112915516
68.4727984946221
32.6536705430604
24.2573767900467
50.4248695913702
35.280654579401
36.7764455731958
27.2365069016814
46.0312493611127
49.7343458700925
60.2221258915961
32.122449669987
39.8877256084234
62.8548831678927
39.2110400007859
50.2779630944133
37.1316302102059
64.8179416079074
48.5141810029745
40.9395050316306
43.6161614023149
54.1442538611591
38.9026377350092
55.0663917325437
56.0717187821865
57.178441202268
36.9909462053329
47.3354184534401
33.3372618071735
67.1571621205658
48.7745884805918
54.5530586037785
65.8787007443607
43.546580336988
50.3948252182454
58.4201054647565
37.1611001877828
56.1162611003965
67.5065963063389
61.6753263399005
58.5330668836832
47.8201537393034
19.8362756986171
58.6031531449407
32.8434247989208
43.5792330206244
40.0350285228342
37.7058821730316
69.2283506970853
43.5190003365278
54.7981738112867
45.4339821822941
64.2803175374866
56.7073917482048
54.5936633367091
44.2200538236648
42.9166290909052
61.6319169290364
37.4928020406514
36.6349201356373
34.5589515521248
43.0135723762216
48.681490495801
60.6505810283124
41.4847860578448
62.4257729951387
53.5443567670882
32.0800978417342
40.9859344828874
44.5811536628753
30.3908084053546
48.4317760448903
38.2472007104905
39.2611037939787
63.6592041701078
49.980838643387
34.1706169138147
49.1479251068085
52.2998851258308
36.9139058981091
50.1748471934915
41.5351896546781
49.8578708153218
41.6445719543844
57.5163914356381
53.5722865257412
53.2843095716089
32.4154687579721
58.8948048420806
49.6435300912708
39.9948303658744
50.7956895511597
51.202649075632
57.4790487531573
50.4488094709814
41.5250722784549
52.6814747401736
72.8624928564227
40.8456399105489
70.6148686776769
58.5852220654488
64.0437122434378
43.4078487432279
16.4025750476867
66.2828891538084
46.282040188089
63.8573335949332
25.7215662757855
46.8697040341794
40.0682725012302
22.2621211782098
58.0339685558341
34.5212347464144
51.6124764923006
53.6315246485174
59.9386749789119
49.8004187750813
44.0219567157328
44.1271948628128
61.0377573873848
44.9809825047851
47.0108646899462
60.637970129028
50.7674008142203
53.1396133825183
53.8662037890268
63.3559742942452
38.7736907694489
43.2768824044615
61.7391147650778
55.8644100270753
30.3223387677963
33.3013147115707
30.4778976563974
36.3125168718398
36.0701479949057
65.2538329828531
52.1522354800254
41.6615051217377
44.2536190152168
50.5893143825233
73.0982480528665
47.928783390671
37.4101536348462
36.4087175112218
35.3302514646202
39.9793766438961
32.2654681745917
60.8177386689931
56.3146634958684
17.4398888833821
37.3773084953427
44.5710837375373
62.7585935872048
51.7663541715592
70.3652748341919
42.779286345467
26.6287029255182
56.4022161532193
66.9408041518182
50.4016025872917
46.3339405423103
51.4599408954382
42.0289271045476
40.0587629061192
30.3765672724694
38.0543643143028
46.2881419017053
47.955528855525
54.3201610023154
34.021080378443
44.4468297064304
16.1879838909954
54.3139311029486
66.1370497662574
46.2335804011673
33.4311375860125
29.7336791176349
62.7911765594035
54.3628165964037
37.3356760945171
68.5834727715701
21.5972926933318
58.313637599349
60.1545204408467
26.7803295049816
52.3863179159262
43.3462087996304
23.4225686639547
33.1177311917725
30.9731579851359
64.0117644798011
43.4087678520909
28.6622028342364
21.6252090409398
74.5455020464615
39.9729772470891
24.3411967065185
54.5515318877283
43.7727928161621
43.1690355307043
45.6548919435591
40.1453890672829
46.5483091305941
39.154963567853
59.7500864416361
62.0911126490682
38.817830896005
38.356949435547
58.6477754637599
31.5718092955649
36.2406888045371
56.1220547650009
54.3869719840586
44.8877319227904
55.4034641012549
34.7501011565328
43.9537939615548
33.0794545383604
44.9009612202644
43.115375796333
56.9336848799139
40.0278331246227
37.5099664554
26.0022899135947
41.3886092137545
47.70587105304
43.3560416731324
50.8882245048881
50.3290554508567
28.4974372014403
64.9947246070951
73.1196382972312
55.9917763341218
35.2966598235071
62.7086574542417
39.4567613369386
47.8087923955172
50.4664598864512
61.8804582860321
41.7125824390126
24.8372166417539
42.8661342710257
64.244682341814
49.0744405891746
45.5259991962622
54.5054359361529
66.7443581391126
70.2454883563233
72.7237456436169
47.7233720207586
46.9410897698253
49.7749865986407
45.1906083151698
55.193746695295
57.3886804282665
35.5942647438496
53.6760520190001
55.5359375663102
53.8714452646673
53.2783568836749
41.3024320267141
34.5117904711515
56.2560090342081
56.4432461746037
26.4519708231091
52.4206764530391
55.35111092031
51.6571053303778
16.2765454035252
36.5934654387226
53.2936334144324
50.7347787264735
41.3703227501141
68.3776686433703
19.5793411894085
49.8877120669931
66.688183741644
61.051707342267
44.5255768951029
22.5404067018491
38.9369023498148
67.6217807456851
48.9370336290449
34.804257331416
42.5459811463952
53.8927832152694
53.5494501236826
66.1294201854616
27.5806839112192
66.325641842559
45.7900327327466
37.0620603373833
52.8477571904659
58.0913403537124
47.9199918918312
26.4825494719228
39.4966687075794
43.7816001474857
40.5532909395473
46.9371485989541
46.2203611619771
49.0447664633393
44.6706895380277
33.5358309586301
60.8893136959523
47.881752345711
41.0348724005328
70.0519575123628
52.0407280884683
51.8341790419072
23.4501796308905
59.190761949867
62.0390292722732
52.3894967976958
46.4678890537471
51.9435838330537
50.127802696079
59.049995848909
29.1304868645966
41.9982678256929
62.6478521618992
58.0499990843236
35.7468020636588
46.0741167087211
32.1955486212667
51.4016942121089
45.8478782791644
41.3169495295733
37.1439816782914
52.6066884864122
43.3072843588889
51.5759070869535
52.6037144474685
64.7218347527087
54.6608212403953
53.654276765883
47.7989135310054
48.1378749799694
39.0975207556039
52.1387747954577
40.6808480154723
34.5190202817321
50.4101027268916
55.5272900965065
42.0087586157024
47.0435122493654
32.0291023701429
53.2939644530416
36.8023615617312
41.4382318034768
40.1130687445402
40.5471489299089
48.0971446475471
59.3924747779965
52.8937849216163
40.0458383498037
63.8330441433936
41.0676583647728
40.0196113623679
44.4121109787375
53.6501180208178
38.6296257376671
37.513740407303
57.9299709293991
63.6859797406942
65.0377592071891
46.4480539318174
51.039480464533
38.3192367613018
50.676711788401
58.2024596631527
57.2398624382913
15.5755825076454
49.0727480500937
39.5635541528463
65.2827427256852
38.9601485338062
54.4723423582977
44.6101109031588
35.157784052404
69.6784456218493
32.3104697745293
44.4885785225779
69.0765204839408
42.4099756404757
52.803032938391
28.6963089531122
39.3893334083259
43.2526279706508
23.7466234713793
42.6775927189738
45.011522656226
48.9275215193629
62.3562525492162
46.6585911810398
57.9265469685197
