"x"
9.81603232212365
11.1114714527503
1.47441461659223
2.43495156396159
0.419376115314662
6.37977091118708
5.11294407770038
4.58234292455018
6.0991047648713
1.6826298320666
2.40861342754215
4.42090933004884
1.82989586183064
12.2969863877133
4.98894366901368
3.55617732275277
10.0121530937031
5.01281914162107
4.35291910544038
11.5384666481987
3.48282100167125
2.40641597006374
1.68142190668732
4.00352030992508
6.53167816344649
4.61078709922731
4.70567310694605
11.1474587273826
5.47227569256531
0.724656036032117
1.25540167119938
0.184923142631948
5.90651135426015
2.3201771769615
9.77659290656447
3.1459814169148
16.0217940125313
4.32782457210124
3.41407920724826
4.9193679721138
2.02467101678594
0.861919637544254
9.11098869837862
10.0885564694181
1.67070361974468
5.91435441747308
6.77210711299171
0.307407353878861
1.52968468610197
1.37055204249918
1.01408399152157
7.81376354862005
1.60717635881156
1.31016846280545
0.919366257368871
6.97046669665724
0.392222660593688
15.2127177221701
7.73390581570655
6.82262643240392
1.33920751977712
3.30518126027685
3.64202905040261
7.1650625905022
3.2157357615354
5.32495304942131
3.37133096196496
7.28847516844872
6.69844233949666
2.7687126550065
0.279407165787486
11.4780750526984
9.43927634507418
12.342440146641
1.58449319021509
3.98378584068269
7.61283989995718
5.33013738140115
0.796485133469105
4.7571159904623
7.2913410840556
8.30874356906861
2.39604779053479
9.05121773420741
2.87305861711502
2.93264982756227
13.5395737830549
10.0327411028261
3.79117614158436
1.84366437113845
3.86709107551724
2.98799991142005
5.43382647447288
7.2575400583446
1.00376079691232
8.19241681601852
5.68443019874394
0.948289688676596
3.30762565959758
1.94800419267267
2.77778725139797
9.52251261904527
9.389743860811
1.44940891768783
7.57426817273289
0.241949957373274
3.24104054680924
2.17037844984508
7.05208568833768
0.607137009501457
12.5760929659009
7.1146481297984
9.69454686203234
3.96786071360111
8.14336887560785
3.97269970271736
4.83042860869318
5.44833454769105
1.31854400970042
0.999107315057762
6.47916933685778
1.6757037024945
1.83365109395032
3.33992193918675
3.56562959276095
2.50402285081196
9.79409196879715
1.98391657322645
3.24760226366431
11.6622233331885
8.52913206908852
6.4135454949999
0.666163372807205
0.767833925783634
1.15172618534416
4.75782508784816
6.44676976371557
1.55374790051699
2.61097322496871
12.1411598405901
1.21421982943292
8.46749742049724
0.993349030613899
2.87318001501262
2.02774149365723
4.38188727549177
2.06768984974551
1.4297416433692
8.09916523114784
9.31578513700515
6.64314350578934
13.1458630182128
1.51145877316594
9.92454655934125
9.30488007184537
6.08422241639346
8.31807262729853
2.92257704809863
0.491893245611274
5.11856845767091
1.09186157181494
0.360853241346329
8.03068352735197
11.347497580573
5.2279636496678
5.36753861233592
0.848682459048828
3.08683395851403
5.42246017139405
3.4905816371661
6.25578770413995
1.22986873611808
3.18991127330356
4.40519549883902
1.29831328522414
10.8904211084592
8.92815026454628
4.52315849252045
1.05253928340971
6.39383498263984
1.66503228247166
8.18183239280431
6.59367913973724
5.21752328190675
8.7072349851951
13.8841955009636
5.54954626131803
0.686893227269718
4.27424195222557
4.35951087779605
6.27051386982203
1.46650129278951
2.83069482538849
3.27867984306067
4.89204717026333
12.482404219918
2.79522513134793
2.45549310930073
7.41770479362458
1.55696563888341
0.935478881001472
1.49753610073045
3.68740069679916
0.677216391276069
5.05124059853568
0.441825296729803
5.49220903776586
2.95298669546248
0.519243250241116
5.56728597730398
8.54197728913277
13.2390065817162
2.74759336474223
4.57974788732827
3.90227006655418
5.07741895763965
4.36499849893153
11.7005686741322
1.21748361270875
7.17633371241391
1.37424245476723
11.6930195078622
11.5331849548966
11.072208546102
1.76467348354803
9.05062749516219
2.72895188068085
1.14652728661895
4.04939943853801
2.86295505925557
2.27116303518552
3.24926571920514
7.68666311632842
8.30448919820647
1.28814894496975
3.8675299147144
6.73190514995046
1.41465795121213
0.988035104259248
2.60566859506071
0.703546759763197
4.78762550342366
6.31515120621771
0.0937298184094558
0.254868203774095
1.1863923807441
0.383187444697397
7.7335797516257
10.4626955600387
8.01663814438692
3.33695141502096
0.0636805547401309
5.36276800557971
1.1246385002452
12.3132219307149
8.86373366229236
11.496426933445
5.03123877570033
6.04295030651688
9.28586204536259
6.80380680665005
2.87491113413125
7.0228074463677
8.73585655353963
6.99392065871507
4.34064795263112
7.20444769307507
3.82311006267476
1.71335806754046
2.60243308730423
10.8519624278858
5.61984663252161
8.50018546916544
5.76361063867807
3.94063490929359
6.98011578060687
2.69893344957381
1.10990103803789
8.37626082357019
3.08208805962256
4.61165104779351
3.06468752678484
2.60921292938292
5.54370084124417
5.85923360195011
15.4101617056957
7.53595938440412
8.51295543834567
1.79223775217358
0.86146031712232
4.10429052063897
12.9982533631846
10.3275878820568
7.58943338827928
2.86480367023378
1.56516181305051
1.56068869672243
17.8919570986181
2.97439987771213
5.34014769364148
9.30997261311859
7.49774142168462
1.7613153817921
1.32780471355683
6.46868860349059
4.82552729081362
7.78326434083283
16.717757950685
0.191790820099413
5.18876931164414
4.4792617438361
4.00499489624053
0.336344912648201
7.75000606083537
10.2466938551515
2.74422743823379
3.77194150350988
2.98424360807985
9.08105161506683
8.64242983516306
2.83642742070845
0.738158798776567
10.5806655017659
1.23472758568823
6.92695213947445
4.63939727095675
3.66206840268107
2.28986299742928
3.89020431321114
4.17801491008703
3.99873618296929
1.55512711498886
3.91836049942003
1.24582098892745
7.50268420670182
5.14972885612249
3.21855077054352
2.52814765553921
3.02606032045975
5.56956161744893
4.538664748709
4.94433770411195
5.28278273995966
9.94253775570542
4.88339245575532
10.684577934444
3.53534263558686
1.00357278715819
7.67705672719222
7.43759574392641
8.23013148205457
6.97192654479295
2.11215064962049
1.67059921113396
15.9355011712898
5.77047241386026
17.586785950698
4.65027860257707
1.79564312386086
0.443868246111409
6.06171770486981
8.90624383236003
4.03836576733738
0.607255124486983
7.79615016410689
1.49762211941739
7.74928112514317
1.65933663956821
6.31813814397901
6.96760909631848
6.91707564983517
2.33371784164977
5.35938085522503
1.1339841177687
3.91916013429814
12.5712022450512
8.12871446833014
5.72264901775293
3.02533181384206
2.18059554936091
6.25042943283916
4.9359544326255
5.80019324209813
3.78392445854843
2.54842725438272
0.856778512041576
1.69976930178344
1.16753850597888
1.39003080114212
1.37452644118736
1.95419441442937
3.99581515230238
2.00170394668086
4.89866479765624
6.50850491261343
13.0413746461272
0.907819787971675
1.98685372414229
0.793489464558661
9.30829333530336
1.20415705518798
2.89507613051683
2.41022030822933
4.69218089522776
8.57156722340733
3.19036927036108
8.80247703753412
3.50898916367441
1.22629045412775
7.59183196350932
6.47353779993873
6.47778180427849
1.79373988375408
7.84353031394936
1.03033906780183
3.33501703571528
7.30017286259681
4.30435819721368
2.09833457181742
1.55578526844875
0.425251969136298
0.61651966534555
10.9608506594258
0.259756067648049
9.80809875887743
5.60110311489552
2.37554954410595
6.53102442156523
2.62103381101042
7.2423368024461
6.45417345222086
3.8514603395015
2.86240645218641
2.26984157512477
12.5974450493231
1.36027203926849
5.41334608569741
5.97299284966656
0.984338368289173
5.67299410131363
1.6898955346402
5.82908594515175
3.60543075390912
8.12933696433902
0.0399679292722756
0.669727451168001
4.25275595003857
8.43417036812752
2.21239930465028
7.9283507540822
0.881837103118568
7.06238668575902
3.32509047096216
3.24837774969637
7.53057847470816
2.04166434705257
1.16607819218189
4.94754426181316
0.419290383296543
0.33789318986237
11.2216448877007
5.26725184680343
9.8582811653614
1.22956493869424
11.6027583833784
3.47942649386823
2.16217358240642
2.16283988025049
9.06370563898236
1.50565322265299
6.01182607933879
1.65095238165169
7.83305981435605
1.06929046202581
0.82454581722674
10.473615648484
2.35786571593079
4.5395321333897
10.1698904531077
7.03099889215082
3.33487379830331
2.66260792684915
4.02313387456071
4.76192391943187
1.98741089552641
0.1792793860659
3.74754020120433
9.89558349829167
2.07405330147594
1.59441805444658
0.905625335872173
2.9541474301368
4.17529918878416
0.0139002405521132
10.0231908727437
7.06464515533298
3.37105789221823
7.11410425137728
5.83639144897461
5.78339264669945
4.79653822258115
15.2903423644602
2.40218334365636
4.51933026779443
2.31222221627831
1.0609251447022
4.54177551042816
8.47517047077417
4.58003375679255
0.96329883672297
0.431708689714075
2.04823207578071
18.6624952472896
6.33614328689873
1.60796805299843
1.06157483533025
11.5250370232388
8.69253177661449
3.29900025390089
0.689210632022439
4.21753029714534
3.40399149888112
3.16089342813939
10.0875432370231
2.01612345408648
0.321772159077227
0.518842274323106
2.59445491246879
11.1988106742501
2.03818203488361
0.257461797446012
5.38593893870711
7.18490595002432
2.13279209565371
5.69232443813235
6.82851162273437
7.42454605642706
3.99212469346821
2.85764221108153
1.17419247981161
0.943511468358338
1.15168667398393
0.675518417900835
1.17078590385846
5.62584291772275
4.27138544619083
0.357385219651047
0.284421187825501
4.48969167191535
1.89459023385048
9.21956077218056
1.14693885290286
10.5914926854894
8.95900237374008
0.734996741011974
7.0227884189696
1.87005759943526
7.32217131064281
4.45117158815265
2.07868085922633
6.55389069579542
3.19744078107963
4.34823525138199
1.68833774514496
4.91004143841565
0.985985543622426
2.01200461988718
3.92269834410399
4.49524016585201
4.4359816936776
1.69789271894842
7.21954959444702
5.44949329923838
3.63278417992013
0.669188023531541
0.493174185976386
1.47059105802327
1.3911111978814
1.76377858257067
3.71567318215966
0.586774495962106
0.499689253047109
4.18935466643752
1.57991918284906
2.80897978567586
6.24922628048807
0.605816806124438
7.58961604484565
1.63573236204684
6.26786085776985
4.68246589880437
10.4034639662132
3.87411259580404
4.28615255192518
4.995910031721
9.60325796507738
4.14448482915759
3.8946621119976
3.18010924383998
3.10189404990524
0.0498069016145757
1.52188093036895
2.25314043927938
15.0107262267277
0.871390057727695
3.17664682865962
0.646903133019805
2.79194347094744
3.11056239143117
8.00869722359458
9.52771781012416
2.46927220505056
9.300367939835
7.32296905480325
1.37641332112253
0.153421680442989
9.30304159590194
5.49889144022018
4.34059880208224
2.93409249279648
6.79131629617898
15.5719226459041
9.28281934497826
1.12434806210271
8.99055099580437
3.37830928846243
4.95650461163722
4.00469891604094
1.10490641091019
12.1394831136691
6.68362879659981
0.712661328725517
3.35072558373213
3.28898443840444
4.13857468851359
10.511606987756
1.64835939432896
5.67457134189394
8.33313872572035
2.35673667628362
2.11624425956551
0.796704948879778
6.02711581159383
8.49921435583383
0.101242959499359
6.87179083470255
3.35311067090566
0.331793102913371
10.2254166500643
1.57149573434176
1.530934477862
10.4125534599012
7.02834771946073
2.58308339398354
4.05423025929339
4.35147796703832
5.32379310784409
1.13680025096983
12.6826450228691
3.14859663514583
7.66303247771132
5.02452931832522
6.58701106440276
3.791119987359
2.3153071232928
9.50057250447571
0.331410045400466
1.43468051935655
3.95963959233236
3.722524788926
3.10690405312926
2.01378627680242
6.31548865421219
2.08288596262326
6.61134061596467
8.9306810637936
2.01195392291993
3.90953102614731
5.12855283450335
11.7271622875705
0.353171845226529
2.54650262650102
2.89682510774583
7.06210713309577
6.59787573385984
8.25505463872105
3.55284730903804
1.49714648723602
1.92375869955868
1.70744710706688
5.11007132008672
7.31068006716669
8.61539906194833
5.77835068106651
4.94837724977905
3.30735123900609
3.86426246259362
1.50414709677137
3.14509358722717
3.15721340011805
10.8791036395021
5.63222256707
1.842261217533
0.0957203097641468
3.28598127234727
9.00060911583655
0.288825132884085
11.7003659252077
4.21718968412524
6.6950062289834
3.70491011999547
6.90648991148919
11.9474477600306
0.196185591630638
6.58435493241996
4.72582690417767
4.38715738710016
2.21711523478046
0.158952479117389
2.59659061001825
7.88724121808189
9.37507282942533
1.02014802396297
0.640214257873595
4.46350325364619
13.5932676494122
0.512667533158853
6.43707639537752
3.23190052067943
5.26197117897868
2.75837699882686
0.625177519395947
6.58044114624299
0.852428992468277
0.422951043583453
2.02209467533976
6.21247636154294
4.43771495483816
4.96530742384493
2.07337432931044
13.4731718201149
0.555036193691194
6.1844882555306
0.749046076089144
2.18318437691778
3.7702965317294
6.84327217750251
6.25950498506427
0.47611843515826
8.84216988424098
5.16351300757378
10.2877554483712
9.09747017583641
8.84539904072881
3.19073202552724
3.17695687518947
12.8472885349765
7.77021666776607
1.14469673467445
11.136123817414
7.40010177250952
1.47855994291604
5.61725223307223
0.419435719959438
1.92232913816296
9.4910527812317
4.78801585268229
0.413975957781076
3.80407192278653
0.456465965238637
1.97866188827902
3.50414051208645
3.2686781603843
5.03554521128535
9.95914753279199
0.795668223872781
7.6496889862515
1.70464571405676
0.603960664011538
4.63267201369566
0.786045531367229
0.438948604278266
1.52215254493058
4.78352755308151
0.283146766014397
4.60258175153285
6.87873361166567
5.65128756002117
8.28908157296268
6.06312293093652
2.73784933572737
7.20253289773755
1.5148348702075
2.54270066923539
1.11893503362865
2.15144159730184
11.1807354679582
2.51183351501822
7.74833280593157
4.20649470761418
1.43269707914442
7.36490565253047
6.31613911202976
3.60479350201786
0.824027275666595
3.87869034893811
10.9773998559322
9.25808419546116
0.354600667260038
2.41239949770915
1.1909804448224
0.140634481795132
1.95393338799477
1.13196012098342
0.2829514676705
2.71566492270328
2.63053453606035
6.80668377317488
5.37207895538091
5.81571646034718
7.66414826757575
0.280110957100987
7.14357788674533
6.99634785618708
3.66331767482686
9.49772244784981
2.07214617451021
1.34824340718593
11.9557275203988
6.77771762939674
3.91597715206444
6.87458617770255
3.44133640173823
5.63415545038879
1.15388320766749
4.60542012006044
3.48320736084133
1.78818677231516
3.23853248264641
3.44138352352863
5.94480838626623
5.42713252081021
3.37287854788537
4.31106213945895
3.11958423466334
7.48199024647195
5.50131862983108
0.713680971478634
6.27637782599777
3.22827897034585
3.2324887579307
12.8628649283201
3.95066785942344
9.59177440963686
2.65815747653137
2.94542222343027
2.08439417183399
3.30577199347317
11.0141348093748
2.48687669591522
4.46496531367302
2.06915107555687
1.04582936037332
2.85341967800695
0.933505478167919
2.94440230354667
5.42163751088083
3.91388680146275
4.46282014387526
1.79605993907899
9.87198598350532
5.84215218120118
3.23374012632418
2.03438689932227
2.37005745267742
3.17587731406093
0.200191822681516
8.10723367612809
2.81725424271641
3.01218149252236
9.03264145812062
1.06420752421089
2.09284073742112
6.50078323669732
3.83734307251871
4.47611371055245
0.950188439381028
1.42636750824749
7.7130962572696
3.39942311581384
3.16499515902251
2.78002453194204
11.5609331754968
3.17315857724125
2.57720574736595
0.751120838977441
3.47328910138458
3.73220823239535
5.60015492161939
0.16258142676704
0.706374620061597
11.4372399868444
1.76356446463615
3.6329094087705
0.661261007189751
1.35179876286327
10.97107459791
0.895387773732896
7.63750991318375
6.95987588260323
4.02632478858919
2.92503931559622
0.431936467066407
6.1839104630053
5.50211786758155
8.83930732961744
10.4061420075595
2.89530351617949
0.771762034855783
1.29128061234951
7.02958554029465
7.65047654946398
2.28413946247553
10.4738794267178
6.69289172953926
3.46509909722954
0.502525339834392
3.64840807034484
9.30554876627011
9.61829451571165
3.04236689746709
0.622948638022184
3.36507657228725
5.86402130265353
5.73993466655597
8.15509098248849
4.89657507278025
10.4870696166645
1.69918173924088
3.28810464125127
1.28349810984402
11.1260290723294
6.19197611619163
1.61815828176122
2.94510573148727
5.00144679099321
1.26842237077653
4.56545574124902
2.21711192636943
6.36643948964775
3.13597992062569
1.88743709586561
5.87664188351482
2.94161319331942
12.5542357852895
5.81506094895303
6.98408612515777
0.807438588610088
11.7278832476586
4.64050165890705
3.44653751148787
8.96645569475221
0.842166422473936
3.29404941294342
7.38623838372234
2.28014774620533
2.58943678345531
4.42455902229995
2.02255449257791
7.94148173746444
8.96422257646918
5.94906180631369
0.293856102275278
6.21497919782996
2.60754244307082
2.27995989844203
5.71934359613806
9.51878729173363
0.624531833742353
7.6108364155516
6.24050500337034
1.10509912149794
5.76710375025868
0.920013757422566
9.85982697457075
0.0962225366699058
6.44222602150901
5.39838809054345
8.10762850969629
11.7394851986319
4.11113274749368
11.2233488107642
2.70878609735519
5.68659764195018
4.06357028290498
6.71050124757484
6.40447915066034
2.05052103847265
10.1465712999925
0.463913900509426
13.9996790094301
1.81987483520061
2.72795628296857
1.71881183050573
5.271056573838
10.2026200154796
3.27956282999367
0.931512494571507
13.3698202203959
2.4717731862693
1.97074944436586
0.159279303625226
6.52050119824708
1.18424802202716
1.79835427552462
7.25780885294284
8.13390244729817
1.04759237729013
5.88639909401536
6.1747886473313
7.09441886283457
6.556281237863
2.50840024173092
1.5231193331741
3.28742680156071
2.05668425097896
9.24114567159946
4.565055467455
2.6314742700419
5.61052178964019
2.08060621727128
4.14042232310708
2.16169678389107
3.93368404260773
0.549391587264836
1.91067924652037
1.06077283677412
8.68983059190214
16.6405303170905
7.50836345832795
1.20941267814487
11.7307282765546
1.12497617604185
4.41160469781607
4.09843074157834
3.89456641531819
3.80538206081837
1.9319637445733
5.58735710817884
3.54357059113681
0.391683492653696
8.46555621828884
2.54292280878872
7.79695878011057
0.761662842705846
0.142356634015365
5.47698210899645
2.55330251529813
2.174844709225
2.66123651526868
5.79983984731441
12.241385538475
5.60583964326317
2.17393562197685
0.974758551456034
1.53089740779251
5.09788079400741
1.96471520926935
3.8624520728562
7.41077756974846
0.830806232988834
1.35885835625231
2.2716207196936
0.546926048744003
0.682396556028972
3.61693820450455
9.61047695018351
9.1052226785856
19.1728189354762
1.64029479544894
0.760170421563089
8.49903390215988
7.2396674553828
3.02722428459674
12.9251674748957
3.85167280975098
2.07845207769424
2.21415595151484
8.24542858172208
2.30486434884369
2.96783210870111
3.02876243693089
3.77741414122283
6.58722263760865
2.73559947963804
7.73452909197658
5.17741534858942
2.60601439291412
2.09739635486337
0.128927710466087
2.11081996094435
8.59247110371714
6.00526010527278
1.14842808168031
1.98362208902836
0.230023135588382
4.64970243629068
5.99423166233148
2.07971352728081
7.03590312170233
10.0244698896422
3.66803993935379
6.85285637155175
3.61992744728923
3.9511829148978
4.90557318553329
6.02266849018633
10.6142506701872
4.53187027014792
8.98272635532658
6.89950275700539
0.347419339232147
6.85985070861116
9.07555466983467
6.49360420648009
5.72952178979975
5.21007119677961
16.9788482831791
10.2836531354114
6.62697912193835
4.49209378566593
0.686683796781842
2.69421539269388
5.97480761352926
3.2669703476131
4.42866913508624
5.30115053988993
3.55044458992779
5.80488401216585
1.97766787248498
11.5760126616806
4.03227931819856
0.526992836967111
1.78886572830379
2.64393949941107
0.513188354671001
3.3006278296136
2.27720751828694
9.42874573029362
8.17051243502647
0.73144383840038
0.853425929683566
1.18176850513367
2.36591422463616
8.73368664178997
7.33063252345169
8.65472925361246
10.5446777111556
4.60046152584255
5.3532192049534
3.53401100358876
5.78793708700687
5.24581884965301
4.14393753744662
3.68840387903206
6.62754829972982
0.154402176849544
3.63755910657346
10.5681254761294
3.24185180943459
1.19653330184519
7.96026492025703
3.34246515636854
0.0483111205694148
1.11572877503932
1.44964868668467
1.41679276712239
6.84780627684858
3.68485809353885
3.65741313435137
1.71881564659338
8.07210181374103
2.9629802564159
9.91862079675714
1.25089685803977
3.51838888600469
5.06461830809712
0.107688416104527
3.59766628439514
3.14094503893324
1.35135666932911
5.05823155348015
0.287030575951908
14.0791073981956
3.94938215613365
1.71672180294991
2.24610941950232
7.50704210775673
2.29959350544959
1.07831929326763
10.1152774412185
4.38732549630548
1.92079192128689
4.95326342061162
0.68572328436513
2.7730118483305
6.66907031554729
2.72903083066519
0.259167654439807
2.30779913632706
0.207699987171751
2.75208642706275
7.37791942451871
6.52102327439934
0.529281001601615
1.19657265022397
1.62375452928245
3.86983417881667
10.30480240006
6.22143535874784
14.0977150760591
0.97960124257952
6.24354848276657
2.00763565953821
6.48929572942616
4.15645489105698
2.59036233182997
8.26294975755349
4.28683795034885
1.85694901738316
0.0702024903148413
8.17372709239925
8.06235480122268
5.36835857201368
10.9614128479734
3.89638341886707
4.71415070351213
1.97729204506058
1.35868656800707
2.54892825614661
4.53832864642492
1.53881304431707
3.8248264696449
2.05397351650053
4.01084674522281
2.19403069932014
2.75369924493134
8.87618651613593
1.50095334235098
5.5814233358077
0.841256310875105
0.0647123903036118
0.182286096957375
3.38687624938503
11.2645516730447
8.54208404198289
3.11555054730455
1.78573136217892
10.5411137221381
3.41710424982011
7.79370602685958
1.26081016472954
4.46073011572296
4.11269355099648
3.96675259536688
4.29862488526851
1.79008678470386
0.328762098108064
3.61184435078133
1.35780801065266
1.14191805673035
7.15807586622344
9.05221709981561
1.44372639294986
9.79368754634475
4.42097390861841
0.695025245111216
14.985375470679
7.13787696784009
11.2560642883182
6.02357902732743
10.3379238629714
3.95558418240398
1.38187358289168
10.4599534301087
5.74618179386799
2.72997171855595
2.48895483091474
2.28238706170411
11.7085359990597
4.31151685770601
4.45459160112447
0.469172070734203
4.34408884886031
2.79208128340542
5.63167225727528
4.71486658789217
2.11740860249847
3.90141426938141
11.0146872056823
5.15997161599709
1.44474487518335
5.90546327428968
2.65281415062932
15.6500317854807
3.76756989453642
4.48592079337686
9.56327879527688
1.99202085698343
2.76575002353638
5.2205967484042
2.55228821040824
0.164550431629782
12.512490642163
2.35967435874045
3.45455330727046
0.255640953031301
4.31816977235003
1.90338808958621
1.55988682527095
5.26294538285583
5.60053521767259
8.00294494256377
4.9420865402036
6.83086491259497
0.984274968504906
6.18399917148054
1.9743388121225
11.1272315057731
8.40460222680122
9.94937827109101
3.25826519980979
4.47087120264769
9.40239604391376
6.18067858740687
0.46585990788082
1.18592601582745
1.25997790601104
4.88309854781589
3.56598244979978
2.68587928730994
0.369884911924601
5.14884190633893
4.75596142932773
1.48493878506798
4.47522006843831
0.00662930527175173
7.06865943502635
0.104813347570598
7.29017206467688
0.27632523566011
13.725845143199
5.83447666759759
0.686494426561857
0.483144015448471
1.24720298484086
3.92866289945553
0.194820505566895
2.74307012938165
4.35216133482754
1.43268443644047
2.32136324231792
9.00153233669698
2.19547967426479
3.45622140004553
1.77369154989719
9.21746559856964
7.15176565572619
5.83933038094348
1.62099226665468
2.42986611556262
6.63412824108288
1.07943494804204
2.23144879564643
0.53814253769815
2.82840578275613
3.57958376041295
3.20499336812645
1.62974982522428
6.59121192851894
3.46652404215988
2.87589526269585
2.32855435613006
7.82098613946763
0.201089765783171
7.99260628409684
0.0097271054983139
6.07195205520838
3.4310927381739
5.04197867121547
6.23065754771233
6.35019086766988
2.11995320860296
10.8872306067497
0.689734285697341
1.62783581978355
8.07099664493473
4.64894915930927
2.83946945624031
0.793424748520011
6.81806756183505
1.16186041850597
1.03230487970872
2.90326831401635
6.22113849967718
5.36342985710236
3.88801157350264
1.25831943005323
5.60251171260203
1.07135603214432
5.64200749934228
2.7245591661703
3.57779394835234
8.0455778001731
9.35865112114698
2.07056002691388
5.3301133752479
8.68850676342845
1.99881816498145
10.147847677581
2.2397844819352
1.319811051851
2.02458728170955
4.18322765865399
4.4396273190981
10.127118951641
10.853148647584
11.4377439487725
10.6961523415521
8.52108304388821
5.64016529824585
0.49669278170913
2.4344293272449
7.25486152805388
5.79784833826125
0.743008469869779
10.7202628152225
6.33414471949001
11.4164168713614
4.45377354044467
0.447100843302906
2.2734401980415
3.35382651537657
0.445834430865943
0.777638470754027
10.4868518654257
0.828366726636887
1.1433933628723
2.66880747759662
0.27831862680614
7.22330503631383
5.36238357890397
6.49307842832059
13.310215389356
7.50277140905904
0.531862506317259
8.20481742516053
10.3102881927043
0.25138899218291
0.913065138402598
11.5379539085552
3.45470958855003
0.24048598548983
6.92095968406647
9.1778977541253
3.79521295982969
3.60444281250238
0.852373614907265
3.38228950867115
5.48979053273797
8.44445396401291
2.9932955512777
4.89697104785591
5.85996822919697
2.86046375986189
1.56240172740253
2.88130575791001
7.59681372437626
0.261259637773037
2.74338147137314
5.83549370542724
0.93612421461166
9.52266228850931
4.45239953696728
6.33927087765187
2.48789341904236
3.76743826819295
7.31572664808482
2.6340379819616
9.17505101864327
6.35976155754179
10.7705112606017
9.5937360310927
5.62156436499208
2.50482028277249
0.752534694038332
9.85863138921559
17.7592130377889
4.82128714211285
5.87011305568629
2.75958333683143
0.513787987075919
13.0743111250922
4.35726134388534
1.56826213933527
2.424433358695
7.68567019146311
14.4710998283699
3.40511670801789
3.72179464902729
6.58134873956442
5.76193125866475
2.32937273103744
1.54615871142596
10.2131133200601
3.10526115354151
0.261706634171236
4.76314987050981
3.04590740706772
2.91054001587976
3.90075643081218
6.75664180889726
6.47596339695156
7.91901031574833
3.05061638355255
6.26422745579913
0.647119013592601
1.98753513577628
7.35238769557327
0.837547799974685
4.79185834905752
4.78662520938157
5.36006178169755
3.93816430587322
11.9458956056521
1.03276721804707
6.9828901035071
4.8777248087402
7.48969544701262
1.06133210938424
4.27683361340314
4.16686291816677
2.34610573388636
1.72643966507167
4.98853099071213
11.3334010355175
10.2114267647266
7.62114625909669
11.1487159477842
1.73197774836617
9.40218414179981
0.159265309554084
1.88949937000871
1.06182163581252
9.5660628285259
0.633638631552458
3.31832264009954
5.47519035171717
3.18320705555379
2.5548727330403
4.09683249890804
5.97702234517783
2.87339276523315
1.15021543863859
0.378044624812901
1.37653979489657
7.87770980969071
0.728957005776465
2.79234962072223
4.29009792891719
3.68050192482769
1.19990413077176
15.026623220183
7.24657229480879
0.444983519540951
0.48156981356442
8.57263632421084
4.07212043646723
4.17511120904237
0.00984270591288805
3.20239283610135
1.360436482355
6.15210441326473
2.46734858956188
12.1170034451333
3.0877287148452
9.56742940470576
3.01100218202919
0.331977009773254
2.70062137599007
1.93683486431837
2.40065706893802
1.57662718556821
0.640774453515862
8.12852699309587
5.06364065222442
2.63586198965872
10.9714773483574
4.47584575351958
2.1133680595085
12.2728843940422
0.0883708703518831
3.56961719226092
0.586734688840806
2.32614534907043
9.66208832378317
5.82352934870869
3.21372289198389
4.35965629294515
0.245780870318413
2.15333926025778
2.45752613991499
4.95117450324072
3.39417429640889
3.62955322604882
5.16956702340394
2.99954833462834
3.60600848216563
6.08002387452871
1.703294320032
3.73404321726412
2.12046992965043
3.4117393053005
2.88233826486334
0.778372825878369
7.42698071990162
4.3167483061552
1.96418195796471
5.34228286705911
9.55312397458147
2.47481636764108
2.68386278767139
1.98055137057385
3.36620148736984
2.83027594682184
7.12522589601576
7.19760729504063
9.6971042919904
2.57891302462667
4.36093108989157
1.43360806160739
2.8720487607643
0.661752797400708
2.22900314256549
1.87948744278401
5.91380193363875
1.26277003437281
12.8728572046384
1.17397976317969
4.50628250837326
0.396573706530035
2.7473961468786
1.09920692213573
0.25575341479864
6.21213994454592
1.76496417990797
1.14909317719939
3.07668773457408
3.12554788763464
3.99064988575445
3.38012132939475
2.09540408104658
0.133940600790083
3.51537689486321
9.25611923331532
16.0058007575572
3.77799591515213
3.56854464179409
9.72273666411638
2.18596313156436
4.18433456216007
4.34283585676942
0.252033857033078
3.3755736425519
4.76708118803799
4.11822683094067
5.08334257174283
8.43589310534298
6.90106188412756
4.48780178558081
6.19759887922555
0.464080862296613
0.218884425728044
1.22337681241333
0.662980671040714
7.27874828668618
5.39558893069625
5.25267375633121
1.49134153034538
1.3755816500634
5.59370887811115
3.95432081322634
11.2578195054084
5.87931752320765
7.74683672934771
3.06074132677168
4.48992412376345
1.81012789253145
6.14306350228797
0.780854755491124
0.701511488296092
6.74450028690322
8.72220632154495
1.40528688502186
1.3017991092056
1.42259462755519
6.53855559737987
0.308686983771622
3.24452959708784
2.51845535014541
1.76623014267534
8.8034477783367
1.50206025599068
6.65826445523232
15.6829603016376
0.0896606826368131
17.3123434418812
0.210675313840111
4.97104440031977
0.940034821010611
1.39337701257318
4.63436008431017
0.584740057184508
1.21206643525511
4.86062413547188
3.91970665152412
3.79436540947662
4.15099575184286
3.06905751963886
0.250515974188337
5.27081581241875
0.0264503993093967
8.9762750081718
3.08919459108231
6.89888382330537
6.64716672617942
0.874318741261959
8.11885274015367
7.4925702996552
1.67338021565229
6.39724415496515
1.20481644571534
0.33945405143911
9.50618078932166
6.30954212974757
9.06822052193616
12.4138545477763
1.62453001512987
1.35643484731735
9.73272832196881
9.34870953813242
8.32749302498996
3.08777934967264
6.64136216510087
2.73588080890477
1.40003107953817
0.559603841975331
1.74437451642007
1.79757410660386
6.78438068853035
0.512905351427277
5.39510538801551
9.16254196781665
5.54544283077121
3.6659772740677
7.06793991016806
1.32935784308305
10.0336958887056
3.75551377036508
11.6103968117386
2.40808573318292
6.55381106771529
3.56992186875403
8.49250415340066
9.15151179516134
2.6378131704405
0.0645369524136186
12.8937258617952
14.1782572260126
0.743756606505863
5.91849028799136
0.920603498195509
1.58574326929041
6.40690065920353
5.2293017577685
7.16304606758058
2.9008605008801
3.54835519101471
8.72842991633243
5.62971564684998
7.8813528516349
9.60454102605581
7.58426529355347
0.560671931748047
5.25751447495711
1.84201882220805
5.98444971255958
0.227695063227393
0.505493092350662
5.60646972153336
11.6271897295213
0.883141555823386
6.85542655612646
7.21534502226859
1.97042655199766
0.685713696293533
11.4808226469904
5.06733995862305
0.320569728501141
2.75213732384145
7.03774858266115
15.2602058602497
0.338305258157267
0.289781979678195
4.24908804707229
3.93405803830212
0.654756678107307
5.75676256038034
0.119309709407389
1.9655058630219
0.326068293010985
0.712273048919718
2.87368139585351
2.3138573858887
2.90311803109944
3.02248757545124
1.35021028108895
0.200149337842236
2.29573543183506
5.28868356403964
5.58859175069242
2.82642954780488
3.63022235621551
2.48747600708157
7.43639976140618
7.82682318240404
6.82077954988927
3.05202757008374
13.4287720313296
2.22317324951291
6.40113626141101
7.12390431343276
1.77197191898647
3.36615319829434
2.29669066611677
3.18835464170322
6.48959001991898
1.67417803232176
4.85620843246579
11.8725367356092
5.32138506069828
1.60746178589761
10.0353501504287
3.73437569942325
0.560494954697788
11.0165211372077
2.87947888589785
9.25861969590187
3.70219331202236
12.303731204946
1.21615049707412
5.09690158069134
5.67997042089701
12.843289365992
6.08881125821948
3.52041168319361
5.7215477122734
2.79934064942944
9.23079317435622
1.30991842597723
7.83952567726374
14.3994734672615
9.73054876085371
2.75657279416919
4.01909586507827
4.18733671323003
5.4044324439019
2.10313133429736
2.31906147673726
0.534924424592515
1.8272194545716
3.45266035292298
3.12125890050083
0.791530404239893
0.981388357467949
1.73485635314137
5.50236639101058
10.3128039311266
1.69325936585665
7.72736596409231
6.65834317915142
4.40786312756315
6.18713805451989
0.10322465095669
8.43684501402551
5.36039541475475
14.23811200496
2.11840898264199
11.6419690390935
8.78348299302161
2.5666736899585
2.17463305029882
4.1792096499358
11.3590656314045
7.42596228136888
3.92418908045882
8.04740255024537
0.630976678803563
1.24212987720966
3.01991708111018
7.80529594048858
1.57063645123346
0.597798498347402
0.947670848108828
4.3402824493397
0.152989366788866
2.34654247760773
8.76430403441191
0.709516488913792
2.09555358160287
2.150620194152
7.64615147178587
0.607907306402922
3.93635167274624
1.66348025668412
5.96624858921525
3.21706345916134
6.86598317930754
2.02537048608065
4.77120780851692
2.44918743070936
3.41220234986395
5.21548738258672
4.25638579763472
2.78597609139979
1.91915495985274
15.9053400391713
4.29629504214972
8.16254669334739
1.1618725489825
0.502602919004858
2.53043668808874
5.773506895639
0.872249868578929
4.1694124442655
5.51913443487138
8.57712680630216
4.40221832472276
1.90096478909254
5.13941326278932
5.54614968132228
2.31261905282736
9.79984242547393
2.40563615225255
0.663766404613853
7.66493833226975
0.753003219142556
2.76953640859574
16.4323614910245
3.44894810853097
10.1569961756468
0.44613282661885
5.3589440183714
2.41521334971106
4.05773818492889
7.6567385162099
5.36934737791295
9.19674518163688
0.112409004941583
6.49657819885761
11.0046701040119
4.892852259985
6.04112357832491
6.42356810029329
6.89316940145251
2.91103201452643
5.00978869386017
0.862559056565976
2.33296712394804
1.32398898713291
11.0018624327264
8.60629480700418
1.89523191656917
5.46348331588102
9.91684938780963
7.32615433089698
7.69114387682927
6.55589510872843
6.42379682976753
7.71962099242955
6.85654915869236
2.19010994769633
3.81486718078637
5.90317959431559
3.48775402701585
2.03509651391987
10.6102506862953
5.47434112522751
6.70732988510281
2.33717919327319
