"x"
2.85980280023068
1.80377258373577
15.121749183163
2.804320582691
2.33660364755707
1.44419355783612
10.738707222887
3.34199902135879
6.22165156528354
8.92589439792598
7.23138910087267
2.50738568138331
9.81433598790318
0.304130185395479
6.98969135992229
13.6081819741082
1.02232350036502
6.27960632555187
0.215230253461567
11.1723785055801
0.0314073637127876
0.989354659966321
1.46384718827903
5.63484745231669
2.47803941360309
2.98990420997143
2.56705652153114
6.78237553220242
6.67449847313713
2.57700735237449
1.98466424192653
4.06806943141936
11.8363294564829
6.48281454413728
10.6428767321631
1.7617690609768
5.50236844256768
0.072418277186806
14.415427763015
4.20512906535648
3.90118285006408
3.62132042646408
6.31087135989219
7.55274661350995
4.36642628799876
4.04350205868827
5.90502419508994
4.42396530415863
4.31706485989554
0.94654867425561
1.47250614758216
3.36156606575269
1.95518061518669
0.364509620703757
2.77611687779427
9.20013491995633
2.44723809071905
2.11628172546625
3.20426580710669
3.73844057321548
5.48434101510793
6.32084680255502
0.338070513680577
5.81298246979713
2.93453324120492
2.0135740897362
2.04384454991668
9.65919406125449
1.53324222366836
6.2145564249773
2.63431592883511
4.46690975951915
0.856555672362447
1.08631702189824
11.4629570860416
7.79244927689433
1.35818782728165
0.30411274638027
3.02918262127106
4.71158630680293
2.55135822413531
2.11901450509611
13.7469117995352
1.47401643916965
10.1750070944484
11.8904933498382
3.51467924192548
8.04345801007003
8.31284785027323
2.94166238374302
4.66979597635629
0.400513573549688
7.76909168343991
2.59068757295609
1.46050064209967
5.8988819597289
3.39153036871391
6.48843119852245
1.5201508169909
4.53482566854279
0.258539943024516
0.56938982883755
13.6694382410496
3.10249330941588
2.53460749518126
8.87223654426634
1.2126732384786
1.90064227208495
5.73753453791142
9.35748405754566
7.33205748836209
14.104475640407
2.1087808534503
11.3164741778746
3.15917555708438
3.69882761705963
3.16706220050234
8.45752290915698
0.775132793933153
6.17589667370585
3.87185688483903
0.747732352465391
1.71879248227924
2.21431816462427
5.57818664237857
4.43809326538576
2.02244962857692
7.82944825477898
7.75811069179326
3.33733825703332
2.45124746579677
3.40682025998831
13.7744867941365
0.889099622145295
7.60668186183928
0.277505302801728
7.00334650464356
0.258129276335239
1.20688423048705
6.86560042842786
5.71013143479643
0.128174274764125
8.58254821877395
3.76043809004406
1.86479301191866
3.52125578795763
10.5290454346687
4.83184100594372
8.73838083352894
1.12734369918712
8.00652243196964
0.637163128703833
3.79327577538788
3.95499663427472
2.96237154398113
7.72605961230138
6.03583038809637
1.96863750461489
2.62393697630614
12.1773404534906
8.35803491063416
5.04641049594757
4.09548102091024
4.14197004865855
3.6724911769852
3.92117497976869
2.45568128479172
3.06171334743518
1.09912960324436
4.40287026576698
2.48587350499614
8.86677376246361
4.61452843742591
0.035315343109486
1.98179699946195
2.59372957516462
4.02590968790501
4.02779669258983
3.02886995486915
7.01123920734972
7.6509329257533
0.944053241983056
2.76968250359777
7.23594831722059
11.437730374746
5.46453824712099
2.60744688566774
2.15632568579167
6.90347603522241
3.82305960537181
7.86781255155802
8.48271129652858
5.94071988099933
2.70379581251773
0.0404456557565833
2.73223850461982
9.24477325752378
8.73776294386508
7.23231043666601
6.77030750084668
7.74823422113179
3.07495481879565
1.09960208646953
6.04690539184958
3.87122887186706
4.62911431677639
3.71419202315827
0.146297451855581
7.73383358027786
2.07028039207179
3.84681019597247
6.77540982142091
7.64958885436724
0.374195030184855
3.12506917398423
1.11548411659896
4.05066972598433
4.97231161050882
0.925412112250476
5.78372455202043
7.04704839736223
7.51795817769294
2.21133250743151
0.231912126764655
2.19837951748963
2.96376356855035
6.23245459784112
2.91563975396731
3.85147538036108
7.37740683835
0.170295108136975
11.002341450298
4.3207592330873
3.40855386225417
0.48441078979522
0.61118199955672
4.89959691185504
3.45774278976023
9.12858115792413
2.61582866514378
3.27027484308928
1.2414631418415
6.47839669377215
7.07291276194155
1.1589387897402
0.508409874442223
6.1745050130412
10.6116682989523
2.15345951823215
11.7328884545714
1.53614203445613
3.13049925025553
6.28958385228514
1.45537000668077
11.8135838070884
6.43219577459306
0.692997729788908
1.04304257787431
8.04273809771985
3.32438421901315
0.419367710128427
6.88947449538382
8.64576592575759
10.9384279930964
5.06571240257472
0.00902095343917608
0.0995619983539043
13.1346931913868
9.5468925985337
0.918228947557509
2.60144979692996
11.9105288991705
1.98601672891527
2.70898115775816
7.93960390146822
8.3128463816615
4.14871775224587
10.2315963478759
2.87605681076949
3.62384754844538
3.16401730843997
0.720161432400346
3.07183390590312
5.04888175055385
7.37048676442375
4.61569218896329
2.49029737897217
4.60272333584726
5.35589722650905
2.77019049972296
0.710784885289235
9.97266091872007
1.41940019093454
5.46709208283573
4.08025549259037
2.48236680716892
1.35187152773142
0.14232131652534
1.64783392101526
14.7208191406965
6.60042005143104
3.77407038157944
3.2183646652911
8.80000665783882
0.432887021452188
2.06866629887372
5.2581119351089
1.91610667868639
4.31175068835708
4.71401158720255
5.9798694546286
2.45956032410781
3.15355816856027
1.84317543640309
0.301402668541417
1.99137038302727
3.1020806019195
1.88653729856014
0.455807894468307
1.23527588869993
0.999507936649024
2.45081363245845
7.59570243986639
5.36696836352348
7.08629549480975
10.2378145325929
7.33086334564117
7.1626016870141
2.28905600961298
10.9948651433852
3.0631318455562
6.29231974016875
9.1010687425896
3.67150362581015
7.7023813733831
5.52054299041629
0.0641333637759089
3.1545288162306
3.51304526394303
2.08173471627567
5.13583437704716
1.87147606629878
3.26519594527781
2.8587887691686
3.49463344816192
6.70081138773872
4.36545259035367
4.39790447143429
2.88704527035302
1.05278033297509
5.43306865729392
3.90227411734038
0.627494882792234
5.46139428025204
2.25673685781658
0.103958835825324
1.54646600130945
5.36056355468159
0.794054707512259
1.35533469729125
3.12183175701648
2.16426680599963
0.479438784532249
2.22227425797992
1.76830315031111
5.50332018174231
1.20611456222832
6.97828978300095
1.55801912769675
4.23528829828208
4.8682710621506
5.28550273738801
7.21982584800571
0.00626025721430779
6.65251088794321
2.2936915513128
0.59732673689723
0.591415935195982
4.32934305914034
0.710839638486505
3.87739697471261
0.872065289877355
1.08054676572524
0.636141023859901
4.9011203693226
6.65252901806814
3.22429161910779
4.13675896798265
9.43278090562671
7.16424537498484
8.92842672835661
1.46577370864833
13.0397957284003
2.46517514144719
8.80232134368271
2.71418907213956
2.41529874037951
1.51363737065977
1.47469360381365
18.1702825473621
9.3605152098462
10.4197632521391
1.65646439418197
4.53784688529301
0.417215477003468
7.24462652144695
9.6360283896557
4.34370241838201
4.11000708118081
0.44304623734206
3.15739223147891
0.344666291640473
8.42765762920211
0.708570913411677
3.49304541086463
3.54203027673066
0.481165577579629
2.23337751813233
0.676762033253908
3.72897342313081
0.95780361443758
5.09285901207477
0.718238530680537
4.23620342898253
9.10962623015963
1.70445507392287
2.21184913534671
1.0357275923114
0.87715019824325
1.41189727586564
6.16473054978997
1.49557031691074
4.85681204590946
10.4303296189755
3.37909378534273
3.80108112003654
4.75051924479672
3.05894829046139
2.69145610910483
0.956552636027956
6.0028235250991
5.0364940892905
0.944681726389573
1.89131343831308
7.69847293850034
5.89442318735539
0.388158291932557
2.3244185518404
7.44138170392226
0.0226970956952444
5.63085514586419
3.25964738131698
9.09957163967192
6.52442062273622
1.97134938839541
5.84905608557165
9.45778304069042
3.68855681736022
3.3740479266271
0.706649169761816
4.95760399662449
1.05218531098217
4.26307814405522
4.5673550106585
3.64219034754456
5.82198893296407
1.08530770521611
5.62871233560145
2.60199578478932
3.39316113292934
6.43723784014583
0.595925246185255
0.424380647018552
4.80664094283294
2.46519575849645
3.44868253995632
0.411316240206361
5.01350734848529
4.6405163127929
3.84184827337781
0.930297021491652
4.16805823333561
2.1643097512424
5.99492194596678
5.44047751315894
3.01958154886961
4.87824347801507
5.10458101052791
1.75169680733234
8.43372822273523
0.596921489441156
2.23985859174515
3.09308349107715
6.13876187708229
11.6516963727366
0.886590474778528
9.10152699798346
9.18341130018234
7.95175826642662
4.5102019328624
