"x"
10.3001655079424
12.3273001052439
12.1285269968212
12.4177303863689
17.5753396642332
14.2170790582895
15.1943193632178
8.42290796572343
9.2010996886529
16.7981118778698
10.4530468815938
4.64372626738623
11.9958188384771
10.7242140104063
8.39006094029173
12.3618867713958
7.00481508062089
11.326468794141
8.21099071763456
10.3963520610705
11.0642031417228
15.8321479801089
11.7892749025486
6.74429878046324
10.316518554464
14.117836658376
16.1480921437033
9.75705325836316
7.288381625144
13.2714198669419
14.5842881058343
7.63759227702394
13.2971182581969
14.4890279858373
11.1074679647572
13.7082332279533
13.0021113203838
13.85139063932
13.5961232706904
10.9693275881
9.26492789787199
11.8403319502249
8.86946799000725
12.5359810190275
13.0581945879385
13.9513188599504
18.464104643904
9.54552688635886
13.660896779038
12.393757654354
11.7473427439108
7.12014047894627
6.14937661448494
6.68436327125875
12.7445511636324
7.43555023800582
11.3405849178272
12.2625455958769
17.5142694063552
10.4103481979109
9.98399349628016
7.32146226800978
15.7782269991003
15.6114037148654
14.92003579624
7.45714350667139
9.87335582706014
13.8492665020749
13.0800516111776
15.1915325433947
12.6765931490809
9.54117776127532
12.4587519210763
6.1595767037943
11.5752961370163
12.6781315077096
12.0115277939476
11.7521046078764
5.37371986270042
16.3207209086977
7.96535855201542
6.58575687557459
12.9209071514197
11.8796303868294
9.10925762475444
15.8872447791509
9.54291115049273
10.3391222422943
16.5909305564128
9.8970809369348
9.67166875590695
19.9330245134163
9.57221167452936
10.0919009884819
16.1396189942025
15.3136342545677
16.5082723293495
16.3338241050951
7.86598002926135
10.5610584607348
13.046878343448
7.83445998232227
12.7477007685229
6.92166336812079
11.992295330856
12.5664476072416
10.2695256005973
18.2426879489766
7.96883707186377
16.8893011286855
8.79892337611707
12.2186465654522
14.866472769063
9.05783403431997
6.98160219471902
9.87173974281177
9.46022453717887
8.7394998059608
16.1245035822503
10.7830731663853
16.9338948093355
16.7939581908286
15.2153541450389
11.7258983897045
14.8376841214485
10.5941257555969
10.3473827242851
12.6504339277744
8.61343084834516
14.9451614590362
13.8508738466909
7.38992415135726
12.0780546101741
16.4009066880681
12.1319909263834
12.8568499213286
2.34746763017029
10.350584553089
9.04138935729861
12.6613911124878
7.06069874251773
19.6441062645929
9.26467508543283
15.0659776641987
12.6591205829754
10.027837799862
18.1890911495501
11.6619714186527
11.4120644400828
12.0374423451722
14.132523664739
16.600131301675
12.8917352063581
10.3096716338769
10.3322486858815
10.8699741307646
7.4061818420887
14.9611054555111
13.2458034786396
10.552572098095
6.43571184482425
17.1659323852509
9.63253934169188
8.82865212828182
13.880162127316
7.18596040921051
8.10344716301188
8.98157972842455
12.9436314571649
8.770043682307
14.8000774439424
10.6986030237749
11.7764902533963
14.2964868224226
10.6125018093735
16.1013706238009
10.5523722828366
15.1191152981482
15.4210267704912
12.9392480710521
12.5529850001508
14.1808475333362
9.55874657475609
9.64304513763636
14.4762127660215
13.2685881180949
11.4783792368852
13.8322492945008
13.8648249092512
12.3184385709465
8.11514534289017
18.5950328245875
6.80533740669489
9.43235360318795
14.3431434291415
16.2631043232977
14.5161918946542
15.7559080864303
11.9434437830932
6.6663810168393
8.46448342781514
7.04993158578873
11.5034039597958
9.66580980457366
6.99218312511221
12.6146423979662
12.4865905148908
13.6237820144743
15.1676238980144
14.5588345476426
12.9253510152921
16.6942681651562
9.56904809927305
8.02394892089069
10.6659615622896
20.9752327519211
11.6839823773502
12.2094299527816
10.2155384258367
10.3691923897713
17.2901448328048
11.4231618470512
11.2314489670098
15.1657830225304
17.4863570126447
15.0931615615264
9.00527902274151
8.65369531971311
14.3624988850206
10.8472193526465
13.8039307435974
13.5871099075302
16.5400591213256
6.41451479168609
10.0614597206004
8.96716427523643
15.0595446117222
10.2193957265817
7.53648401665001
8.22012595599517
12.3416101559997
11.2682579043692
9.4439259466598
8.14953735098243
12.9046174464747
9.10864007892087
11.7255362914875
11.9322350714356
12.6537982141599
10.1872173021547
12.199619517196
16.0979772219434
18.055068188228
9.19504192424938
15.6454893178307
11.3218837068416
9.209155604353
7.63783124166825
16.6362777468748
10.4863697021366
7.75714197661728
7.76397717418149
9.95376597857103
13.3563544717617
10.3822501725517
8.38559303665534
11.8259335169569
10.5541242286563
11.7551123839803
15.0146089028567
10.5240025790408
11.895431985613
14.4398525473662
13.4711965802126
17.1991712064482
8.60996972769499
11.9764176582982
11.1401264206506
12.672133918386
6.9038008108616
10.8525701216422
8.47715581767261
14.6780491284894
9.52082844013019
10.0131504237652
14.703568641562
9.34112792601809
14.2575107631274
12.926900293678
15.6862709205598
16.3678264128976
14.8319208761677
14.9663960677572
13.2416159496643
14.6803305717185
9.61157976467292
13.7224730919115
8.32040685927495
17.2202619141899
9.57932328561045
17.6448394999582
9.36192955123261
14.1866327496246
8.99027464911342
10.1763597988202
7.21810498507693
17.9259116750884
5.73928239755332
12.498261150904
9.53274885892933
9.56891397945583
13.490186445415
7.73722068406641
10.9996377956122
12.1676757302434
8.58265481656417
12.9913874785416
14.8786629084498
12.6937713008374
13.1941295461729
13.543352286797
11.1001019831747
11.236066419445
10.3298426023684
14.7877709125169
16.6189796640538
15.4936417762209
9.66205300064757
14.7961978218518
9.62981585180387
15.5452949809842
18.4693920415568
11.3057238748297
8.00578326795094
12.4051500344649
9.84052654821426
13.837145944126
12.2153295320459
11.6005070507526
15.7619125791825
13.8184042647481
6.71735552605242
17.7606130939651
16.6967137134634
8.95826638443395
5.51692333538085
9.88822077633813
8.48635607399046
14.2240464850688
18.5582851980555
12.5436614500359
12.5163990072906
15.7203206093982
14.1882730065845
16.1717324750498
13.9110912219621
11.7528208997101
16.9162378646433
13.1022158893757
15.7455676584505
13.5108530055732
11.7746440693736
8.38141118874773
16.5265013463795
14.9816143093631
13.6369045823812
6.73180667217821
9.57863769726828
12.8780017839745
13.244872179348
3.87256526405761
11.3634429639205
13.2028316147625
22.1375986457545
5.83514678625294
9.46136200800538
8.29310175031424
11.4650656934828
12.130641526388
16.27491642721
7.57844005711377
12.0783159625717
17.8009167997201
13.0933401370779
15.1197085739113
11.7938802926801
10.8211578801274
20.990473938987
14.7348695900291
15.8761714352295
17.5592413759085
12.0014145970345
14.4627059460618
14.6448370534927
11.7326351348311
16.862323845271
9.33566694147885
13.5541979572736
13.9371300129858
7.83965714508668
15.0880590314046
11.4510484049008
9.45873195305467
13.012005119229
7.66872417880222
10.8234090963379
13.3482495788485
12.080277397763
15.5235687620007
12.5338184763677
13.1730847977071
15.6358502455987
4.29863476892933
9.7416773205623
12.7735521482862
11.4720602869056
17.9928502290252
16.6365372831933
12.8860324970447
14.5780338090844
9.94178226683289
9.51592109631747
14.9097641929984
9.32403876213357
13.701382204673
12.4593271291815
20.3711969301778
11.2820369424298
8.81064409622923
17.131653917022
6.35912350927203
13.5356421465985
10.0549497059546
8.52452144026756
14.4862732267939
12.3748398851603
10.4000804130919
6.4266681089066
9.23435970908031
7.67721906304359
15.1187987881713
12.9901031265035
9.32479232465498
13.1516615743749
17.4304100674319
13.18795948755
7.96036623651162
9.17853675782681
9.75330698559262
11.7214149679057
19.9221939070824
9.97741651954129
11.1713756342269
6.56907727883842
10.8421774581075
13.6615957599133
8.13967904541641
12.5583022134379
13.3986340719275
13.794906064868
4.3929518898949
13.7253440334462
14.8824059171602
9.31266270345077
13.5742566431873
6.31729225860909
14.6909898030572
12.7532987740909
13.5697047987102
14.9406070238911
9.265498183207
9.32507894467562
8.59991852194071
16.0707937021996
15.7157049281523
8.14426174620166
10.368688183371
10.8865365036763
21.1408175284717
7.41576660657302
13.0027904873714
14.4475757493638
15.8081228262745
11.2926655798219
15.8631252474152
8.95715594524518
8.32022986141965
7.64494766204929
12.5643827021122
6.83451617369428
12.8913237946108
14.271050831303
9.24992796499282
8.87996379751712
16.0251009161584
14.9308748310432
8.80063034128398
13.972275541164
18.3193166962567
16.1348468274809
