"x"
6.46566972136497
17.1570733422413
7.8551440499723
7.04446483758305
13.9547865604982
7.1056460402009
18.5918025206774
9.55402115359902
29.5150031335652
4.80534072922649
15.5981641029939
5.68251315837804
18.0758698638337
14.902949007228
11.0328515758738
17.6848046486483
11.7853329228835
11.6793903522193
1.45808241150331
5.02741537502363
11.4395383745432
20.8220365933214
14.3256187506265
8.63540549762547
2.3972365539521
17.3260220792145
27.5878423936838
12.0221004122868
23.5447546045423
3.25693520717323
20.0436218874529
10.0244043024108
18.5166516108438
7.40315509028733
18.7778797699139
11.0599503852427
23.3544292301533
6.06866660970783
10.6751714134589
9.34157643448354
13.1050926167518
8.55595909524709
25.7906026905403
11.8749505881075
20.5060817999765
22.6825146237388
17.50333388336
10.7629812283214
14.2182310344651
6.36560009909728
8.0601581047869
10.525694466196
21.7860785036195
15.6349757220596
1.72731729464055
6.48763142921984
6.18207179941237
16.1294378107414
18.2704294394982
23.5497109824792
7.52040263349874
16.6519665857777
1.90453161485493
19.4430305622518
12.2729731258005
16.9061292968232
21.0715435678139
12.3668358289779
15.2979076839983
9.6856799492682
14.3139941385016
19.6157185889456
11.8967988746396
5.74558137450367
19.0533970482647
30.0269328989089
23.7213235348463
19.1357648931444
12.0374764497077
14.1124451765791
12.1411497239023
5.61807008925825
5.37331647863288
27.4918302660808
14.6136561728882
16.4736081380397
23.296391655494
8.54920126726077
16.2617422521191
12.2547638369724
15.9904678352177
23.8397834822536
4.46522664278746
6.83812374393252
16.1518454797173
4.8403496388346
8.77963549309362
18.1079840287566
13.8694835128263
19.0985928755254
1.57232972827888
9.01695237585992
5.91600665575732
18.7997160250521
8.53038362693042
17.2097908332944
18.0065253516659
15.3386674588546
10.0157882319763
7.15129440650344
16.1054661963135
8.02690577693284
18.4401887236163
2.58002984337509
16.525929145559
9.57203102298081
10.3095163125545
4.72411583177745
19.9413289315999
9.7224316559732
7.49691424425691
11.0678462311625
19.5866198712122
5.73060609327428
12.2980477824587
16.7668367736042
19.4011746207252
14.435541909188
5.60488873161376
6.51547701563686
16.0805624909699
23.1412207063294
19.2042664123826
25.6056692684069
9.81372166165061
23.2617233414203
12.9207867075677
12.388279432286
8.10408301185817
18.0387303233147
11.2909080892167
14.0216720290482
1.71661179047078
15.0967590743676
11.7839001119137
16.7213951703161
15.3667805855891
22.4444232182577
8.19526670418171
11.7370757939683
12.7534441184253
1.81643874384463
12.3256532242522
15.3802566230297
15.9749852978985
10.4990730402688
18.6769134597853
19.0627686679363
20.2470602933317
15.7088697655126
25.6033796985437
12.8348214086145
19.5405323058367
17.5898866262287
9.46352819446474
19.1856202158529
15.5201345449314
14.1442745502218
15.3673227177933
10.0384689169005
17.9416029015556
22.5198186468333
12.5006037997082
5.98172087372155
16.3165009580553
2.22905956693596
3.5347978817299
5.86753096431494
1.73308220691979
12.6556771341711
15.9481225768104
5.00866691631566
12.2915098909289
19.127711863257
19.8142620563481
7.06256371922791
2.63325786218047
6.79738216567785
10.1211261935532
5.31486372929066
19.6046277542137
15.7302915351465
7.14478557562694
18.0692325618904
17.2674077819578
18.400709843263
16.0167052177712
20.706233258212
12.6831862374905
12.6478877617046
12.0464782696217
11.6978065110743
14.1851252643391
2.02279591467232
9.85389663289938
13.5691789444536
11.2670220958424
13.3017238695174
19.2509769462049
24.334452720359
15.6497083604336
1.56199790071696
19.6153461344866
6.57845037057996
14.5239109173417
14.3805418516908
4.69220140737618
12.7210622261876
27.8761266032234
13.8217777837557
18.73744209297
2.68567691091448
6.93262192870115
12.8211832330364
3.9697369192994
16.3125057471916
22.0187687780708
5.57839279063046
13.2202655076981
20.3500863929503
2.54151779931987
5.64758952241391
10.0806991336867
27.9440148966387
13.4073683526367
24.9819181393832
24.7805520426482
16.9849672121927
13.3464605327803
8.47374068107456
22.9779873043299
25.1890090061352
11.947664201499
23.1873590804013
21.8786680499229
19.5246780729665
22.0557735767215
13.6607466864695
7.45136855416857
18.3695305837318
8.18519620224833
7.39418715238571
12.4827262945473
14.6468423539773
15.1652977336198
8.81411172449589
12.7542849862948
17.8924823080802
7.86713435001041
10.3088988441255
13.4027804480866
9.54089106022139
19.9379097204655
1.82913546450436
11.2300971290097
14.7413124795928
0.0432444969192147
18.8090769806877
13.6159102851103
26.1999466312227
24.2459445726126
2.33595154713839
4.01809923954692
14.0222471014302
4.18314952403307
10.8654276043174
15.9262364497408
9.04957627817582
1.99555540457368
6.81917582838555
22.3199476022273
13.067393261008
20.251929317601
8.93513435420767
5.34079782664776
16.4772485400312
12.2812957968563
4.16544247206169
4.83238068409264
18.7380443094298
17.1700190287083
28.7859137868509
5.29485084116459
22.707646484325
11.5325962658972
6.13541926722974
14.6985139222539
18.0964955875872
26.3174201594666
22.9384732432663
17.1325092505252
21.36350658004
18.7025745632127
18.768319231458
12.8532131901011
9.27179688587785
13.9409864321351
11.3713750615716
20.8461835514754
15.5623899539933
15.2611485449597
30.5025723297149
8.98253677878529
15.4678731436505
24.8570730010885
12.7709454310576
6.40159012404856
17.7812616806477
10.1934264308126
20.1999442186207
9.55646864604205
18.5847694752738
3.24916196987033
16.9938978971913
26.6333454754204
18.844756600447
2.83399798993033
28.6039106547832
13.7023921124637
6.69124762677885
17.4000514053291
5.15841446796186
2.25653077941388
16.6427620919421
6.58014865043023
12.8790450282395
3.11699379235506
21.1976306280121
21.1313800420612
14.1968546435237
8.16343193873763
15.0673298630863
8.07281201041668
10.0481815170497
7.24451434798539
4.77729898411781
22.2848528064787
22.9057826298439
9.79578571859747
11.5359484683722
17.2343641053885
2.83047910779715
8.38199493009597
18.7267575645819
15.2052666055388
9.15858817752451
12.457270784698
22.7459490532055
5.05470305215567
7.28317829780281
13.2710247300565
6.36113353439697
15.6364392954856
5.82759093958884
15.5683973338455
19.2687942180783
10.6534793274477
10.0412715582572
22.1777377417311
12.2847130703921
24.2687206482515
4.04151922305353
14.5907786719599
19.998738868162
15.587073071054
17.0468465324773
0.530215119943023
21.0332761984318
10.6993739275444
6.62101426458671
21.067652083002
15.7294238684699
9.38139462184461
10.263169137761
14.2218062886968
22.599556366913
16.6032989601575
22.6873332634568
4.2037665611133
18.7836135271937
19.8732148390263
12.2688128845766
3.3477148739621
25.1669566845521
20.4353614710271
7.29348694439977
18.3939483361234
10.5357230125288
18.8099803299449
18.7554654303173
5.8969998585632
18.4324710164219
17.4649979919195
9.98742179945111
21.0116580827162
16.001925081946
11.0787371173501
0.143708523388344
11.8329897123736
18.222223687917
1.90223667304963
15.1868120628396
2.26947156566222
10.6517155887559
17.4673123285174
2.15887760277838
2.277299342677
13.7849215441716
2.90855888742954
12.8412291407585
21.0176435532048
6.95888712070882
4.69213628009454
11.3085988676175
20.6048924886299
14.8172844666988
17.3396178229124
17.8247822681442
8.98540603108775
0.895577645860612
8.8382579867548
5.68348390266108
2.73355944082141
12.132815993391
17.7168096440909
7.20606609247625
4.15273730219945
10.8413159148768
15.5178658431396
11.1526437579205
14.6855831844732
17.7554430672899
21.5254921700488
19.2860824651269
13.3108057386292
16.3165063597262
14.7987389005721
11.4447076374525
4.3544418030303
2.82549823168665
15.6425334047526
18.9023987390101
14.3835854768738
23.393301316537
11.5604129619896
11.2899433588609
10.2768829067186
6.33248859085143
20.0541972648352
11.2770800527181
18.1069636484608
6.46551365498453
22.4835156695917
15.3529577422887
19.3406462203711
12.4735451303422
9.30625528562814
7.77211872975575
16.6189148556441
5.84045278374106
2.3613047786057
17.2805144476725
9.90665405988693
17.2964620171115
4.04118106234819
17.9955640523117
4.49612427037209
11.6982676160808
17.9982569534332
8.53851729446269
25.2072146860883
17.7276534454192
12.9930271068588
20.5540895696997
9.1264160449799
18.0706056735098
7.39414687268436
17.3909971235302
20.9030216559768
15.8340048510581
10.3328525787219
15.5716783832759
18.4051502447038
18.4660692000762
8.50224490277469
15.7787976531631
0.410408060997725
13.4438322624192
16.5980992140248
17.4891758477315
25.4841041751206
20.174301686797
18.294221162796
2.44537226793415
17.9933324456215
23.0711653130129
4.89826216362417
8.81722108460963
8.24303484987468
14.0976527938619
12.8706242970141
7.64075936749578
15.1254492811859
8.30524910707027
11.4465258756036
10.6811623755318
12.2796627083219
7.65487318858504
25.7653533713892
10.3832648601383
1.3915334828198
22.1575214361187
11.9993687350602
8.75460324826548
15.3436375483633
23.6280656885356
13.7908674931092
23.4606654616073
8.30748059084159
5.66799149382859
17.9230491863564
14.0368446242064
20.9751187358052
27.1508385678987
18.7865584157407
18.5348102124408
13.5144485245159
7.24760259035975
13.3815034292638
10.797147359699
15.3268964961171
22.6753320777789
12.9257015216169
6.07532537542284
12.3414701316506
10.6231362431331
19.5013550110161
22.3256437340751
11.3086516140378
19.9316241545603
9.02577006592328
9.56666865386069
23.4665169147775
10.5427030706778
12.936292681843
4.58207783936323
21.2811065139249
18.1624244665727
7.02436764258891
15.1651555672288
14.4782560644671
3.31339307537868
13.2319113356016
15.7195980194956
24.6930396649987
6.88478508902698
10.9168595248092
12.1339437784627
7.06654347828552
12.431211117655
18.2290694196242
16.7973437579349
6.20116260834038
23.2502861181274
14.2055718926713
4.43779700435698
16.9502092059702
22.846644371748
19.769245153293
11.7255578516051
10.0110336206853
3.05061058606952
12.4709078110754
20.9603384137154
20.6698895199224
17.5814497051761
14.2876951722428
18.6572377104312
12.3600234044716
9.03462213925353
17.2910617198795
23.8540678052232
1.19782197289169
20.4685463802889
19.8974391212687
23.051511310041
9.20746002811939
14.3101240012023
14.0748455421999
13.0849531851709
5.42345605308107
24.1587273078039
9.11881886422634
17.4987747333944
2.0411178865598
3.50418381409175
11.0458902548999
12.9929566037787
14.9418577535431
15.320036560297
20.0658772606403
18.5079626971856
0.768545642495155
14.1979592386633
19.0544125397028
14.8536548018456
6.80577408056706
2.11293558224273
20.3039031941444
12.6292270782934
12.4561965232715
12.4089217977598
13.039085778854
23.0175772762712
11.7319331433688
16.2393489734578
16.7983836727217
13.9247560407966
14.1506957355887
8.9459924492985
13.2367467042059
11.9438875932246
8.18103635683656
12.8185815410689
13.2181925170137
12.0777304051444
2.29353211403048
10.8808615012094
19.2803512327373
2.28362779598683
7.54469248931855
17.8401677438705
9.65223680368682
9.7485820097825
7.9495418118313
9.200897696428
9.64012730401009
24.5964578682031
23.9960308885202
8.2994629861787
5.54126200166784
19.7020747931674
20.6758023401859
23.5893646218243
27.8091535903513
12.8352979796631
14.8624306544662
9.84050361210557
8.37030289694667
3.76898457109542
2.31397971510887
1.20886542438855
9.14966519922018
15.6398729654029
15.7429269980639
6.26118934194474
28.2854573335499
7.80753847211599
9.6737771295011
13.7566695688292
23.4586617443711
24.2134182946756
10.2847205707803
17.8762554423884
12.5973997171968
14.3918463028967
16.9395533157513
12.9415597068146
5.0684796879068
14.9346062913537
12.4480454096328
8.90443873102159
4.19563779141754
22.037796722725
25.8326730458066
4.40457710064948
16.3866740016426
10.4906258871779
10.6453457148746
5.85490118246526
18.5567109379917
15.9505263119406
17.965796077624
11.7349040927365
5.70365357405718
7.20636035004936
18.6407509094184
18.9649895532057
5.6225995765999
19.3118836492341
5.47879889467435
27.1855091443285
15.8454540651292
1.43308851402253
17.1137009514496
15.9189081052318
18.0060570733079
17.1910029137507
18.5725796036422
12.5782837858424
7.33698790427297
13.6882574064657
4.01131787803024
10.2187941565891
2.08517356746877
17.0733490271005
1.55578614800193
20.6309523200616
0.373326515802831
23.7939971067685
19.9741045061035
18.304204964079
12.6390389399603
9.2765857498743
15.7158061929272
15.9125741804019
22.6826305717504
3.92212119445257
10.5132196564227
19.6079025045037
9.54407917420443
13.7745258065984
18.4368565212935
24.2353304987773
6.4374242676422
19.6375524858013
17.6795028069929
16.865487064966
16.3373096147552
6.61289959680289
15.1116123641483
17.6070159811433
9.02146771550179
6.60529675419898
24.8285941779613
9.11840463522822
3.97517906967551
9.32584250308006
9.70091999042779
24.7645378660427
15.2131855022162
20.0014118967853
8.49537227386462
7.11962968498831
10.8798846504469
16.9845615047961
5.40338679599456
1.6778273952883
20.5817489430386
18.019613949582
22.8752897819504
11.8881650757448
13.3297949098051
15.4595413710922
3.10328856576234
19.447258207947
5.37833701819181
25.4642497174653
7.51927453093231
18.5948952566832
11.1129269236699
2.60508704530072
14.1411114187767
8.56178146786988
11.468317755498
16.7533152038231
10.102198086679
14.0073160406922
14.9664391507093
14.8930898634717
9.80819848729693
17.0329998247325
12.0407341746613
14.8805053904653
15.5183029222316
19.5884957806161
16.9980280101299
14.8617609609749
11.9995495537296
18.1735530728474
13.4400535927745
9.97363834085263
7.68552955705673
21.1644900986216
17.4303472973406
21.5733086224645
21.4483374496922
10.5560296447948
9.11131126340479
11.3227173220366
14.7505726898089
18.7662503984143
10.8960942132398
17.2690735184987
21.2720016250387
32.0475191110745
12.3242268804461
19.0616214182228
10.7233928516507
9.07964673824608
10.4411895852536
19.0369098447263
11.982970777899
16.3037087768316
15.6179369892925
14.4577545006266
22.6538549405279
13.2640466094017
7.2600387269631
20.6850300795547
20.256177848205
14.1138585517183
11.2142062513158
5.10855004034173
10.944745503366
15.4604943057546
7.32041786893231
9.67500077094883
12.8666709410027
12.9915970808524
18.0873881559819
11.2006068695337
26.6027101082727
7.54663203842938
5.03961679060012
7.41522451862693
16.7313001243315
18.1128674419597
14.5369241014123
22.4213048815727
8.34119890350848
18.200013509502
23.1064019724727
15.6777926720679
11.2170664125628
19.8267885558758
13.3659870363772
12.1097153868085
18.3291490888223
9.18592252993133
11.1516051266569
11.7703731677317
12.9317293409258
10.7509550638497
22.4789084168151
11.4945881229701
14.5595983369276
14.5363080485552
7.76870466743753
20.6490292014014
11.4691780414432
12.8048145910725
5.17713610433255
14.6673356881365
9.74013524908135
11.7368798470125
3.09801900293678
8.7165523575948
13.3427444379777
19.4585754768923
8.28489556442946
15.9138642484322
7.53541044130347
7.0347114931792
15.9413360524923
15.3786957031116
6.08286939095706
3.33872733172029
25.4599807783961
17.9935543620625
22.3999826936051
11.4547306206077
18.9152791630477
16.6248319437727
12.4310427106663
1.49094627704471
14.6743778139353
16.8869607183294
8.65773381665349
15.2095092926174
4.49261150570154
11.4527036668733
17.6636161981151
16.7688169749454
3.91800894867629
8.80881065968424
14.2825632821769
26.2103028595448
10.4962773603197
9.53375534212086
14.200354157947
16.6348407277837
8.06414451414506
15.0017695672622
18.977006082423
8.56606147717685
11.4154998954716
19.5365486436945
15.0265018222854
12.2031528735533
17.5926417578012
8.02645720170864
12.1388113824651
17.4143687123433
13.9770112233236
11.5912791341543
1.85545438434929
16.3498934843247
14.7748593640334
10.1958284582642
12.616443564184
6.8475085844097
5.66513241293096
6.2729668010753
19.0873077372089
8.35816685575992
14.0875468030572
5.95557042397559
8.58859149739146
12.608770091572
9.64330955680239
8.65767631053953
11.1403755323246
16.2564867443568
11.3481626380235
3.41936475597322
9.79107434395701
15.3503533918411
24.7485822953077
18.2790684979409
12.1841303384713
19.3140433718891
4.52276759160202
14.5754607288631
15.0266546523198
14.9292215006426
12.7694128540263
14.4891692791134
5.73980924550052
5.8502467736515
12.0557697257027
15.440826700069
16.7527842193629
18.4615126578137
0.283404460624876
18.0761537739164
2.38881399855018
16.5132662588036
6.25250076409429
8.33879860583693
1.70805708123038
17.5501774763688
19.1235194448382
9.60265379399061
6.77865017205477
12.1876768767834
22.1398316789418
16.2864750949666
21.6850929893553
9.73587045710775
11.6076178073064
15.1542051928118
12.7830572426319
14.2726151505485
9.73370729479939
14.8999702651054
21.8868547130316
6.10293450181402
3.72172455692004
15.1102172152837
6.78445838857442
14.2491825623438
19.4636862725019
11.415719659999
10.562990931794
1.12785908507217
11.2098609795794
9.08512686544856
10.8648201450706
16.8077863107581
15.2874642517418
19.1447313056411
14.1797801945359
4.75050604342975
7.68929951836964
9.90047935885062
10.1171364331605
7.39155804238153
7.21207796595991
8.39722177276741
25.3067311440374
16.322861937806
7.5328667415306
27.4110534228384
13.3235475048423
1.82438327439227
7.07204986829311
9.67384586110711
12.5905375835998
11.8289966136217
22.5755017250776
15.9591784933582
12.4945658491924
4.44865003381415
13.185379980132
23.3042965643108
19.091314333491
3.1558002345264
8.69263459462672
9.33968028728725
18.5065236873925
10.7756635298011
15.0355871442799
8.75435813795775
14.1416667494923
16.4117240392667
14.3218960380182
18.9393474254757
16.1948624067008
13.013119995594
10.2921174606308
11.1906922600798
19.0180609701201
18.502344773151
6.14593975414975
27.4313808884472
8.30125954349168
23.3601685846224
19.7809834033496
13.9464884297922
18.7069061677903
20.8472199272364
21.4351943228394
7.10766608826816
8.48663940560073
9.58481281995773
22.9261639993638
0.0221468746627716
18.483780650422
23.3167177066207
11.0197297808825
28.5502520622686
14.6425915196707
29.5857845572755
17.0913604847998
17.0041476609185
8.16418068042408
10.598077240522
24.3209851455126
8.23541294067024
17.3945299497353
8.03823917964452
4.512680843481
20.0971502577886
10.2526299189776
5.66200530156493
10.8994832960889
14.3890670500696
19.5721632568166
1.90985691733658
12.4069766607136
9.48575928718291
19.0193248679861
18.8087617047131
4.35579393524677
14.9212637450546
18.7344498304965
15.6713552214538
8.52799930144101
4.61600976996124
15.2962491149083
20.1595035847276
6.60418150946498
6.11010501471549
14.1416824655607
21.6147917322814
4.27603647191608
17.3833274748176
13.674032030588
18.8779599057078
14.5751216216013
7.05656372901899
19.9024426052347
25.177379976958
15.0589280994609
6.7017426489603
22.1992527833208
19.0659750020131
15.7387433098085
16.9283487834036
16.1826055496931
14.0948958229274
21.496336418204
18.5586221069305
12.9113288722461
11.3731777528301
12.6522860722616
14.9892735294998
16.1188120255247
18.0490598080236
7.98638360574841
15.7237984472886
11.4113507559523
16.9213460758328
12.4849745310913
15.0135860079899
10.5927218913701
12.0205795858055
6.66079712100327
21.359778234812
12.875114932422
21.6845517978072
9.7338784718886
15.2858731104061
15.0459619823785
23.1947045074776
1.23874796554446
23.3389008790255
10.5426348512992
10.3021119858648
15.6076838988885
9.96546712704003
14.9558167789108
4.37428984038862
16.3920643972233
19.2598775960505
12.3915136093274
12.851166789336
2.95224543660879
13.491782033816
3.16751549316075
10.371603884728
15.3320417739451
6.63604051806033
13.1795662129709
18.8042551744729
10.3230598681603
5.70460787311658
13.6986159486696
16.1932267947122
6.38201425317675
11.0597441812259
12.2912017162889
7.29347239248455
5.75728649273515
17.1956097834245
26.4976529870182
20.4464438837022
15.313961263746
20.2487019684811
3.27785134819208
18.0390769382939
11.5011942451567
21.8754995847121
12.5837176331594
7.25613520480692
10.9464913163227
14.4563022768125
21.7994794948027
8.44552123320525
15.340793854557
0.256911649155879
6.20241253108197
23.1387686915696
18.5087460433866
5.09134898893535
17.7695454577878
1.40844110796503
22.4001619964838
12.2468235436827
14.613686343983
9.43147099757272
7.61314057745039
16.122394381091
12.4124075518921
20.6534707109401
21.1660109460354
16.3132005914834
12.6870984738871
17.5708745842832
11.4255532689876
11.6181195673494
25.8563286857679
8.62800361576861
17.1140871786699
7.62771596200764
17.0305366389896
19.9135811533779
11.8517849128693
12.4153388858032
17.3581290766184
17.4360109364138
20.5926389249434
6.88384251465352
9.44250179454684
10.4084849858107
14.6585547158897
5.90360858477652
3.15532561235202
8.70833850096128
18.8386619789526
2.12271557610634
11.1144684790642
2.64113342855126
15.863139461726
23.6429126020148
25.8026230381802
13.1065116799261
17.899422458742
16.8658998794854
3.33787350145388
15.2520494302735
14.0451902989298
16.4305649232119
17.1702507184818
15.5220797052607
15.2074520476162
11.8729137582704
23.4261108096689
13.5606357362121
22.5124143064022
15.3776016784832
14.6470754174516
21.942686045549
7.22881648689508
17.6210296805948
10.8384329127148
15.9992476925254
19.8346369057135
14.4327165023909
14.85160139855
17.1924610622227
17.0166349271312
3.96084955427796
11.567768943496
1.07766158115367
19.507826778186
8.46508591726229
16.5099803823978
11.4827975165099
7.80367429833859
6.48728057276458
22.4407215137035
19.4307369842698
14.2113068373874
16.5521891089156
20.7001912873238
14.3544486317206
4.8853263957426
4.76756270509213
22.1474741352722
9.05262313107692
14.5193254179259
17.020400473848
3.35856727357386
17.0741236471635
8.61588106490672
22.8456494631246
14.4714850466698
11.0858618592299
13.1489720428362
3.82557439152151
15.2123942505568
22.1006430219859
24.3611018639058
15.9912859555334
3.46068168683418
4.01452863290163
24.0501347230747
18.173563759774
9.28424736484885
10.5302280047908
4.13820790676912
14.0274053206667
19.8667174670845
9.44937703799937
20.0897860573605
14.8026618059764
13.757990360171
1.7133586727376
16.2840518169105
13.8882491039112
12.4223276781766
4.22882961574942
13.5277550667524
11.8451570160687
16.2406878778711
18.3560352306813
15.4087622184306
12.380929896608
12.9648021226936
14.3051744904369
7.06223524175584
12.7404572442174
10.0297876866534
10.7846773229539
15.6096389922863
4.48839946184307
8.55983747169375
25.0106097897515
24.5419083628803
8.68798362310153
6.0859087408018
15.3589632362127
13.0994592327625
13.7457541190088
19.6923666373648
18.8404077297582
6.52936785750748
3.12814900880694
10.2429535938427
9.06165322919809
12.4628300080076
15.0361082982272
12.9596341634169
14.4384698614598
18.8011854188517
15.5994445318356
9.6770033185544
12.4679973633748
19.860439770855
11.2316276645288
14.6499879658222
14.381588366814
10.62682475832
11.1785514083088
4.44023141171783
8.45117127301822
19.968250321191
14.7809910355136
15.5300771119073
24.6350340545177
8.24321541656466
23.2665724586695
2.91261756890166
22.4349440308288
3.64070734940469
7.91844527702779
14.451818694793
21.0727943800793
14.9452476079757
5.0784629303962
15.8733216347173
10.1474687847455
11.1625689547509
14.2945075407624
7.95479966539703
8.3886057138443
12.0496667339812
19.2340250693554
22.3319974495098
7.04642906785011
10.2450192440301
6.01845434704839
11.6696533048525
4.44715449120849
15.0216482812539
16.31908651907
24.1347102103392
16.3995414506644
4.72331665005177
10.0564209744334
20.4566080123186
19.7914618067443
5.18718499224633
22.7741423994303
21.6676591895521
22.8454594034702
13.6064596939832
14.4594802288339
11.5985680837184
10.3539041709155
17.7346417447552
22.8403514585478
14.519897243008
10.2913577940598
10.7805820073103
26.1252917349339
14.2309612456932
3.10079762712121
4.50336723588407
21.4061152888462
15.2006045216694
16.7629557196051
16.9501744909212
13.2428434677422
10.5036816810499
16.498494008556
21.3318345369771
9.78422956577578
10.5122395075303
11.5121971350163
15.6554706121009
15.1336020091549
8.76069074877967
20.2108094054518
7.40921020042151
6.2353812623769
10.7438583858311
7.32152212876827
14.6701163612306
12.4254958238453
9.01337426621467
5.55006377908104
14.8783369222656
9.52864680850153
22.6104782661423
13.2127036452339
16.4048920655764
1.86751976143569
4.44571853148808
12.1543440269306
13.9760383637622
16.8435630621389
7.69421761662201
7.58225319441408
7.82399706076831
22.1395210575618
11.2565690185875
4.63040585163981
5.6505539920181
15.4825990088284
8.23886996391615
7.49597640242428
15.8909459848687
0.742493127472699
18.6928799841553
12.1876596240327
11.7284265988582
9.26620094105601
16.0555141046643
13.6532094329596
22.1941621508449
14.1625999599898
14.9245265638456
17.9487864021212
15.7480707695274
12.4237186229384
15.2830270584673
13.4614090668038
3.67102517511667
16.5090354625136
9.32386387139559
12.0970285963267
18.4028370763311
22.8873943444341
23.4657579800114
15.9522058953921
23.4525641426444
21.8696845229715
14.9222547968189
20.9752135444432
17.7044557174668
19.9311013333499
1.69589887373149
11.8422589924741
8.55625907424837
11.5119699621573
14.7369737809444
9.83792881015688
12.6083438750356
4.49132318608463
17.9107600357383
20.9905141731724
11.688215590137
9.16438156273216
14.95229692664
4.73410218299936
11.3361644166985
10.5329997464349
4.52807965705442
13.2275657495484
8.24195690507585
8.60966728068888
12.7036036690697
9.28614339791238
14.3353769555688
0.388610301573031
11.7514040088281
17.6850420473134
19.1665490856394
10.95341182632
4.65354332700372
11.4837752028346
20.7837190711871
11.3016415671409
2.98899004701525
12.3224863316864
19.4289339809481
12.2071817327114
9.90586631543187
8.31234757010881
10.7285947771743
16.4146855240688
13.7995605124161
10.5275973211974
11.1832575100374
4.02475851587951
19.969912013039
22.5901775062084
1.89578125718981
14.8531889077276
7.21232739742845
11.9494636381922
10.8296369797201
17.72307672677
26.6028753714636
9.05242956482343
11.7323733167723
16.4075393027708
2.87595868007045
4.71960923168808
1.50275086052716
13.134652050212
16.7799034621567
17.4367540050298
17.8147073602304
10.3912121383473
29.6855817548931
12.1072861577628
14.8862649655307
15.911620495581
18.4345649237604
7.54848527722061
13.8102284399793
27.9363384470344
10.3168392404137
19.3814576370642
16.7260386291522
22.6482965517789
9.35537847171295
10.3690416086465
15.2599389129081
14.5424006506801
14.6513325191524
13.1414697388515
19.8397720034527
13.5318539571017
7.06141442060471
14.0101842878131
6.21087458309755
4.64780170004815
13.1059848703444
14.5238819532096
5.23010173155701
19.4911422440782
21.5170027222484
29.3525391956791
12.8732848679647
8.41160216866169
9.27669545635581
22.458481322974
16.3290806347504
13.6975567089394
12.6091017154977
16.6853679046136
12.685278034769
8.33449832610258
14.5229161949828
15.4403478372842
11.4069815197755
9.56895379349589
7.42153713945299
22.9378842981532
8.05836252521681
20.9101636499186
16.6143347742036
14.3566831946373
20.8354031710349
28.5986333619803
16.9235714711249
19.6949628647417
15.9584095372722
3.90493372476436
14.2984745049552
20.0734143611044
12.2127502691001
2.68373689219839
21.6887330170721
18.2303807607888
23.5057276906446
2.45655854232609
13.3613958954811
18.6863108770922
16.8881281839604
12.2008662261917
21.8964357584218
13.2983900839463
5.01123804133385
15.4571085424547
19.1291463794187
11.6668108617887
15.9661311889067
5.27472956584283
5.85239942760392
9.23854025756211
7.6972990995273
18.3933626161888
14.8075082246794
12.091415701434
8.96581225097179
17.8422089666128
12.661476387787
8.00993878149415
17.2856071265414
25.1998199149966
14.5335827488452
6.43719183030645
0.678235245868564
5.42793560127738
9.77096012793481
3.27568899494681
10.8576434198767
24.7634227387607
25.8888710523024
16.0214802483097
14.005572302267
11.495498334989
7.86295456346124
25.3667926648632
14.4023236818612
25.0010911608115
23.3746119542047
5.88284031927882
20.7779360794083
2.48594293321213
16.6048352839425
18.0899212907009
18.2067983827161
9.18248086236417
20.9329085424542
15.2197277670089
15.8764557820052
3.96200458053499
12.5817925817477
21.0793977137655
10.4599257825273
15.5800238717347
11.2155115697533
13.1145855179057
0.10776355738152
17.1676694210878
9.67045863598151
11.1291211410482
15.3496002330192
21.3563967961818
20.1923588290811
15.8362920628861
2.81182124273669
15.3224661480635
17.417434878198
13.4275974472985
3.1664339127019
25.7818053476512
13.9035303378478
14.068216108717
5.29481870567274
22.0422776881605
18.2641254039481
5.62920679709405
19.5825866841497
6.14357714075595
20.4695589374751
16.8870950583369
25.8839077316225
16.1655396869548
18.7436152715236
1.06731283012778
18.2390071684495
6.61446470815952
13.7040231609717
9.17417870368809
18.6884763650596
11.6143041756004
19.9987268075347
7.92495287023485
17.0122756622732
9.68221742659807
12.5050940114712
11.5457937481471
14.2910733120516
10.3924249419106
16.4054453287332
21.4360239449888
10.7667805394158
12.9240985028446
21.8734128866345
10.8955578412861
1.44860802605718
19.4758681489137
20.798552990891
14.9263597792014
20.7082539469105
20.7137014716864
9.3389762251416
22.905550035648
10.2697907481343
14.7414816310629
17.4276161240414
16.0813413793221
6.74173487350345
8.1932228566059
16.7046563467011
0.0520423287525773
22.2204462625086
16.7170290602371
5.04214949905872
8.28191609530142
10.3195536183193
20.3707067063078
23.5963009065017
12.6777744516879
6.85800727812047
9.3745762368475
11.3639041315764
7.4164605087348
13.3694253861904
17.1898734057322
3.78658760141765
12.550743047343
17.1644397905809
18.6310820747167
16.8057838920504
23.6231626011431
9.66219461988658
0.872757029719651
22.5015103346342
12.7063351653018
21.2874039076269
9.66631190586613
2.58032499275339
4.42400154045831
15.8552083652467
10.9149480937049
19.8679740307853
6.11786868536925
21.9323617173359
19.7293342789635
13.1802371910062
18.0165753699839
19.7497324512671
17.7158887032419
22.4184808088467
14.8603950627148
17.0219502411783
13.9798858191987
4.55311790543819
7.31528387404978
25.4193042999279
17.0240267645568
8.89759492774457
13.9297790060891
11.9889685513053
19.7394921910018
22.9561373358592
13.9170012203977
9.44876940920949
22.9546186048537
6.35052365250885
6.7589650163427
13.7278019406046
17.3441632891813
14.059059182182
15.3518800671334
23.9161483477801
12.2908056713641
8.00513753470571
17.7132116397843
3.13070167321712
10.5857829330489
24.0097188932785
16.0453488584608
18.8737220596522
1.28508685156703
22.1214996883646
17.8388269385323
3.41548494302818
5.65180389001376
13.2990254322067
23.8857322605327
21.8902980991686
10.3129112627357
19.3931022426113
14.845288915
8.76818569377065
7.06113803494895
8.99392392020673
23.8468816271052
16.1544508533552
17.1027829272183
15.203360025771
9.31384407449514
18.8359552295879
20.9120145300403
11.3743290770799
16.656155934322
8.21785149142623
24.7369625838473
11.1056612952232
5.68146693390761
18.5300311073661
10.1929935859516
9.95146359782666
8.82530014496297
16.0930523608089
9.94543316038574
10.1939370622858
5.09966220706701
7.93592747211632
8.22909874841571
7.7604970806464
10.6600432063069
9.36867057790087
13.2877392951536
15.0837378714684
5.82291434984654
14.1048546414822
20.0689723016694
18.671727902256
25.2251022029668
14.9306820782414
8.66521273273975
10.6573697412387
22.0185285899788
30.3473685169592
2.58169254462838
18.2320733787492
17.4551649094832
19.1883295308799
10.8620671140501
10.6076516529516
25.8289927151054
9.15119932033122
12.7282863948494
3.89811169244581
6.09446542803198
16.413747592565
13.5237806243822
24.3383187178599
9.54874651910816
8.59121163375676
12.1347105596215
9.92347633000463
16.7626266600564
12.4067133660053
15.3743425384164
11.5644335979596
10.7790162088349
12.2344576055184
2.89643158751123
11.2647365325286
7.6350453376703
9.75555873010308
24.6399691328406
7.38440183922648
9.30655265692621
14.1933973645791
20.0112646445632
13.9519330346957
14.3724926514551
4.44492897950113
7.80320147737952
11.8706184578654
5.8050723047927
15.7978047811984
11.0074790660292
3.76934215892106
7.18988137254986
13.2292102116537
5.8911233055644
19.3027767879076
18.1121340108126
2.70708708558232
15.7733196392655
17.9621531758419
24.4939156109467
24.7123717796057
2.91381455026567
15.1590163121
4.52664064350106
11.120489246507
20.8206170913239
21.8082467559725
13.5055399177034
14.5454565994442
14.4845705035073
15.8197287237272
16.5683312807232
9.52254990115762
22.2831884166226
9.49356171768159
15.0886363582686
9.2998823383823
16.4141182322055
0.144562585662648
9.35224870680357
17.8611867828295
17.1342893503606
5.94094306156624
5.87039567468172
17.0268626650795
18.9951464999467
10.1504907477647
19.3756378022954
11.4446032093838
8.28423250932246
22.3041608696803
3.62138406524147
18.2649252936244
4.73334214184433
14.8713914550061
6.10364365857095
10.6759827816859
10.473658144474
31.457853061147
13.7276019996079
8.9960816279574
19.6257785661146
15.2849263977259
18.9870269689682
10.8523720172414
12.2031505387648
23.9779298563836
20.5711706308648
20.8571822149679
15.7041118636759
15.4818622674893
18.8100488623604
11.8272959450499
22.2341614076868
8.5229417309165
6.43956800922751
11.6418935125694
6.38177478347442
14.6546696778387
14.7159144536128
15.2875458923132
7.80437344219536
10.3847652906552
9.8326314939186
4.12913553361035
10.7350219676954
6.129867490381
14.129750036715
20.8547262940556
1.99320679530501
10.8399165328592
11.7365680634975
24.8634662391289
14.444537460804
9.6724034652358
26.2134876993757
17.1753982547671
4.47219901307399
12.9350684816018
20.9543539211154
8.57647473458201
8.84646893037275
19.0385996098992
6.61498862318695
13.4909274056554
8.91613985877484
11.9791163830087
7.75681678000203
17.9313828309821
18.997862120159
12.3843862071489
13.1312686949968
2.88512982947189
9.27331218205499
13.4986439021304
7.44546097703278
12.7107784420161
20.3053323784843
5.36587188405031
5.87603230960667
16.7850445024669
18.8232942018658
11.8252659449354
14.9330501823759
9.74833704531193
7.03009888572719
17.9523231461644
17.1480608871207
16.1768208025023
7.40710007958114
10.7292187323128
13.4329581162492
14.6135708400913
17.9014997323975
