"x"
59.4230533577502
59.8424204159528
49.0173171740025
32.678562682122
56.2978969421238
55.1374237518758
48.7857832573354
44.0369063988328
48.3498862944543
46.0329380817711
62.2238224837929
61.7346352431923
53.0050239060074
30.1373096026946
50.8418038487434
53.4016763791442
64.1869621351361
53.9770522620529
58.9967572400317
62.8300760872662
45.4708296339959
50.7244270760566
35.4782107751817
55.173573968932
27.883948199451
37.8157498314977
47.9902865830809
51.4250146690756
50.6968770641834
47.6687506306916
61.4288497716188
47.4627007730305
47.1266221255064
46.9751298060157
63.0499146413058
37.0740780606866
50.5782518070191
64.1286741010845
55.1432972308248
35.0263725966215
32.2707957512752
29.4954193290323
55.4455966278879
38.1829362785887
53.4084688406438
44.355370849371
46.2609906680882
59.7051886841655
50.558795593679
48.7945453263819
59.2391254380345
74.3463632183891
35.9656588174403
53.0058754608035
56.9933900143951
42.9578199982643
53.5452560056001
32.3451596646458
57.778271054849
55.1144600845873
43.8436874188483
68.150521023199
52.4816659346585
39.4222585484385
33.174827249136
46.9162332359701
74.5250624562514
52.5871681515127
36.9276868645102
43.5264335945249
61.1491935327649
61.6416692268103
49.5001765433699
71.3773354095931
41.7419776320457
39.2560782842338
46.0551377851516
33.6220734752715
22.9842874221504
41.604342171878
42.1140832826495
48.6375784967095
29.3476411141455
56.1334795318544
47.0368275884539
53.2244932837784
20.5850073325136
61.1479045357555
57.9065261874348
44.3805279675871
56.7415809258819
54.6248313505203
57.9002644866705
73.375552508913
39.5445588515886
33.770470507443
59.955819696188
48.897591419518
21.0349918703845
35.7163189910352
67.9829637520015
43.7201620079577
58.393112802878
40.5852154599088
44.7214510372656
50.0347073189914
49.891500008724
38.4599016352993
66.0144646652043
75.813264768095
63.8430273160338
16.1902574552101
27.0013258326799
54.2110979091482
57.0414332672954
50.1060854177922
42.3160613980144
58.7179913651198
36.8057776817197
57.327634235844
51.0904421564192
60.5998857412487
46.8397425021976
61.0186860430986
44.7332355193794
54.3881132267416
53.146920260042
61.500349920243
57.707789939419
23.3835526742041
47.8527416244301
24.6125168167055
48.5760986804962
47.0644666813314
47.985229594633
47.5475325714797
36.9461683090776
22.4471934474418
39.567483542487
38.9403508976102
41.3523870146811
39.1781886734538
55.2573049014855
59.6402293536812
63.6864594649523
55.0955179147422
64.5924186334014
31.8894139491022
49.5119105093181
47.6769023574889
54.1441847104579
50.3704791888595
38.9760413207114
52.216825587675
32.8344956040382
51.3119619339705
58.5285125300288
64.9601592216641
43.6423701234162
39.0532007132199
36.2861604519228
57.3121521156281
64.1830027103424
47.635907586664
41.3890281226486
43.6947402078658
43.9891810563523
52.640594334999
44.6288236882538
40.8336208201945
53.1904946547002
80.0357470246864
68.8317695166916
60.6447607744485
68.9883593004197
65.3501973021775
54.4745869468898
69.506725944103
55.3712432738394
40.3071153020744
73.0390304923734
72.3861582535219
36.855183262378
37.9073287826031
40.7469395644063
48.4632233623415
52.4144201539457
51.1168202385306
41.7220386210829
52.6850480120629
39.548064460061
54.8905610572547
51.5680738259107
59.6281063277274
32.9761763103306
51.6172613948584
53.3898507244885
27.1531735546887
53.619839362323
36.3079364456391
49.5435200631618
27.3500805457717
42.2146257944405
48.8053864333779
43.8362201675773
58.7740791030228
39.0347766689956
52.3294500540942
16.9129937252188
35.4114917572588
41.5741436183453
52.2243406157941
58.0673722550273
37.3327529523522
71.0780392358911
60.480496706441
30.6125545408577
35.5769753921777
54.2236623819917
44.734768057242
66.1752834196694
59.7326910123229
30.0311997532845
46.7253745533526
50.1589882653207
57.4091418180615
56.3526131678373
58.7175458669662
55.108243599534
50.8643371518701
45.0134151641702
62.4269982799888
65.2903554961085
23.8306618761271
50.9435336105525
35.2617140859365
49.3722085841
48.4337352681905
64.6436097100377
41.680913278833
65.9171934839577
37.8325745815576
36.7743966169655
77.033402082326
56.849431572482
39.4663102924824
49.7916363645345
51.0757739190012
46.0688272956759
50.3860020078719
34.3721389770508
32.7830687281755
53.5799894016236
42.7311733365059
39.1121386084706
61.4096474833786
61.2126722466201
47.623188700527
52.6105411816388
63.757941685617
57.5952810700983
40.2778704185039
42.3663768451661
24.1006335243583
50.8039456792176
51.082443076571
37.5789096113294
53.2421042677015
30.2356526048983
65.3224847279489
28.5082335118204
61.9426304940134
63.1348190829158
46.6920746490359
40.708964318037
52.2958636749536
57.3149938136339
51.9694630522281
67.3978704062062
47.0304921753034
42.6113094668835
40.6915998052838
58.9904244523495
43.5726691503078
48.8543899202029
53.2611980102956
30.6320090778172
18.4854831851964
44.4875789340585
44.4878906477243
36.0916771553059
46.0864262655377
71.6186952735198
35.445654416047
65.6625984702259
43.7265586573631
49.4154931977391
51.7759838141501
34.4973892439157
45.70910516195
35.418703212125
44.361975742504
60.7501534745097
57.9241018092798
51.0308914352208
65.865072933957
65.6756584532559
48.5613531433046
31.3276380766183
26.3168997131288
67.035615304485
47.6552018430084
59.9385096691549
12.7562049310654
45.378890261054
72.6474949116719
61.2928116228431
54.4663227628917
63.977776048705
32.9822893950399
59.6511386800557
41.9652099255472
26.1978905647993
54.6106825582683
44.7187202051282
41.7626597452909
51.6106732655317
56.6583511419594
42.5834153778851
24.9939110130072
54.1650669183582
35.1846293387571
67.4308035522699
31.968441971046
51.495565706864
45.4753231024448
50.8820930495858
54.3035134673119
51.7973772095957
49.1979748778695
64.845128916204
48.9345097264011
26.4760742429644
37.27050232701
30.1010757684708
47.2205268684775
75.9271373930288
11.99493502853
76.131490054996
58.2163646453545
38.8182188988935
37.1086203027517
40.5395817395593
44.7092432063073
50.6630311254412
33.7518764194101
52.1300590131432
49.0739545784891
14.2495307605714
41.0608746577054
44.3574272003761
48.2278871933828
56.7085471469909
49.4512153789401
80.1106532993627
68.3956689666957
30.0689713098109
51.8669540528208
46.0056918673217
41.6783330496401
52.9289694037288
43.0467262859855
64.8429863154888
44.5204268209636
50.5607986461543
57.6587300281972
47.7685987419963
18.1878075003624
63.3934611454606
72.4938739049149
41.6969884937424
17.0175492455274
35.5453791096807
33.451321721077
67.1283517964184
38.0740297026932
35.5370397213846
50.2732829190791
46.7120041139424
54.8792814370245
39.1237498027257
52.8100037947297
75.9951221714628
21.5396985411644
32.6940604803335
27.6428663171828
32.218506000936
68.2627459987998
63.9345361385494
29.0821217466146
54.0739888790995
50.2159431111068
54.8285109456629
47.2132734954357
54.5949901454151
61.5588002372533
22.2046060953289
34.4401567708701
46.6344221495092
50.271317223087
41.4571071509272
32.9643126577139
43.7739670742303
26.7619707621634
38.4962290374833
60.7136671897024
27.2706400935373
54.2571489233524
46.8938810750842
40.1758219115436
55.076891835779
50.4844104209716
37.4259741413633
60.1419544778764
42.96093438752
33.0758658237755
42.2064315993339
65.5300375539809
39.4980461106347
54.3097246903926
46.1750258225948
69.0232891589403
54.1213781572878
68.4640143532306
35.2729687467217
54.6653662421829
48.0941250043095
36.9260803670759
71.6950523625028
55.1653055939823
61.3578320480883
35.2491828289519
21.8657635618001
28.5482282192925
27.5757913854456
58.7674703449011
59.4351276755333
23.7037037033588
59.1786704491824
51.0297454427928
55.34707615152
44.5335320197046
58.6056497175315
80.2271285022662
43.9954799134284
31.6322949714959
69.2270267754793
50.8471814449877
48.7043577403068
33.3251370117068
51.1069378815591
31.4791485667229
43.5680638533086
65.0822518859059
46.0711334832013
46.2342541638401
38.0073178559542
57.3715944308788
55.9014087542892
63.2318683899939
60.7696496477307
53.3273533940972
47.3966646557056
65.2749763336033
65.1746017392725
50.5430221091956
64.9791826494038
50.6032104603946
37.0696271769702
31.6729772224934
57.7801933512092
68.4808181598783
52.501329453662
41.2104863207787
45.4626080114394
53.4226649906486
42.558309296146
61.8739283178002
55.3262959700078
38.4112281724811
53.3258575480431
63.7678551953286
40.3490838839852
19.2785433493555
50.901739532128
50.3015064168721
52.3404453415424
30.0999592058361
43.2824959701575
65.1861615944654
55.9724195123669
47.134747961536
63.4795827791095
62.007163092494
36.1445070244372
31.877696968796
36.827224958688
55.0021237693727
72.1089607829278
60.293859988451
61.4992490503937
42.7237604744732
67.2818401362747
27.0965185482055
55.5441037286073
56.4922840334475
57.7356664929539
25.4262784961611
62.7579423598945
47.262576688081
46.2164723314345
66.0000617150217
47.129231877625
61.5904787072373
37.0735151227564
65.8111929427832
52.5312561541796
61.1301726195961
67.0754603575915
49.4390061125159
43.5298155527562
51.4681983739138
38.6432509345242
58.7081036064774
51.6298240050673
41.9929871801287
55.3021313622594
59.0017816517502
57.1872245986015
53.248689789325
53.7384372638189
43.8154670409858
65.6538987997919
47.5664061494172
45.4382944386452
58.5756496991962
32.2848727460951
54.2049320414662
39.5506907720119
34.352691937238
43.3191620279104
30.4721666499972
49.8372736025388
44.3993804510683
46.5523024089634
75.5844700256503
39.6864026319236
54.6496381368106
31.6418327391148
57.8680722042918
50.0575015787035
41.4492951240391
52.904910268262
48.5813410952687
45.616281811758
42.0804959182721
40.4255130689104
31.2575875781476
39.7467795533033
39.5371651276946
63.0917337257415
39.3738545011729
60.0030552130193
65.4228546656668
49.086127942428
49.6976874768734
49.8398232739419
48.3237460255623
30.2004497498274
53.6162066739053
31.5421940719643
39.4101655790756
32.7529515139759
30.1138950511813
63.9963253866881
72.5065722219215
57.0914851035923
61.0163726378232
48.8879230804741
52.808327646926
43.5035865753889
46.6681216843426
70.9571074306783
45.9886557422578
51.1677263770252
49.8055924195796
36.2918198682568
62.7976138610393
45.8707020618021
63.1686986424029
54.3783878907561
46.2277574290193
80.8786248746228
47.2234941553324
59.7934029065073
43.3510625734925
44.6479738910227
56.4553050324321
50.1086260192096
57.7250627335161
44.1237416376322
54.7948468010873
29.546198320507
30.4851158987731
48.4106332994998
68.5874206479639
35.1389985394925
45.3265101769163
48.3962315134704
72.8435314218414
48.4822968021035
50.8726296480745
50.0257625586547
50.4257505759597
64.7856476716697
66.4170116651803
48.0741035193205
40.7205996569246
43.2651664970122
72.548279971934
55.1186686847359
18.4862987004474
40.1808469556272
23.6797600984573
52.4056397378445
52.8139616828412
50.6377448793501
43.8919691834599
70.3617724050218
51.1695511639118
73.2240445869875
66.3496362511069
59.6889692358673
42.2559014521539
36.843750718981
47.4254516884685
54.4368157163262
40.3717871849684
28.5304738977543
45.6539631355554
42.1655867248774
43.4752932520946
37.2017402201891
45.1210052720512
68.7576489193104
55.4559657045097
45.5462168799648
58.3145663607866
69.0158784389496
47.1402154175117
66.7997758369893
46.1041873320937
30.4829224549403
64.5156270824373
66.291413968429
32.0834443904459
49.4082683697343
33.6631678422838
29.0698081437633
52.3501642979681
58.0777934286743
43.0935918353498
48.0821740714705
29.7124503646046
55.8142779860646
58.333705784753
45.9838953334838
65.922457491979
55.2002478390932
72.6699331733299
50.9297784883529
53.2678841613233
40.6150938813611
24.6107231359929
60.3684879373759
60.1648699957877
53.1626365147531
24.8780254274607
22.6027920842171
52.5264678988606
30.1466298755258
41.9616067316383
67.1706098131835
48.0545482583304
38.4666931091968
27.3399776590603
54.6655877493322
48.425877513364
54.5661990065128
64.1663833055645
64.5909458398819
34.4821006990969
24.4657416362315
47.459053946659
41.2972326390445
51.2268953025341
60.4157625231892
55.5512802675366
43.0868725628205
47.3016604212265
59.7212766762823
49.7427605558187
44.1729277683663
45.1934669632465
72.6165735804585
34.5968797802925
37.9802321083844
57.8477387316525
78.8864011916877
44.2923683207482
68.695650016889
54.4925929047167
57.1444834116846
57.5365098193288
73.2046283739519
36.851115943864
56.9962267298251
68.8937352504581
49.6760497335345
42.7780685015023
76.6622859942627
28.4452744293958
43.7095129396766
48.8823478332567
48.4393455088139
29.1971733327955
49.7197025455534
59.025615779683
40.9732609521598
62.2191250789911
39.8922707885504
47.6121878717095
64.6390086039901
60.9793084207922
31.7273364402354
69.5280617060971
67.9425799753517
37.8031994216144
67.4283822998405
49.6589777525514
45.1799590425579
43.0419517215341
20.5575909465551
45.977310229434
54.1548622000399
58.0203528050333
68.5869155917317
41.2236406933516
49.9221011996269
57.383497338742
47.8805457241833
60.3480843361467
72.4225238470733
49.3897505104542
33.6851969361305
41.6229045018554
50.8422110229731
53.5806198138744
41.299926256761
53.9287166204304
73.3456082600069
41.631794674322
41.281145485118
36.2357977312058
53.3511395566165
45.451219798997
38.5652379890281
32.0078179240227
40.2107322122902
51.9905248656869
43.6138629497294
64.3046604003757
55.5011352989823
40.8403940584632
40.038250759244
47.4975458811969
32.2602123022079
46.0348544070377
62.4106372890049
58.9882225729525
47.5953016895801
60.4328284505755
35.8256749808788
39.0979696065187
58.1668975297362
56.2159127090126
62.928764289245
38.4988674893975
47.7274429984391
54.7938439063728
46.0682785138488
27.5718882214278
27.4280647807154
48.0174496769905
73.4600042882276
28.1204668593398
50.3660063724965
37.269085416773
49.3493222165853
38.6071523651481
36.8464918341488
52.8107746038586
48.4361883511169
53.4384499303997
53.1636435812959
57.585124950856
40.8240717370063
23.0402850637826
34.049693102529
55.773261673035
69.9556672903609
43.5617063660175
54.3304302264005
40.0303512345999
49.085064092651
54.4542145915329
46.5901467949152
58.626291481778
60.9516859054565
47.7885900996625
50.35729566589
76.1125644858071
48.453291784972
46.6911389492452
46.1585082579404
49.5731175877154
28.8777709007263
51.8232618463541
63.002250995487
64.4294701050967
54.2087885898293
67.7376979961991
29.6374923083931
36.9298851204603
52.6844743639231
48.1907202862203
53.281888877973
63.6405734810978
47.9131462518126
25.8939635474235
61.3051279913634
43.8547955360264
56.1744967009872
51.4414392745256
33.6506108085431
43.6902566812932
49.395006429404
32.5131619551726
60.4353791568428
34.8366885911673
33.2564297721904
29.8404216300696
58.8723047636449
19.0509729553014
29.8374212019536
57.8930964227766
38.8999178500257
60.4906960390508
56.7308775614947
44.2130248993635
22.0414613839239
41.2237511947751
36.2355613149703
52.69933086394
19.707525752524
59.3292388133705
48.6933721372538
54.5626784893593
49.4927863590419
47.1543893683702
56.7202053498477
36.4200421143323
45.889963535592
65.8206707797945
51.54097401537
61.8020198307931
64.21805517748
37.8122359048575
46.755642304197
47.5450138561428
47.1308853917569
52.0086345262825
44.448549958612
46.3822895804979
58.0557432956994
40.9302697051316
15.4717596147874
69.4733173544419
28.3841909867687
57.9238821286708
50.4248689860106
40.8985987305641
61.6587270051241
48.8370297675972
37.1561419218779
55.9261000715196
53.7748102564365
48.033891976156
56.2689286656678
48.9362365100533
38.5500813368708
59.9651090335101
46.8666556907059
65.8241751603782
56.8661838326658
56.9737934973091
51.7053029034287
38.5838345513231
58.7156466702333
35.8890638221055
61.4483335055411
47.9384648613632
52.8650644235313
42.119133612141
56.3143911305815
38.1776354741305
41.7491336353123
29.4089734088629
47.6241283118725
47.4289054051042
27.9300241816063
42.7828386891633
28.8823367096484
28.0853485926273
46.910414526452
37.8981674090028
34.8333069921312
38.7366938404739
59.0665912255645
52.473769383505
30.4479066282511
63.2018304429948
40.8261939883232
34.906347557226
37.9488220910219
73.2736149100493
52.744023874402
81.612590920341
63.168825302273
43.809656938538
36.0220971517265
37.5006887624423
51.0554415525241
56.7763033788651
48.4416851227367
54.1609408333898
53.4484113566577
27.3845145478845
61.3278568722308
38.1700604688376
43.2928504422307
49.7918203938752
65.0626027025282
35.5230162851512
34.0687795033204
37.560204602778
42.5057485182054
48.3206001676256
43.5868470784756
54.87294588238
40.3751296645688
44.7125358041376
35.6502193932675
50.4660039874104
53.1008374877274
62.0459106285125
59.1199608519673
55.2154612968189
49.0890411660075
30.3543705493212
61.5833685267717
47.4858305882663
54.6078601386398
46.9240038812676
56.1955178622156
57.1580158546567
47.0502839423716
55.9657691977918
56.1331131961197
49.2444770410657
43.1696750869041
43.0013639852405
50.1618709880859
49.6572109870613
47.0660741037188
63.1514053791761
67.8432084154338
54.1878891177475
55.9531924314797
39.6451356355101
49.7180575504899
54.7117426525801
45.4905045218766
56.5196942514955
58.5706362966448
32.7855705283582
40.6904098112136
18.0648011155427
55.1582107786089
78.4233229192806
32.0909305009991
44.0409999806434
50.4445671103895
55.6599349714816
44.7220199275762
69.3063611164689
62.6012454275042
55.0976431462914
59.665900003165
57.5533288300154
64.2118670511991
39.4960140343755
54.9590345558201
31.0607065446675
71.2403416591597
42.7803493570536
64.4029383081943
85.9525018329633
50.3623921889812
65.5016913544387
40.6212794594467
25.6828980520368
62.0104623027146
53.724556369707
58.3561010178293
63.1174616981298
48.7216492649168
41.7361272033304
46.7981192748994
36.5517250564803
43.8972694333643
29.245888767764
29.7401102787458
42.7278967574239
40.9025795757771
43.1049455422908
41.3969396147877
45.8226215094328
59.1812091413885
51.8266505561769
46.2225287032478
41.1817461252213
48.3590257819742
54.2707310523838
73.6085638361883
68.0657254997641
38.032990321517
48.5106771811843
44.5760233793408
52.237840334168
48.7538440618664
75.5323668124207
50.8147500921041
62.8241605591029
51.9103579688817
29.9187274204879
34.3214784748852
76.7365250295872
54.9940679688007
40.7583506312221
56.4807007089257
63.1311643403023
68.5926353558898
42.705986276269
15.7082313206047
31.7734524141997
34.3848407268524
55.3031660616398
39.9083165917546
62.1152553707361
49.0340867013669
40.4277070891112
41.5019335690886
40.4237332890203
48.8245918881148
47.7790974080563
48.0314586311579
30.4381802678108
40.5858052931115
40.9179457463324
47.362221358344
32.6496581182945
52.2625818382949
21.6306982561946
49.6626882813871
22.1611737273633
42.0343262143433
55.8683245442808
59.2549657621058
40.3110736049712
62.3855459038168
36.7907264269888
53.980424720794
51.3632507063448
10.2640315212272
69.6321530907535
57.1824545004032
30.3464490454644
58.415771368891
47.4888412747532
28.3877715934068
42.428161483258
55.1734377630055
53.1353275206436
44.8128764983267
48.6559922341257
43.7013061251491
63.4241220075637
28.5326316021383
45.1857441104949
48.7624280154705
46.6709720902145
41.0885486751795
21.4889846276492
57.3198818601668
27.6119313056247
55.6893717963248
54.5890495181084
55.9180799406022
18.8042536398967
30.5609623901546
51.2026693134244
41.9655405916274
40.3344911523163
65.8352879341692
63.7190660461783
58.2178923301399
50.8546230383217
35.7058884110302
46.1670542675883
49.2618541461723
29.6128466158768
46.2283656932414
51.782247889787
35.90088759471
45.5918153747916
22.5702154450119
64.6486357785761
40.9122203942388
54.6187387779355
52.1258278284222
40.6142180785537
68.7062309589237
58.1236294470727
46.9207552261651
54.5655128080398
65.1675321627408
44.6559281088412
32.0211343001574
56.4932572189718
55.4477191530168
42.0954451752708
23.373262416461
70.6064583691669
40.304420189932
43.1776562705636
20.6289818044752
54.0192394983023
30.4547446051763
56.4950827509165
43.3286400511861
41.886208302064
37.0703742290695
63.7731271795928
45.7787347491831
59.8753596190363
47.5034275478575
49.4884922169149
47.9914031183672
46.2471552658826
59.5408435445279
46.5963283137595
51.8856216687709
41.140991076827
79.6265272286155
32.3904248118673
52.3721054196358
62.255112162335
51.3846372719854
37.103861849755
49.930265545845
45.8075789734721
62.4791251495481
58.2021646667272
86.1446721489593
48.1597306672484
60.8739322982728
59.5446580757757
50.3183753695339
44.1427928724351
25.7109552621841
53.395226970315
41.354142036289
51.4547844417393
63.7576936278492
44.3904126878103
37.1012378018349
42.6318394951522
35.5626450269072
39.3228208646178
40.6441549316244
53.4719364251941
49.8581047169864
42.2172396150938
47.3674900364131
47.3747998010367
73.4578476245415
55.7419392745942
54.8481083475053
51.7321294211025
57.296333687862
70.8175336383633
46.5847921557724
50.0117050018162
62.4767378438264
73.3332541026297
18.1098625284189
36.9197198189795
59.5858307089657
40.4226366430521
40.0284297764301
36.3366164267063
32.4685210362077
47.6388774784396
32.0292053744197
34.5892184617257
42.0644019264728
19.9087488930672
43.197659496218
55.4694320540875
40.9878707956523
54.5187985990196
22.8736105919212
62.3372492846102
25.9089246913653
21.3306687445695
52.4665487464517
43.6323986388743
53.7885836729601
80.3512667263758
60.1383732631803
33.9359240140766
52.9070383869112
57.976775476709
44.1763510861661
49.8814492020756
27.7563181258991
47.2642183303833
42.8238135762513
41.2671437952667
37.9952963907272
51.3948001433164
36.5861543667679
53.2678839750588
63.8338625896722
51.1867463588715
41.322117119441
60.3165547829121
44.4462875835598
55.0742079038173
53.7303327582777
51.6237538307905
32.0353595549356
43.9753957306333
61.3141207024455
37.0447977586952
33.9324407237322
38.2308972068131
74.5923128868354
49.0307420026511
35.1660755928606
53.8272469304502
42.9071003105491
42.4490033622133
26.2610085774213
57.6094998512417
29.0011311881244
31.0377197805792
34.630236774683
72.6177193074082
58.0688486341387
53.4455045126379
48.5572062432766
50.9329829830676
28.1566056422889
44.2821075674146
51.8046315293759
29.4536804780364
58.1498469757355
46.5570324566215
26.6073794353565
42.9798219352961
53.8411793068606
54.2940935119987
41.3117900490761
40.8987808506936
64.5619764924049
60.4563425760716
33.0272387713194
56.0777059756219
40.2730670757592
51.0564325377345
20.3289525214696
43.5738313375794
62.2354584746063
55.1259082276374
49.3361704517156
53.1551430001855
70.3088336582196
30.4076050873846
40.8479453995824
47.8776635458541
48.0932465754449
50.4351516719908
39.913266710937
27.960160933435
83.5432683075679
51.2808255851269
53.079106612131
54.0018536616117
40.9995384048671
46.8704872298986
42.1629726886749
55.3317918070537
54.0369960479438
41.6066137142479
23.3838245738298
55.8984462171793
63.6781237088144
44.9270548764616
33.2166240550578
61.5512731019408
51.2556198053062
54.7922704834491
54.6878055203706
66.9869056902826
48.9516099914908
53.1921709887683
43.0494223721325
51.4189504086971
27.8682894737529
41.210346436128
33.6748803597266
47.7920357137918
50.2396087162197
58.8867101352662
74.352813507886
41.8929800856858
40.1020620483905
64.5478183403611
46.3556267086324
64.9476778693497
55.1309015136212
55.4311057552695
61.6403221618384
32.529608020559
60.8403336722404
39.2808869647769
64.502827078104
26.3229737849978
44.727121386677
55.9049225412309
47.9379173368216
69.9207093606279
44.3882711231709
69.784346808896
71.8671438559554
39.9542869534343
54.3614714406431
25.7771215012287
27.2245722935213
33.2343561344509
49.9622197356075
68.793493276462
40.6423954758793
42.1676295809448
57.8201992902905
38.1565443575178
45.694107242972
64.8730122018605
55.0558847840875
40.1373387994712
38.965668097393
51.274338690564
48.797608492896
23.3635582495481
46.9473190930452
49.5044259820133
56.9235995411873
50.1454122830182
52.6450965553522
72.3396492157677
61.6464816499501
46.4350854977965
54.7397983895138
34.2085029972
55.2699669729918
83.7287373961871
43.3737043756992
40.8574560191482
50.9992724750191
54.7769063152373
50.572161424204
58.0318754538894
57.9026388004422
27.8432064224035
63.9973825775087
61.0852831974626
28.6800387315452
24.6674136258662
44.1869157832116
52.2472866345197
48.9012707490474
56.1941560357809
45.068186474964
45.2450337819755
39.8058253806084
68.682662723586
48.8338087219745
57.7564876992255
65.4903565067798
30.4180798120797
51.5521561261266
37.9848046115287
53.916408168152
75.8595905224693
36.6860958802141
54.2035509366542
66.3450551219285
33.7200082372874
42.9225068777045
56.5249047242105
44.0609189681709
61.7277189623564
53.6379998084158
68.6767380218953
45.2763109002262
56.2183372210711
42.7312601357698
34.4960137270391
50.4747302737087
43.8640338368714
61.4016119856387
37.6135653076941
40.7160839531571
29.8910846468061
58.8595980312675
65.2266171760857
27.3579590953887
22.7222254034132
58.4543058091447
36.2856599502265
46.7597791459411
39.1816482708049
70.2362799847286
62.9191868348779
60.4300862643868
42.7275865338743
47.0904352143407
54.0374913718551
48.3143149875104
40.5203698202968
36.7751783494334
32.4140350370778
50.2494279760867
59.9075123202056
50.6315954495221
34.0071009006351
54.120135679841
53.0274579301476
28.27715762798
39.755665929988
46.5111660305411
63.3580707013607
39.7949809208512
53.6442303564399
49.9953925609589
44.2860943265259
52.8683857060969
47.7536140769303
50.7965279354346
38.4353413474094
25.1283481813116
56.7026108503342
60.0307530257851
63.1447054445744
41.2626391352402
51.4677757862955
51.3243839144707
52.5113355873051
49.046343145892
41.3576794788241
41.2452708464116
27.4374627015202
27.8559355530888
56.5767196938396
36.1783460014964
45.8666729781573
50.3647612407804
54.9344014842063
45.0254799798131
72.6672428618086
40.3830320574343
42.7411347161978
37.3679536860436
59.7545555792749
69.6876717689347
39.3989358562976
66.2235495168716
61.5086491219699
44.5324582343568
43.9615866169333
49.6327956445979
60.3655912447721
46.3567166283364
57.0730748586357
53.4073281567544
32.1900441776961
71.440204880656
71.3641639635765
50.4725541453809
22.2744193146384
34.4638121314347
39.3605400342494
47.5767333526164
58.0802718178843
63.2754122372717
31.7914535291493
52.0014675799757
79.6596781850173
51.5920977108181
47.9762723203748
28.074552770704
44.9250924400985
19.2316149726086
48.114295816049
35.80048403342
57.4209237005562
48.2508908491582
59.9070594180375
62.3691995162517
58.7235233280808
56.5305418334901
65.677565895021
35.0435021102827
38.2073569192557
59.4814302865416
47.8825675789267
55.2629368379712
66.5062545357569
40.8411852549762
46.1525965481997
36.1339651048183
31.745421839878
38.4860423859209
42.4694378860295
45.5870576202869
69.7492844383133
47.9371427888649
51.670888485387
46.6053723357618
64.7409413009882
54.1968430858105
34.632119955495
42.4879772511473
49.2792597040534
63.0747844930738
31.7344702388168
43.6753375357825
57.8952144365758
69.2015481181443
47.2656632773578
32.0089671760798
24.6447181329131
32.1759613230824
50.8932537399232
62.0048861019313
45.9392848424613
42.8544673137367
47.4596119485795
53.8213346619159
50.1463813021657
38.4262513369322
42.4523952882737
22.0517237930599
48.8388048834347
17.8856202866882
45.0303062330931
43.76853806898
53.8326212670654
57.7218563295901
62.3695000540465
45.3145303297788
48.0350148831388
43.688784353435
37.7009181305766
52.4150299839675
29.290035367012
30.4788120556623
79.3033655118777
42.1915756072849
61.9614145252854
55.5021142121404
31.0851219110191
39.2621784470975
46.6228529345244
65.3080469396499
45.0520759321728
61.0338690225035
42.7659787237644
24.2722288239747
26.4760998295089
40.3868536930531
53.9019419346005
66.8036130722612
52.6260091923177
52.0377146545798
28.1884953379631
51.8477571662515
22.0571725163609
40.0590898109517
34.5480441581458
50.062483549118
32.0602054242045
44.9508611578494
36.8487635161728
53.7380348964825
42.1370376957476
50.1261418219656
50.3246523905545
64.8111737798899
49.0825000219047
26.0646241717041
50.0152455177158
55.7283123023808
55.4023162461817
22.2656253259629
50.4039110615849
60.7098105829209
25.1512147951871
60.9179731458426
44.8749664705247
32.8208011109382
43.8580563291907
54.4580686837435
63.9273438602686
71.1391161153925
52.4129752535373
48.5135403083652
57.8201201744378
55.7804563548416
48.3172557513944
58.6591106839478
62.1457177214324
35.7248589862138
36.6613634581188
44.787965901196
42.0060117239871
60.3622613009065
43.3284985367209
56.9448227062821
54.2805972509086
39.8160302770713
46.7732192482799
63.5147897127196
44.5776587352157
49.7236118651927
51.2671147473156
52.1894353907555
71.9721877138715
46.1119773092722
39.8548885714263
49.511896725744
36.7410939652473
39.4698858261108
35.9306280966848
26.7613031901419
73.4370329375279
63.2836915552616
19.6042104158551
76.2976084793818
52.5338870007545
38.9352456200868
42.716506216675
51.9989269319922
44.3552230484784
51.6472388058901
62.9599309980722
57.1955323219299
58.2793350331485
54.5096308924258
48.6168551724404
64.8603620007634
46.2427014485002
63.1440824829042
30.3990858990914
37.3754094354808
65.2637532446533
49.1570833693447
31.3192076049745
47.767431428656
57.4597563128918
36.3674449268728
61.4702411461622
46.4686966035515
35.6997866183519
58.3271630574018
53.7248204927891
64.8860834538937
57.8264188487083
36.5530994255096
37.7466424833983
41.919052740559
40.343126328662
74.6829585130227
44.1561589948833
67.96651519835
38.497321261093
61.9279765058309
53.5734510514885
46.7220733407885
39.5331050269306
37.5045939814299
55.8301326353103
78.3440049709184
69.3031044211239
65.863748639822
53.8119094911963
41.1173593990351
57.1256584953517
58.8585221208632
33.7437389964403
54.2970368638635
48.2207719236612
49.7805052231152
49.1306159842249
46.1458695586771
62.2336727567017
52.6925938669592
64.8612610064447
71.1116385815643
62.7601655665785
44.2444744985551
46.4441672898829
42.8981467150152
55.750619713217
77.4672244512966
56.9811455905437
68.7118314672261
58.2944203168154
60.63108057715
49.211798235774
51.9642391707748
43.2071731017442
34.6499823499471
31.1153471729606
43.5291796457022
38.5639725718647
65.2297222986817
61.329387826845
47.057008324191
38.2110509090126
48.444317560643
42.7460851613432
66.198206320405
33.6997677572072
33.1417732856626
53.0463981442153
57.4588785849296
25.2204664517194
47.4001131486148
41.3555275648832
53.5796747542918
48.9724760875106
54.9668204970658
24.5309660561534
52.2461624350399
68.7915515620261
59.5822023227811
69.9442995670152
62.2006250545382
51.9318259321153
58.6134388111532
35.2764322888106
40.5417942907661
32.661251956597
52.1578296409797
62.3059089295566
39.6836484782398
57.4892382137477
64.8466578684747
50.2665760926902
51.8012354616076
48.6883518897933
47.7533624507487
32.4630724731833
54.2594886850566
67.4906002823263
44.8253915645182
48.6450152395726
82.6771308625949
52.022592863068
28.9612863212824
53.3104796893895
56.2529520131648
52.2030771971376
28.4689318846705
50.5786248017102
49.0243076812476
60.7494072988629
42.4891395494342
58.325394615531
68.6697003431618
68.6405838467181
73.222410696999
47.447717608884
47.626518830657
69.3089031148702
71.770955152334
46.5262973681092
53.7649641279131
44.0681849606335
70.5693627708182
44.9098885525018
53.1839391682297
51.24342283234
46.2272652890533
64.7275736089796
40.0301434092347
63.4442234411836
51.1303753126413
45.2803517691791
63.8463134877384
17.4327859941674
45.4662220552564
41.8226189911366
28.3596421250008
45.3643119428307
52.7423916850239
46.1799560114741
60.6623327359557
46.2644619900614
55.6203437517859
48.0074135120958
59.4577942974865
44.3162534924592
38.5944469831884
30.8549818117172
38.8010017108172
40.4087800066918
57.7907869126648
43.2373886927962
57.1024166420102
67.4939905293286
39.9000337347388
27.9677835293114
29.9063766840845
59.9470712941313
65.4414151329547
29.3671220842833
30.8238230645657
60.0245382636786
29.2961413040757
48.518635192886
39.360149949789
52.2679961295739
45.7374246721315
55.9475793968886
36.7428712081164
34.246309613809
56.677221134305
48.4774671960622
64.3343807198107
57.5397999491543
61.3717148080468
35.1986795198172
47.711836732924
31.2775575555861
52.030629478395
37.7592211376104
57.2367214597762
66.1943240091205
60.8225707430393
43.4130810201168
50.2845820039511
67.7362921182066
59.8016909323633
62.2763966675848
71.9171449500036
17.0156302396208
43.1828368455172
45.9008959122002
60.4917288757861
50.3112564794719
50.7401250302792
49.9032339546829
55.469435499981
65.3934701345861
69.7678487705899
38.7760574929416
51.3731304556131
45.5593378283083
48.591447295621
17.8675828273662
58.3777430467308
44.9308554176241
50.7069550920278
55.8579482138157
48.7146685365587
21.038024360314
30.6360460817814
45.1913752127439
26.4983389526606
61.1408169846982
60.2386045269668
43.8889841083437
48.9187088795006
39.2101629006738
37.6303981157193
42.9935971102857
38.7653343196701
30.203656014055
24.8793558272369
32.3548318930719
20.7345241588019
61.3871915265918
23.2957254625507
54.256927035749
57.1993088815361
52.58719609119
42.2152327373624
59.5702436286956
45.8727476565614
71.2377887623873
46.5335909277201
34.8966085634514
43.7597589101642
43.5890702996403
55.8448609430343
31.7933571955592
59.6593360911831
34.1238110326231
39.6158671472222
45.1575447339565
62.9883925896138
64.0239200554788
57.5660744754624
50.0026989728212
51.2186852749437
25.8490501902997
50.4721699748188
59.1199963903306
45.8395660854876
64.5478700753301
53.6698167212307
42.3539247363806
53.8675812538713
58.1674953922629
39.7847710642964
39.5636869128793
44.0615473511394
45.1158218085766
42.9991335142404
29.9637558870018
65.0258500490532
48.5159759409726
53.4827681723982
40.2626272756606
24.2602093145251
55.6976196356118
52.9865080025047
37.7798274547089
65.4438919853419
57.1823829784989
45.9757792763412
31.3712875824422
31.2149564573845
68.7504111323506
33.1155600491911
39.4140301272273
44.6373379323632
36.3093737047166
35.2426232304424
74.707012060554
65.634292550385
66.4368794299662
45.4258327838033
44.8163571301848
27.4524437838191
58.5097053553909
