"x"
31.3267693622038
21.8151536105951
32.3847296182066
24.6836324920878
19.7389034088701
24.9153979798353
25.6326765054837
24.5376070728526
16.7210178915411
12.7579200780019
24.844067171216
19.076852267608
21.6364152729511
26.0139965685084
20.6878567114472
28.5430721472949
20.4140953486785
18.4790357248858
20.1585090719163
27.3008297197521
30.4792067501694
25.6146752741188
26.7552697099745
29.6278519323096
32.3485577711836
32.6020524604246
19.2335672676563
25.4924268228933
15.2943218247482
23.5498497029766
22.0302842091769
29.7797185136005
30.630894866772
23.6049562459812
17.3394382931292
29.6054366976023
12.0473604971331
18.8772920343511
20.2329540392384
25.8250169921666
25.8314829086885
21.9560415441201
13.8301346444389
31.7708192425041
25.3164453664795
16.2036699475721
24.4494651211426
30.420701415278
36.9138171525123
33.3729526260868
14.6091428818181
26.2398772640154
25.9511818716193
31.5777355805039
31.5633452730253
16.8939869845098
21.7461819472634
15.4762548161671
21.3480808472978
25.7605648366734
22.3095762077719
30.1392271649092
34.9410650299347
30.6523098610342
21.5912024490535
29.2931997450069
10.0457452703267
22.8392308593834
21.4221667265519
33.0719267483801
20.2425358816981
9.16142941892405
29.2306136339903
22.864503110759
20.0101877562702
26.7725247889757
25.686147226952
27.8534005861729
29.5857004821301
31.0271007008851
30.9609497897327
20.9457870572805
16.5211939252913
23.1696825008839
14.4585754256696
21.8585096532479
31.1403428437188
24.1006591357291
15.5634772172583
25.9986260905862
22.6690556155518
28.1926513416693
25.5837223026901
25.9993356409322
28.9613336557522
31.739711551927
18.9650796819478
27.7509024910427
20.017144177109
21.8895496567711
22.498155455105
23.5335160046816
29.305319278501
16.7295268038288
25.2504955559686
10.6453224550933
28.9369638077915
30.8207554509863
26.1562176747248
19.0572667168453
22.6965688867494
10.7499867661566
36.6519944721317
24.6224956121296
14.8188301827759
17.7232063375413
30.7181162526831
25.9527242276818
26.5877729747444
33.7284357752651
26.1499322718009
13.8426877000172
26.9172067986801
11.5624401252717
23.3788800658658
26.6667908290401
25.0502632899795
18.852850375697
23.2827753492324
29.05878436286
17.5870709024408
24.641761998646
22.1206964569842
17.2178369713947
28.8440131736175
30.1128190476447
20.2574449933559
29.8091749660671
26.8317900365219
21.6105970554054
15.6452648108825
29.150086059235
11.1533530289307
35.1060308960682
23.6341398209333
18.9064020756632
24.8794499784708
19.7283433517441
22.5421071052551
16.8756424505121
26.5482347924262
24.2360753976086
21.9323146389797
21.6406159102917
36.2311514073467
28.5675038350746
30.270634079352
15.2900926990594
33.201720030047
24.7396340128034
30.9202711330727
25.5776825360954
29.2972433846444
24.1110679177496
18.5410230951172
24.0902680903673
24.7098774882033
26.0300277499482
22.4067375840268
27.5523540331051
23.5192648135126
23.8756929291412
26.3704621465877
17.4459892251379
20.9017702145502
18.9555295743048
22.1463193651289
24.5123786525086
29.7245501599612
27.0954240346327
30.2043851930648
19.5837100269273
22.3144489573315
21.8407233245671
24.0557991433889
25.928493286483
25.6128595443442
19.7745346697047
16.8164475452566
22.5257241834729
22.8626088422085
25.6199268777263
25.3472267650068
21.6928828160679
29.0285053895786
33.2171067828313
16.7487662832684
25.7721531903371
25.326207445104
24.9655175022781
29.6061065513641
26.4204178677151
31.6578867379576
8.70428360067308
24.058163492009
24.3221846874803
34.029100346379
28.2176271080971
27.3056844482198
39.289901424604
22.6015858119354
27.6651337277144
28.4909207373857
28.018629489192
18.1682160357013
14.3257474074693
35.7127222211516
29.4045352424149
25.3559746779501
35.2647188098586
39.1204336637116
28.0917196534574
16.8511492898688
20.0330781983212
17.6013526506722
26.4703328488395
17.4313561525196
28.940658015199
30.075478204526
28.9483600063249
15.3161262860522
27.897130115889
33.031975151971
11.9816293707117
26.4146554283798
40.8489112721241
19.790881825611
27.9223888413981
23.3747240724567
26.7572554526851
29.2095383028808
8.85859890840948
12.7083125757053
15.8704080851749
28.2673560781404
24.8547055292875
21.5717893326655
32.2170247034879
24.9685486312956
31.6481747664511
25.7685378530036
26.5790125122294
23.3840932603925
19.8065850650892
21.9962115166709
22.1014409558848
25.0222861999646
24.9870201805606
29.2352131218251
24.4595953590786
36.1018416188091
20.2971791150048
20.7266022916883
26.8226032843813
23.9494878798723
23.8008541520685
14.7923786673485
15.1509940158576
28.4116518683732
32.8381390543655
14.0945526344243
24.6216568488781
16.1893055043156
27.1180846495554
20.7816385198385
20.6336688250303
9.21326423995197
22.6821594173089
16.1372004997024
21.2806442221324
21.1833748396564
27.5625945534557
30.4327567806467
27.8316738316789
30.1982783712447
26.9550028955564
37.0220375226295
25.1088930759579
30.6982125621289
27.0072646439075
17.2618956867465
33.9768336620182
18.5964305186644
26.9042858155444
16.1496677203104
32.0177190704271
28.9693496422842
16.4444640977308
25.2919918624684
31.9627910852432
26.60083968658
17.2589172841981
35.5871883854157
34.4523094361648
20.3067138791084
21.1407842361243
19.234165456146
20.8642778452486
17.9183282889426
27.8192822355777
31.8997358204797
14.5797053314601
29.3137463741004
24.4321084348485
21.371367550455
32.7021448872983
20.351085008579
14.7835562005639
22.3156820982695
22.9666955848811
21.1115117461186
14.622645964846
27.8396125417203
16.890434268862
25.5074453540146
34.5582905225456
18.0961342042012
30.6538098491728
27.1374229807407
20.82122806608
22.6880590664223
14.9659505579621
21.9308851935316
35.2360478581345
22.3418367752276
31.7905938951299
23.9827212747705
33.7007110007107
19.4051027065143
25.1796608557925
26.8650755053386
25.9014200419188
28.9949784521013
9.58890186157078
28.2218993848777
28.4930041525513
22.5343316560611
17.5100699998438
33.5564213339239
43.2002601526765
26.7871114658192
27.1982878312546
24.0415753563866
31.0748396907002
11.4548454992473
18.7137229833752
27.9256166890264
28.7961836904287
20.6718399887905
26.0324137285352
25.3777801524848
18.6058796243742
17.8777560358867
21.2432265514508
14.5315327526201
29.2944065760821
22.7134626125917
22.5045387167484
24.5863586431369
20.7340488675982
31.4745623152703
22.2611889475957
36.0867866379046
36.3027316776051
23.7593573285267
9.42738584708422
19.9209676356986
22.0115000614896
31.9498568307608
16.7185272853596
25.0629805028439
22.547881770879
29.3173278681934
27.042234811292
15.042773168534
31.5584684722126
27.0051855945129
19.1221420237992
26.8514845287427
26.3440139358863
21.8663109932095
8.1223147641562
23.0780392652377
16.222070901723
23.7254033796489
9.14588139858097
29.5370842562988
27.2596744820476
26.7002107054672
25.051712365944
37.7264876704041
28.5208354471251
16.0965447546914
20.3598426189274
23.4798941528425
13.343807534109
26.688881451264
24.7910287247423
29.4907828327268
27.1610551280901
19.8560696560889
14.0638159122318
15.7490114681423
36.8729168062514
18.9879908692092
23.1808762531728
29.5842055231333
33.2399714272469
22.6454002782702
31.5082252724096
22.5174574647099
25.1003531273454
24.3039213586599
22.8029320714995
32.4917546706274
24.8076885593553
31.76924881991
39.6127030232406
37.1310314142561
11.6544894408435
30.0895901862532
24.0940694464371
22.9406339349225
26.9838292617351
25.742476945743
29.2044127592817
22.2138812299818
34.1246655909345
36.7267006055868
36.0634432153261
17.5247537205819
21.9389330595732
21.0070863831788
19.9978949967772
32.1917461231351
31.0823651729152
18.0724044097587
20.2661138614077
29.9194874241948
23.3909336384386
15.4339265870181
23.9566772244871
27.7235175715759
29.0784741794924
26.0152572067454
28.78721896559
33.9328825008124
21.9387389952317
28.4964070888236
19.5703588658944
18.8078364357352
28.1206523766741
26.8955951323733
32.6556333184272
29.4714206364006
32.9610316315666
26.6357167158276
28.8819229463115
28.9683900307864
23.7346646608785
27.3315399279005
21.2637424236163
28.2760011497885
31.8725631805137
14.4630779034387
27.6829700480332
27.6253074873239
29.2128074914217
30.1275257254019
15.9784351941198
28.5087933763862
24.295260454528
23.7064360640943
17.3969900519045
24.1485255770385
29.162764758803
30.7360057719052
26.607735757716
24.5452349074185
36.114751321097
28.5040780630752
25.9862285340205
11.2261260859668
16.1717508453876
28.2161423237994
20.1057055266574
14.5407704575685
33.1660963594913
14.2380112782121
22.0772759988904
29.8801749013364
21.4998343611788
25.3291139146313
32.0737945148721
32.7127994503826
39.3081106690174
20.9094736957923
43.0950298536945
20.4275862080976
8.47697406291524
19.4195891480366
21.49671054334
29.3148076161742
27.8845811262727
29.1138542117551
27.9717468423769
16.5332237724215
30.1969386637211
20.4382446128875
27.6389890816063
17.2063077799976
33.8515291223302
29.6735997311771
14.1728450438214
23.3315120451152
24.5677743318469
22.8861401323229
20.7724482053891
16.5610925294459
30.8786746812984
19.1818271065131
21.7674466082826
29.8937612213194
36.7740469032383
33.9519530767575
31.7462510429323
18.271286925301
27.6339888805524
25.0767852645367
24.3659298634157
20.9740052232519
19.107337295947
23.030072869733
23.3277722727507
23.2977357227355
23.4897918067873
16.52549917344
30.7794997002929
13.8972739921883
21.6586543014273
19.6713748096876
25.055702123791
21.8062486833812
24.948242562823
23.9327549701557
15.377620072104
21.8689937377349
32.129270141013
25.5387572571635
21.3755973381922
34.4656147295609
34.9071303827173
19.7400300530717
18.6773339065282
32.587906694971
16.5049069793895
29.4710360467434
29.2345434427261
8.27550787944347
37.1802091111845
24.2773268837482
16.3480470655486
30.0280069001019
26.2431901181117
37.1371232883489
30.9015937382355
23.2119711814448
11.285645281896
22.1161311026663
19.6598171581586
32.3928669560701
26.6670048236847
20.0288826366886
22.228174074553
20.3935319790617
23.6508493777364
29.1695026318752
30.6160437176004
36.4579770418102
25.0360635109246
34.7557392296519
27.3120518773794
15.6070777447894
23.9914426347241
21.2933298158845
29.1008968837559
16.3886377587914
30.9585605282336
14.2636942211539
14.0510948607698
23.7826364114881
24.4031783659011
18.129072938139
23.7316290883498
22.1492820643738
25.5116233136505
17.6094946218655
23.6410080688074
21.7214457690716
25.8696963049297
16.1266541487341
41.9445531151385
28.7332272622734
16.693697613664
12.774455640465
18.0521693080664
31.429112306796
21.1630447264636
23.1036720564589
21.967824571766
29.4048185230926
29.5968166785315
27.7251680614427
24.683751957491
23.893490456976
20.7807534839958
35.2720934624062
26.1281075421721
20.9928727475926
21.3722638553008
34.5023713307455
32.132894732058
28.9355114800856
30.2680161781609
17.1002373389356
19.7577014332637
34.28467027843
16.6005937208691
22.8846555575728
27.5871505960822
24.9772355193272
20.5540841713412
26.812313310802
28.2892169430852
21.8319275531117
17.1625707239393
24.8069430235773
12.98232243862
14.4857270410284
25.9880177443847
32.0752002997324
28.5677038831636
20.449269287746
31.1629123054445
25.1973424709471
34.7542291659542
32.9899268923327
18.9489447511733
9.15259559833956
25.5323810037225
27.7619297150522
19.3346554646268
37.8938554883871
20.7142641069368
27.2465968038887
25.3507432062179
29.8051722580567
12.6250995788723
39.0920029000795
28.8843417773023
16.831386834383
26.6087394207716
20.3505847284146
19.9304390698671
32.7364143915474
14.5474967546761
23.2382047988733
25.0117564806715
13.9663351234049
26.7408130923286
27.9542364892096
32.9931460786611
22.0635359873995
21.9173272605985
22.2338356543332
37.7882832174605
15.4261314542964
23.7213628832251
28.2090347958729
21.2551484350115
28.8339425963641
23.9405052398527
34.5750244800001
26.8266297644004
27.58394890226
37.9425007746097
37.7732076469976
25.6332837278023
22.9783600429073
22.2401640145108
9.79542268905789
25.6558687891811
40.8017391649074
25.2006005961448
14.764712145552
23.3560564927757
28.5618160385638
28.932146425359
19.8273531394079
32.6611252035946
31.0937582282349
27.6757955783978
31.9223358295858
19.5853318320587
32.2978366632015
16.2748354340415
28.6075711250305
26.2025972362608
36.4216734601856
20.9466989152133
33.154631825164
18.0138469208032
26.7704500583932
15.4554199427366
18.0806748144287
21.4081111829728
32.6112381182611
26.2359064770862
20.2344549354166
26.1736673535779
15.5099424545734
25.0863859895617
24.9041993170977
33.0835924716666
19.595485762693
21.204931428656
20.4369804531701
36.7178224006152
34.5754538429901
25.8528162492439
33.1157473381609
24.094121171276
24.2423581657931
28.9513766230654
17.8480630247291
37.2930969603114
24.1626619827002
20.3672193456441
20.4265014081931
28.79616857972
19.533208431676
24.3586940458044
20.1869863085449
23.5795307904482
25.5934759275988
27.607600367628
18.4295503248066
24.9868607381359
20.0747702037916
14.8106647070252
20.1830138950334
28.9072045183651
25.5303646670654
23.8520458977482
18.2886081898258
31.4876565942541
24.9432590774851
13.8238998389407
31.8372703855857
25.9570788126439
25.7049776380882
26.677659410052
21.0235683480278
23.5361272934824
24.5387643342838
23.4245782718062
33.1212050048634
28.1023175222799
26.6886650584638
34.8955153000957
24.996441998519
18.4028868097812
21.0209503304213
28.0267063993961
23.4253035159782
28.0077204341069
28.7669869372621
30.9757829643786
13.386204063022
35.9230596455738
19.5174262858927
26.9609799134753
12.3532037017867
24.6677780291066
32.0301149971783
14.160133418523
19.9104887200519
26.0847219731659
29.3792864540592
25.3432143712416
28.3480061916634
19.4250473286957
31.5171328140423
20.5899081192911
21.6342623345554
33.999828598462
17.6246469141915
29.5458604814485
20.8974437089637
27.5787790538743
20.5827854108065
25.6650729570538
27.4306151084602
36.8037235780697
25.0616861041635
24.2242585401982
19.2045981895245
21.4188321959227
26.8811838002875
23.8776126177981
30.0850884057581
24.4621086167172
22.7576462340258
27.7740350924432
23.209069436416
26.8515329575166
20.4824075568467
26.0652162134647
24.9007446458563
28.3187773544341
26.6938041662797
19.0060823675273
30.7286255061626
28.6865550559014
22.4475353257731
20.1220554533791
29.3761064531282
29.2363657383248
28.1765956431627
12.583778467576
25.2553502699071
27.5743275182322
29.0256906533614
32.8780544223264
23.668337748896
24.2392978948585
27.7656361227855
32.6879244530573
19.0790494132735
27.9529699971878
14.5090720849112
27.2558169672266
25.7229127921164
24.4238615734503
28.7480195751414
36.8004794677204
32.5308840489015
28.7927166325971
15.0731017980067
33.1728530116379
21.3925125310197
24.4504998903722
30.9457405703142
29.0978066623211
28.3688777592033
22.201582766138
18.4307411778718
22.0323106972501
19.3526956019923
19.136673444882
22.00490036048
18.4484275989234
26.3218853622675
15.5562796802872
23.7343654502183
14.6091550355777
20.0673611813883
22.0470760242663
23.2444102177396
35.51362860959
31.0893834651785
19.3580403923988
21.7002836288884
17.4436766421422
18.1506815832108
23.8856802461669
14.4122319106107
20.9395217067307
22.6348794531077
31.9470614893362
20.6820333376527
28.2008064212278
28.9573652436957
20.5988898873329
19.8842217912897
18.9449328611011
18.0838686414063
20.3759406227618
30.0851714331657
28.0455417698249
35.1466278058893
28.1675121281296
34.067588718608
14.8058574413881
23.9222032250836
30.1014776341617
24.3215403752401
24.7216684976593
16.4905659854412
19.4430644158274
14.8011336801574
21.9612365821376
31.1802283395082
24.559237761423
27.5377516401932
11.463711683017
27.8943120501935
25.9814807213843
30.8925655204803
30.2081440808252
23.7319264328107
30.7443292578682
36.2141989129835
20.695754350163
24.7951608849689
27.7802999597043
26.9059056180266
18.51048739627
27.8861340600997
18.5370753752068
6.20649005892163
13.0088802659884
21.4803660002987
24.5156937511638
28.7546591080601
33.5443586343899
27.0497389370576
25.7513507269323
19.9785129799476
33.712089760229
24.1522177122533
31.3313080463558
23.4218119643629
26.0137506527826
24.2844689637423
19.8326571611688
27.4305195081979
20.9218238247558
25.7242917316034
22.4972972180694
11.1660511420598
9.54393977712968
26.769436406903
19.6827084291726
27.8238206449291
20.1127939159051
28.5693135345355
32.8479314921424
27.9067912138999
21.070921109335
32.3658027919009
14.4955916330218
30.8491909680248
30.2997924853116
25.5444374866784
27.3798811249435
22.9306612756378
16.5660715733402
23.9667378891749
18.4360315100955
17.3601902788505
33.9444417040795
12.7278203843161
25.9555559139699
18.3616000926122
18.8353407691478
28.9380048634484
24.7314495733008
17.8864487214014
24.6154422406107
30.580308008939
31.4829977694899
36.503448133584
30.5172540713102
24.2560584262065
24.5678654173389
24.9148458242416
24.9065510230139
22.6343899732456
20.0385783566162
22.0939613180235
31.5838812617585
18.5244324384257
27.5081645930186
25.9104115888476
17.0406410237774
19.9614924145862
12.1022394392639
26.7042809864506
29.131056368351
28.1516811111942
23.3301463536918
27.6559295831248
23.6987271113321
14.8594080703333
20.9547898033634
22.9707268998027
22.3052168032154
25.3314870409667
32.4388211593032
31.9962397450581
23.3029905706644
14.9998321430758
25.214685825631
19.5586055517197
18.0136824039646
30.1483012968674
22.4269976606593
26.7976382281631
29.7672227257863
28.0973720364273
28.479257629177
22.7124809520319
8.25427181553096
18.200445943512
18.4286142932251
24.4780668988824
13.8320398982614
22.947847424075
33.6366527015343
19.9315777226272
28.4384234109893
17.4608560704246
16.4575107211761
18.3041229914485
31.2529440037906
22.8678490268067
15.8000916242599
22.8114006025799
32.354933116585
21.72059728764
29.2524050688371
19.9670126661658
29.0980889229104
20.788646559231
28.2194421393797
23.0638270964846
14.5344918196587
11.4016897976398
28.1050407560542
24.2961512645707
25.8718928089365
25.9427258279175
18.8273770734668
25.8044268019631
22.809753207547
21.2778903311118
18.8412808580324
25.9331742534414
16.5285695480604
24.7222122037783
22.8353802813217
26.7891586991027
22.2624237183481
16.692886990495
31.4102773787454
31.0540567385033
17.0144329240638
29.8754055751488
27.2319323150441
12.9769604041423
27.0515569718555
33.8558327872306
16.056972485967
19.0776284749414
34.1877248603851
28.1123701715842
31.119056744501
33.9947942411527
25.8679043035954
16.9500198215246
31.211373838596
25.1305032479833
22.577087325044
18.4923573164269
18.5080334681345
34.3046587426215
21.783566637896
12.4045380131254
27.3422229802236
23.065916984342
21.9964903546497
30.8108240353379
34.6297417301685
29.0178943891078
25.1899374416098
32.976639829576
24.2397723486647
21.3866016856522
20.0627500191331
29.3450473491197
19.6299281739988
25.2102102935929
40.088181614638
29.4020459055901
23.7363505875692
23.6639879876748
19.1408645800695
11.8754303315654
25.456773955375
29.0341662941501
27.4298947274138
28.8005554117262
31.122363358736
28.7945474032313
32.4800075031817
18.1906174635515
12.4573903158307
18.9274173928425
26.1528666364029
29.7692981315777
14.9026751285419
30.602954979986
16.5252460865304
30.3744081407785
20.0419746572152
9.27164854353087
33.6544032674283
23.1624584054315
43.8595541389952
15.5691312513724
22.9517816565931
14.5690697710961
24.9153571436182
26.6502755461261
29.9613064620644
20.6761206034571
23.5955155920237
19.0116201760247
24.80796992761
20.6724827047603
32.1637725224718
10.8445164281875
19.5642790524289
35.0012024129122
16.8407599040512
29.3373531429097
18.9193272031844
31.4235847676173
35.5568014995611
21.3322830393534
27.1966455737129
22.1143188886344
19.3380633834749
24.4852907385871
7.44329115841538
23.6420955276117
25.5340101430193
13.3956768265398
27.319614822045
34.6887401136035
26.2422628235072
18.9634716371074
16.0904885117112
23.012816766277
17.6100642886013
27.0042652268399
23.4448674833402
34.38827090431
16.4872682187706
21.2732864310965
19.9345709290355
17.1590538910773
27.5120986392722
30.429092166014
35.9456153099841
28.0898854834959
25.8509895997122
27.8181604575366
22.099292893519
41.7494901768388
26.769910287112
17.7273995475844
37.3931068206881
36.2789041382054
28.5279175732285
22.8481464087963
32.578211510554
17.3127991147339
32.0532222278416
33.0819319467992
30.5660890415311
25.2275735838339
29.2657652171329
33.2898408873007
20.9553776308894
16.4357066852972
18.6944697750732
19.163000350818
26.567652148606
28.2679022988304
21.1420953506604
40.4077540510425
27.859288523905
21.2787380907685
39.9649756008244
20.5394923679817
28.7774117197841
16.6792123345658
26.0308644734323
27.5421895552427
32.1165173547342
23.5706843668595
26.0641442844644
24.073271593079
29.0836538188159
24.6790885692462
25.7713516009971
25.1521057216451
30.6321839767975
23.3110338682309
14.540290649206
25.6813483312726
16.6874421294779
14.3303812947124
26.7989069689065
28.6643247818574
24.3570646736771
20.2575820261272
21.7149060685188
16.0912270192057
21.2205406511202
30.0885757664219
28.0987887876108
31.6957976669073
28.3052894519642
24.0174930782239
20.0430042110384
25.0938640674576
22.9579310876118
13.8726100991284
27.5414787000045
22.5420511094853
32.7927889069542
13.334158831276
19.95889544487
22.5795026635751
20.1271430229695
18.1929062353447
25.9192014310421
14.6523917093873
19.7368575760573
22.9155387263745
15.2624265797897
20.0096742715687
31.2653494998813
30.9288679622114
12.1903833933175
28.4244547444727
28.5698806168512
18.7307498650625
31.9861619034782
18.3704398572445
23.6646029724396
21.602214477025
16.9859033579295
27.2803369909525
23.6276067793369
21.2935560305064
24.7324331663549
16.933035175316
32.0772312581539
16.8223364278674
18.7435917789117
26.1913315393031
13.0698346765712
19.7749263606966
26.7263763351366
28.8209890713915
18.1064154021442
19.262800202705
25.2745482448433
30.0827374914661
26.9162695383688
41.30972539796
17.5674735801294
15.4705525143072
20.724975806661
27.5184659752995
31.042051827535
22.1939746057615
24.5363128371537
30.3798127021852
16.3737219758332
18.9253939082846
31.1786390142515
27.1782185580295
24.4415061315522
19.0740921301767
22.3121000990149
24.6854508994147
25.4813954234123
26.8699536798522
25.6223407573998
30.3482632851228
34.8083515912014
21.7508529959736
21.2383003937865
25.7764264475554
34.1521648457274
14.0702672768384
23.5023499699309
25.6403796141967
24.2326722369082
34.7083279841995
16.874868189916
30.7366097345948
29.5537313912064
23.3549944125116
34.1598102124408
26.8459398997948
28.1963578192517
13.807791355066
16.7833228129894
24.1318927836395
23.7348770926419
23.998995218426
13.1284098839387
26.014814991504
32.6353089651093
33.2033086800948
26.4444467611611
25.1057175919414
19.4961091770873
32.194008491375
15.9386687247086
28.6535540828481
21.8359402148053
22.1639089368902
29.8123114509508
13.8227050192654
7.71720551420003
23.2864238088951
36.0287660087652
13.8437747793293
25.2798151923344
22.0410334644839
28.7625283468515
27.3795383713498
25.6832988467067
19.3856144091114
27.7707658940926
21.5241302270442
27.9766519553959
19.819188014094
33.821428520605
32.3139604646713
18.0158398579806
26.6815138176249
30.406080884859
23.4188393689692
31.7867907695472
36.8750431088215
21.4130781125277
11.0375622753054
28.7313184468076
18.5147274730153
26.8999118125066
29.9577703000978
32.3771178955212
19.59193716757
20.5237456597388
24.2310848087072
30.8299956610426
25.9496839717031
6.76305490500166
22.9228672105819
21.5547084109858
24.3895299034193
18.6608961389193
21.7275177827105
29.06175092794
19.1540420521051
30.8221556246281
29.0097995428368
25.9138235927644
28.6859978688881
26.6535393428057
31.8958181655034
31.988450884819
38.6849602197713
20.5153394723311
23.3221951173618
21.9651990886898
27.7506216429174
24.7794056776911
30.6477622129023
24.5628833305091
15.5227102106437
31.0653530526906
15.0381494360037
20.5338601255789
25.4087061388418
15.6070942524821
22.199197858572
22.2881239373237
32.0858165388927
32.6842516893521
22.4458286771551
24.0740708773956
17.2485813498497
24.1499672876671
26.3768754666671
31.4928936306387
27.8475088067353
18.9736544853076
19.7407991858199
19.4822372170165
26.1967507707162
24.8397346759263
28.6968771601096
24.696714989841
36.8256799390024
25.1814618881725
22.8484813356772
21.1124411085621
25.0157123431563
31.275660241954
40.5102401485151
24.7078216867521
11.8804319150962
35.3212919065213
15.9857078455389
23.9237889414653
31.1285836156458
24.3543565469903
30.145503138192
15.0137318996713
20.3082520437653
20.038284547627
19.3281063136406
32.1560570737347
25.9179499698803
23.679407662712
7.75432079367702
28.4928552340716
34.8036373013115
34.4066106481478
22.1888663470746
26.2867591110989
32.1377989137545
18.2576200627576
28.6348792025819
24.3182591395453
20.2410907484591
32.1480131708086
26.1741805821657
17.3972549848258
14.8260890437794
24.0723755665255
28.6338094156235
23.3409329465887
18.347864667885
23.4000325668603
7.7061406802386
10.7973342595614
21.4354180032387
36.2694872987872
25.0575332436711
27.0056735258549
18.4438096359372
15.4285072887017
23.8345043035224
18.7312236055732
23.9358028903464
29.9875937169418
17.9073837818578
32.1998907951638
17.4569465685636
22.2552963998169
25.4658819874749
30.9815494110808
37.3784486231676
12.2795122209936
30.7966634398326
35.0819928824432
27.362454317749
33.7843101937324
24.2331291548908
40.4561834388828
12.9218779183589
40.4420614221549
32.3709196411073
17.470533773303
20.7318387215639
27.8701266273856
25.6062044529244
26.3851808849722
18.5173190431669
27.3583240807056
32.4759512674063
12.5329126969054
29.2276088381186
25.901637901552
24.2753404192626
20.6153418635949
30.4280892945826
24.036604561843
25.8819186594337
30.0589005928487
19.4951439043507
22.8320296388119
22.0749775813624
23.0890585575253
18.2506459322937
25.3420253284276
26.3257031328976
24.1199827287346
21.5206142049283
18.6758619733155
30.9154920978472
13.2998136105016
30.2579642626386
21.393747581169
15.6024730531499
23.3116970397532
25.9396738838404
27.3336990969256
27.5881274137646
25.2657746430486
17.3055744497105
18.9326370833442
10.5666382738612
23.1404253048822
27.6745472569019
22.4052821751684
17.7662862464786
31.457052170299
19.1101459087804
31.9483829538951
19.3664011312649
21.8963103368878
24.3509799009189
31.1306326650083
16.3419711229113
25.898024183698
26.3397838221863
27.5398407467243
19.0804225858301
18.6148767359555
21.1748114321381
13.7699138140306
22.929019946605
13.3213235298172
21.3831388158724
35.1714658995575
15.8499068114907
20.7543450510511
21.1363953141825
32.6144469436258
27.4614754831418
35.2024247410771
26.3874818570912
9.35733783990145
30.4459574399516
20.7885496233978
26.2878646375611
21.3247637962922
26.2961357133463
18.5334530714099
14.9226838722825
19.0434304764494
19.5432086708024
24.08910356462
30.289913341403
15.7666478848209
29.2860957793891
18.8232064712793
22.0608232310042
24.5779293123633
26.0827843332663
18.1483580963686
26.7835564445704
19.6764617692679
17.5707521848381
27.8490130556747
26.2441404163837
16.5560017572716
21.0735470289364
29.3005631072447
22.8571069659665
25.1166340196505
18.7026885358385
22.5260591134429
26.6673848731443
25.3776633413509
13.333586327322
15.099382144399
30.4700543172657
18.2840258814394
38.7061086462295
22.8572574066647
30.4804914398119
23.9716737065464
29.0306506911293
25.0867723487318
22.8897141525522
21.2176065193489
15.8475127936001
31.0316028306261
30.3049311740324
35.5410971657789
32.7227344503626
23.4654252184555
20.3604439506307
13.7090058065951
20.4528060275592
23.007867816117
15.1696576504037
18.5870425309986
12.4096477490697
23.3641726620403
23.1620335718617
15.6645027454942
29.9838210223243
28.9022016804665
24.1906154202297
24.4947294704616
28.9319997187704
26.6953447833657
23.6425233539194
33.8905110023916
28.014899417758
24.7291995335112
28.5077669890597
36.4245523749148
15.436312649399
18.0074556963518
26.1274485383183
15.3597715776414
29.8090703552589
28.0388758284971
34.6067361766472
10.998962353915
31.4716895110905
31.611368432641
35.0499700733876
32.7665919205174
13.9444019412622
19.931962271221
26.2325342943338
29.9234533915296
17.779253423214
24.2327742812154
28.2873875694349
25.1781570725143
22.1063677920029
21.6916702914925
14.3707262352109
18.7286428641528
18.8046059571207
19.1951169166714
19.8632920623585
17.5277709495276
31.3452804228291
24.921256583184
29.621858545579
33.8026129407808
31.9153757300228
22.5650841137394
32.3252632282674
35.8391031601882
31.5190457040444
32.3144348338246
14.2078374279663
30.9310059761629
23.7669525435194
10.2748573524877
14.6731583401561
23.3918263576925
29.0428827283904
31.5914050908759
24.3675410281867
28.5290258703753
27.0852798130363
29.9216342469092
16.5574993705377
32.3214221512899
23.7794819520786
15.7867070753127
31.3435700256377
23.933610599488
22.6174171548337
31.3693092670292
29.3484890367836
21.5811018599197
17.8414855243326
31.5322815440595
26.1930167442188
26.7676428426057
18.7515486963093
34.6235612174496
23.5736052971333
30.3303407272324
18.184748198837
24.5177333941683
25.0654933508486
12.9362901960386
23.3510838940224
30.7152218651026
26.4558080454684
21.1936024716124
21.6250178404152
27.1272733807564
33.5547605995089
25.5102770403028
21.7619434231892
24.4446240598336
25.0407752115279
33.6194656323642
15.8384039532393
28.1479169614613
25.3894814755768
29.7896342352033
21.3006626749363
13.2794408127666
19.4166591708073
28.2174948602915
26.6590863233432
25.1208383357152
24.4203629205003
23.5934197902679
24.8734008986503
38.9389991251403
28.9765944238752
14.4296218873933
32.1110120275989
31.1210832558572
23.131553735584
28.0950617510825
23.1706528691575
22.4972354480997
17.2440541926122
25.0330814393237
26.5752182807773
27.0308710401878
18.0152043467388
32.7109336154535
30.8820669073611
25.7414263440296
26.7638239776716
26.3701790943742
32.4927675770596
23.4129574149847
31.7862024297938
33.2394271157682
29.2793676489964
28.871958842501
31.464389921166
24.8464867006987
26.0089059945062
28.6468629492447
23.8991033161287
28.1181097961962
24.1524724522606
27.3719878591983
25.835997890681
37.3886459486044
31.9311473984271
17.4571497598663
32.6320315245539
16.4610545383766
23.9152770955116
24.4206914678216
23.4656924381852
16.6632329579443
31.3901336397976
19.8897546855733
26.2431900482625
32.3520820355043
29.0902887936682
37.4330093131816
22.243934799917
21.5666985139251
25.8202751236955
14.0512828705916
26.3674437301233
28.2193332444876
24.3863678304479
26.1967458296567
35.047425272505
31.7851728061214
37.8976359476751
29.2804724769667
28.4544294234365
15.670254262954
23.0799411423504
27.7959574013948
29.0357706602663
17.9753089090809
29.9594382755458
16.4526151726022
16.6343889897689
28.1232261098921
19.3239890038967
24.5356825646013
21.2162302177747
17.9948864970356
25.0595235265791
24.6190123958513
15.7808346208185
27.7932170080021
20.0935689965263
21.5535934781656
28.0856786062941
47.5846653064912
19.5233655162156
28.3822691068053
24.9736690660939
35.74026976502
22.1064200159162
25.7729002274573
26.4626727439463
25.0422696847587
20.0954804895446
32.2755154687911
13.274845178239
21.6904333559796
31.5909396158531
25.4250431666151
25.5833943840116
24.8731267638505
16.6479552630335
28.5703868605196
21.8522552167997
27.599323540926
31.0060646384954
22.4330349592492
28.6717590643093
17.9837408009917
19.1818063380197
26.5218769898638
31.9268950985721
11.1526948399842
27.738326578401
20.023168460466
31.3778919633478
20.3154822578654
30.5769675411284
23.5302620567381
21.3546862835943
15.1155089783894
26.7767600018516
13.923813495785
32.7230567578226
28.8197199581191
30.7607888244092
26.4079843647778
25.6824065913294
28.9236752083525
33.4933041129261
36.4812251331902
20.2203750377521
25.6599267479032
8.51956773549318
26.6488328808919
31.703848997131
23.0577754144665
31.6398640861735
18.6782591976225
29.9230161588639
17.608899041079
23.9192673703656
27.6888242922723
20.8066817140207
37.2511325421569
24.5896705426276
28.1914971070364
31.5661579603329
19.0864676609635
19.8725023306906
29.1341622825712
13.4554568202524
17.8947480395436
17.61120505892
33.1077557755634
17.6671199500561
20.2314726542681
12.0722328165995
24.4172249920666
21.6041943989694
21.051706187427
23.4112801826748
29.6670104842633
18.4469573035324
23.9660064456984
13.012025039643
16.8858758639544
29.2062630644068
28.2710110279477
28.3749542199075
21.0952870780602
20.6903029927867
21.2104823207483
27.5468592502426
21.7125898667003
24.88721429836
29.8123491270843
22.8811836801469
25.0759500311688
24.6155651751906
23.0817144038156
28.2057972392067
10.6317614903674
17.4024928128347
22.8397967061028
23.3092485694215
26.2449270812795
33.5480476496741
26.452637067996
30.3733260603622
24.9761380953714
20.1410308247432
21.411371906288
26.7702840734273
29.7870240407065
17.0956635252327
23.6200651188647
29.4459366006777
21.7557981102264
13.8473798753694
22.8880521375686
23.4133763704449
27.1474685752764
13.1243186537176
16.0736589226872
27.0002721110359
31.7633666563779
19.923309632577
24.6985180769116
29.8795129172504
30.454347259365
16.0589275648817
20.2512382529676
31.5571632003412
26.6108927084133
32.0124014047906
30.4392080325951
18.1730562858857
27.7867995202541
24.7587841702625
18.6274482868612
23.7205744022503
24.3561400799081
29.63049816899
33.9892828371376
30.7112004840747
21.4191038545806
25.3006795421243
23.7914324272424
22.3858496639878
19.2090938566253
29.8127137381884
19.1378615330905
29.5582026010379
19.5518651665953
21.7692916048691
26.0936045124695
34.9270276922371
25.5873470799997
18.128564930521
14.1521118581295
24.1120360558853
24.7517659328878
23.7925596768036
35.5631879509843
20.1251917518675
20.3646709500827
23.5112972324714
27.3145081475377
26.0558014735579
24.7206956148148
22.7998661575839
19.3090607757602
37.2312984888872
13.1195161641555
20.4597636125982
30.2802737103775
13.9114298624918
23.2794459015438
16.8074467219412
25.8220710558817
35.3593637214458
19.0190447261557
31.2483778921887
39.3867044744406
25.0545718008652
24.2980590322986
30.7081198552623
33.2525824196637
