"x"
8.26250030659139
20.2215660829097
14.7275924216956
28.6210033529906
34.4242568127811
16.6379810572561
42.6290103916395
18.0700173601508
38.2964373550126
11.6247153285609
30.6568149113669
11.3765185698867
25.4315537886204
27.6065249927342
38.4207809809595
15.7914352507473
36.5324134007096
19.528100034222
34.8507997579873
3.4880556411322
38.5116809979081
24.4511736556888
11.4800551440567
27.8615372255445
27.7076109401129
20.6207098968923
28.6640209145844
28.5890631843358
11.543696699664
2.21913699060678
31.7112527787685
21.6351333539933
6.05800994671881
20.9617875050753
9.02028500285087
30.5227581607413
35.3865837678313
38.4586092569785
19.3036838654515
15.7190881124671
30.1578875804283
48.9888468757272
33.6433644872159
36.4513006061316
43.3392667211592
39.9330941494554
50.4275735933334
16.0459985009876
12.7535095077699
31.1753642745316
16.8502799700946
12.9608117997272
34.7364925565191
39.1493626978985
13.2885402534157
20.0806040971526
25.8280037816773
9.01834424585104
19.4547408260405
38.4140755049884
53.8927332032472
26.5584726817906
43.3532218914479
23.3721972049389
19.0745690837502
21.2911438196898
19.8880068026483
26.7846561502665
31.1288462951779
7.08285692226309
21.2991585489362
25.9973568560836
7.11241886595726
14.6512740490393
37.5869581010193
35.0628769956529
35.8081459999084
17.791574698265
36.117896437645
35.7377056032419
31.8776567466557
25.351305971123
8.3500862121582
37.8028500359505
25.3582033141737
30.7709860943422
24.9349515885115
38.5752768721431
21.6192387968002
32.547545991838
9.16272375001429
38.4611946996301
25.71714385013
36.6303449496627
25.5141264830378
17.7485470536351
23.2842457015067
11.5222613754968
26.3809791300446
39.7502147126943
31.6224462352693
11.7312527261674
30.2104803267866
17.9820952005684
44.4335964042693
54.4331608805805
41.7001383379102
24.9434309534731
26.2027863878757
34.6743485901512
0.985633349046111
32.2043359385029
44.0410398412496
31.5612191334367
30.3416599985212
9.17706666403232
44.5865368004888
15.0249253027141
33.5863287560642
13.8527052477002
55.1773852460857
20.6259960774332
34.8243375347636
16.9195373910605
23.3688341002199
40.6247288919985
9.51900753507708
5.57855833254345
36.4303110167384
24.9826014041901
26.2157747056335
27.2851799614727
41.8169174343348
28.5607961937785
27.533126110211
12.8456051461399
23.7859393935651
29.9535396508873
27.599001955241
31.9453812002849
36.9295566342771
15.4904174618423
25.9271434042603
25.4237041719033
30.5233454797417
16.0786055546151
44.4264370948076
62.1118377894163
37.1665119735854
28.1924508470584
6.75107026472688
36.9340646119143
37.5247298396012
34.6796855796129
22.7006564848125
1.24488156288862
25.1159463685335
16.8334850110114
29.3938966351945
30.4071022597246
30.372416228056
28.2319752965122
23.2564044650644
31.4743033633496
27.0789703354239
42.6119371670329
20.1383710841357
24.9793739182947
29.9058688338846
29.86766602844
25.8653580211103
17.1173065900803
48.820816911757
44.9867731425911
49.7710682917386
38.008642476052
41.9190162327265
29.040669510141
38.1262290967
15.2507600840181
22.9566033738473
19.1519092302769
23.865519990751
5.93482100832997
30.2601082716137
15.2802412031709
9.10172305753028
13.416975126049
27.3599252570421
10.8021113307414
34.1013494413346
28.9901945274323
26.7427705084994
47.7319281548262
28.8046686780931
7.08975843153894
38.4391347877681
28.8850116077811
32.0221163332462
32.9980766806233
7.245596063405
32.1254398732005
8.23388551361859
34.0235713869333
38.3304834383321
28.0385175825317
8.8581393007189
48.6903160344809
10.8860790933305
43.4694905299693
54.3370716273785
37.7822021022439
29.8956565093249
25.3145109396428
9.55503094010055
39.1340286005288
28.183698002249
24.9677577055991
36.9710800703615
35.1876153330337
37.0672511051901
32.384165459573
31.983679626137
11.8928894866258
46.9350516178937
39.280654601352
37.6636378932744
39.2829852178693
42.4259350547306
15.9323146550272
15.0626450311393
47.6616345811635
54.8581675160676
18.6977268230456
30.077512934804
37.7877430059016
2.16151623341075
29.8733549192548
6.2931826338172
0.541994821748322
33.6309500969946
22.8402312099106
31.1930553521961
35.7873146887869
13.4856601245701
4.51016265045558
27.7987298090011
29.3534992741698
51.0888827964664
23.9909781608731
31.0473646502942
9.3027382157743
39.1868873033673
15.3247149195522
8.5233369086413
29.7699275892228
26.3447043951601
51.7627748613417
31.7350214039568
40.9508971819149
33.6533710826188
14.0728594735265
19.8646569271581
17.7369537680984
26.9673886687704
7.71815748868041
32.2895985562354
18.8428468194827
22.062910720706
28.5682220768845
14.5823799235653
12.3667544685304
20.7730483729392
40.4469339177012
20.857841355324
31.427083961937
27.8198491234207
20.3481764230513
27.7949273586273
20.7492916379124
30.2507326472551
51.3112127780914
33.1583917247912
13.0589673844804
18.4077056124806
21.2099568452686
20.2011303976178
24.3711174931377
11.074212891981
27.2946654678477
28.7802238948643
49.5956992730498
26.3629992492497
22.0480715855956
4.72877938300371
35.8270105905831
31.8483866580037
13.8910270761698
42.445803200826
27.5614253710955
29.8230560973738
20.6212086603045
34.7714896313846
31.5469155457003
27.9312187340111
15.0022987741977
14.2996546393796
35.9001059550792
2.62902760878205
21.4077408263827
31.069001276046
25.0077916774899
23.1981807234449
24.8600478113219
33.8052486516504
25.1169565599412
46.8490742780256
17.1563967367191
28.0514984857291
20.4670974836817
7.8531241168953
36.7110691964626
27.9569695703685
9.44596777691181
9.02471388690174
22.8817185387015
10.5237331241369
9.92057202383876
32.4112607166171
39.0584573149681
7.79628348536789
35.1078801901382
26.528056897223
54.0085351094604
19.0029938609244
36.5763107780367
39.6602726417292
41.3643342908472
28.6381567702531
45.6733361024495
52.9382093343884
25.1404236536473
24.1700352635235
16.2321843672544
15.9298872575164
7.07114534452558
25.1413700064565
43.9186700539199
23.6291368957609
12.8337402362376
28.6403499543667
21.8410373665392
43.231677872883
8.03919234313071
21.2193720042706
28.3967239782214
8.34771959194785
22.4577106279079
14.1723727883192
14.8003469511209
9.51477098278701
41.1884510423988
8.92923916690052
26.7328933361136
30.5150290951133
38.3976782206446
33.9415229856968
40.6824809033424
10.5413149534163
47.0479508396238
13.1336486955088
15.9925220534205
54.7555691562593
39.1683969646692
17.6927202846855
6.65833026840405
9.62649779394269
32.7358869370073
17.9706720635295
44.7043742053211
19.2962972912937
25.0203653704375
36.1195510718971
13.0288931696492
34.8747329320759
35.3419447783381
3.2008751295507
54.0037992876023
38.9694216661155
43.1488607078791
25.1771371345967
8.14657877173388
41.5908505039502
35.5326766613871
15.6968274153769
17.0687303878367
32.9834360163659
30.3649494890124
16.5652227587998
38.9146499801427
46.0064578148192
51.9475580193102
33.4166445634346
34.7604132257402
23.671036226115
51.6812210902572
32.258790358901
5.26108895428479
29.8985572066158
17.3875330481678
17.3971453374215
32.0605212822556
25.0660378951579
22.1068971790373
23.8346259109676
42.5091716460884
29.3885844759643
20.3301575500518
16.8508032474333
24.7659908314075
36.1058120150119
16.6574354749173
28.6355435848236
49.7196125332266
37.1574179269373
24.0006827749312
35.4633373208344
27.6178873492506
33.9416376780719
28.7856022361666
22.3042940255255
15.3819688595831
4.10261443926164
33.3119460847229
6.66914507675466
27.1979741752148
15.6192011665553
34.4459879677743
35.7307001948357
44.1250173840672
22.3317035318276
40.4544689226896
15.7485532108694
28.2718869391829
22.6349947974086
9.41305735006159
29.7382862307131
30.0297055859119
35.233470890671
8.08744872920215
19.4093106492535
10.8129235450178
0.897808559238911
37.41022097276
34.2641799721694
9.78522375226021
26.6612680163234
22.6566668134183
39.2738491762429
8.28402265906334
8.70085228234529
37.5430816278953
28.0793675503248
41.2605824494157
21.1537418887019
17.4216954095837
16.6022017054642
13.1189518137871
31.1426863074303
23.8619460676253
27.7444436680526
7.79462466016412
37.0283247902989
27.8737172018737
31.2256866511055
19.0504608121754
18.7300695106387
34.372512018308
28.2690756954253
27.0411042030901
22.9413594584912
47.1788964699954
38.169130589813
27.8377247508615
40.6749887576296
32.777324455133
35.8973104972392
20.4556456767023
18.536013047246
44.9850176461041
39.0690037515014
28.4328023437411
22.3925856379492
18.0533719425521
40.4291174374521
15.9229283701462
40.888919075951
29.887645598501
47.0365595072508
3.19419498555362
12.3807806521654
10.2876408491284
22.618180005416
11.2349949179073
36.8082920095527
25.0613431446254
27.1182072814554
19.7318389546126
18.4474618174136
38.0180701147765
35.1660464890301
41.2469666916877
32.5906717962509
34.895268963615
4.84096219718835
8.12303534414915
22.3826314199327
22.2591802012175
33.1886669941819
49.9171772040427
43.026198586449
13.9630220734957
29.8326511401683
14.4278422204116
22.0729655586183
17.1192754525691
49.7723266482353
18.1715853046626
29.4652692507952
19.7751776584162
28.7879228591919
46.6860486930423
31.1309119719365
17.9384353104979
19.0671646501869
32.5245338026434
24.733150145039
23.8506777212024
15.1316196490476
25.8364266715944
25.4570788414456
12.3658254742622
31.6766886971891
45.5187974963337
29.9850085284561
34.6377390436828
37.698963098228
38.9857772737741
28.5345496609807
46.7238034121692
36.1511830706149
37.9931004279936
8.59104287810624
48.1207470875233
46.3434819597751
32.3978713247925
33.6457269321717
10.8569091559976
28.8611682692933
26.6060141912999
49.4909593835473
29.8930292167261
34.5484556630254
51.0861928574741
27.0490178527761
31.0340181458741
14.3966093659401
9.94271547533572
39.0816855244339
17.1568697588043
54.5191684737802
15.5858977232128
22.0952791857351
29.103876138106
30.9213626556193
31.9579718168825
26.8210781738162
25.4855973929919
13.6696596629918
42.8782380625012
35.230877995491
27.0888476841302
23.0057018343359
27.4987192824483
10.2552439086139
51.9576865248382
14.2016377012567
50.5050204176687
35.8907604590058
27.1080432140699
28.4233872313052
21.4358910918236
34.847038544067
23.8407067488879
25.1528802793473
54.5455724466592
25.4661357961595
11.5605137310922
10.396529413127
36.1570801120251
40.5756700318307
21.3118345011026
30.5027266964316
20.325626572594
34.911245200783
23.9478978762434
30.0772140591928
48.7073555123061
39.1857558395714
26.7522804439068
43.9890972338617
26.9256569445133
33.2328733522445
28.3446015790105
37.2117516541112
44.2561830859631
42.5641285721213
35.3087582625449
16.5044234134257
14.8771236650646
35.8528377022594
29.358477367632
39.6182206459343
1.68360285460949
10.7881087809801
29.9832111690193
34.7039754036814
30.25933499448
29.8172556136209
39.26982274279
32.4128862004727
30.8059542883024
32.3105765040964
40.0877565611154
5.67801115333316
30.8111186695139
20.2555072493851
20.7431962949182
13.7453033865694
39.1443840073084
38.337284186855
34.3562569003552
43.8092946074903
39.8766259070744
20.0236874632537
37.0732038081278
29.8233350738883
27.7347546070814
34.4050642180264
27.5092331226915
50.3352746367455
19.288688711822
23.9330373704433
28.4139550291002
41.8247572146356
34.8058608360589
35.8765800048689
14.185134717604
42.5930494908243
43.0306520778686
31.5980209260229
19.3729384624811
17.1120157465339
59.9081285763532
27.0439508371055
41.3448304403573
18.5715164989233
39.1212366055697
30.1072652917355
17.8337708827165
23.3178127091378
43.4666943270713
15.0952008087188
20.6999765709043
27.4493248201907
37.9086915869266
5.5364236845372
7.69230974473978
27.9208540247282
4.79514357700842
25.24179876782
30.0802169667122
29.8950895337334
27.5659463834018
44.3411083891988
40.1494140317336
14.1038503497839
19.6706752758473
50.3216888289899
22.4881247151643
20.9372658282518
23.13485853374
27.5804310571402
44.9027505418441
33.8539779186249
23.7921892199665
22.2143928986043
12.9460537806153
35.1957402657717
27.9288691934198
20.5817738045371
40.7583383377641
47.7125993929803
14.3465933855623
40.8687162678689
30.2763806617793
53.4292737953365
34.1870338949191
29.9701831769198
32.2999819181859
31.4268006943166
28.8225016091019
44.2914296775263
21.741176629439
50.7371912244707
8.23608534410596
25.6567015312612
11.6214480063761
25.7824862375855
25.3220837097615
25.0322579406202
2.39312131889164
35.3064000606537
34.0581501834095
30.9045670309065
36.8244198150933
25.2399724442512
5.87031040340662
41.3067019090597
20.933524472639
26.0343350004405
19.7469749713616
9.64935747906566
15.8426600508392
22.9047732427716
10.6347253080457
15.3202009852976
29.9019319005311
32.7537781558931
7.60462206933613
43.1151075754315
30.2504000326852
16.4571273606271
26.123495869002
19.1991520579904
39.2450655344874
43.2062140660085
26.09489755705
17.65584978275
1.45949093925936
27.3739790543914
34.8332623019814
39.7085811075004
27.2716382518411
27.5331028610162
33.2677108235657
37.6593399340766
21.3271381051434
19.9006228410553
39.1884704120457
51.5865731984377
15.5074428128577
32.6053391604907
46.105071235244
27.2440293977346
8.44434718601406
33.4219421364328
41.0201074089855
61.4293687045574
52.9876143205911
34.5386228058487
27.9403686989099
29.8824750143336
29.7464907635003
47.9256142352144
0.819853972643614
26.9339584279805
46.6468256898224
37.3124594334513
33.8197751902044
39.6437708288431
21.7668695375323
24.6987850607088
25.0854636542499
11.1795741914767
26.4121176131378
30.8798124082386
37.2577353846282
31.6995846260237
25.0585947185755
21.6782569118669
56.0421859845519
37.0487137876606
33.3708095141697
31.6096038667231
41.7194844223559
37.2652223333716
40.9152499244856
47.6789744570851
7.11184195242822
17.8225840475795
7.10090729407966
2.13299756869674
19.4004969671369
29.7737101092935
39.1678129788488
25.3196401685046
21.2818280793726
23.9513204898685
0.878305551862099
12.4435050673664
62.7098335884511
30.9892196829958
32.0595134515315
19.7822501697274
37.0268882323331
48.3207899090332
20.1394176576287
28.3974218712139
18.063427333392
36.0767833422869
18.3307865168899
12.0229606429705
6.34504603222013
30.2418145930766
38.6113650165498
27.7030939701945
40.6977088427469
20.6834773067385
14.4941486842977
30.3293149452657
9.63895121748943
26.5052469912916
34.0680793859065
9.13772056810558
27.7860329665989
16.0729526542127
24.4682101998478
17.1796005684882
40.6303390860558
28.142007939734
29.5882109086961
54.9263404216617
38.1915078874254
32.4313320219517
39.007418421007
41.7549051810056
14.6347536518475
48.196411319077
25.7507679900029
34.3713868875057
28.9750154595822
23.387880832356
19.6118625955366
4.38587744514149
34.9356536287814
33.1780951004475
30.0502255912656
6.59882295876741
30.5265531986943
19.2878100089729
35.4238063958016
12.9992219619453
10.7876589056104
34.1808657579379
17.2949671279639
44.891816470772
49.0504192188382
19.1161798313703
10.5227399151772
32.8635003883392
44.7714362293482
30.126242064018
14.1687875359031
16.1409171041059
19.5022731553763
33.9844444766641
29.2042917106301
14.8816222790629
32.2875146288425
29.7304335050285
16.5033585391939
48.6197869754253
28.6296838894486
29.5345907565206
32.0106729399413
28.7593606667755
17.9702420253307
29.4689447619021
38.5341297835112
24.0600900258869
36.4123897118388
31.469573546201
13.7203217018396
33.6065938696265
18.4844475705177
13.6941521894187
33.6385019123554
24.2302338127047
33.6166660767049
20.9505140315741
13.9676198363304
26.5223006252199
21.9722456298769
39.7048367653042
21.0600512567908
35.4865832719952
18.7455079926521
38.2442987014384
51.7455940134823
44.9145620856776
10.6045273913016
26.8465552013367
24.3565112818033
43.0868356861413
27.2547729779035
21.5414652188772
26.5145438723266
36.4961660467088
45.5956046935171
30.3675868548453
23.5279347638746
18.4301862493157
37.2426674701273
36.8121377388182
29.5341604168043
49.3096296675503
14.6474026143551
32.5534507518996
42.6794242113829
34.9244307726622
15.0243137417439
26.1763547071737
36.352080332014
31.095233745873
17.8206957195303
24.6333169285208
14.6662119776011
43.7187324278057
35.4796070605516
58.3358933683485
40.2261294424534
8.09939065948129
10.3289105463773
23.5859405858572
2.65349806374483
12.0502726896357
20.7822535558103
17.7099836336098
32.538250926882
21.9753001816571
29.5883347280324
13.9176203131063
47.920506214723
13.4495375212282
24.8928675893694
15.882091736421
30.7911567389965
13.4935564361513
25.3434156998992
22.9151518723735
21.829512855038
36.9573474861681
19.8584920501722
21.3314911816269
33.5552896372974
19.6282571647316
31.7428782507624
30.9128715191036
1.49618042632937
30.4190075364913
30.6164524983615
34.5136271324009
5.85735733975886
24.7295668814331
29.8227323733886
43.258338002488
43.7021292904312
47.4632889032364
47.5146128796041
21.6534942783303
23.7483032047749
40.0309493299574
2.95248180627823
36.9823767337948
27.3751606737976
29.4762916862965
28.371513220233
21.7036388315336
29.4315935578197
44.9662543367594
37.4019020237029
42.9189888760448
31.1726524494588
35.6334019917995
26.0204838123173
32.5948894489557
36.3852334208786
36.9357182178646
34.085383778438
45.9347691852599
17.4819601234049
43.5132279060781
23.5952184069902
12.2143992976732
38.9360156841576
61.879834253341
12.7276153815204
19.0814684610814
18.7717657374823
28.0115691479295
23.6333954147995
18.7315098312026
42.4218668602407
46.9823227263987
26.435414608568
37.1729525271803
29.6233425382525
9.73337076697624
17.4978710088376
21.362490187754
7.24353981204331
37.3532500583678
29.5177084859461
33.4926798008382
19.2727407906204
43.2764951139688
31.5987588469312
38.4992227889597
21.4859932661057
36.2814728853653
24.78893911466
30.5148276966065
33.1567191984504
11.7898501950349
26.108439732343
20.0716287814766
15.4669112991542
21.0549240931869
21.5340777791126
31.7164117470384
50.6068103946745
34.1397737274271
3.67939746429233
34.4866255298257
0.592680228874087
31.5403167158365
46.7852071393281
24.7243297286332
28.5166299243977
43.4982003178447
25.4490996964018
18.5646880140107
37.9300467204303
19.9429965338629
47.5869718007743
32.2173201013356
32.2784469928592
27.2350483108312
5.53334387950599
11.8029273271291
68.7375378329307
34.3573834747076
15.4935504309833
23.1829258147627
33.798943599686
15.6645799749089
15.4667999129742
30.0692709838987
41.4807078428566
42.0595705509186
28.904520251175
66.151330107823
32.255839323625
44.4359597750008
24.2149995847069
28.2672062050551
31.1125032138079
22.7453110273927
39.8659207858145
52.7633433230221
31.1436665244401
25.4224902484566
24.7243024874479
18.6374677149299
18.1087965422445
22.3985738120973
22.9326724540442
18.3508900925517
51.4579420909286
32.3151410956743
9.80226510225196
0.985382357612252
14.1683377791196
24.3757890066016
28.3174638221075
19.5447620004416
18.69929176602
24.1871932055801
45.3870352823287
13.0152917108908
18.8082493612216
24.1072910518494
15.3694541193545
12.6026958327713
19.4843402132392
55.5365726817399
25.6667589303106
20.5324010923505
33.4587331861258
32.2178905630718
6.51419376954436
27.7704339940101
11.1790416296571
43.0028490252629
34.4790380448103
29.1174786510553
46.0414419416338
36.2990405876189
18.1784936917006
21.3413116769322
33.5449415259063
21.3816355589547
20.5407017376274
47.4180296994746
31.4186619594693
8.36501509336034
21.8900912912016
38.5141296312213
28.9791947696358
37.515999814361
14.502861443907
17.0176897158184
26.7848869844529
23.509655892849
22.0914181321859
23.2726663351059
32.5763928394667
40.1008988730609
29.0055503603071
16.2417110417595
32.2306426707655
24.3115377612412
21.6212685685605
15.5536893639012
28.2875328790396
47.1257282420993
20.873330719769
36.0388428639303
27.8925118036568
20.2779195711408
34.4118842855096
7.15254964306951
30.7110282592475
30.1419842522591
0.987532032118686
29.1983618400991
25.2158275805414
22.6753450930119
42.9862250573933
16.7216835659731
14.3053910229355
29.5872800983489
13.2111548408499
30.313865467906
28.32041378133
17.4992995484458
42.5280692700413
27.9595288913697
19.5726416409219
29.987110727298
5.25802870693295
11.5529354940111
3.22194355539978
41.2847279570997
43.8544536475092
2.92939865030348
31.0666544312129
11.6617414634675
42.5816137343645
25.289341094693
27.6226747007127
52.7769175823778
24.5385697530297
25.385187134187
23.9681536331773
39.6321913652902
25.1012860084419
25.8820476442663
16.0263602572354
34.3037354759872
18.2190236958001
49.4059579912573
49.4015113916248
22.9275790872929
46.3479658004531
50.7246684748679
30.9616977814585
2.8829412534833
12.2401417698711
21.5275332797319
11.4031254779547
1.88327399082482
15.5832443386316
37.4082301277667
37.041159812361
21.8983090482652
18.2893491815776
29.5703167561442
28.1818903344771
14.7435081590273
26.4245259109885
5.54198436439037
25.1359912079327
28.5219443030655
48.1550825906185
39.5148423034698
16.6892103850842
35.7820809353143
31.7884631454945
44.3262788009665
32.0637625642121
28.3580390303987
8.34746110014509
29.1588850319386
39.9335865397006
15.2097178157419
34.9034768994898
20.7012025639415
19.8461456224322
19.2443016916513
35.5485499370843
21.2919305544347
10.8985779151756
27.4003441856338
40.8708133269101
38.6722124647349
36.102189309895
26.8079703208059
13.7547967187207
22.0106987748295
55.5992879904807
28.042884869501
26.7063675777123
40.9092909656465
10.582433314994
30.4251473663849
35.5549611151218
31.2072670323159
42.3498851247132
4.4971541967243
23.2120132539421
33.6608061566949
5.08732074944515
38.8596548233181
27.2385349031538
7.56011442281306
13.132216637688
22.24016408436
28.8115539494783
23.6212238051025
28.0438603367656
21.073121484369
27.3399509955198
35.1300089154392
36.3067060879213
31.4600209705532
37.2882933821529
22.711467044428
22.775054583326
44.6036318550347
25.6616652943194
26.5908078290522
32.8021640423685
28.0691601178246
17.0065125916153
28.2273657154292
27.5701420381665
17.7286478690803
42.4438406109995
13.6816769292856
42.8763567935675
15.2886561583728
2.18393374234438
28.8938962854445
60.9516503755003
21.8411593432667
9.78539092466235
39.744820445776
38.2325305137783
44.4015342276543
16.9930013036592
38.5182053316385
57.9985602758825
32.0597878657281
45.1741777360439
35.4865907737146
18.1727982591838
16.6818116290366
13.913311297074
34.804773144424
2.16266345232725
41.8858511839062
0.451623008263257
55.2589392403987
35.9200431965292
35.4822047520429
24.6242977678776
24.1502850782126
15.6982668938985
11.8056111908545
35.8661010083077
9.02246944175713
10.0487527437508
15.7162831630558
25.2661517821252
18.5668543131413
10.1738084107637
28.3077696338296
1.18950489350033
28.4923017024994
20.214790021056
9.90083803095341
10.0824136286974
16.7208837810904
27.3401984013617
30.5459360331144
30.3932711947709
12.6606163103133
18.1072453968227
42.6484646741301
18.5490206058769
42.5045107025653
32.1718808619813
10.6248672120273
32.7952122781426
24.191966233411
16.9488482177258
54.023957438767
16.7850190307945
24.213875225251
18.5223517788715
23.5794649925899
35.6529057957232
49.2205202579498
11.3476583268493
26.2501903343946
30.301899695769
36.0189756844193
45.8453299477696
6.97444127872586
33.7267764844
15.7496986610738
46.3694265577942
17.082281736657
45.5174742732197
18.3321793095574
38.3685527835041
34.8455859902363
22.2636991752591
29.4717800039481
6.02755680253971
56.3883066643029
21.0667181294411
21.1009816266596
55.7532245758921
27.7322946236651
39.4074983894825
45.6214205648879
32.3767864925684
30.5744113332385
45.114061422646
40.3988832142204
17.3804290500192
13.8224660865678
34.2621460091323
26.1672108899802
29.6899326145649
13.785658593596
29.2661460710526
27.7519472874701
27.8884092930431
22.4012171048177
43.3863961603492
27.6720169000328
25.3960182263753
21.2567832435733
21.6471393592656
12.4220236670226
26.7974838148803
16.0466011805082
27.0785049941037
39.8517867550254
41.6293526999652
23.478450672701
48.1799577424075
21.4238685090095
7.92019963264465
13.5352117651983
27.2983206901699
30.6954263243824
35.2583785541356
27.5538067799062
10.0985896342091
20.2128106728196
39.5170254632831
32.5835283396962
23.7435534596443
6.77660396322608
21.8809538055211
18.6901782639325
39.6709822118282
48.332741484046
23.4604078345001
18.6014317441732
30.9590801596642
22.2078074117899
25.1251221739183
21.265758248046
3.5517442971468
14.5785314496607
31.7031642622103
33.6740869543443
54.3906643055379
35.3992212383439
35.4052777402103
7.61219308556676
25.90038088932
37.1704029850662
16.4579192642123
54.1104634292424
43.310052389279
38.0243798717856
51.9514922983944
32.7462704386562
52.6801421307027
16.7969312769708
10.1511324949189
27.5495836976916
36.0535936324054
25.2068089321256
43.2255858555436
27.0273317117244
31.1311330646276
49.7901500643533
26.9624375751699
26.0231608967214
25.3997342661023
33.6332899518311
21.7024322599173
24.406505601886
16.0267464350909
7.17949937097728
33.4858587655725
22.8849771302625
28.0201554816784
13.313964381814
35.162999946624
23.4525929971718
36.0506291347312
25.0893217045814
28.8652370218188
22.1006494630832
40.2241128031164
26.6932950289777
19.3965760990977
35.9907775186002
25.0728847458959
28.9068681578636
20.9116458664785
36.4205448320725
26.7066165804863
9.26652030469264
20.6189454067498
5.80624071881175
14.5270731765777
28.8225542753935
37.6746722497046
20.1477166730911
19.96566910697
43.6349005904049
14.6738656330854
20.2209726907313
48.7315040547401
53.2447889447212
22.9961301386118
16.6896736240525
36.3221193663776
35.1436483256098
13.8539656065404
31.017526704818
20.1233173254877
26.18758711769
39.7517142351717
20.0146245042768
27.799359569326
54.1498295031488
19.1721779804276
58.6902183521191
40.2219727169722
23.2906538527459
24.2970551364124
28.0567334516172
15.0802140425275
29.8247510567307
23.8964331336319
44.7168497798896
33.714731058278
21.7030120570975
24.5952326338738
10.3600149508566
46.2790113408118
36.1534607131034
21.4083341881633
45.9371883887798
19.5597504265606
22.2023103851825
44.7681245831344
39.2115623908192
11.5722233895212
26.6512669602226
50.5321843083948
23.664294846402
3.29230270546843
22.0495595131069
24.2783405503263
44.2506621126086
17.9094080501783
22.9027279652655
10.21034370822
12.027756806103
31.9289355731825
5.74005777016282
27.1460957508768
39.5359421148896
26.8218441628508
51.8779778166797
16.7711667274638
9.01413436010167
13.6795388069004
44.3935064717324
45.9887090604752
39.6699678999238
29.0440978016704
24.0614478010684
27.3577234110069
11.7284583859146
44.0088435076177
37.9898378505544
10.9244212694196
21.6466736979783
24.4535739533603
32.5482106301934
14.984636195004
5.59026770296103
26.2088485062122
34.7742561964189
46.8123883008957
36.8963941000402
11.738168541342
16.7315107304603
26.7567807416145
33.6852212260923
33.1790001560451
13.070563133806
62.1242139022797
33.1793732009828
26.6925876960158
17.1834491134644
3.46646904945374
67.208670405671
40.6737757381052
28.3767216373235
37.4571253079921
24.9029591213912
42.5293908454478
37.446373142302
5.89404092170298
41.8124288786203
29.2786090634763
32.7831544240906
31.3855299965527
29.5503245061968
29.453851422295
27.6917770301418
25.2267777919769
31.7296798340976
47.7690920699388
8.54877899297314
20.1786072045035
13.3726778440177
23.6020758355887
27.9979375003862
28.5828375257552
15.9890913404524
29.235763149336
4.92422664538026
41.4309122134
10.2447449534989
35.2419012226164
32.9352162738109
11.9835963131186
0.973994331434369
43.6184071470052
19.2212557728042
9.84312491491437
31.1317721588059
8.55979558211978
28.5880582872778
33.9426527265459
13.5649235453457
28.6664811428636
34.6643385810276
34.8008175846189
32.022759038955
20.4639516305178
9.82558685354888
22.5027068518102
41.4135991130024
38.8309503439814
23.6707306001335
57.3590115178376
25.9056934155524
20.7246772462731
42.5278091337532
8.85724784649827
8.63534468129364
8.61318847164512
11.5680022722253
33.7210109065821
55.2183941789945
32.9380032606423
28.7452334072441
40.4921380337328
34.9375393707305
39.5419080741704
17.5219863187522
24.477536091581
19.2556642927229
29.7756480519778
53.6094310227782
30.4592117201537
23.8547944463789
17.7615782711655
27.7461599558592
32.2875020559877
33.6443229232209
18.4554459527135
42.9292133077979
13.3522418196798
21.4668530039489
35.1855117807426
15.8836909104139
29.5608102809638
18.8253541011363
35.3718145750463
43.03020157979
27.1070864700141
17.1685486100614
30.3344381973147
3.54531351476908
16.7218930087984
18.8300784677267
30.795941548422
22.9600288380796
32.2684651290169
49.4620232941343
20.5194711685181
22.115757782029
33.1849746406078
31.6540098922222
21.3544022363336
14.6180507756138
18.3083188393639
0.795828923583031
27.0904767327011
16.1031773779541
16.6190642246343
41.4773132609452
30.9052673811763
39.6717242896557
21.1043930380924
20.8875913638622
22.1163166686893
24.0147614281323
26.2344069437424
33.3066397346556
11.3059029914439
48.1004226952791
14.6781649440527
28.5097424258871
50.3627263009548
30.6156367330605
38.0289264488965
23.9133856724948
11.8927404871682
5.53724357334629
24.456981010735
7.06507451832294
31.5960106870616
38.6108956299722
42.9518905933946
29.5670767780393
37.8500334452838
19.6298586731592
0.79263080842793
30.3646930493414
22.8085138835013
18.1151309516281
36.1934429750132
29.1585523635149
9.18585562740474
18.6185423934095
0.429619105373013
44.5185734890401
15.3655965294871
37.3152263462543
42.3390687443316
36.5372891537845
46.5329869184643
27.612473629415
26.9554493948817
4.90533351497447
34.5572764985263
25.1839277334511
52.3990648798645
35.9622394200414
29.317779885605
10.3421042440622
46.1149683222175
34.5035278704017
12.5739977229387
35.898412624374
19.7529166839192
14.6769820712507
29.4757562223822
11.0772894353945
40.5458654742688
29.2188636958599
44.4432636257261
36.9182472582906
32.6153379864991
41.1073017487926
42.2018045093864
29.9781315028667
8.10016426257789
44.5726240053773
7.39326113834977
23.9132473710924
27.4606140796095
38.2264531217515
35.5293172877282
33.9846001937985
45.491655357182
24.7634895145893
14.8600704036653
31.9727435242385
38.0828637164086
10.4563152732172
31.9018459324319
52.2688528057188
10.4475150816143
31.5191472880542
19.5779620669782
32.9035440925509
37.5473954249173
34.9027780815959
33.3000703282073
31.8150274455547
36.1307446844876
34.806302934885
42.0312004629523
28.6905226229032
5.2122488617897
24.3394701275975
34.0278973802924
12.7306811977178
31.9618154782802
36.6002359427512
43.2576607912779
20.0719052678077
32.4232956394553
27.5612434372306
12.7030448133484
37.2342441696674
10.9485422326011
3.08708279197154
28.9561821147799
20.7489026422732
2.73121856153011
23.2161377090961
23.995036771521
30.8386928867549
28.4598405938596
40.3745292685926
34.6873964648694
33.4011508151889
5.97718869758188
29.918799828738
31.2496508937329
31.5213575493544
10.5263791512698
29.4969663561761
33.3896210882813
14.9514650160734
31.7864501693542
4.84575107693672
34.2501292470843
53.5613322630525
33.3145249634981
32.5611052103341
40.7061180565506
39.5488148089498
17.1220635962918
41.210209535158
22.1421261730352
23.5543585263844
21.1993134580553
14.1410186421126
40.3401288203895
24.8011010698974
50.7043460384011
8.45822337708179
24.032057946276
15.8475665270369
47.4655882455409
33.9356049429625
37.5119162723422
41.0329292496919
30.0518692005426
14.1036623623222
16.4728576491814
32.6805004384369
60.2337475957463
20.844404771924
23.4936608520741
33.5687821730971
34.7302582114935
33.4507392884656
31.8607281931466
14.3186830449849
28.9410299871535
32.0597023237497
25.660235946998
34.0112957172096
3.80326393060386
22.1296055802316
45.6691913772374
25.6463119294494
19.0217597410083
16.2082989700139
29.9981656484306
11.9613211136311
5.07834404706955
18.57326680452
14.8161776829511
18.8578461762518
9.4144273083657
29.4116557660326
40.5123591423035
14.0970774926245
31.1354154720902
28.5769582025119
6.73273885622621
43.33256338723
31.2458268366754
37.4972883611917
20.8506148774177
12.8215402832109
42.1492288820446
36.8015244137496
5.54097983986139
21.3819867465645
16.7828620411456
31.7995154298842
26.9328186138357
27.4939267232671
55.0364706199616
35.3106501046568
35.237050242722
27.1510121626465
32.3985904455185
8.29318431206048
13.3260340722027
34.8486085422337
33.6058771703392
12.2001630435993
28.3271398860961
32.3794559768097
32.5390098616481
37.7520553767681
5.81145649775863
22.0642171277843
13.8662097044289
32.8932666219771
31.2293862458318
34.8692823309652
53.6902402061969
39.7790362865486
13.6674872133881
28.9212663657963
46.5392882250276
24.0866431035101
18.6651557423361
22.909335186705
24.3716081110903
1.4016091100669
18.5359744437377
49.4748365599662
44.2969935211279
31.9539508240749
39.8761665448546
38.4205442387611
26.4518332667649
18.3607848826796
27.2069711433448
31.0125892981887
15.0634891353548
7.72829689702196
44.4208485540003
38.7820646166801
0.532155107030863
26.9296773243695
34.0069038793445
41.2731248419732
15.4392340686172
10.3385908529162
36.8982220534235
22.0677770674229
25.8953276555985
40.0413722731173
21.2872289364789
37.08313735261
14.4338164012879
28.0682257376611
25.9264636319131
13.8924000319093
30.7201642851919
29.2919396888465
10.5087568052113
18.1740405969322
25.8022636175804
20.0181583408266
44.2005996126682
42.0191786027826
23.0263086501509
26.5778641682118
4.97718574479222
17.2296009026468
33.5244366457747
24.8770104381684
25.4049177281559
22.8867466095835
31.9439483806491
8.04199548438191
35.1946978179937
26.4317791908979
10.6190920656905
34.984696136987
17.9448561742902
12.0154649019241
24.8387822973592
47.9666771367192
20.5630672629923
21.0622321487381
32.4900792445987
46.8251555692405
38.1554629653692
18.4402970525136
24.7106749564409
8.16642981953919
44.2586213815957
10.6279490209444
40.383623905003
10.1864629840955
36.6527541656735
21.7267023297165
41.3544755429029
17.119234711193
39.5072529558092
24.4020300917327
21.7661628499627
16.6675669506185
12.5033939257264
17.7861238829792
57.0232975296676
18.7057685572654
21.5370764421827
11.1208819318563
15.1266097625622
26.566834341675
17.5657786428928
19.8938303161412
59.8578966222703
44.2680701147765
25.9530037641525
12.4023088719696
27.4651115294546
25.2258318476379
29.254635469988
