"x"
9.53712472692132
4.17593429880224
5.27210033124602
10.494661796838
14.512484613806
17.3347513197336
32.1692224003973
5.38473059423268
19.879229972139
1.01736716987148
25.5561396720126
15.9381534033779
1.38943986967206
4.5681924543836
8.87381320580299
0.173613848164678
1.71214127913117
12.1475753840059
5.93066346535901
0.16606287099421
3.45735918680871
11.6132946613874
10.5148845817894
8.44032432466479
0.261826438997217
8.17602244205773
5.78094967640936
16.0451987758279
20.918220195642
8.78856587223709
12.8725220449269
16.3442238684015
15.2361296262541
9.17557933153925
7.62018380197984
5.99065707752366
12.4399329070002
20.2536767348647
2.49865438905534
2.47174957767129
3.7613267544657
4.95922327972949
1.90656302641018
9.89844543650792
1.98606918565929
32.2304715464808
2.0932383115961
7.45663768611848
4.51704706649539
5.35797784104943
15.7587809917428
13.3748403489341
13.8839031503982
7.47662070207298
6.64424634648507
12.8845207393169
8.29401169903576
5.37366466596723
7.95974065549672
10.0865902210445
15.693019842729
1.21704791672528
4.50100456364453
0.288284663110971
5.89583009318311
14.9083627788786
28.6259083542973
9.07610817812383
8.98354263044894
25.4341615750305
7.93869867920876
3.62506689964454
8.0612022895366
12.3996152508204
7.1656855288893
12.0187514461577
14.6467608438127
12.4658419750631
8.86654005953574
1.41346445307136
5.87788089178503
14.776119182748
2.95814038254321
15.1253815274686
5.13947894796729
10.435793699857
16.0697304643691
5.51862432621419
8.53922506794333
1.21971365575993
20.7804000709778
6.83272308669984
13.8359113560481
12.0130438357592
0.161914249369796
0.0465866556980073
4.75944106104547
12.8456599544734
8.42123529873788
8.95904530771077
1.95393608883023
20.0206497684121
17.4552056007087
10.0454501136729
3.38565998065664
9.12957739311073
6.2125887721777
0.412117772378313
25.0773039501082
10.8263441827148
8.52725207805634
7.77970137384077
5.54358782246709
5.07742376066744
4.89352113193424
6.4222143497318
17.1198062133044
28.6924871616066
6.9375693749802
2.89836269803345
20.4025213606656
6.85493419878185
8.60926518216729
1.98076129890978
21.3315173517913
5.64258066945033
4.3657704256475
11.9704845827073
16.1403126009246
11.5316152572632
21.9212434254587
3.53833504839708
4.71524306197688
7.07735550272929
4.6183084603399
22.5226917261944
7.96761740999675
4.66553529972326
1.65977729484439
11.0017668842018
18.8890600604756
12.182595860213
19.2242241930217
4.66015227138996
4.85828365199268
1.05662251582237
8.13578478991985
4.59437444806099
18.5287996660918
9.06843040138483
11.2585032358766
17.0751752457845
18.5237395577133
9.36727258864436
10.5536054354161
23.5392606168294
22.7354251779616
6.24589291965824
25.9592144284397
11.2550548743457
14.8937161546201
3.06621080139756
1.72193413600326
2.45453761890531
6.50609768927097
3.45745123922825
4.9712995675729
16.5316511473466
11.142685247039
17.5170168746263
6.31306408921909
4.13655667075174
4.87861395813525
25.9893591050059
3.64577616481131
1.48368794471025
1.83125701732934
8.52757198736072
13.7347664201915
24.5076493825763
3.15009327605367
6.98123802430928
21.2219252251089
21.7064849365085
17.2954465090031
25.3555415441787
18.2476089481406
2.16748910024762
12.187311751768
15.1891833171248
16.3109787274152
4.08029480098842
4.05128773431006
10.0029569146033
3.31418919377029
2.64209216338151
2.56192740052938
13.2226463872939
4.08675689250231
8.9062140788883
7.4813290964812
11.7678969167173
7.72489346563816
12.2396307531744
11.8619803338283
12.8756724238895
7.39277475513518
17.8107972256839
14.9963276926428
11.0951641346785
8.16994071938097
16.3176318630576
5.282166833058
3.02989729680121
0.670039793476462
19.8049132712185
20.9740442689508
2.46611884795129
14.3051737453789
14.7038287017494
7.61638465337455
15.7031320979208
0.795848797078225
10.9782975327471
21.1265884339809
4.85814530402422
8.89857010915875
6.00538308940107
3.07597371256321
16.7149675399857
8.84895149745982
4.83491895720363
12.1083603826876
7.83825991675258
3.3480282407254
4.28067995235324
18.9191947691143
2.07214846619005
2.32275911741908
28.0523596797138
8.0020013730973
16.6345065962633
10.541070997715
1.26155680854601
2.84407766127944
20.1717523705
1.71375354369869
6.30609057843685
23.6888574901968
2.47599370777607
23.3530959082286
2.67945072466178
1.08271617960381
25.9084298275411
3.99176869541407
13.2630335178711
0.498519372195005
18.5803646687418
7.4250621756961
13.6870745103806
10.5928566772491
1.6064488145121
24.4995251297951
3.3115666359663
5.9566707815975
5.42608709074557
13.7012737803161
2.08394508182744
24.9157960865837
13.4650177730975
3.02721501239639
5.92743661875896
5.52774467505515
16.1474735010415
4.95925506318667
14.5224632229656
3.6755971651589
22.4254034292904
1.15500684895617
3.23775033466518
17.0331576373428
0.152055458838461
2.84872152453411
34.937506262213
22.1454838756472
15.0308693293482
10.9925356693566
11.5514173045332
0.615402555913758
10.0673882756382
0.138758029788733
7.26813728452468
1.12527031451464
0.723452952532102
4.45932988077402
2.15275771915913
15.0115909054875
3.98435925687195
6.41734775497207
5.4548759944737
9.81934786476554
10.8898991622372
3.82275615952545
6.04220184710898
4.39590351216252
6.88234069384634
6.85450439341366
5.1825160626322
4.32518553230797
2.85595711320639
6.95839268155396
0.101638864725828
17.2006159555167
0.457031978294253
15.2498509269208
1.1516148224473
3.98890054784715
2.41049895274697
6.12874540942201
3.97527219759589
18.2796783446283
13.9340343569873
22.1618288662285
5.42706362903118
1.99772062786278
10.9581121585026
26.2065430171788
12.2980996966362
18.4361031278968
4.4309127788354
2.93857519243516
7.59062553788428
13.6635576658023
3.42784812673926
6.52459496622241
24.2199114989489
4.98008088125346
4.96173386998218
14.7577645722777
0.474668221423149
10.2715552318841
0.200518453493714
6.26398888416588
2.33294324579469
4.9625442693001
22.4384105844566
4.62511437945068
0.202505983577563
16.0092311445624
1.247543024941
21.7189854942262
0.746558094397187
11.0862669136416
1.4622169546783
5.77539149671793
12.3834893291942
7.23147518001497
11.2888928968459
0.355686269891093
9.89446933381259
1.33151765912771
29.3874286580831
23.9179634489119
16.6011565830559
7.02947392128408
0.444021958115861
6.2953435618893
22.5944287934796
18.7775178861569
8.94820792600513
17.5469145644456
2.59691183455288
1.31979919970036
18.5345778707415
11.647024492889
11.5091625854142
14.3865856892486
7.33114847418741
8.76946356147528
26.4473099727184
2.18607259962317
7.8429555054754
18.6400442849845
17.1202189754695
9.7029201220721
9.85042080012634
2.85299624981011
6.36554015800357
1.36190118962487
15.8206986305187
15.462636518039
8.7967773712639
7.38319000229239
4.75877019598031
2.62945492084634
9.10374610684812
6.37869123141871
9.44764648081008
6.19378129822302
23.1605034321547
7.00670019723475
12.2924672905356
0.124750384044347
10.5995587538928
16.5018162224442
22.0052593853325
2.01541664067371
0.0571635973644273
7.31927016749978
7.2179670445621
0.824597477912903
13.899488009642
6.73995243212296
8.60688714310527
8.34078078885832
5.88871142826974
5.66285863078814
18.2885044428973
16.6346776169059
7.68307493666843
5.04302522167563
0.427229562774301
8.25900281779468
0.932898605242372
7.67015807691565
11.6887310163686
1.22416173107922
23.2278652720105
6.58578225411475
20.483511237068
16.8616822550966
8.68337443098426
10.3434243705124
13.4943336032878
3.68113513104618
12.8249993547797
6.26842686227364
3.61286514083325
0.940762180835009
22.2047043032944
0.426160314951452
13.7176317398325
13.141162879765
2.87484112195671
6.73803873360157
3.81040181034175
25.7792160846293
7.68099959463341
14.2234040925118
3.05698281154037
9.60330003872514
19.7660529986024
8.90321934754525
4.63019902817905
4.40126873813177
11.645515775308
4.59402681943277
12.9802441224456
22.3039607517421
17.8457004642004
0.850454185782279
9.62615534874903
5.08953533135355
6.08678362332284
26.6818490810692
11.7330526933074
4.62554864968609
23.1390149798244
13.5520549341985
35.4789905250072
5.29936526936577
1.67027497664094
11.7901535682576
2.65576001256704
24.275762281398
3.06237083360887
8.23900965042412
15.3141844675308
10.3104107476225
1.09306227487287
4.37341998331249
1.26817046745435
11.244344105944
1.23126143589616
14.7959976922721
9.67591325752437
8.38116391564633
2.40712226368487
8.1848060246557
13.3871104568243
9.17295371198669
9.66713288798928
4.59399229898786
0.549685328102414
0.371434483947096
3.01872753403161
9.56624772299414
15.4439188539982
15.2120355661028
6.49839718826115
4.89482974567701
3.19252801663139
10.9726933762431
7.04285032115877
26.4019782047962
9.90790492603509
20.9129668306559
7.39137846828593
8.01795125272712
0.695473188534379
9.72950413823618
6.04429394006729
10.8471170662605
3.4911075454121
14.8832528751534
22.7578233927488
24.5028855220896
2.68977088853717
19.6729927195158
8.47431477826307
30.7578812353313
20.0973849743605
3.31480670720339
11.3243024236314
6.29209872076094
5.26414015330374
13.995222793892
20.6499880918897
9.64546502693884
1.22468210756779
4.0558219842586
7.61061669327319
10.6134947183753
11.6730528883636
17.1206602826715
10.4941725265235
7.86119261756539
11.400867334102
8.51394177981273
8.41980809317802
2.6984647600137
1.80816319771111
0.207832083106041
11.3459361072574
0.901549821719527
10.2186784148216
11.7174975574017
3.89181412756443
15.9962374975241
12.9525226540864
5.13935876078904
30.1921984657393
3.2452363986522
10.9371723607183
17.6452396112166
4.37409385334657
2.20975183344629
12.7575297597522
3.62005549613165
8.98308013565838
4.96319578960538
2.45405151508749
8.86267520604063
4.60623264516884
10.1159098092467
3.17907901480794
8.25802280728426
1.79532398323531
4.24537775106728
0.398233579471707
0.977218633633819
0.72475615888834
8.76411397781724
15.7483413815498
3.37742968686878
2.40125651471317
6.25846460461617
16.828849228926
0.0856782433719047
5.93689368106425
6.35379810123999
8.66865440914801
14.9768118746579
2.78120571747422
1.1096795036072
25.2799703512745
9.46193915539613
8.48119782252269
2.41711759008467
4.97018230909674
6.58181640319526
5.43474676087499
17.0304551254958
2.52249318512194
19.806392909959
8.81765987724066
7.50848380848765
11.9516972755914
5.94600844196975
1.58438654616475
3.85738033801317
0.140906078740954
19.036403298378
2.75360196828842
8.64096628491029
22.5601921323687
3.25786513276398
21.9327188562602
11.3647662756487
6.68312937515498
10.9873492736369
1.95417972764172
5.71811935923337
0.675920723006129
20.6647429149598
1.09387038251095
9.63670248243894
12.4828047621637
11.3096702253801
1.05454917065799
3.70938816191818
6.21984894387424
3.25146783143282
4.60315737873316
4.99615767039359
3.01087005063891
13.3190632797778
2.12233312379058
7.35597708228162
3.24618921710294
5.8157351404142
4.13855938240886
0.313662830740213
0.494985934346914
9.5697978094217
16.2895881570876
3.15144034102559
10.6616180855781
21.3125102804501
14.8572421167046
16.5368522277127
12.8383249044418
7.34310713596642
9.07594469338986
0.421403497702437
5.34251221045609
3.92581158171595
0.0254676639976545
15.3456792172294
8.78070262260735
16.8396532069892
0.83506720179564
3.40457162819803
0.839270691333527
19.3618238475363
9.45800743972091
6.80579282343388
9.41739617846906
2.56523275747895
5.64064739542678
12.215788802132
11.5093562752008
5.16609624333853
0.453224033117294
5.93400052239304
18.1976380292326
4.81998377261055
10.5145151294724
28.5275729838759
2.02462221495807
6.56009165060315
15.5313117558112
7.3205779072642
4.30547135648788
10.110844951123
12.3324044771587
14.4454977253605
8.06151465512812
15.5853830743581
14.5067506935447
17.2543040131201
19.0685254056007
6.08821813948452
6.59872619435191
8.7140514049679
21.9697332940996
1.1326224077493
7.80066540279591
21.0069584610047
0.578870670869946
8.59739766456187
12.0006526820362
0.0772675033658743
28.8438059855253
24.8824329581112
2.69026160240173
17.8540197201073
14.0414353460073
14.5434113442276
4.7860630215843
3.77820411206024
0.870323553681374
1.81126296520233
2.05378923565149
15.3105154719691
14.1366197262911
8.45416147139765
10.130736173159
2.36341715790331
14.0305128879845
6.65771006606519
10.8655320946127
0.0232891156769041
2.16573057696223
12.2527376489164
26.7282682470977
11.1489861737937
9.18229122604747
4.09324301802239
29.9318879245402
8.30269400030375
10.6392463669181
7.09380484186113
5.42987757362425
4.6898736497177
7.05692269839346
11.2072997411056
5.59851224534214
3.89490583911538
36.0853000544012
8.2451856076138
2.59635769762099
2.32609715312719
9.73427402774344
12.6716119237244
3.53609639996561
4.65876739472151
2.96121072747725
5.11706308461726
17.6614779542636
18.6876000836492
0.302580495147424
9.26288440823555
22.5424381904304
16.1336656803814
5.41549725458026
7.42380625445106
8.73335693031549
19.1035364288837
17.4867028836161
10.0892024580389
10.9565134697356
19.1098433919251
4.58317061559773
6.96532027795911
8.7327414295253
3.67921041324735
4.72100142400875
23.9041878376156
7.05440121438782
16.79299287498
11.3211385440081
18.3278212323785
15.3949487023056
7.99343570100986
8.86338287964463
2.64242203616968
5.23004867136478
10.9993951246766
7.55322254262865
18.0097216274589
13.5910115709793
4.10494317330483
12.9426412284374
7.37315331951091
4.77772601943658
15.1895973414672
16.3124753393686
4.61063859984279
1.00978241970041
4.27135487663701
18.3349443599582
1.85571229085326
16.0500860831691
5.57326008565724
5.64297369254282
17.8981287870556
8.86026576290675
10.1861886280584
3.53355198167264
24.4395351037383
2.65860143117607
7.34126400202513
7.2399233327339
7.60166719555855
3.40437535196543
20.1721656798006
10.2354718324139
0.867823138833046
7.0666573010385
17.6228017546237
3.58137342518965
19.7141349781305
13.2750547491014
0.661201728507876
13.4194617439223
2.32977512752518
7.11771394126117
0.0183042924224401
8.71904576197267
6.99870977550745
11.721177212894
12.0965249836445
19.962283782661
10.0749699840618
0.302376179024577
16.4651942879364
0.84478841163218
14.539139624685
1.23192461356775
17.2858062200248
2.61634164489806
9.53796873800457
5.55343483574688
6.61333300564493
0.51715848967433
15.9886569716036
8.96901325322688
13.6703359428793
5.83784719929099
4.12684572584724
4.1222935076803
6.05454765897835
15.801970846951
19.7593332268298
12.3537209406514
4.52119186520576
1.59812984056771
16.758950566873
7.35577805899084
3.23367961682379
5.24499756284058
4.9675755232792
3.30369797050067
14.0629233792424
0.955094816163182
11.1418999265879
17.1337332110852
0.783817122871377
5.51658543523396
3.70201119221747
7.8370485920459
17.9517535492778
18.2265259325504
12.6699600413059
11.5124022783322
23.0280065336967
14.7774344310164
1.33109274320304
2.43298262357712
2.25701490588456
4.79482063092291
4.56956576773536
6.26850840635598
10.793573951855
19.0317860099941
2.47856173664331
21.9710892997682
21.2215666928451
12.4043666757643
0.858332642160399
3.23159730077332
8.72845947742462
2.14006192982197
8.47907177303658
9.57108228467405
19.1770672309496
0.672836087341545
7.96647862264097
2.70301941782236
9.42075005732477
16.5562051348388
2.53714694453004
15.3052241284668
14.3758768791599
17.6226685289294
7.46094439486338
8.34558492445445
8.681947911324
11.5573320495062
9.43368882872164
1.60463242791593
7.98849905841053
8.02184331588568
11.2225521131095
14.6818172513082
2.80556767612709
1.08887879177928
2.63847303576767
6.39109515835217
2.57631386714402
0.516439275816083
6.24041378751782
18.3198907251296
2.84043443904657
7.48902279883623
11.1402956543713
2.16377675533295
2.89216875637637
3.27491697319691
11.8350805249065
10.5229132343084
16.6812642477453
18.4436078649014
12.0426281621257
2.26928717419738
6.32591139164715
24.2323372513056
7.18860174529254
20.5952558666468
6.03674067721969
2.48120532895501
13.221037061885
17.391616918026
5.21154110990294
3.48289051754557
15.607242193073
11.7703613300756
4.52802345441328
8.47725610092141
14.6385709610552
8.7629911955446
12.5486216507852
10.9743022471642
3.68328546173871
3.66061006316568
1.60438376478851
12.3207275290042
6.24012080952525
3.90948601998389
4.39103233686179
19.7814148850739
11.34645473212
10.6219627894461
9.33760587322118
13.5593619069513
10.9761411911268
19.0019157546686
1.0327391933848
2.53779231062233
5.77720305882394
20.0173588935286
8.68612315832866
17.5693272612989
16.1667532766772
13.7834859197222
6.14755693774134
1.14815407432616
0.13117203488946
8.7565291672945
14.683592505753
11.0553584950715
5.90707202546777
18.2104172650725
11.6252601612359
6.51734047569335
2.58048702962697
10.7033288571984
12.2624433133751
3.71008413863003
3.58494783247298
4.04993756369696
10.3661961853504
0.718549145001545
5.1019377540797
5.99562563307898
5.97480454361918
8.94979030039478
6.2020932789892
7.49842906370759
7.87992808036506
8.0143160190965
6.4271732699126
6.08955612406135
4.98569188639522
2.46898944887711
15.2026780079127
0.774038583040237
24.0173150785267
2.1913714798472
9.2523742467165
6.95441830903292
12.1806816508074
1.36042581871152
9.90346241742373
9.11717060953379
1.46517010922804
15.3881368227303
10.4983794968575
12.8538555465639
9.12370928563178
9.90478109205769
17.6858341321349
1.31529490940092
8.29722201451659
15.5298982250921
7.5730449966878
18.3295925840077
3.54293854907155
12.6463921637567
0.84201511926949
21.6870475375141
4.8595504835248
7.71876609106373
19.4123149769689
2.4278849363327
6.18552891070487
5.54149236390749
4.60549057461321
3.95809826818504
0.935814095458156
6.1620473746144
4.66056121513247
8.5979996714741
14.7569270096351
34.5975910313427
5.33201638609171
6.72284779138863
4.96802004461372
5.47859696671367
17.9351266939193
4.8302176874131
1.91676124377522
0.429459614679217
16.8038272298872
10.2645056322217
10.3197618503764
12.7847629599273
20.5047279596329
5.97523269243538
19.8138454305671
2.00492384561774
12.9688662011176
0.0452598091214895
12.3639459721744
7.0360876261373
12.3438060283661
5.49931190907955
1.80181311677997
3.78452404402196
14.6297481711973
5.55360149592161
10.9796944568567
5.17472601495683
5.16811367124319
9.77725316770375
0.461873498522668
10.9105764407177
4.30504726245999
14.1222001539686
6.5022514667362
20.6184586926375
0.782265671758563
3.67576596327126
5.67737442138675
3.51899875767167
9.29327711929302
10.476103099063
5.25610259844354
19.011257577733
5.07275843129037
0.232409220188856
3.64026157185435
15.1672135107219
4.15111179463565
14.6932693663985
2.88804909214377
2.24892545357529
5.0061643589288
0.312093225884391
13.7485419865698
3.36627922952175
1.28663088460051
24.1024214258534
24.5568959455193
4.71048469542319
7.50991552729589
5.91926784254611
0.897775171324611
23.6130567267537
9.2424392234534
28.8808539975435
8.55840295553207
11.0032634479686
0.573873799294233
9.18262092131116
9.53261144690121
5.90342502109706
10.6108114517777
10.3877779235615
24.4789867227439
17.3675886821002
3.28505001962185
1.1169645935297
7.13973310776055
1.08229786734013
1.41139505431056
4.37927911989391
9.75234364159405
1.76490361177812
13.6833204187795
7.67180958728907
1.75153063610196
1.56024643220007
26.8478060873187
8.0491007771343
11.1629993189126
13.0567311084218
3.41646764427423
1.19540588930249
23.3921970706433
9.98139651631635
15.2045911409754
10.7373173348606
2.82249754163503
22.3472569137812
17.7949328441173
8.31457951295596
3.61948204226792
3.84184340946376
0.327650471999958
8.70715556666255
13.578007183969
13.4596880525351
8.82297901835384
10.140457301514
6.85534530639299
17.6526185298054
14.8923648986965
23.7604711137332
15.1611065644349
9.86576490104198
2.61987843550742
12.8545919550044
6.46880501881242
8.25134138243475
7.32262763735622
0.474317790940404
10.7742705848068
11.8545236272337
2.01678275621414
8.25532243378089
9.97269991785288
12.4816892202944
4.75542196072638
6.07239315286279
12.7239044755697
6.12049368210137
4.69950378869997
5.7965271640569
8.77955097529559
7.85117354243994
3.68643985129893
2.33973628513554
14.9011630564928
7.26459450887857
17.527224868536
3.74118299223483
11.3324852194637
16.0523775499314
12.736801803112
0.9567208485559
4.03875657072973
4.89813680760562
7.8329510986805
12.0324898350697
3.72130118520827
14.0954302025556
8.04222198202771
0.191896175965667
4.07368210144341
7.02412079678676
9.57977795042098
6.94576725363731
5.21907502351419
8.69495973054281
11.2377286422998
5.02125544451564
15.3859168756753
16.1579370498657
7.89196228028383
16.1050477996469
8.31431760452688
2.50964933075011
5.32881500144075
5.33430115319788
3.78660744381457
2.25018756464124
3.14198513515294
1.80427967438535
9.31568536907434
10.8911708462983
10.3103478878129
7.48881790786982
5.94724919646978
26.8377450760454
5.19369760651416
4.8808314551188
0.284917631001214
0.421264069154859
13.1423194892704
10.0218571406155
4.15199295813211
6.36057706773
8.58277783863844
8.77642063423991
12.0723311323673
2.54096480244985
7.97918537408507
7.88911515846848
1.59102212959303
2.54368584948755
10.9327437952518
5.66616412252188
6.24302998213357
3.14841477743969
8.33474770188332
2.32499772682786
0.137249613180757
30.9279067441821
10.9064080848912
0.775426905602217
19.7857805527747
12.4673726037145
33.2711195045165
0.0994558709833046
9.48704676702619
15.199412452057
15.9678148571402
20.136421173811
10.6328094156667
8.96609749066855
4.99314306901296
4.03869648675759
11.3171103876084
2.84949452616274
0.730971153825521
7.52752125263214
1.71398734673858
2.75081105269221
7.74046704173088
3.87746798805892
1.00531396678501
4.59119691513479
10.4197084636172
11.2231635022908
3.12435275239041
2.96005221876398
0.294221657486873
17.3683099448681
0.0725189223885536
14.0866500325501
14.2456742498668
0.962486472953458
12.4382148496807
24.7073352213588
1.66706927120686
17.3359850665554
23.8243758212775
8.40309030488678
11.243114573881
1.25202289782465
25.3852409310639
0.534302368760109
3.22503754869103
12.7265340314079
11.3371243700385
13.2976425797787
12.3963398270632
14.7284929597481
6.37586021602588
5.18093788996339
6.04277541860938
25.5958597641438
2.82503128419233
2.95672490943856
34.9005288444459
10.4140815181272
21.7486239257956
23.2801743317395
13.1769059225917
0.56125782430172
0.486548058688641
9.83272152732014
4.97468579560518
11.9250612260631
0.739961443468928
15.6858318679013
5.08546410128474
6.87307449989021
23.1386725790799
13.4257190950314
4.07904859517481
3.43105496283806
13.5747971944511
9.249671921134
9.73508274182677
14.6913266275078
16.7482274318729
6.04223827831447
4.40821051072193
6.66316994117628
12.2761289589107
24.5824292767793
18.3838037773967
4.48096271148311
16.1141287535429
3.22976680472493
6.85880756936967
8.56329258531332
5.15797832049429
3.15885768811267
7.78589767266227
19.5519870147109
4.55358018729146
6.46787864989146
0.282174603203355
8.0572394568481
4.41939427952672
11.5617763251066
7.66182070358036
17.6068815868348
24.2144444491714
8.43681595649346
10.3516151662916
1.6328747395931
10.5538151226938
0.877539487555623
0.833967243888407
1.20652681216598
8.51972014643252
9.50553265128337
2.34895027242601
6.43979148007929
3.16430626990144
5.00816400162876
1.6529288425432
3.27126343840475
20.1422035228461
5.18813161179423
6.98840336876626
8.86188543184126
2.6446488227372
12.7040396928934
6.73992809512861
7.22106765024364
11.3067819736898
4.43107327446342
12.7703157253563
14.746310422197
4.53768349252641
2.32135388068855
0.201087538152933
17.5176983484538
24.4119240902364
11.9838552549481
4.52264410717742
9.91791565902531
17.7105694160263
13.7788034975529
7.21905523156021
16.136651718989
6.7434333730489
15.9966434153504
0.915177958086133
0.588119635358453
4.17624819092453
4.14788238704205
6.49259821511805
15.9511224832386
3.58068053610623
22.6199234835804
3.41580523756294
9.96991321527337
17.2001210041344
12.0579680698441
3.70916933877068
8.6940745357424
6.63121091650848
3.05554191581905
16.7680552694947
1.07912612147629
1.94722302258015
14.8758129365541
20.5896172240354
17.9162877611816
1.75692519297095
0.193411597381455
31.0152303427458
7.07302973109179
0.00152778811752796
8.01924872212112
12.8520926360605
7.61920128459509
13.6256176047027
1.86057132668793
9.27857084491169
2.71251420490444
16.2076236214489
8.54759530805881
9.40317143686116
0.0628900714218616
0.737792880910904
7.82460924237967
20.3008155338466
5.71599584072828
1.4432308729738
1.54953300906497
2.13473844341934
24.610785636154
0.299001112580299
11.8604131042957
7.6757331378758
22.9225680226904
18.1450086645782
11.4207206759602
4.50670449063182
8.12504352070391
13.8065556064248
7.1483543747501
8.06815827841397
16.5752608141015
1.48978978395462
11.1187596805394
10.2827498491869
9.20898518525064
18.8926210404517
15.2170256711543
20.2143561189139
5.5680656665962
13.9811568427831
8.7395451687516
13.4960824158043
5.1743607186609
11.524061796644
10.7449229341
2.71818736017799
7.81113631092012
8.40812744572759
11.0729982810334
22.2291759222367
15.5568347778171
10.1909244328627
18.9339635096086
16.4360544178635
0.690234407713596
4.48113009333611
10.6944265775383
4.50629219412804
12.9829956684262
1.47474757185118
24.3648537434638
18.8563137315214
3.67362672396161
1.02813888818568
10.1699966005981
12.7826642710716
16.3177605252713
10.2135599840434
1.98475867509842
6.20576013468483
10.1918159447361
9.43191084079444
14.1715459991246
1.323286537081
9.4002325553447
7.72417330964524
20.0923729687929
20.3270485551262
6.8944611342297
10.9828620217741
0.155215427119812
8.96744456267229
11.5508234594017
9.87958261974824
10.1446022279561
12.6660506291626
21.6447666093243
1.3462482739453
16.8069564271718
11.583207487268
1.72675070352852
5.69360600784421
13.5896403233672
3.74412559904158
5.80203234744658
0.37064952775836
4.43890555761755
1.23934387229383
2.74160669814099
9.10948016680777
14.8226168986742
10.7913185842335
43.1735975667834
5.5410067550838
12.0464580133557
7.18908094688082
6.89829047769308
20.6173723718392
6.82144360616803
19.3711191107673
0.83575495518744
4.36088507995009
7.38904336467385
3.43271684832871
8.9424606045067
10.5269158259034
9.15769604034722
0.0398135475163211
0.130592845380306
0.397960403734339
6.61939244921967
23.8872918765992
12.2322298417739
2.47966317367028
15.0994993353072
3.15350810997188
9.96164152600108
8.81545385345817
10.8961776830256
15.4797726831483
9.26986294798553
5.71598019450903
10.3424667490802
3.68457821003449
1.11779165454209
1.64060671813786
12.9019864369184
3.49159478559546
17.9396235260915
13.8001408893615
12.2214036395784
10.8707089903094
9.18757193721831
15.7617164775729
25.0995590178811
11.1953269727537
10.2426590406871
22.1638052258641
7.4575662612915
0.930945308668809
1.86722944490612
2.01213508425214
26.2809349689633
11.8699764367193
8.57993667013943
27.8688667342067
12.2870870409042
0.585337217307217
15.0780190248042
5.58925010028071
16.3133269566464
2.80734887346625
8.70187855325639
12.3494572937489
12.0307965669781
13.0765513982624
4.48216016261507
9.99879582114241
1.28838419914246
15.7516891602427
1.37005420401692
6.08142004348338
7.8061880543828
3.91224591835112
20.8224415024858
10.3280675131828
6.35704803280532
2.87932726384086
1.62826835014539
5.58123113587499
26.2898108456284
2.19448641873896
3.4867494367063
5.18497079285345
3.8236387539655
5.68893291056156
16.6259072936054
40.0503727607429
1.61399213692156
11.8488063104451
7.49895671430296
0.379600515589118
0.295081989603555
6.63907123311097
13.256227504462
5.18808418516285
5.86862601339817
0.513784065398447
8.09964910149574
1.76122675672281
1.54279116133293
8.8956664065359
0.61377173521326
1.31930098868906
17.3159145284444
8.4032625425607
6.40675925807491
13.2463451009244
17.9922982875008
19.424653891474
12.6392358447455
5.43710985220969
21.9766805418641
9.71801728010178
11.6860752459615
10.545595549047
15.1615523284409
2.47792380481062
13.0246345345478
19.5285073408697
7.14095031223736
33.346253906471
6.35839569515593
16.8742725625634
8.68554529733956
18.5327975622136
1.85894565656781
24.4335890292793
2.25167377483081
9.74541602987622
9.68063217587769
34.4169549178332
12.7613510470837
16.1874528508633
8.06172598498476
10.9159083105624
9.64061338454485
5.5387401022017
3.32409078255296
9.78886242955923
3.56195513428631
8.15553633496041
12.2383310925215
6.41859954473797
7.16049950569868
8.2482764220352
12.8669559489936
17.9100245703012
5.30091623632087
7.57126626558602
6.92844353616238
3.86993559077382
6.26651300117373
18.2750217150897
22.499044239521
14.0764599200338
16.0103984642774
2.98089338463026
4.19159171714854
13.7469066306949
10.2932575624436
15.2419597243203
0.550909407908565
12.177467505278
9.25005543977022
6.31317358955508
0.647214122280888
1.94904166847122
2.43789870291948
6.2500883721781
22.2115468699485
3.42079973779619
3.31221194937825
6.88388752751052
12.5112222538569
2.71853379115994
18.4934821445495
6.18163852595972
5.02684363164008
4.90071043822426
12.7877643797547
9.88883981481194
2.79281148687005
21.5236813295633
4.92420722730458
0.608446920274425
5.62106221914291
15.1048214551014
1.8820151652349
2.17689582592297
1.95705122314394
15.1532341726124
1.71192299180316
0.479528922778695
11.3808976951987
3.01207178567945
6.69847623860583
3.61676183529198
7.54449842497706
4.89227273501456
20.5907103139907
0.541464701330217
27.156742149964
8.11606108457647
2.86349167545632
13.3545673260049
14.7414575090356
0.0871589106271376
18.2367583271116
23.7764489836991
11.663680034637
2.59183969142403
1.42709976062179
19.8525786399841
6.83131227269769
10.4315847158432
2.3681425023824
5.3409506081699
11.8024961091578
14.6548369656463
3.01559520885348
2.94273920698088
0.734827188981025
3.42261728816331
8.20717480964959
2.06482880850521
25.8323847795712
12.7001323787669
8.01137704402208
10.6641523074359
1.1804586276412
17.7105625087096
10.9122776902268
10.3651341050863
1.18621932342649
1.89100317656994
10.2680200245231
14.7196613259427
4.40939819800668
7.16896243393421
1.82049732775948
5.37023670040071
29.0945533314836
9.09485830925405
12.5662620449992
3.79098821431398
18.1979094166309
13.9231116298825
21.7255167197436
15.4343381524086
2.15456346049905
2.01727980747819
0.0231952213578425
16.1643707659096
3.97576616757146
5.62540818937123
19.514446053654
1.12361735664308
4.90623927722318
20.0372960418463
1.84751055203378
13.3115751701353
2.11100159005191
4.64229783974588
5.20541044672868
11.6538983704292
2.30441596359015
15.5081142671406
12.2378663625568
6.91551595889455
3.43326862873156
1.37302284099514
8.73412371593333
9.35022123157978
28.5142335535221
8.5141053928424
6.97323657970731
9.0796088796517
1.31698744371533
9.55204991623759
1.39071089215577
3.16555723547935
3.94472265616059
9.05197617533347
21.1712137330323
15.3833435382694
11.3275700040336
11.31540994734
6.61585307881614
7.04936203546822
8.2139196805656
7.04020913690329
7.99974004769422
2.40744515322149
1.11756958067417
5.64435150856131
1.35442619800725
4.11867639049888
10.3059280120546
3.72918750107992
4.86919138380849
4.72206980921328
0.0483630626226805
3.19154022192757
10.0764632690698
6.88680392178765
9.20437574386597
3.01226773299277
12.0382538617469
16.2663045912843
25.0821857247502
5.12286179881095
4.34172097066605
7.76248760521412
10.8536818530411
3.9008999889898
11.6343304102384
8.93560373704073
14.0414570458233
19.2397150763876
0.849822827986472
9.86850559711456
15.5476021619509
15.8354186388405
8.64495229907334
3.60520626418293
15.1969796168828
13.1627603079759
13.0216579884291
8.09770440682769
7.0397196803242
11.1065154429525
9.94176818057895
0.880511455093611
13.9705459121615
2.61225043796003
5.36048185306758
9.58692203275859
13.3963165804744
3.71359875425696
6.3186107936376
9.83066447079182
4.08566719852388
5.62950087448868
4.26422107095945
9.76608448054783
11.7232776246965
3.78464973596513
11.2509785685688
4.11669695712325
10.9486662317067
19.7142928410114
2.62612984515727
6.08488441639857
9.44013185799122
21.0276474244893
24.7163155581802
10.0182149512525
7.81290613630306
0.747949816286564
21.2097194977105
2.62720761820674
12.7994463779032
15.977989577198
3.46780145193808
10.393841514754
7.53411957994103
2.28171059654808
5.2008055097541
14.0099754947996
11.097839719307
18.0165073028317
1.78874116390944
6.82236514985561
14.2569890801643
9.85241294838488
20.3730365727097
6.92328846542656
3.49698131450406
8.38249209336936
8.67529450915754
14.5518950652331
6.43954062461754
4.10386877892483
8.52084414196508
9.08253351226449
17.1235444955528
21.7425081413239
17.9245930597058
1.88256707275007
5.39401866702776
3.14226240786131
10.624534683302
9.75586515851319
24.7751334216446
16.0978185012937
0.897352219443843
11.2894383724779
6.54436205513775
8.4899930315296
9.64241441374618
16.6913201101124
9.1107398737222
12.691851425916
17.6794770173728
22.325979731977
7.47414853766421
3.1600216678081
8.20913780480623
14.2438385635614
6.72841970808804
3.26337334699929
13.1612773974566
5.14702750369906
14.3544150516391
9.23794750124216
12.3667771928012
15.741371922195
1.35067499246587
10.5318480171263
6.56611710630646
15.4443906473139
8.90178959816694
21.2115515954792
26.9690748304129
12.4101490713656
1.71108112223392
15.948897427871
13.9965112321079
3.94463581033051
0.259012014075341
17.0473864167426
6.00524242036045
13.0590566433966
1.5522846871473
10.459024022649
4.48187962174416
0.121470354497433
25.367799308151
3.22836556418038
8.39431658387184
1.90276934409882
4.96285600231265
0.0778407324105501
0.321437953895089
18.1068066973239
8.74254318627809
10.6963258884569
1.65773736783592
5.68611104731043
14.9525221437216
3.57696167193353
5.37942964583635
4.67519119589584
15.6959750223905
8.5723548914018
2.54524428861002
1.42752757331075
6.57426733523607
12.8810841590166
16.4242947423935
12.1973542962223
4.12955204956234
6.48395083844662
1.42387508752697
0.393629032005967
8.38588185503102
17.2691721934825
12.8285849001259
10.433328198269
6.89713468539581
3.83859891444445
2.9490729258998
14.0399602707475
6.96299578874074
7.80972214415669
1.15059331566397
16.4826397784054
15.7020242419094
19.9936516313741
2.85873273387551
7.80491997097248
2.07126508466899
10.6114420574158
0.990390354006503
1.48282416170388
5.58531121350825
0.047982789016622
2.79659218292661
4.6853194013238
12.0901488871601
15.0153649505228
8.85848691905492
18.0392268579453
6.47868998348713
14.8530821999671
12.56219332883
8.66534123197198
0.280080249908824
