"x"
9.92430537007749
22.3999702373219
24.2877034988056
29.9831977485262
10.4788465891033
35.1603276096284
0.776809733361006
47.2993139643222
26.9962172023952
27.5082337611986
24.6960830410692
29.1704120580107
24.0910149445008
59.8520376253873
20.4334062989801
9.79595476815056
11.9701931253076
33.7675379123539
27.3734731134027
34.6470625139773
12.3857441807705
13.7837282729345
22.553347236914
31.86444346793
14.4116102252156
47.3959783092141
35.3208539541811
10.705239046365
23.4752368181944
49.5030987542123
20.0800377409905
41.1348442081362
27.4421756056646
33.6808813331882
10.8886409550905
8.1060741096735
30.7070678029277
28.7689558818481
32.4119667988271
7.24925007671118
34.8427108488977
44.2406631074846
18.6906216200441
9.41822775096729
14.7178838495165
17.2891185618937
19.2844639532268
26.6650501638651
38.2486948534687
21.1213378701359
26.8812243361026
28.2068731728941
34.2542022725038
36.2511788494885
8.51429811988919
27.1912619005889
30.0408005714417
14.9127100793957
31.8730652094842
6.11069994047284
35.8008990529925
36.8558173533529
36.3781201735964
19.6209832230807
42.9084429517388
36.3169990945607
42.7123103756458
5.74903506785631
16.293384693563
40.9728826954961
27.2046086844057
16.3256546016783
41.7110797017813
16.1626963410527
31.6085546277463
38.5057087056339
34.4005854364131
15.9176934976131
33.0181573051959
34.4105357488907
22.2088981885463
30.2371854428202
24.3183069396764
45.7676741294563
29.1752889286727
36.4282491616905
19.9192810337991
52.6912335359986
28.052937798202
35.2357460651547
8.09067897124663
25.5779877305031
24.5556994949799
40.0181146238356
36.8181840982288
34.792279265821
25.7147702388465
33.2424153107646
24.8355724383146
6.10193912871182
39.1512373404231
28.8384449202567
11.1121671564168
43.9129050821066
37.8399626345887
41.4362859945978
31.0648692306131
32.8382492996752
17.982525145635
28.241260536015
35.7940431684256
21.4974222239107
32.5363257434219
35.0994288921356
9.00710403506588
7.99986600939244
25.2182955660073
27.9155871830881
45.1125070938009
36.4841034635901
33.4106648806483
10.1591474376619
21.6108132153749
30.7071615519995
21.3963878767345
33.1020778976381
9.2424247879535
24.4958913959122
32.9232995864004
34.0338248496375
5.55092673748732
15.9653689246625
41.4070842481032
35.9081936534494
45.3242410439998
27.7232470922172
36.3785569090396
25.1161298248917
5.30706568481437
21.5269412460133
6.75392942503095
11.3749883137643
40.1549760252237
11.6171012166888
24.7207329304131
20.9409875668292
27.801424684003
48.275556974113
32.7309681102633
34.0482091531157
27.6448119431734
17.2954334877431
11.2426445819438
41.7552229948342
7.08496447692458
32.5702402740717
33.4345187526196
11.9656267189228
33.9804524090141
19.8514610957314
28.1200813595206
14.8153785616159
5.93729295622455
23.5522659961134
41.7311287019402
2.8793241652315
11.6474435199052
38.7577766500538
28.2142966563169
24.4173240382224
18.6848609242588
50.8538699243218
17.1588392639633
48.1068874709308
40.2084932196885
28.3063147682697
16.4373302832246
11.6028779186308
45.8507826551795
32.6474893372506
43.4315950144082
28.9757665600641
37.1806181967258
38.049093057653
29.1910492720138
16.5225883945823
3.269957148619
29.3222783133388
39.5137513153473
15.0944050601325
31.554509093985
47.3497646860778
36.3437740132213
40.39465659298
19.155787024647
8.48384364508092
44.187046178453
20.5577577464283
35.4930950328708
26.8640741240233
22.1571530681103
26.0598575230688
29.3935049790889
39.6536508575082
28.6043017678442
24.5486517564051
12.5623721928276
38.1274474784732
18.3556958567351
43.4498687104106
32.4715584050864
26.9611667376012
17.8824078494958
21.0112704895437
21.9422049354762
32.3607026119703
23.9394387211048
27.1058838814497
39.3566467799246
38.772932626307
15.8845480101521
27.6335261296481
39.3770314287394
39.0154150925599
29.1472924873233
14.6390573620319
19.5964760147035
5.88161775650017
52.7180311270058
19.0386447589844
39.1544324345887
11.8166002314273
9.07702806082614
4.52938885428011
26.5136972742046
15.0862319130933
37.2705882415175
25.8406959922515
29.0977219984652
23.180631249035
23.1918873265386
16.0028673242778
27.4747041985393
21.7653677333146
32.9617564100772
1.7578172374178
25.2380985202132
38.9736982062459
27.5978533711228
12.3278519604355
34.6721647483728
7.94754986360083
50.137142976746
30.1800244022161
34.0612863656133
31.4283236395568
29.0100475244285
53.3819565083832
7.99930343426901
33.6508435662836
14.0352095477283
4.59742043167353
35.8187586069107
15.3225417714566
36.0020060092211
21.5402299072593
16.872329916805
21.5822315774858
25.8918721228838
34.8939536139369
9.49981329031289
25.3421220462769
21.5717698913068
26.8514302821534
32.4607400223613
49.9095016624779
27.2801008541137
26.3314677868038
38.1665578577667
37.7030961681157
11.5220509469509
23.9625277666763
26.1660259286122
32.4598398990929
24.3558352534068
41.2660317029804
65.1671233586967
38.6729346761603
4.69191120937467
20.6734205596149
30.3890141658485
12.499652224029
11.0520628496605
35.9931941669689
15.2826605830342
45.7422021629148
25.8985325694084
18.6610545031726
46.5382498223335
30.5009087203
1.13703669048846
60.5095214210451
33.5206489508804
31.4231578726321
24.8549879528582
43.2160841766745
34.5222556497902
2.00734985992312
2.32822974452236
20.0316284297762
47.0704628965519
26.0549399070442
39.5140189677477
29.79985338771
37.3480121938129
29.0033058263361
18.2934192474931
27.0408618126428
55.0575580913574
35.4234762163802
40.930776624009
34.1233323793858
33.1666556652635
12.6834557857364
47.3171423655003
24.7331370348711
43.0236230138689
13.0003039259464
29.0112237911671
21.496050991118
10.3402369655669
27.5766666512936
39.0497248154134
34.2299903277308
19.3165718577802
16.1849560573659
19.1904624924064
16.9019717296444
46.8392648734152
20.8701078779995
7.45888725715835
14.6565890405327
12.1795866313088
38.6360798648413
33.1296626944095
31.3596015330404
40.6888443045318
30.9121388476342
21.317633588949
43.6045990325511
21.8665978125542
16.2272861227393
16.9714109972119
24.4397440294479
3.53455590695569
33.6911721620709
3.85618237778544
35.0219112820923
23.6133728642017
13.9473062008619
25.6581436811758
46.9726329203695
9.54565806092096
18.789783352986
22.2714159172028
42.5088203977793
7.07081630727715
37.1574033051729
24.9465044350484
39.9961294739874
20.3392543324465
6.70700557529926
28.7371412385255
21.9032615423203
18.1919526308775
34.6145120449364
35.0060240831226
33.215861035474
27.1391484886408
29.4629796408117
26.0872787095292
28.9373575702106
34.8182218149304
30.5058173369616
20.5763161648065
20.6373189110309
28.712945478037
25.1137165801882
36.9264941196889
0.442762998864055
36.4395265001804
17.158043066605
38.1996859330684
4.14069746620953
33.8249562773854
19.6539303753525
38.366536423564
39.0510331552792
13.2791397627443
20.80159346158
18.2979404830526
51.0492511120109
36.7373154032975
29.4285414274782
35.9425168484449
34.5398131757975
10.484171287211
14.4629450980574
26.5115021262318
33.8633521605208
15.8235497307032
24.897657521069
17.6549438908832
28.0951721526157
18.2932768948376
37.8649252466857
1.35555591547521
20.9581718733537
37.572707657932
45.156691165266
33.7320413906127
48.0214126335895
22.8287786245346
14.9491690099239
11.5059140001329
42.9172698874027
23.0096547864377
13.920730818063
9.04278382658958
23.9058967214078
36.0417864751071
50.9407409001142
51.605326635763
14.6151286740167
12.1053414495479
26.1383713688701
34.8752934485674
22.4971746560186
20.5440873280168
27.3038050582356
12.4223824606218
31.3755043652736
7.29398159310222
18.8207733754064
38.2696263957769
35.6450854800642
25.0958250835538
42.1106155030429
28.5960382124215
14.6602791268378
20.3013906655633
21.4460567105561
24.8869864755592
18.3060180250821
39.5490474067628
28.783009853214
20.5640177400312
29.1139847269224
15.2372439152296
25.2020587722649
19.7549663333183
21.7199047096074
32.5094620057944
17.4110437743366
18.1713256399342
14.6533881236914
34.0639133937657
24.6793369296938
15.5818922123417
24.0382357966155
34.1800155118108
45.111238444224
46.5725873596966
25.6794704124331
1.33938558044819
28.6617446690798
17.6415202207863
17.5370920925611
15.3986206042911
18.2087873913616
41.612546966693
23.8352543674409
31.60549281165
15.0166495703161
27.6817080344702
19.3601597100496
15.3812348881582
19.1054477822036
44.7269135154784
49.0716720931232
17.1738232020289
20.0439388863742
39.0208138618618
26.4729742892087
18.8861784990877
32.8886525705457
45.4642260447145
32.5858687516302
30.229017091915
49.2047323845327
28.4181919880211
24.9666538847907
5.34656130209943
31.2701903957696
21.2786776013672
22.8253361301599
19.1632279700614
35.723713533446
22.6512398105115
6.69951210729778
7.02259056270123
20.5352036748081
1.79774357754257
21.5411142368128
12.4180728114361
42.5192640628666
33.2055892329663
29.7856140416116
12.9841040140135
18.4672724481826
27.5407189037651
22.5511964410543
32.6968216337264
7.05914529971778
25.9582240600139
24.9839473050088
26.8881810829043
26.8542376346886
31.9297270849347
37.4344002455473
37.6659982484646
39.9786356836557
35.3388051968068
16.8043847195804
13.0823213141412
22.8018363472074
22.7309281937778
7.92017341591418
30.7267740834504
33.2505995407701
37.8655168227851
13.8729593624329
48.5405132174492
0.679620914161205
19.7655812371522
37.799739651382
10.2111467322021
44.457664526999
57.0516524836421
24.4542623404413
13.1664261687547
34.4492950476706
35.7310458552092
24.995729395231
18.8894844148308
31.4317997710278
31.9831997621804
11.0846077051605
35.5250472668558
23.9101254846901
32.9418363515288
8.86230980977416
30.0332981788234
37.1362947224272
35.5678167511773
12.9828069359064
16.5455086932578
34.7647733986378
31.1514662259423
37.5711450066374
9.58434314977936
30.505492258817
22.0178043492595
3.99306155741215
31.3506740145385
14.7837791064733
34.9867816786112
20.6824950873852
25.2703795675188
37.9430957138538
35.8487450840127
17.5838234834373
29.1429619210698
44.527166987686
17.6439556758851
22.262133118722
27.4133641272783
31.4543173491125
34.3467123340815
29.848518082872
31.5108028706163
21.1729133776737
20.3971628565341
23.8475158344954
34.257224528119
30.4293288267469
44.2640008520209
12.4148124828935
27.2449633106589
34.4005058985204
10.1968517982134
10.3522989754917
25.5642687901855
16.3302270303164
13.3143164226882
45.3630980720882
27.4330521468073
55.7389087975025
29.3331136461347
5.0333728082478
36.3780478404342
29.2693839408457
21.6379962124258
30.5229742079973
15.9112235996872
43.7372255139053
32.7877474023697
36.1250251638968
29.4580621698142
28.8940555881709
44.255429925397
21.1703260065804
42.256314214319
42.5023220013827
21.9771340201163
38.1213047541678
34.2999279033393
35.4270804155015
41.3545977324247
17.7095133811235
11.2764584910467
37.8157851286232
22.3012570757419
39.9675911758095
23.9672063849866
31.8405212834477
30.6638777256012
20.3947463538498
14.9966568134015
20.3450164292008
35.8017616439611
10.934025561437
33.2113492020275
28.1417021941385
22.5907959806376
16.9980263604196
30.9882989618927
36.2157877068967
23.3918786980212
37.0827886783639
4.31845499772781
52.3485250305384
37.3047639615834
46.06480631046
19.8369122575969
11.7234023753554
16.9540899340063
28.0409560589898
9.02080563828349
13.5243265423924
30.3115059621632
18.910707994477
30.2764320746064
36.4266885444522
45.533968321979
36.9526436552405
45.2686921227723
37.0424672961235
26.330927060917
26.9499373492674
48.1968415435404
44.660361809656
2.9830876035223
30.8494283586206
33.6566990241408
18.6890479177237
20.6052612047642
33.2904641982168
6.64752968586981
35.5456740241323
26.870511751622
27.5635838328804
19.2760559865718
22.2260826732963
40.5139332637191
40.0898014355502
24.1060522536488
51.6602943651378
42.8363413084298
63.3316225372255
14.8084934210701
12.6742998535171
15.5741739798893
7.6484827324748
15.6926538329571
28.5223216663283
37.6137514598668
15.221182079946
34.14963693358
38.3806842990774
36.2730630207807
41.1135799509605
31.2747961375862
18.7734550605731
17.6497764756167
27.1705429233865
25.6064157385892
9.61810395123597
49.7937524691224
18.5366604790778
35.7220833905663
44.5867904290022
32.8304400667548
42.2567078774681
36.5029510110617
25.286692994084
15.4320401605219
44.8192406445742
3.86011276803628
16.0318635869771
26.1480160523206
28.299753881693
22.0761345891867
23.508416954428
32.054127426818
16.2346446886659
22.629047796759
31.6288687288761
32.9584432765841
25.5416890606284
52.9302555602044
24.2704219184816
40.3236974496394
20.4359883442521
19.4824214559048
27.2565572851811
27.9345769435167
21.1598892696202
21.8179275747389
19.9458231434205
27.9826777987182
37.0643730275333
12.2309863567352
14.4127241214799
6.42661768943071
14.0889595728368
10.2020707447082
46.7752949800342
26.1612918829142
30.1761718932539
28.2587064905234
23.8322382327169
11.1947343219072
22.8362324545307
28.7051874212921
24.3631931111351
6.78856701467733
26.2168685439974
29.6055192593485
27.066983981058
6.24945056624711
10.5462457285314
11.2622580000891
10.0871464703232
16.9984920416027
36.126788565889
25.3060253147161
32.8612484503537
12.5907237175852
31.7707033827901
28.8874739781022
23.9226503297687
28.6489815451205
16.2144165377421
24.2171202320606
60.5725928430697
26.9405921693761
19.1524898845696
36.8398440028316
39.9492465890944
39.8437845055014
41.1555118858814
0.542916543781757
46.722434554249
17.9926962126046
24.9143110296319
0.91480071469351
56.3666864298284
16.9349231323757
35.2315115566
38.5290117003024
52.7014811057597
34.4780853483826
51.0895732349272
18.0765051110298
4.89007541909814
47.8932150627701
16.0353632828711
24.8497606720775
28.58208687976
29.0866510942578
13.4812430600249
27.0244635200261
27.4239468388259
39.2376658023093
33.3844790700823
51.289115963502
16.454341957363
26.8772776549065
39.4280740241522
6.6163775511086
19.0615603234619
8.9986867737025
51.7083785803537
5.14785037261341
57.7096938155591
38.5248679667711
16.0209989640862
23.7302053719759
42.0950850749027
24.4911209214479
13.6182848364115
44.0733764698979
50.9825218468904
19.4623318966478
11.0635856256956
26.690675271675
18.1226040702313
36.8850542698056
1.50893782265484
32.7149522025138
25.3049349877983
16.4014433976263
11.2311681030698
38.0667494502244
36.7456942331046
31.3045807474999
46.7270391956807
53.3266672864556
38.5967085469797
23.6159543293902
46.9168968498707
25.347732193768
34.0328140184283
25.5530735012187
20.0075375381857
27.3270667867246
11.3221590872854
31.0725795570761
24.8558280989528
31.3824666664004
41.9605854898691
30.0687099806964
30.2009454928339
31.0202284250408
29.2205689487397
33.9796542991137
18.5821898747236
6.81215379051593
24.2027494424015
32.4474522378296
24.749081833097
26.2211323882716
28.6488038022071
43.2028114701587
19.7967068757862
9.56460947854205
4.93470424864934
24.1640151944011
32.7478365972638
34.1548815369606
22.9916082229465
1.8564412931737
22.7317125843684
21.2328743253313
4.53685266743021
24.7257813881296
19.734640000388
21.3776713240198
29.3069909326732
18.2225012220442
54.3081312440336
22.4991242401302
49.273038841784
12.5308007525473
32.5023642275482
39.4804722629488
30.5352398756806
29.7909666567568
32.8441420443164
48.2783016748726
12.7882951904111
11.1604205573176
23.4279938507825
27.1129350177944
18.8267976045768
32.537554576993
20.3529194463044
14.2616772761269
21.404346348244
28.7913500797004
36.009455518797
44.6506799198687
20.7181248978697
25.914116330656
38.5482636617036
37.6987551804632
22.4968281574547
20.2694752719253
22.3692056722939
7.64805758371949
27.9230815824121
26.3183164298815
9.27426652051508
5.11907647628943
30.4036677256044
15.8852303866297
39.1338123106839
29.2714241892099
27.7562542816354
20.2339967995933
34.5489328281624
33.7225297931582
0.0944782048463821
53.4856170415878
26.7587879672647
11.4647825248539
37.7544755116105
33.5168033372611
10.735035315156
42.0108682454477
32.9827452078462
1.79607295431197
3.61796817742288
39.6627169568092
26.8242369509594
21.6804181757573
24.2613176815212
54.8985336907208
26.3002026373804
23.9073393400759
22.4149967336143
8.98878200633257
42.9958549328148
27.9093528632075
4.6548709837283
40.9848424140364
0.747811508041756
18.8053391408175
49.6296939440072
35.7417243998498
0.559114757925272
16.4268306456506
39.7359523456544
27.7457179501653
34.6187749989921
21.9802764244378
5.61181293097295
41.5202405074042
33.5442445706576
29.9641763791442
31.5830223656305
11.1045466915452
39.218695873725
17.2014059581737
28.741663787514
37.2610279358923
22.417680779472
40.1348610408604
27.383319747986
13.7119574921339
11.1684046084928
17.2730829101056
25.2933416049927
4.7769958153367
2.16366960553044
30.6502651888877
28.8538789376616
35.0270037073642
31.0936719644815
23.7534418702126
35.675311461091
45.9570933599025
21.3552970904857
44.7625193279098
23.0529214721173
6.54663145542145
20.8641629218843
35.5399119667709
25.1923431176692
16.2296866460569
26.5140652656555
26.8892544321716
36.1722405068576
24.9020405042869
20.5856894138991
18.2663011364639
37.6631234306842
24.81669068123
24.4875468409041
23.5688428860158
19.8208913672715
39.6723207551986
23.9700018428266
37.9808645844794
35.7303381897509
34.4164393259592
39.0553264413029
29.6778284944594
5.56561681441963
31.3856508261791
31.3588425778911
15.2303316762599
11.5969401204893
31.6941472701728
25.1610535662621
20.1521125290273
22.3160585388541
39.2781444825232
51.8818305805326
20.8639241514391
13.4955853689462
34.1845838148146
14.2287831976688
37.1502630412579
21.0195033811033
38.7236008420587
9.4930423021982
24.8380508803027
18.1487881952447
35.441026603803
13.9820191077888
31.7724036984146
53.699908265844
48.5204059630632
21.0651999339461
31.6797043196857
23.9160659257323
50.2962328493595
40.6441366765648
30.467646100991
21.4376527838259
32.3235519230366
36.920063989237
18.463495047763
26.3636389747262
30.9233349527545
6.53130761347711
24.8769502155483
9.52292722750244
21.1326101530469
25.7322730962187
21.4133994842029
22.6036040578038
53.3575007226318
29.6560757669468
37.7571005839854
47.3973070271313
13.4938987903297
19.6591798681766
22.8413745295256
39.1640101148406
37.7645099069923
14.6556445863098
17.8635223741552
19.0731245093048
38.9737583231181
13.4474656544626
34.5573345664889
12.7922498155385
14.0382484532893
35.1069686003029
35.6436481699347
24.8126895166934
41.2466918583959
20.2071202453226
9.94792611265575
8.87875091284513
39.3045880366117
34.9955589044839
31.465624878183
24.1712041199207
45.2618825249374
10.7028340455145
26.5540750697255
20.7181323785335
18.0018395185471
20.5723758321255
20.1170796062797
8.6218757203626
39.7280588746071
30.8959109708667
48.669169889763
15.4594000851162
22.1244832035154
12.7368317916989
44.1595313665378
25.1260584219643
38.2329811759962
17.4914658535272
23.1633546296507
42.0637839473784
29.5900989789516
33.8048450648785
31.6684181998086
16.9443603605032
34.2017974238843
35.1517327595502
20.0727154500782
26.3462573755533
23.0016971938312
15.7625379040837
7.7367483638227
9.78925698436797
27.7330668643117
20.6957768556774
14.0127872582525
30.2809464279562
24.5340227615088
32.3802390601486
17.1808697283268
29.7490948345512
31.6344772931188
22.9607639024575
16.0795617382973
12.3371683061123
30.3383295424283
27.8083952107508
20.3541128430516
20.8303619837534
30.8469695504755
23.0771343689412
33.9380250310664
31.8468450568616
22.6730939932168
27.8827807498326
43.1712569431212
34.9615588784218
32.0516646956083
1.66395043465286
31.2904599327632
30.9523692820221
35.6572362128645
36.6962390951812
13.2742776772812
12.0000859824342
15.1205572299659
38.1208682432771
45.9476919379085
42.1527131460607
21.248448593542
12.4367549728146
32.6966853812337
7.8672167536531
36.413318105042
9.64792836457491
20.5135942797083
18.1276023413642
9.62757458910346
30.2134804427624
51.0492933448404
35.7464728676152
15.5201851983094
28.6243609152734
33.4591993150881
12.7524455550579
29.5059171970934
47.7675436064601
26.232038391754
19.9407593217659
32.3244023871725
12.5547896139324
27.5062981061637
42.899038689211
6.66064023971558
42.9427644237876
15.5084495865438
13.9368341770023
20.3055736608803
26.7879929859191
27.888199362259
44.0924238475776
42.1054162085056
42.6124916411936
34.9514269735664
29.6511193798886
34.5967584757241
34.1206470608527
29.8900294583291
26.4478638302535
29.3348691426218
21.0817292927942
23.4450034215622
18.3995082983939
25.6990683730692
13.9098275452852
17.0899300166301
0.387971755117178
39.110541343689
52.1414856892079
15.4466121923178
26.6219280660152
28.1546635553241
33.0068157596127
26.2352348857081
47.3709533456713
21.5651402249932
24.9386033043265
24.8321458231658
28.4007448703051
23.3552278019488
9.96181680820882
24.8157001268272
13.1290687572108
25.3568483503993
40.9783380106091
28.8523945491761
36.6514599798306
10.2551220916212
11.4752819295973
41.3823916111141
35.2268843911588
21.3467675372252
23.1003016233444
17.3792473506182
32.364386646077
30.7987792485264
35.5043022427708
47.7217516396195
25.7736385334283
28.8274141959846
22.5312515054443
34.6770495176315
13.1436046212912
12.2243203993021
22.2564110685186
19.920228747651
18.4851953534362
15.1820236817002
3.73291205614805
23.0484041385353
11.3192376680672
19.6996222651921
10.3788415435702
19.7749339044094
23.9416981581599
4.99836727976799
38.7860040646046
3.32750126166835
26.4844015526979
14.5990496834114
50.7117543369532
15.273279208927
22.9524878319353
40.4497859533876
38.7404907494783
22.7466346317036
22.0594586338848
21.9769664574414
15.8123634681703
16.4274010807276
16.0320431925356
20.5808244645596
34.7617062636579
49.2593448143452
35.2855928768574
22.6632669825993
16.0714839585125
36.2485084682703
9.5706599651991
8.12026080675423
34.677604958415
30.0331380683929
29.2063052300364
24.5011763647199
21.0393836721778
30.5982098449022
41.91227061674
52.251983107999
21.7812558170408
5.40443598292768
28.1666832044721
40.1381805539131
20.3159948810935
16.9480821117759
31.1691402923316
42.0513466466218
29.5104993711725
12.7078291468941
38.7609910685569
21.172211645171
31.1723915394396
30.4026192175235
25.723159348323
21.3052009232342
14.0795642044395
35.6634410948547
21.4785940479487
47.6250609382987
15.6779787968844
26.0513901963117
12.5580898486078
28.2824653198744
37.6439573708922
22.2560740541667
13.1256811786443
34.0423185378313
32.7300420496613
32.7501327730715
29.9371629680662
11.3521284037085
10.7073774561286
12.5251870136708
25.0232334714383
18.7520957086235
27.7489859610796
30.4205310530961
16.0226073732806
52.6796794510981
34.4095886072962
38.2367407437414
34.9925468349896
55.4500876460224
24.4769912667314
14.4339959779087
30.6977270171046
31.4332082867622
36.1005763988942
43.7056490685791
14.436560543254
40.7026133965701
33.2298617810011
22.6508402265608
8.39966861531138
35.1636418604301
15.3352195862681
42.8138258401304
30.4300614219204
26.4371820725501
34.6602274203655
43.6366713605821
44.4042321294546
20.5963998539855
50.7359354756773
18.1172087502236
44.0959921106696
21.7358910944313
33.2145448688709
21.8662525527179
21.3929646880434
22.2180365345556
11.9026607833803
13.6563889216632
23.4978410881013
7.89899347680351
39.1553089022636
50.027353130281
29.4752958230674
19.9232936836779
10.2524025048513
37.3453440490746
25.3904322627932
32.7427362765614
16.1948540713638
40.4524576850235
43.5300118691491
45.4442579764873
31.8506660240988
28.8055921904743
40.7363663427532
42.0707556419075
41.2184449932948
26.1734582497967
38.9034532503359
29.4089723541877
32.577416813001
16.0461916637763
18.181294189019
41.2350852508098
11.8024690718542
21.7970062047243
43.2553300634027
28.8124621380121
21.6945608146489
23.5313037410378
31.8078991491348
20.2413591556251
15.0940862018615
28.7367885466665
26.1594765981252
40.2706662633344
16.698978957764
32.9837434658981
29.0632807649672
15.7133964189522
17.1757895965129
19.7871403768659
7.95576138820803
30.6521379962791
33.0749172251672
5.57432287245794
33.4685310721397
6.05612476356328
8.34447068389469
28.8096114993095
43.8058362920713
51.8620328977704
28.1719463483269
35.3509635664523
26.0264944285154
41.2950405385345
6.87373797409236
39.93180442554
19.6574302390218
0.757790170609951
13.2103354684757
30.4754120713939
36.2274451646954
35.4827215895057
8.12344900332391
31.7672139863052
36.021742131561
17.8082935512066
26.3919958844781
36.3700334971247
21.1001300718635
25.7795583456755
16.652411269024
15.275194728747
21.8841277431312
41.1370268557221
31.3975106459111
14.5476224366575
23.3015449575631
32.5430892407894
22.6462767925113
29.1072561405599
23.1894280234852
35.7830182183534
5.66362240571834
22.5151052814714
37.3542512767017
33.8251935783774
32.2030757088214
22.1415900490615
34.5441435400695
34.1318125836551
40.913567924872
14.1505184094692
13.2542454637587
28.3905603922904
20.7337952684611
19.825760833919
12.7651958322804
3.22482669726014
43.851355696097
24.956094921514
27.6700756512582
42.0652299188077
14.9445433169603
25.7923225872219
23.6021071206778
7.70852839870652
32.0989370811731
42.3529722727835
22.6940019274609
27.4095690343529
19.7488379295467
28.2790841534734
6.64776401048448
19.3579623831451
34.3488657847047
45.6895094715315
22.1325063146651
34.7502695862204
31.4313204871695
19.7629279457033
25.7652583532035
19.4563042556476
23.4632069769032
18.5336442572213
18.5614173672762
18.2228126563132
29.4934266630008
19.1195818595588
30.1421647685136
42.883598850358
7.41564808413386
22.5046703591943
40.0527076795697
41.746083150946
31.7562414877876
39.1395346261561
14.0983813697541
22.9159583337605
30.3161013871431
13.563699927181
51.8913106647391
6.01389487273991
24.2177880834788
5.46988090500236
28.5379296634346
37.5354296993464
26.1966344434768
16.2827722959784
27.5877726264298
10.8301830012351
20.2551905775216
20.4710343386978
30.7771250605583
28.2048686693183
17.5408340990543
26.2903494294733
26.8604171928018
16.317820828408
6.29122219979763
44.7231450583786
28.6708472926702
23.2602399773896
14.590381646497
35.5435858014971
21.6249941382557
3.4723102836067
16.6693242732435
47.6607888936996
8.2879432477057
24.9136336613446
28.8689033988499
0.68392176181078
36.8910778779536
15.8980420790613
1.96482015852285
26.00656459108
40.3542386367917
2.49449624679983
35.0067951250821
5.02792531413441
28.3797566346949
29.187913890928
38.0604701116681
19.8304731398821
44.7028004106927
35.1718973465576
43.827056651935
15.5087148305029
31.811311893836
0.249331006256069
45.1081695966423
12.7183568198234
33.8303666561842
40.6173978749452
15.5573024231086
16.1287561990321
34.8154206294566
22.4095487489534
44.2900733903875
15.968534654892
15.8230582252145
36.8187668267637
57.2147319555985
22.6725893095136
17.4299310936608
26.5144493896514
23.5985453240573
5.15241041202944
36.7598114069551
11.4494009170711
46.2664380203933
39.9643839802593
10.2183086797595
11.5841082626923
30.4400029592216
3.19373284309917
27.2665882906108
51.8997952342033
11.8906281232068
32.3895007371902
22.2738415002823
5.14167374931276
28.5077656619251
38.2576175965369
49.5608825236559
32.1412549354136
50.9712625760585
23.3982640784234
28.4438019529545
27.7326305645633
35.4570195544511
14.327538766798
42.5241019111127
39.8239727132022
23.7943900283426
23.3870268749826
6.03490355424583
42.4686099402606
25.1336982939392
26.2181408237666
16.4341946598142
9.8619266951959
15.1487436145544
48.8042262427699
47.6524047087878
17.7519106747889
53.8361574988812
37.4974487815052
13.0033458117396
28.3148162998259
19.9160636311024
19.5385429780749
41.023284336552
27.5855151936412
14.6376041229814
26.5040755271912
28.9570961613208
33.6002329074608
52.5090479291975
25.2459907266704
19.4825379217009
21.6815436164988
34.0407169889659
42.98130790703
26.3236532453448
14.8039718624204
32.5714318044945
21.0817886982113
14.1493190545589
41.7617493164083
49.3001928552985
35.964664304629
7.40083913593021
16.9484486913433
37.5569909141273
31.0136408545077
28.1052334234118
15.1808660735555
10.4698100720315
41.6763673614179
34.6957428846508
30.0605952739716
51.4962409157306
18.3310394247775
13.2910502143204
30.5140359792858
35.5805979660776
37.5901818458176
18.2829789351672
28.9043394828237
29.5431611507602
7.09235984832048
22.3768229637162
27.8816162375637
37.0724992826581
39.7021951153874
5.36433150991797
27.0362664942681
37.4021125491709
6.08482444658875
29.7382748220116
5.07571650668979
35.093182278797
20.1957609970123
20.5291720702494
18.3670304715633
21.9274088120465
21.8496652357631
45.4070321890649
31.6464158706367
29.3338647577912
15.2550650666706
54.7364899888635
34.6608455758542
18.7646451406181
10.6964616624181
3.64374457858503
19.0255727618933
39.6777252523194
36.3514957949519
42.2543670516461
11.7438887711614
52.616726886481
31.7397786770016
35.1291583385319
20.6366688013077
24.4447925194415
21.3476347271353
25.441199215129
32.2828697040677
16.7508993369027
27.9269720427692
8.80638440139592
19.2128194030374
31.3651088159531
0.625705141543044
20.8519489504397
35.3095127735287
14.8830355690334
3.94573411904275
35.6937416534166
30.4722626738893
12.5289152376354
25.6393619446944
12.6965196337551
7.05268947479496
17.441524239257
30.4364876355976
41.903910972178
11.087890488115
42.0095454901457
33.8876178022474
9.19232349842787
26.4908036217093
36.3636758644134
41.2098492961377
7.36681262872093
37.0124715649568
2.79602771624923
18.8458553049713
15.0654111948211
9.96583294387334
29.7787119634449
49.6302255429327
44.755637506023
14.1610730798809
34.6486254129559
34.1260300949216
42.9911848157644
35.3477708995342
28.9871315937489
18.0454256718171
10.6173507440614
51.719632325694
23.4401687048376
15.4710156257691
29.5609145846758
23.3397947158664
21.7272797684817
20.6119986250997
30.0798213575035
30.2574654575437
16.817242000252
30.9262700844556
19.4124777335674
20.0540683697909
7.62455738149583
27.9135665958084
34.3556760344654
40.5237015118337
37.5308759976178
32.1856968570501
35.00996530056
34.9579596892878
35.3747267474871
50.1506858039647
30.5589160915873
35.3093994315714
28.3230943139642
30.7105712972448
49.1533161140978
51.841782964766
22.2407242748886
32.0840345695615
30.9234014712274
22.002200365786
48.1103050224907
21.7628206126392
45.0396126636424
22.5139636080712
8.62282929010689
35.0215026177466
30.1691579632461
14.0088547021151
40.6255674069401
21.0998171474785
16.0211513980687
30.5141256190836
29.5405452139676
23.0346368160099
38.0973024759442
53.2088831067085
31.973301526159
48.9267508499324
51.5951967798173
28.5671030636877
22.1668395193166
50.4547046017438
18.8414062404861
34.6837940625846
35.9549578279257
45.892269955948
51.2345034899567
12.0978723280132
37.8916105721146
32.9361778110281
9.40146539360285
45.2634098939598
38.472600914576
24.551953905668
36.31793686844
31.4856659155339
35.1827885872724
50.8605111039825
16.3218624150405
46.752869989723
42.0864343708344
9.58283520303667
15.8658392362379
37.1241410262883
19.4537689443678
31.3802730757743
17.8574592340738
30.5157172959298
10.0002054947384
15.7167417462915
33.0470435321331
10.1855283137411
40.7594515010715
21.6447610408068
29.8084621314432
55.7554939241896
25.8559102192521
27.0689957309514
36.8447509594262
32.7881877776235
24.8026122625703
17.998264497146
37.2537680223882
26.7388684675097
29.8849120867343
35.2697431575507
17.3567204270512
46.160312416032
23.2660213951021
40.6919631175697
37.6167736481875
38.7299924623221
9.90415457583901
31.8780877161771
30.5752807029658
29.9881932791322
19.3501275170998
21.6695855837315
18.3639573398978
19.6121585555375
22.2908054012805
43.5842717532068
16.9627755636024
19.6768836852502
30.0489965826273
51.7302819993347
31.0392549727112
3.47225577570498
21.3843620847911
47.4557427689433
42.2812554519624
15.1012588128505
42.1977228950709
32.799532962963
27.2187827620655
30.1659208722413
13.033580962147
43.8450000714511
20.7339626736939
18.917222879827
35.8018808768366
19.0860662143677
18.5309845206886
13.3352681063116
49.7822106815875
28.9414882424285
29.2051680694267
23.5267323907465
49.8347504146196
20.3534512314945
12.7569821289635
21.9576462171972
6.9533665664494
37.8023649962299
35.3084530681372
12.8635160952102
33.8646317832172
13.2590543944389
31.8133147899061
16.8256065808237
35.9755724202842
7.31795435345122
40.5095623806119
15.3924082959879
26.0025209281594
13.5899935486957
22.1401048630009
17.3988156486303
39.9153650440721
13.5135696735233
19.2878153175116
6.39863163232803
25.1302678182263
28.9146564435214
26.0464032646269
7.45037231091267
26.8259451724589
35.8715845737606
19.6907440200448
22.4425710272044
42.4725449338602
37.5546891242266
16.2988943443428
11.0315291400803
23.4955966006964
19.3697905167937
31.675813014909
8.90300042756621
26.4929392375052
22.1145341172814
41.8995205312967
46.5715513098985
29.7239244022562
18.5151131823659
28.9879373811975
11.6320288274437
9.44310990162194
24.5857399422675
12.0167352946863
23.9686784800142
13.0871347617358
41.5695414157933
12.7521300222725
30.9427898842841
24.8511548670114
34.2562445439398
24.8868543189019
10.4908428997976
30.9447491075844
0.222967472965628
23.5354859381914
19.3119981606024
28.0816070702401
37.0541638229042
17.7882054354995
44.2906996806659
27.1689905785024
44.187285611406
19.3651714430698
34.0443586930633
35.2417015470564
9.07509052194655
17.6264482722738
53.3343077171594
27.3618895094842
14.3663856666535
27.7631109114736
35.7039355207235
38.8705643825233
40.8002070151269
30.0892882049084
36.8245276156813
18.1355774402618
27.1636097203878
25.4196855337801
17.8227730561048
35.0548038037677
44.0550457101871
21.9117337372154
1.25658586621284
16.9286459218711
3.63678121939301
6.71963962756843
35.340056521818
7.26375543128548
28.7519217934459
36.4263877603182
11.9314059615135
12.6674748957157
32.842073077336
29.5592321043474
16.8204596731812
1.22635317966342
20.9974518045783
14.5217099692672
22.3385319469586
37.1489865705371
28.4649761224955
4.76163537241518
44.0760246943682
41.2541241385043
54.6039661858231
21.8007177463656
4.53249528072774
25.7515961417703
42.7499823272228
41.2878895178437
6.99152196757495
41.1527439486235
10.0297663360834
34.2442136723548
13.6451918631792
22.2763002850115
46.355675207451
24.8151738662273
10.8686881321557
19.499981591512
