"x"
25.1201506238431
9.39597010908918
19.2468662047759
17.0042935293168
25.7444732356817
22.8694581659511
19.5346424123272
17.1255299588665
16.1382645834237
20.2492753975093
25.293310941197
18.6435606057333
9.49452714127906
17.4421598436311
7.57304197177291
18.0080875662002
21.7334270244464
13.5506873258385
17.741248360835
9.45816496387124
16.8697400192836
7.35990274697542
29.5657196315005
12.1621099300683
1.4699622377129
9.06040001116694
15.7088136644702
19.3378108320758
19.6046205703169
11.6208174265921
14.0194609755266
17.2196091618389
20.680073578842
10.149849735198
16.5306492708623
15.1678280904889
25.8644097251818
24.2083795834333
17.5265053287148
20.6759326625615
17.3975993563165
6.90633947961032
12.0609923265874
16.6893794899806
19.2257613202696
14.1217638971284
21.1471280315891
14.7612344939262
16.1309988703579
29.2099611833692
28.6642665509135
16.04260483291
16.6336216963828
32.2053607320413
32.0085132261738
15.1995194598273
19.384312561752
13.4675135415516
26.7052583396435
16.1831922596321
16.0696861833628
24.6958460658789
10.9084916068241
15.1806424139068
14.3250178312883
22.178468387574
28.6112283136743
18.2096082323475
14.7910784929991
23.0530478060246
5.78734601229371
8.96792406440155
9.63291705120355
27.4340003848166
15.9360561985523
11.6424546111375
19.4938000990078
15.4748474919854
12.5331839866103
22.9903588818462
14.3502835520279
10.1704425685042
10.2824490517378
28.1313500134274
15.2306527364999
29.466815921478
20.6096655456349
20.9937387844548
17.0319960219786
17.9084274219349
18.1028674822301
11.4115113074037
16.5146675193682
26.3967391336337
15.4665826354176
18.0375492665917
22.8283003438264
12.6121399341525
18.3883443009108
18.1351765291765
20.1889510033652
27.298763114959
20.5451146699488
22.8156393161044
18.5032653700108
10.7268875231966
31.1400019098073
10.4607587913051
8.79609189270512
15.7159171067178
20.7639324711845
25.9370432468131
8.57009058818221
12.6104726688936
16.0101412329823
9.46451101917773
11.7353179724887
23.4096742073343
16.7739007156342
15.1623460808028
24.7889263747762
22.273494140245
27.5704833678901
22.4956133170053
25.4991662921384
21.5801272075623
18.2020719382942
16.6750978911296
24.837001063861
22.4866425152868
20.9842157782987
13.0997297121212
31.3466843217611
10.9329889761284
18.7713498715311
19.990460564029
24.9081385321915
39.6867832147932
31.2356795882806
16.9427581759456
14.8390516638756
12.0690558301745
17.4695835914463
29.7602421138436
18.2896561976104
11.689864192158
16.3236560067162
24.9879563480562
18.9213543431833
32.2014363948256
11.4960176870227
8.12193180900067
17.3375340968797
22.9635802330449
17.1557730296627
13.2534005213529
17.2105099773034
20.7655435660854
23.8248636946082
19.7693471796811
26.8544655293226
22.3087271675467
20.6894832663238
15.1155738392845
15.532283315093
29.1872882982716
11.4607251400283
27.8779316460714
14.7365188226104
11.6514090089956
8.07891001459211
11.5407369565219
21.6355897630004
23.2045476394443
22.8345294715837
8.09213912580162
12.6257126219571
10.9429205302149
18.1256616516584
17.105726711452
6.94833948750465
15.0779459858313
18.0704495403916
12.3430931220787
11.3015974361654
29.4225822435692
24.7513434151188
22.7381868753582
22.3584031220526
20.4383674543351
15.4836131026968
22.2519567449391
22.2485540603271
18.139783013612
22.5127446930856
9.60290525618376
19.7644277708605
14.2828350653872
14.3615723427099
21.1058736080304
18.6473740730435
15.7434879746989
11.8676875019446
16.1775417160243
13.8450796017423
25.9386173449457
11.8831857806072
21.3616991143981
14.4528278149664
6.81683786679059
21.7394005972892
14.4112498965114
11.998010170646
39.3678465371436
13.7005769880489
23.8476392114535
23.4089792938903
20.6920518307015
15.1930323569104
16.3384935585782
9.37265169341117
22.0839585410431
24.1969264112413
7.24848990633034
21.6642971849069
12.8028342367185
13.3256925735623
21.7278665630147
26.4885663903118
16.0868227481842
15.2988928835839
18.3658722788095
24.3528232676908
11.1023999983445
26.5101147815585
14.8359451210126
13.2181675406173
8.99527164824283
14.2893956508487
13.4645016932531
15.8526526065543
21.5119123226032
9.69907073304057
25.4034667508677
25.0384590821341
21.8087769579142
26.1739380339513
29.2116241529584
13.1144779947904
25.1029890816117
14.0920015912981
13.3175886934623
28.7375400417874
24.0583989823714
13.5418797144666
13.6893828722014
22.0899223582819
25.6301331799477
18.8319043954834
19.0543353557587
18.1250183377415
30.3898850921541
5.24646460803704
18.361317133531
19.946352019906
23.322561598323
19.486537668854
9.21065830625594
31.8883168976754
15.1807532180101
23.7549487947248
17.0718056382611
14.3959245186045
25.1685367493228
28.7640148075297
22.4221455166116
20.4260540868132
10.0650549866259
22.7931578223948
9.79596204124391
17.7214571274817
29.2743364581838
27.5966293876991
22.0706862397492
23.1371911708266
22.7917629294097
4.67404763151729
14.2471511810383
25.9127635043114
16.0773039562628
22.2832479281351
16.6173785004492
23.5560904955491
18.4424797073007
13.5593282524496
19.778777542524
20.7480472978204
13.2624625264727
17.6324868405819
27.5683619207916
15.7759367721155
14.2002558568493
23.5913294367492
5.25557080768133
7.7356034424156
15.6933939317241
10.5570381507277
15.4111917829141
16.5965410415083
19.1683457931504
14.8980964208022
29.3642214965075
21.5794918593019
15.6231394718845
24.310811702162
21.715558739379
8.65558301432267
18.7776597682387
13.2587083030149
16.9378908118233
13.8672280406093
16.9218563009053
7.53921484574676
3.02303951524359
10.9072798630223
19.4435029989108
23.1747916666791
25.7357904687524
20.8643360994756
15.3058145668666
29.0325058624148
22.2931128460914
32.718976889737
22.8669190313667
15.0819504903023
10.9114262827507
18.8047184608877
29.4806436635554
18.916723137621
31.2254391496828
27.9410530813038
18.9796926220879
28.1180526828393
8.35674174595624
24.4347218424082
21.4325112523511
22.5148915313184
12.8875757800415
21.1420605424792
13.8590337520167
15.5770044869165
16.1887516267598
16.4106767012335
28.8275382481515
12.8613516197403
9.83281633346956
18.4321083361283
13.0161682376638
22.4268335827576
27.8645427664742
28.276907815598
25.3363458851302
19.4756526267156
32.5876851798967
24.5563305448741
15.7687334667915
19.5045440923423
18.1452185148373
19.6502586361021
21.6204989235848
24.1941676662529
18.4097989229485
25.8001534733921
23.2489194488153
17.4355819161954
32.2115241549909
11.8019611662058
22.8101266315207
17.2359542455524
18.4752692002803
24.6757515706122
14.1636345566058
0.268476643743562
17.1725312946364
12.5824777698118
14.3094545928761
17.5658311860148
25.1507344888523
18.5591141806217
13.7834631804483
18.1883503035223
14.7213268792257
15.8040000591427
14.2713395645842
24.8525791801512
26.5709699364379
24.2129820398986
19.9238707777113
23.8890747306868
9.70903799286478
27.7331072604284
8.07344599161297
22.277599060908
7.11701248977995
24.197934102267
12.5475497916341
25.3334847046062
10.1832794724032
15.3359226888763
14.8576256327736
18.1038447190076
17.6464832590636
22.4908401956782
15.9535881830379
21.3305897312239
9.98840227841752
6.80495505221188
16.0863425582647
17.1955707017332
21.1223863318081
21.6005601221696
29.5024971477687
28.9888263680041
8.92632604066534
4.68359931837767
16.997282201946
26.1787014082074
28.5932038445026
22.1274354960769
18.5304343234748
21.5927230194211
10.0358409108594
21.9742796383798
24.92310248781
16.2018553121015
26.7591267439495
18.8103910732097
2.9653579229489
26.9926351727918
9.98041648417711
23.6950233578682
8.16384442150593
25.5165994234557
13.1265554809943
16.47832615406
26.0436602635309
20.5268713412806
14.3305618314168
25.7104869000614
11.2305457183303
21.9228039495647
10.1541788233158
6.66966837861832
20.6367513572055
21.4921596460044
21.6275449376553
20.2089090944991
12.474965732362
25.1088907942176
20.6106648024732
26.3385090278462
22.7387455757707
21.5970278717577
19.3719655973837
23.0720797553658
31.6517072784876
12.6474589807913
27.9614731436595
6.32191266047522
11.8472438305616
18.4007864911109
19.9501366093828
19.4701030151919
13.0454551075727
20.9338189568371
20.63227747567
18.2734275236726
18.3039542520419
14.8036883678287
28.4405812853947
0.613746326416731
23.7381011247635
11.3767890494229
9.2052462277934
19.4672612706199
21.231351303868
8.41575075471497
13.7360582659388
24.3139528902248
5.56650795042515
19.5103382924572
20.7977001089603
24.114087363705
10.7595744202996
14.2122304668111
28.0824492685497
11.1456545136667
19.3165768170729
13.245843257755
18.4763734592701
