"x"
5.2392577053979
2.84350281581283
34.2034298926592
14.9221365090204
19.7668092092499
9.50298151001334
6.92819128744304
10.9022684860975
12.8416531253606
11.9779541489377
25.8323330665007
20.6623910424385
6.99871132047686
18.2784851782921
12.0627511525527
15.937719354406
29.930820199661
2.45782049529832
18.0029776412994
5.68067912054698
16.2627357437453
11.1053894003211
15.6487864678989
8.37123970733872
13.5651307180524
3.96621640683877
10.9489396776674
13.8896587688697
16.3289124378935
3.23674352839589
14.4889494404197
15.722585353069
19.6576660266146
2.22512597918425
1.37137568090111
16.0080568864942
13.6810976668596
9.57759884186089
6.98756599379445
26.8538475967944
28.5846936749294
4.89003909751773
12.6108051274775
19.804074219428
5.92879466712475
21.0624945815653
15.5798194464296
9.21523566357791
19.5144080556929
19.5335151161999
15.219298331067
5.74127359664084
8.60642689329748
24.8766305623576
5.20330825820565
16.5856709634359
18.6716077409842
16.603509116882
13.3347974857315
18.3605048572645
14.0718549722806
8.15451415255666
11.7492452675295
6.78411684930325
7.57278923230683
9.87661997801195
24.1712390910834
18.1371240643784
21.6633196920156
19.4353497587144
16.7541551603419
8.20174863991505
13.1890904182456
6.29134033806622
9.58699069451541
14.8319265106693
4.53999130986631
19.5728679187596
7.39074726589024
23.3669995795935
12.6060118665919
17.6631948501361
21.4960325934336
10.7261494267732
5.92769004870206
14.81145121316
21.9247992848977
19.6665724273771
18.5491432107483
4.22140004063335
16.2111949641258
16.0001959418878
8.47524933051318
12.409809764379
8.33626627640587
15.1374868658719
18.2445307218197
15.2984488056973
27.066523511894
18.29496463188
13.6223572771996
1.87781834900415
9.12960250861943
16.9199855066836
15.5632562718862
17.3355226870626
7.15110555253612
28.0092894798145
14.2670867964625
4.08674417994916
9.73128140904009
9.94331390524619
8.91018761321902
16.4376652333885
25.7399439578876
8.54064316954464
11.3215527264401
14.2296446433482
25.6109126680474
13.9958133688197
17.2262230655178
5.72687892616333
8.69657266885042
7.55040664546168
1.41136390157044
18.6329017365126
30.8870473178104
2.56592589430511
15.8474562762565
25.6062195170671
16.6182004380971
1.6278451640274
9.86073075328022
18.3552356204018
12.6510198884209
22.9869903996587
5.1460871938616
10.9646516852081
22.9583659209311
5.01621804980288
19.151465781033
13.9008037047461
16.1575918784365
17.8781151771545
21.8066705623642
23.2604619581252
6.13106171675058
9.07447412610054
5.78100469209871
10.2950345764915
9.24662107136101
13.6331100482494
18.1265609504016
12.6093426253647
20.9468321409076
13.187315245159
19.4607455069688
10.5307745514438
20.4615012509748
16.6818670462817
11.0830500489101
23.4578708649511
16.9676691060886
7.78437969274819
17.2454270621527
4.80730354493981
14.4109142673266
23.7075172597542
7.42168559227139
5.89430310817337
12.2538918396458
10.2769579430948
18.0540539916605
12.5622982624918
4.43468317316079
21.0928474552929
16.9582227462056
9.98543258411722
6.38130039442331
8.96147054154426
10.0226440932602
7.21707430202514
26.2332249211029
18.4326990973204
9.70750886481255
16.4313692832366
11.3883993531032
11.8239997428575
12.8248288994655
10.0228378504782
0.324448035098612
24.357103719376
14.8966728011146
9.9287192614948
17.3623171538025
8.79375893842053
15.8762386767194
9.8136488115415
14.9668466743252
20.7815039021467
21.5325724843684
15.5651126522571
2.07850111182779
19.4482422433794
16.0201320657507
18.791549350135
16.1170076811686
9.14231965752306
1.98753037489211
6.83157743943129
18.332492467016
4.42602280527353
15.2261591516435
10.5297052065174
19.1456070402637
14.1160460333531
21.0905095251892
15.0167009327561
8.19076988846064
14.5722891004502
12.4975776566463
17.1333416597918
19.9052719332133
18.257845333272
19.421404087916
20.0013370718807
10.2744532981887
6.14367592951722
18.7004868173972
16.3529617047195
16.9993305763964
16.3857244420797
12.9486483987421
4.0185111341998
4.54140797823924
14.3217090517282
8.73644885107086
12.5632215345642
9.4579451251775
21.5978667140007
15.8792794449255
12.3504444723949
9.66545478440821
10.3798469994217
18.4346786700189
28.7979021202773
11.1298404633999
10.830663703382
9.66138027142733
14.1212699236348
14.1925677424297
17.6502683432773
15.0497525176647
21.4552395744249
2.05959735531195
2.96293254941702
4.71678175553397
13.5042538866401
20.4996861393161
18.750680424273
20.554457930848
17.6665621428193
17.7351164631546
1.88410784818533
10.6597454054281
24.5098289102316
15.6188760884106
19.9614721374226
5.75649256352335
3.80742491688579
12.5928999746733
1.33463640231639
0.288429259167809
22.8538116562242
9.51266389092506
9.56846936605871
15.2587641263381
12.8546797489363
18.3444702299312
22.3304266110063
20.5831921445562
15.9763170543799
29.2821647356068
7.88714002105067
9.00012848433107
6.52636549870017
9.53787863093365
11.5633835550398
5.67080730106682
3.61482158768922
0.528097227925038
14.6428925916553
15.8667577430606
15.5802402420185
21.9530560541898
5.02450428903103
4.36873495370477
10.9333440459145
9.7626386443153
5.90965677984059
16.1695472896099
3.95833657061117
16.1901822413094
16.5954448049888
2.05536102876067
18.7986810458824
13.3909426396713
12.3732350300997
10.9367831876023
14.5666294498369
17.445898970071
5.68053764291108
20.5101371742785
13.9627376105636
11.2631759953894
4.86639276663593
5.53206803742796
1.74581091850996
14.9836075957865
14.5520267209214
9.98132682988292
11.7247679400636
8.71805268972246
9.96915734825247
4.92145209573209
14.8525680880994
6.88259936869144
12.3701554724729
7.95479970984161
17.7290721097961
8.24549355612689
12.4223155202344
19.8960372246802
12.4158361722591
4.93673566144124
27.3074826225638
10.6979527309949
9.7529913065955
19.8725663050755
18.0148306969501
9.85985947772861
11.2284973962232
11.0990871516535
3.94669871311635
13.4240766055882
17.2070063417777
9.18949288316071
8.80454836878926
26.5673053683713
19.1129125189036
11.0147220548242
15.3998432913795
14.8787918267772
15.9374399405034
23.1190924998373
14.8304573260248
15.9659589116531
10.1274219108745
17.556674295058
20.154329505749
7.07466597668827
2.13989687278373
15.8092071472104
15.8813840476796
7.92665649205446
19.059399003163
22.6896520851158
0.791371916420758
14.9650909705088
19.7393034817651
11.4153822418302
11.4510659128428
18.7135918078725
15.4812005045892
2.57680150680244
12.7303710905835
15.9616661956534
10.3142813546583
20.3730899840593
19.038010132499
8.48656077869236
19.0985395209042
26.3845892609452
16.1486225467254
15.5881711281836
9.88434592727572
19.6683348802418
15.7814835198224
20.0304928701371
13.0201714811847
4.85903329681605
6.88787398394197
4.09912965260446
15.5151023995131
17.2409212915227
7.68587535712868
26.3168400386348
29.0712909171045
6.69411676935852
14.480283359586
20.259604556486
21.8674919102341
13.8906728533373
17.3829596132742
5.56978616137437
17.54310419783
10.1477236486971
12.1001362134948
27.4003182072192
12.795793521218
21.4726941340165
12.9506121855229
17.6732255085861
12.1692394139245
11.4701658720151
11.9856634177268
16.5432035457343
4.93197506293654
10.4291170843074
7.45600007947087
17.4593129428104
9.92083228193223
20.217015244998
25.369740719907
16.4166852033476
20.3960291995835
18.6170674069381
3.90477053133803
21.0623652674258
12.9083847576116
18.8070905162022
26.448300643824
6.33345243986696
23.4523862134665
14.1077894018963
24.0419427631423
4.03769997721495
11.0989637398526
11.8995607442418
3.25193270109594
12.3296608915552
15.6178345558276
25.9650027845055
12.7118993962295
2.89962433326973
15.6319081651873
4.92567677304912
18.0573818093515
13.4306775406003
12.2207901440561
10.6267731390385
4.22273552976549
17.8960589459166
9.16594846639782
14.717030338943
9.18103381991386
11.7956985297083
10.8383907936513
19.3525901288198
11.741842633282
12.4816446799379
17.7535774419084
16.526888108671
5.76192673761398
8.73298919723471
9.23697458835114
11.3307583600955
10.507359980509
25.163188087754
15.1355589498603
8.78816267941147
12.4215736519545
23.2057131361216
13.8578551355749
13.2225839886814
12.0826669075328
14.5898600807413
21.2701960932463
8.43185104825957
13.5835935594514
19.6210901718587
4.54304137304491
7.03114115167409
8.69105500169098
17.0368269289617
13.8714135391638
20.3126054024324
5.0325034449103
22.9206355288625
3.54318907484412
18.5525319073349
18.8988768495619
11.2206342998556
22.7041886783575
17.0887502608821
10.0366470128952
14.4838184451937
6.90093919670134
19.0806626109406
22.5344185950235
3.28968819230795
23.4855977119878
14.913592254743
19.1403003409505
13.5431372494289
7.88241124246269
14.1521734185517
25.8049378171563
17.5740249454975
7.9107073135674
0.511322712488478
13.2485650014132
10.5780987767503
13.4869662399297
25.9134961757809
6.41413541696481
9.35572733962205
12.6871107378975
1.82507817788785
22.0508983358741
0.391631969250739
22.3773589823395
6.23477210756391
9.99404236072021
12.5393311353547
15.3486154239546
18.7900303862989
11.8534789420664
6.36250276584178
6.40482657310991
12.6608969962524
6.47791672963649
13.4009412955493
13.2499102735892
16.1253222873519
15.9176925756721
15.293931378983
7.35646234825253
13.5367793629709
0.199999986216426
17.3032848164439
15.1135127991438
17.3959631239995
13.1190632935613
12.5625855772701
11.1117411404848
4.72355891450185
14.9960561189801
15.6233331430388
8.72625524643809
6.14145801917444
4.28505355957896
5.6045250268653
11.1371933249757
2.97447431366891
21.2059365971323
23.5644116532058
3.40228545621068
8.42842681862939
11.7029888961537
6.83450710494071
10.4383566649631
7.31307144539526
14.0176952442795
10.8164319089503
12.4427182384597
9.57686193673513
10.0039469929176
18.8719030469656
7.62355790514817
12.5248365337029
18.2680865516886
14.6822803886607
14.8928374629642
20.6581794191152
7.43224509060383
16.0622571827844
25.069140852429
17.7942762014697
13.7734012212021
11.8623837130144
9.16612162254751
5.57101585436612
26.1136036599055
12.3977476032451
22.7919195567677
23.2373269042
17.0885009225458
13.0455606297462
12.006930843927
15.0839252863079
12.7303860150278
12.2125453044751
2.99593203328128
16.6767025366426
12.5127056380734
11.9290177244693
29.1886097984388
25.0130861066282
11.5743093658239
5.65320672467351
7.9543643631041
17.9883183212951
11.6721894824877
6.66168483439833
21.2552056880668
16.6588228848046
18.2131803882975
16.709128418006
12.2175648808479
15.6972576106616
20.92706609983
12.9529589795
8.56058832581978
15.065103280358
13.5676014702767
16.5933600394055
16.1997294519097
22.7514043683186
10.4516946710646
14.7033514687791
11.0711136164442
18.3176659978926
11.7480498971418
15.0882348332038
28.0041053425521
17.5621407339349
13.3330647833645
12.7617695368826
10.7501943362877
23.5993498237804
9.88234747201204
22.0708586042747
12.3153043575911
19.8083342984319
14.8687489330769
17.2009277623147
11.5331657230854
14.940746837533
10.5056746397167
13.6451155901641
22.3338833311573
22.0623114146292
13.1167439045385
7.02011343091726
7.64113385230303
16.2207447049859
8.35822962301839
17.2080108430237
5.00298114493489
18.0597414972111
20.5878754379228
16.4289716897585
16.3764663273469
3.56342487502843
23.180877556202
17.4246111283683
19.0427451394498
16.3415769347921
13.9719799160957
8.84719113819301
11.3651892868802
11.1617318339278
13.7193615548313
8.90848812929815
15.0121677201241
1.04570840485394
25.7917443523183
16.0575393587351
17.481005191803
5.26682464405894
16.476703225635
5.94285454042343
13.5005844989792
16.7663883571273
2.9297236436091
13.2947284961119
16.0218013683334
11.5822838386521
6.663992931135
0.740967301299976
23.0677200481296
18.3499326305029
21.5778063469324
13.4438161272556
20.3419994905383
9.45211375560838
11.4392085233703
22.3633283982053
10.1755692623556
9.18761270029809
7.75385867320965
13.4014257313577
7.52483871765435
8.47043176181614
7.71026813890785
27.3100752383471
1.06301952619106
12.8271185560152
4.72004919875822
19.5874413658111
10.2290264097974
26.2569705722854
17.2599028795958
13.0341982701793
16.3881856307835
12.0611009420827
12.3332112561911
9.90649461746216
19.0946861635894
19.9986320687458
12.8300326515685
12.9099345948653
17.3106615363088
1.93525553582267
20.0275079580024
7.53603431886262
14.1564177814871
3.76617414876819
13.0127518670633
14.3005317072146
10.3574743261561
16.9158037519082
13.1314520258456
5.65435737371445
19.0611636266112
6.67176954448223
30.5762517033145
13.1229262100533
8.67853644731885
3.10128999408334
0.190545502118766
7.20154005102813
9.74336822982877
8.80937133816886
17.8525463977713
7.23869199864566
14.4309181952849
26.0300081213796
0.129849440418184
25.9397977730259
6.86074050172465
12.7952143286282
18.7047072453424
14.5810607355088
11.930029934935
11.6387640591711
5.35475355572999
14.0882975654677
27.7230475097895
18.8202990684658
16.1975737893954
10.1288237824714
9.39444366376847
11.5825688993837
10.609207356583
16.127744759433
8.57832821945807
13.9133866177872
14.0119816875085
12.8521951381117
6.37615646701306
13.4397200081105
9.44048687759573
14.0105938306078
18.7353681074455
8.94057424739003
3.22412144574111
18.6564990669894
8.2901751480574
6.59059162565757
4.79344713679927
13.1423971615732
11.6796683054417
18.5300357248886
13.0278536265552
5.72620620951056
14.5299136566056
18.1815098971128
14.7445503972659
10.804155212827
10.2499333408636
12.3425147634138
22.7475228719413
21.168688246286
12.329954537563
22.4076415179297
12.7166018122807
7.90367078728682
19.4603427313268
11.8579555535689
7.65586914494634
9.32406783103943
18.4436714509502
9.37688509002328
15.1218448518101
16.1344083957374
21.8822216949097
20.8649093558991
16.3128952495754
12.8074849955738
17.4529987154528
9.44199617952108
11.27030311618
12.2762078419328
17.0623435638845
18.3286788873374
21.5072364546359
18.9294252544641
6.24377825297415
10.8229346806183
18.8296147622168
20.2297564130276
11.1402484355494
14.8174508067722
14.2751644132659
15.6079741272294
21.527991280891
1.47651589941233
9.84814707189798
15.2921420522034
10.3724842425436
26.1681047268212
2.41110310889781
12.2552033280954
3.39674139395356
2.16655297451059
13.0509704817086
5.52040656928763
3.77335252900828
18.4089240281332
10.3949649259448
19.9511456303298
15.9083450678736
22.4033304370946
7.25403751450991
18.3047006838024
23.3176649548113
19.4565121317282
15.1072101900354
8.61560526471813
9.50620571119682
16.7045630795044
21.4187674860097
23.0278397910297
7.810146429272
8.27604620717466
18.8486874103546
16.9495224724569
8.58642912935466
16.491839996411
18.2469450170174
13.8990675099194
8.52937919553369
12.297571629487
10.3470144793391
14.1786260064691
13.509187424732
7.78828994370997
0.110798976091308
12.7240114083394
10.4438589039341
17.9756852548
9.47861131280661
18.612065911293
23.5560129629448
15.0960188824683
16.3200837890597
15.4263241812291
14.7545298802457
22.0590201224123
15.218892111443
3.55275026522577
15.9907994791865
14.8947366200076
10.5681006796658
7.09180030971766
15.140706114471
4.80138373244938
19.3862452951328
17.6634588048517
24.1679682947042
17.4473399296403
17.547373031266
17.5805896753445
9.88755410703083
11.0734350800524
7.54646989516914
4.67353810394056
4.15316074653488
17.3556320602074
10.2316019678864
13.9637088170275
9.47339206468314
17.6014709752053
15.6047831755131
18.8630490796641
12.7891062758863
6.02384541897019
9.54319268930703
2.89797437220099
25.1990493619815
16.6227683054916
12.7676889766008
8.58706987928599
14.8579701781273
17.0757435495034
5.87616521268746
16.3836895647399
6.88540393941522
13.5517219314352
20.3794091474265
21.9744148198515
11.9573731441051
15.4690092277924
3.1655237544328
5.17004963314069
4.22367082099835
19.2876483313739
13.6812147218734
16.2438342347741
7.89186744950712
6.13862150348723
14.3972570076585
22.7251699892804
14.1601844923571
0.656033423729241
12.4312633648515
11.5014488798364
16.5869436607457
17.1285023679957
7.84766483522108
19.7507071541622
14.8467254126444
16.2039589835331
14.8610720410943
18.7965497141704
10.3330063719305
12.0154077652842
11.4329337142408
19.3945252569392
5.27303208469461
11.9889214508292
29.9632984679192
23.2424397021532
12.5011769589037
11.1946449478533
19.4919767861095
10.8288072282448
17.8040006543744
7.80870101880282
13.7416788528243
16.7120715836063
4.95190320070833
18.8573948469157
21.5432075085118
13.5251071677963
9.30063656667254
13.4293711278588
12.6447533786618
1.55794701649687
1.78931260845213
9.097570925951
21.1197931266144
19.6820781245863
23.3742281096056
11.8615882936865
13.166866683546
6.04517653118819
8.44638487324119
17.8858259459957
14.3713969737291
6.4208675815426
15.7286588102579
19.178527710028
16.6681324952425
15.3968375641853
17.8043856807953
2.96358277555555
2.62521300464869
19.2652535857633
12.9323014523834
22.4514250410721
8.86317014228553
12.5657496741042
26.7411395674571
13.2780220126733
6.94642099551857
19.0256093628705
11.8885402800515
12.4935132218525
14.8416228405231
10.5371682152316
17.6114700734615
11.8880115449429
20.5903057940304
4.45559869758242
6.82607432827353
20.4401254653931
16.5631414589329
7.88881246317586
27.6289872592315
15.9757563378662
2.56813566065674
3.28140633646399
21.2935916148126
4.9132717486915
12.8223631092434
3.09606036171317
14.0569871279991
3.57840759679675
7.0049409132104
9.24241765074198
19.9661866528913
11.6753383506237
16.4995086845011
2.33140501218743
22.8566505247727
6.34148640092462
3.64624647561332
6.64507596686419
14.6366672124714
17.9968184791505
25.7782868342474
24.6510884491727
19.9845356401056
9.9476171657443
15.1479990454391
9.51617911923677
24.1858860012144
15.8653240883723
10.605435911566
14.3026805017143
25.5054875359327
12.2628062653311
15.9663995262235
12.0468255132437
15.7715498702601
10.7440551510081
25.1045226592357
17.1982473293954
14.9097109911963
16.1263894289732
16.3537768649216
17.749406863004
27.5968487438692
5.45939355498982
19.4809346011585
22.6367661729455
9.19825038872659
6.4661586554096
11.5013838171091
15.9746680374187
18.4543368757342
15.6241357958333
23.3260684413835
1.85942861717194
16.0989550407976
19.6636038282524
6.55469739130974
12.4995448136404
14.9978694993628
8.84636221453547
13.0430193827443
9.34938279170896
17.3187964363024
10.4088202351704
20.2611317625269
15.2979574134278
14.2081590602174
16.5700068464503
17.6599336322397
8.38313760876958
19.6682581910864
5.6299967649565
16.3118717260659
21.9152275007218
15.9040237776935
15.5397198161725
23.9081019768491
9.99223706312478
3.79771801604252
15.9345131600276
4.20094067230821
4.07842299885578
17.8673996382263
13.6153417639434
21.2417427712616
10.6636726763099
3.16094055306166
9.16607845574617
5.91631679911871
11.3732211990282
8.38498847108116
5.19975642673671
7.81664393874509
14.1240873606876
14.2461983183135
17.404340832861
18.2089861482382
6.08590203337371
15.1603481033817
13.4737237356603
7.38163704565342
9.95526386170045
13.812620122917
10.6335847871378
12.4193365452811
19.369089230895
20.4081069678068
19.0267256461084
18.9452141756192
4.86866035498679
3.99859647732228
5.97368634771556
7.84986978396773
14.8378342855722
14.658729061082
19.1521256230772
2.87178050391163
16.7985188076273
9.47529344357294
12.1688746015713
13.2096669636667
14.4737642405403
7.25208713358052
11.1269694520161
22.6228846546715
9.09026360604912
13.5968656994068
3.144634780653
21.9458997016773
7.65521542634815
14.2166901845485
17.4588391790166
11.7131938925013
15.1214982755809
5.88811534666621
8.24661254882812
9.29811173118651
19.6816705167294
20.9842474432662
12.7211835701019
15.1887965365413
7.98815856687725
8.40204239357263
7.48086573369939
13.6562102093954
10.1009369679778
0.274480618983028
15.7094105612487
10.0722299338339
7.43526175677204
8.8972402741508
8.59829178079963
13.5276420239164
13.8294082367793
11.2780581926927
16.7468156763987
3.36924754083157
24.0647667214389
10.8013440156356
8.22322667490576
10.09980381299
21.6194999171421
12.2290974948555
21.3552576058338
20.6288576358929
16.6314403759316
15.0584590621293
13.1309925112873
13.6147424113005
16.2423112662509
10.3448900875404
3.20002774063883
23.218343523331
15.2158102129468
18.2027724338695
13.3656434714794
13.0735611164015
17.3250229330733
20.1417787931859
24.764860724099
15.4409866314381
20.1920040743512
21.0045026149601
15.601769508794
5.8257908327505
14.4630584400147
3.09938770058349
4.32864488102496
9.60558120393054
18.0399678647518
5.34333368084704
15.9973269976248
13.8146147364751
10.1344906709728
8.8377304142341
17.9133838275447
11.2124838866293
12.5846095848829
18.4918427016521
8.85023140065023
21.0377527866513
17.0834392309189
11.1544924011759
12.4084723647684
13.4769011288881
21.2727357167751
10.1539887487888
15.2412429207576
13.661993178539
3.17341601476073
11.8206571321934
9.82989359181374
18.1048607273673
7.25799235515296
15.4608134645969
20.9174911724404
15.5494967941195
11.3005835292223
15.569359366782
11.4583717542882
22.2361534601077
11.7046809305276
7.768793287687
13.3587608346716
8.60319745261222
15.0439920136705
10.0969836750072
21.7191957402974
11.3158485852182
22.1803290303797
17.3349634045735
7.32085437048227
6.04164725251851
22.901005204767
14.6295870421454
17.0288211633131
10.8443105492479
5.95422955229878
10.7833766705282
16.1795696709305
21.6958615463227
16.3613706128672
10.9408242860809
23.8284715916961
24.5514805894345
15.7146983081475
18.059863592498
17.9414323763922
20.4167805541941
18.4626146918163
15.4064420843497
5.3997898939997
22.9774213163182
17.5360920405978
10.1876920554787
10.0869690502467
17.0273406431079
7.19487320166081
12.980347359553
21.7037852387875
8.95353734958917
20.6820672377944
7.06944153644145
11.2184725003317
15.8297716088746
24.0075831767172
14.6878102561459
5.2388504775621
16.4571227738634
21.0960853844881
19.708228809759
14.5120473345742
20.9931971737161
16.9685727916658
22.5864022737369
7.64265592572463
11.0768198035657
15.4921154724434
11.9295426877216
10.9494927955769
16.3339986673133
18.182189646177
24.1764749699223
9.17374056298286
13.3603713707998
1.79800856512796
13.7088055023924
16.7028308116245
18.1449452647939
12.8637957386672
17.9521931102499
7.17791942879558
18.449867527127
13.5411215946078
3.66213703528047
6.75356781575829
1.03595462193213
17.9071580059826
6.67603179254361
20.9393264492974
17.9039026843384
2.73625877274067
13.1740004057065
10.2899715537205
18.379234126769
5.24662155658007
4.46751210838556
10.293914711633
12.1815065387636
8.8886673329398
8.82782861590385
17.1847511082888
15.0544355331398
14.4295478938147
11.2158720614389
20.3551809303463
7.54882457137355
24.4730022503063
3.55934717842097
11.5478061980952
10.5301971672384
10.2035869611427
10.2121433010325
8.75663380138576
9.36032573226839
17.9536818526685
15.280699566938
19.6484302869067
12.8230422036722
5.61108239926398
22.0924171851948
18.4704577084631
17.4204143462703
16.7991150636226
17.3851208528504
16.5240055304818
7.09801488555968
27.6689697755501
15.193227911368
21.5030722087249
9.23108088003072
2.39587195112178
21.2487446609885
12.1347900480032
3.98724966216832
10.735202091746
13.7385648209602
12.5444434350356
4.75341721903533
11.7072169901803
12.3086010084665
11.1090421210974
11.5939498879015
10.364150814712
15.5819111037999
17.4535748315975
20.1619952451438
8.36577699519694
26.9805628806353
22.7072855690494
14.5363210239819
9.0612523490563
21.5671862475574
26.1616779025644
9.31512382812798
10.2105463622138
8.38828035630286
21.1613327932077
22.257579502465
18.5746126109734
20.7913790363818
13.3520002709702
17.3827814869583
7.26210394511995
12.1431159088388
18.5472754755405
4.83668819814892
6.70686869416386
9.36318476438401
17.9941542679444
20.9273913875222
14.4633494317532
14.0001605264843
27.3130954879588
18.9829856964719
15.7750053098425
23.4346684215741
10.6290332274511
7.30678574182093
24.4787120027468
19.631822174415
5.81278626341373
7.08342151471033
10.8339450787753
11.6209962172434
12.8711931873113
14.1312349000038
19.1019620979205
5.71279781235909
13.0955947563052
5.88257284834981
6.41409445088357
13.9532170258462
7.75528592057526
16.9756565708667
10.3009754337038
19.5890933603422
14.2777109984308
12.4978013103828
6.79563735611737
0.337067218470403
13.3518711485351
20.3039956046268
12.5615034202281
2.09148956928402
16.3099359022453
18.0099141157253
6.42489595338702
21.2039852980524
17.8997474722564
4.42051643040031
14.6619114791974
20.854555000551
10.1154801668599
8.73393432702869
15.2637251419947
18.824008712545
4.77216293434879
15.7592765675081
16.2722715930131
9.38810173933007
31.1546995304525
15.7143907155842
4.28638227669051
17.2614792129025
17.0766339404508
3.26990535181305
18.0501640308648
10.2164217515202
2.99761711192277
22.97654741968
3.73684088867605
21.8767961720005
7.19464540015906
24.1638171020895
23.2032096013427
10.0316662574187
20.1160133350641
7.75599873159081
4.7364269150421
9.47560565546155
3.66831189881025
13.005161315952
15.555200050585
15.6772494548932
10.1922531379387
19.5466966861819
5.37871699780226
10.7965681934729
11.0548281110823
25.7895891321823
19.2827156969479
15.8640625630265
9.29790989030153
11.9349785381928
13.094886020377
12.0929549119456
7.76865496864834
11.59034078458
3.04610223975033
11.2153676338494
16.6695262072608
18.3271001643112
17.1442309394479
11.3064434379339
10.1154332792977
19.5362302474678
18.90516015701
17.4190620999928
17.2143442741825
17.8801475325599
14.2641105456278
21.650689933449
14.9319315794855
13.5399311005711
15.0444012833759
19.1270184470341
3.41705251485109
12.8076577559114
17.0236405683681
22.3292122256938
16.0757732810453
17.1026870720605
9.0217117752834
16.4269460303741
4.61738873273134
19.1110610263422
19.3573968484998
12.0948432479054
8.87984381988645
22.3199679050595
9.42179362755269
7.55040152145923
11.6165795130655
16.0352343693376
11.0103592742234
13.3679187173048
12.6655836822465
11.956062936224
14.3466796493158
7.3302693432197
20.8958177341227
13.530842290258
7.97937991672328
5.10099849198014
17.7279213443398
22.2156989620999
17.6409077597782
18.563416833058
18.8122321618721
14.1791652422398
7.00055575156015
27.1435461705551
15.2950034011155
2.94163602942486
7.56291355937719
15.9602964995429
16.4096389431506
12.5324036615557
15.3068479849026
11.9213494239375
10.6888965470716
13.2514388067648
9.87566325347871
8.03419969853177
20.8113337141647
8.10742618050426
13.5724607622251
16.2882461445406
11.9023986160755
16.8631522224664
10.4964115889743
15.7111948247244
9.26628180313855
11.6804541554302
9.50984344630895
17.069542546887
13.8452838873491
9.15781376140361
6.26349637750536
11.9318619715809
15.2103960048407
13.6893264194121
7.0996364083855
11.0920767067
16.2861118791625
17.4100836695689
27.5544921634719
2.28464032362921
8.54257303520528
20.1891157077625
16.536246589385
18.7903420297077
18.6785983853042
25.8986065400656
14.6818379173055
2.51070401744403
19.0780135578474
8.76466550398618
9.15906066117661
26.9239406101406
1.98319763138355
21.8962772749364
17.8422487806529
13.2801670813933
14.7528863279149
25.5712488899007
13.8158610090613
23.3058217647173
14.950883644633
17.3371750374507
16.3315693847835
16.8703483392415
21.3620042195544
13.1735313683748
11.3326760940254
14.9259910685942
13.0117698669965
17.2375002410263
3.5381717607379
19.0622701542452
15.6570618506521
21.2111845612526
18.6129730949644
6.9808549946174
25.4857758525759
2.84491903148592
13.0944407079369
26.9418129464611
14.6555460146164
15.3761055553332
9.35139602515846
19.2715958692133
20.5163030419499
19.4140767212957
2.88482408504933
17.5713752114273
7.95868382064629
15.5420641078169
14.9610711246946
13.2493416313082
12.9604721550226
18.2125537423417
17.5822140824162
14.3673438578844
20.6684581935406
22.3423759452999
14.1110024647787
3.46595168705065
24.5066345327827
14.5353374253116
20.5695342088006
23.4201828949153
3.20521527901292
6.32997792103744
8.11301041394472
20.1606111914353
4.35741324909031
13.9143701462431
18.7814884120598
6.29988987930119
19.5094434078783
15.394012350589
7.62490099295974
25.9510637028143
13.9066299656406
13.2905888604
14.7143919632005
17.3389115603641
14.1627518227324
19.4597047615498
13.0837287511377
12.1883178129792
21.7851026915014
14.6178966117288
14.2767359735444
16.3946049986407
15.9595091159226
7.87646106909961
11.8375330080021
19.3241388590569
9.13464484594815
17.1461037127301
9.96982865035534
19.7397281881422
2.05665498364523
14.3531804904342
18.7457869760692
19.6377154206857
0.31388804782182
16.6117226704955
26.5931970905513
8.53421692736447
19.1674588248134
17.4387885257602
14.1838588053361
17.5340248504654
12.7088716514194
18.87454057578
11.6474075010046
14.2736844019964
8.94016645546277
11.0705396393314
13.7459829915315
19.3144320510328
16.1434529349208
16.3626857334748
14.7908851038665
6.02767796300728
14.2924796091393
21.7210684437305
9.50335178058594
15.5634366907179
12.551752112709
13.5392377867267
8.71845963234918
15.0373831624165
6.24082192440023
3.26998264759187
9.96819364372641
1.85230388306081
18.8882232342159
10.8638065401465
6.40672531444579
0.132960585287132
9.46920805145055
16.4277340052649
13.4169851895422
17.9664790164679
12.7026519039646
8.20765141005399
21.0546601330861
19.9395766016096
13.2763432070532
19.5594525231487
6.9286575807961
17.7724297391251
13.2300419034436
12.6318919239566
8.66066308226436
17.3395274905488
7.08045058418065
10.1455000381002
14.4149897620082
15.7035573385656
10.1890416350216
13.138860274028
23.7565843278937
21.340185822919
12.1915606019856
10.4518333526481
2.44548660984728
11.6888257907704
4.65613373089582
10.6935130897909
23.2991440687329
23.1309672584757
5.91517009306699
13.9247965300456
16.1374408517295
19.0404534107074
6.62059907335788
16.1701389588416
12.9865614697337
9.58946121390909
7.38596442308067
17.8506078431383
19.132075435482
13.2911424477847
17.3226430080831
20.2886860847596
15.2272463570285
19.1339240501508
7.64376113656908
16.869747685114
23.3454872568051
18.7654499430209
12.277531856671
5.46775106340647
14.3349738093093
23.7336392747238
21.8290985308348
12.7860740292817
18.2436450617388
14.2823944799602
7.28174541145563
3.86991356499493
15.8667776733637
16.0728028276935
20.4541624058038
13.8070317035411
18.8762781838931
14.732694698249
22.1303511410952
18.4828725410625
7.28855209890753
9.35210043098778
21.3304622797295
12.4871694762199
16.179505106993
22.189195461349
3.25470256562817
19.8193950112909
12.9786310145374
9.49219861067832
4.74172136746347
2.30504217285638
14.5644477708993
4.67466576956213
7.12520447559655
16.4512215415016
1.59539816487038
8.00865332662864
19.7774192844176
15.015794034116
15.0493583641946
14.7627928992733
14.7068757778308
5.6892161257565
17.8656822070479
16.9332211371511
12.7670170972124
24.5579478588428
2.42261909879744
15.1904683327302
5.81600803416222
22.9262403678149
12.4164603417739
30.1134042349425
15.657757797343
17.6378041272983
17.1182246371651
12.137797405012
9.25336645450443
4.63839508869957
18.9020787132904
17.4420582195606
18.4710484463722
16.3377513177693
12.3636238276958
25.9581004502252
2.7816092608283
22.0202351221815
13.2639756080868
18.0466075893492
14.542600652203
26.7623176099733
7.65734370528134
22.1216903300956
8.5361554985866
13.9262784970924
10.5086306575686
6.95778806693852
11.7265670094639
16.7627023765817
14.8451268916214
17.8370598005131
10.314399539493
8.22896214667708
12.9055735655129
16.2575905997336
12.6513166690295
22.4760449258611
21.7413203557953
15.7231762306765
3.24415110679602
8.7090368848294
9.37422093771012
13.7161911689052
7.01271740254015
13.3941629137883
12.5824011629447
3.56102408841252
17.420127755031
19.8918501846492
16.6466516675428
14.9006619118154
4.37801759690046
10.0582612979356
10.3170453705598
6.57297403085977
9.98378281947225
17.3301675589755
22.3791729658842
10.1966037880629
18.199396925047
8.63811418444908
12.4207297805697
12.5276527833079
10.7178462436423
17.8534901235253
5.12006231583655
2.175510069718
23.0189095491875
5.20505584961998
19.7932957438752
20.4042940633371
10.3328741854057
7.8673976007849
7.92667452426934
26.0962885338813
14.4157119560987
14.1294640954584
15.1909510545009
24.0035278256983
3.31402882287108
14.5355641609058
10.4627524566393
5.47301124315709
7.69080418370883
12.7410667948425
18.4520692331716
12.4947020906746
21.5058985333605
19.9726891005412
11.8494142079726
23.9756021182984
17.0551216027843
20.7282753195614
6.78723948076367
5.95352260861546
5.67021911910674
18.2289217133075
13.5018666857616
15.8188851613211
16.894739260897
6.55803523913469
3.08418292128269
11.5733765764162
19.5826317350249
14.7685169475153
17.3031036730294
10.9775396529585
4.29954324069268
16.1307376343757
18.6419543344527
14.4505051507109
7.06487279526669
15.5516063561663
13.8667739694938
13.9442845480517
9.62420380584112
3.57835646902731
6.77358638495207
19.0001884655438
13.9471184462309
20.6789264222607
20.9898012690246
6.78277297411114
13.2281813537702
10.3503102203831
12.5370727153495
9.82485103886575
8.37431333416133
26.526634208858
15.4924872796983
9.89810104947537
7.24915273021907
3.73089262385071
19.8534940136597
8.5803895490244
19.2651850637048
12.1603847015649
10.2616430958733
15.8756092423573
12.6526197418571
9.8451757337898
15.2027109790529
24.5279817841947
11.825968651101
13.4476942243055
13.965505165087
18.3368434670895
14.772056043148
16.6156650753692
11.1797394929454
13.03735896945
9.86001666074256
13.879171694944
13.1671698763967
15.7563017814826
9.94953969493508
19.6987679228187
13.023556326516
8.38611333165318
18.6453252565116
12.3915143239734
17.888698191382
8.6228011874482
5.78005646821111
21.8526533106342
15.3994319961323
15.2414374311186
2.71425687242299
22.6175766480746
14.7205831715837
8.03322123193322
27.884632605128
11.7108048638329
12.1843295870349
8.00272915512323
16.3461110183336
9.1735472669825
7.72479768750069
8.35500422399491
10.9662820585072
3.91661718022078
23.3810181962326
20.0838634744287
8.32344751507496
5.98261172417551
8.89436365105212
6.53021568221659
17.178308730945
9.98456822708249
24.843732547015
18.2450394424669
9.29005471989512
15.6406566733494
24.68907290541
17.7053836872801
18.7711259350181
6.31517974545297
10.2713240257337
9.93204053957015
18.9569405512884
12.2276948066428
