"x"
5.29810507139426
22.1014480166757
15.8316535875201
11.2579963309328
7.87761694547724
4.89329044692278
22.4222314544022
7.48730646446347
24.9475272838026
9.34409205801785
10.0092312919252
4.20134179294109
6.40690731815994
2.63373008929193
0.753559008802272
15.8770736772567
2.05926714361338
13.8619540724903
6.43763071927291
10.1158455960751
6.27696238522211
3.39923476232506
11.597368074581
2.91610346408584
9.57723604515195
2.3526129113824
11.9910520035774
2.37153613488603
0.019029900431633
3.69112323151778
15.0880538858473
8.79068000200168
13.1583565380424
9.23238135992391
10.1392795233238
9.7856929525733
12.6519818790257
10.8863081783056
5.28661678545177
23.3773049898446
0.131143536418676
6.6288215175039
6.13992991857231
21.9338238210453
3.54188198779952
8.88203894719481
2.34516384080052
1.48667842149734
8.31675515510142
20.1328167226166
0.0837496947497129
10.8997561968863
13.1967417895794
8.1437676679343
3.82721034592691
34.0468982859945
19.0913993865252
4.68184389173985
3.65814012475312
17.8820216691656
4.33771442621946
5.50565095618367
4.40987660549581
14.8048620671034
14.1213651746511
23.8971887467315
26.0046607814729
14.6809237077832
4.87773252298642
21.665708348155
15.3983026277274
2.5803726632148
0.236448692157865
15.6013010535389
1.61237835857255
12.24614984403
5.29044242575765
4.17112914647492
8.17980952560902
8.09096112222294
11.4705888528297
0.475097494199872
20.0734217143179
10.3771719150245
27.7509162202477
7.71040126598613
6.92809892735013
11.4448895212263
9.13419483749289
13.1680161692202
1.05751352739944
8.64147921092808
9.58055988885462
0.330416951328516
10.6308993883431
14.5301109179854
25.0212105349517
8.03392808884382
10.1576977703332
8.50470093590856
13.5906933986692
8.15142439678311
6.10324745329014
13.1703313440084
17.6152542699128
16.6154927108437
1.92030505277216
4.73880341894297
1.14150419064834
9.70757878385484
2.39812890071479
4.81770873165768
1.91183886072709
19.2258877679706
11.8399800267071
5.39176245220006
5.82006643526256
5.27419988116667
32.2583001571481
9.61477127857506
9.21035022474825
14.2548818482747
4.5256429800492
2.16599646955729
10.2946805280949
23.221391113475
12.1501615912772
22.2544297014956
21.8782527313678
21.2148350663483
22.9694082963369
1.05260186828673
9.26131503656507
0.49128052778542
3.51249128580093
4.07642149366438
1.05644115246832
0.0533804763108492
9.4788945844313
0.307332599928037
19.1872490676453
13.8013538438827
14.5162091206702
5.42698890349407
16.1979552723456
2.18911272273207
1.92201309614677
0.793533748559705
5.85938286967576
11.5143470000476
6.08969108575339
8.28555808293213
7.84198813445674
10.3314937341277
0.0414516628596883
9.10176960122505
2.51045059412718
7.46506540006563
10.7881037984043
24.0397399757057
6.33134292438626
13.6521394032787
14.0355303071855
23.2601910784228
13.1459231488407
6.93814801052213
14.4673545249991
9.05827563202493
6.06228071264923
15.1687540579587
3.73143469914794
3.5166887100786
29.148324193677
16.3732232531108
3.63376743968004
24.3376981245039
12.1429137180425
1.40262302011251
0.00737346374529763
2.29169612342998
1.48391649127007
10.2266495581716
9.67076817414576
0.537212489387854
0.185641832649708
13.4339664131403
22.4324551540971
5.2710531745106
25.2684119573703
3.17029412835836
18.2291349861771
8.00025207675246
5.08757081690371
8.52771811187267
7.67301744781435
10.7384791132063
6.71470956876874
3.02921661721178
6.83977634366078
2.31267853423961
4.44166564727599
12.8475396007927
3.22503555971037
19.7797928272571
9.61955692619085
6.36080291116433
2.9865490245341
10.6278942949843
13.6054832063946
0.262483360320249
8.55037760920823
1.23943584039807
6.66260798461735
5.40033923462033
1.90876433625817
8.71487936675753
4.96729779988527
13.727306202054
30.7674585375935
17.7123410620668
12.4583653640002
11.9460225921508
6.34091234055095
1.93351627993314
5.45782567933202
16.411158349365
1.79719156585634
4.34491322375834
2.04383367672563
7.30891213752329
12.8006423095063
5.5784731692018
15.9434089902788
17.5746544729918
13.7612235732377
8.21663402020931
25.8534732274711
11.2344717048059
11.6191306617111
4.51088301257755
39.4434158224612
2.13087690062821
5.88571753945602
21.4256402338487
2.86291078664362
1.06686949729919
1.58351770118647
1.47265838459134
21.4088032953441
11.3256829790771
4.58380989744143
5.51979407750402
21.8468600418419
24.1880322806537
5.37880803458393
7.72915969834298
15.5140601098537
13.8289248150081
9.92531008087099
9.32120899669826
20.1522469520569
19.8018322233111
10.3020933054464
5.15807525092983
8.49495834322825
1.92156594422201
4.23192786984146
17.1962785988887
17.2114712651819
7.64574040658772
8.64413161762059
15.5460082925856
2.75038219988346
13.0558188538998
6.86282371939179
21.1999139748514
12.5766367185861
13.4278431534767
0.56916430010573
7.82740887078201
16.5390538983047
4.85482401982597
14.9206854403019
11.633321037516
9.52110098461055
12.7354116924733
3.4614351492051
0.877849757671356
17.0718807784906
7.54190208390355
15.0979281868786
3.88660822063684
15.7188512384892
20.759468479082
0.447262829150986
16.0593645647168
19.8883803484418
7.569047389552
3.10929625445838
2.25127520971
4.07746434211731
5.89550130168049
17.1242178883404
14.199359739219
2.69897210888072
5.50713488648588
7.69936013966799
8.49461036294162
15.0530014652759
4.92245573550463
16.7298650728021
10.1530741900206
16.0074662768576
21.1099210660905
3.23536661453545
12.2431543655694
2.67812742480173
0.274909846484661
23.6278505064547
2.95258802386334
3.03551689721644
9.03055719099939
1.37558719845846
16.3315535988659
2.97852620846468
17.3333776649088
10.2342554668539
7.50389136267981
15.5677768524486
2.13812278174678
5.03751581673861
0.270286481827497
4.51470831038754
20.2019274234772
8.14081001644978
14.1856352237087
0.0784462783485651
5.95226674340665
7.0459327660501
0.832151249051094
20.7525369560041
4.89524686709046
8.21937657892704
4.06901889697093
0.365726323798299
20.2054232358932
12.1706847623578
0.258564797596222
4.94914008304477
5.37958065979183
12.9763826727867
4.22130227088928
1.032211817801
6.25893231481314
2.87913426243803
21.9342778902501
2.7361657936126
6.18755044415593
12.2497349046171
4.62755659696752
6.77627554144191
0.00978600548854274
3.77148231491446
6.03484573234839
19.5849540177733
4.42441799677908
3.06088398210704
2.93100724253672
14.1848410920899
6.50488212990532
16.6221078336787
8.7554145029287
0.325389649145248
17.297288775444
12.955381599793
2.6960841845721
7.82047179527581
4.39471732825041
6.47687213495374
15.1469340547919
6.16561006754637
5.44023628157864
8.27368251048028
3.75558713639713
1.00262104533613
19.1074409056455
7.50203021201684
11.2573141365772
6.44763340147643
7.3694231454283
19.3912544753402
14.3850326072425
7.39268837496638
12.9436179552958
4.75616771916642
16.4944861684584
4.27609045550103
0.817967485636473
16.4298707619309
7.98514145426452
16.2864703685045
0.926048308610916
7.82391265965998
1.61570436067214
10.3001984301955
4.45913029834628
16.8392168357968
5.17657564336446
2.26742663680085
5.60851396101232
11.6093907970935
5.97125773332547
2.45922008227529
4.25122267904787
2.7586417272687
5.01157310791314
0.204019573557252
15.1454995386302
8.50255228579044
10.6755273123307
22.3799971863627
25.7278441917151
18.5199416708201
8.06846333005008
22.8070301003754
0.677818473668855
1.97908976115286
17.3575458521685
15.9671164117754
25.2262972295284
6.93023349158466
1.51947820559144
22.5538779050112
1.18804634548724
13.1577718212615
24.8677200487917
18.2785850949585
0.379613833501935
22.219138359651
17.5818139687181
11.3376121128136
16.1337377037853
12.0042444672436
14.0954596921802
5.57192740961909
0.848312862217426
7.26723256520927
12.9286491777748
4.06232215659911
12.8053294241833
2.97777713276446
29.4409058056772
15.9834895748645
0.466077294693773
8.97041612904909
17.2510686796159
2.52287781614741
11.1651417889748
4.80614041252037
13.1161766126752
13.89344181585
5.51282283850014
0.535114004614175
0.874423430075239
6.3281275331974
16.476822970435
20.5084942591954
23.3059275895357
4.49699279852211
0.302537670359015
16.0222263075411
25.8738234185885
3.97377866320312
20.1023936795621
8.34422760444579
4.17899745167966
4.77501584980882
10.8304451599818
6.87091969884932
4.48616314679384
6.47459854914054
7.83302890895539
3.09731107553053
6.72169892784457
2.19577844254673
15.0087663885843
4.54136286862195
20.4527488444
4.54393804119792
2.72442100369772
5.88362226262689
5.49937138528732
6.68218662325702
2.43178070522845
11.5348268300295
8.63353544846177
8.12195902927688
13.1502541247755
14.328518556761
5.35885626450181
14.6749489475042
10.5316883418709
4.75320145487785
2.98356167461588
7.67342853359878
15.8444949982311
8.20157816633582
2.70303483763296
4.58542687123135
1.60781126469374
14.704736970789
9.36618652194738
0.0669872219072383
3.48153677769005
12.0855825953186
1.08186095021665
2.03182190516147
17.0600230782885
2.84553697717955
2.39102547056973
1.13848075270653
13.2718002099887
5.78339379280806
7.77381821535528
12.493297976823
2.77978032279181
12.1427013664698
16.9962281825364
11.5993892773986
15.8442580606788
5.84271810948849
13.6388985905796
9.06419434709121
6.56956535822848
0.766530493274331
4.86891437321901
1.08597185462713
8.64074471820242
11.2428097520024
4.92550247627258
7.44487000629306
26.0840966831893
7.37358825281262
14.3261032178998
18.2219051755965
2.35355080556464
11.2031742464751
1.40056977979839
7.74171871713038
6.90572495044298
17.9634219595435
9.66667826287448
6.85703041731166
0.194092016492138
22.6481089567949
1.45720474654051
11.6853614239363
10.8500423375517
4.82284356839955
2.44752226708845
10.8777401968837
11.9019913487136
6.69322203000008
26.7299231141806
9.52637467249494
0.900032371282578
23.8353746208745
9.75400907918811
5.13650737702847
16.7728124186397
3.16101525626588
10.3066264651716
29.3359145056456
7.56540489115159
12.9927539266646
4.02823127806187
1.06736428091274
25.5190218178084
1.1914096667732
0.307634426280856
3.68987796828151
10.401008836925
5.51773686893284
0.89652797321534
7.34532857313752
7.7710912260502
4.98406159368919
3.10440259054303
10.296805202961
1.289013037378
1.41918575391173
5.17422403208911
11.9105756146286
22.3462711088359
12.1889333706349
10.6729675705043
6.33330272081205
11.6904213093221
0.0998162198811769
12.9196486948643
9.58763691596687
7.46322050096321
9.6695810032959
7.79665475711226
8.05739143395408
10.3074698768447
7.58174931315347
7.71786412138376
3.85413066058683
13.3015643339604
3.08861350499566
4.17142282240093
18.4616374317557
29.4009347446263
1.05704211917328
9.30162067525089
13.8242262096548
3.45306214876473
7.81818376854062
12.5861829723012
19.1561302179948
15.8894911408424
28.8721236865968
9.3553155554182
0.198780099484556
15.194731624797
21.1302355369911
3.94364148378372
21.6952174406966
1.60097312182188
3.45819806680083
7.79010358298872
1.52940713780328
5.46021591871977
10.1859050084704
16.5662735700607
4.13866210728884
7.1772528346628
12.7925926353782
1.38055393035307
2.41588102653623
13.7586216907948
6.08367797607175
4.96038882993162
15.6567794356453
6.8726456258446
11.999457400476
17.1317868710794
6.6282230017396
0.592415360733867
4.8925768584013
23.8502836786211
4.32915247852607
18.3011185104166
15.4640346299857
7.42940390482545
10.2641314268112
12.6332513988018
10.1592463003611
3.48274754360318
14.7951549890584
12.5529483857238
5.98126533779907
5.58537049219012
26.7481352202594
10.4752180166543
12.5155851281137
4.74928310140967
3.48013191600795
3.44620761449181
5.62429935838065
18.357183876703
16.4991849351977
2.3696075193584
8.40934644560156
16.6219364386052
21.4593601878732
6.95291929878294
14.5799373742193
8.45066914334893
17.2776846184661
18.4965142048895
15.9720442723483
3.9037505804928
2.05066613852978
5.37982392124832
31.0971843514218
9.84407216310501
2.76955447615997
4.91921342909336
8.77966904081404
4.50343028642237
19.5420053321868
18.1662529241294
4.13324935361743
10.2308765053749
12.6168484799564
11.9879355282019
11.5184960421175
2.80194977534258
21.7056278159713
23.0740860570222
9.50910826213658
8.74841043537952
9.08338250592351
13.0924541503191
2.14572730474174
10.4642542544752
8.82578594610095
1.87333435751498
2.07446887272059
2.81661674380302
30.2548193838447
16.1391422152519
2.60998201556504
3.86898744346241
5.06705200324247
6.30367060652673
10.9809271708087
15.8317656256258
22.0171213963901
8.01801516154518
23.7434833310544
0.527303433045745
1.34007179331284
5.12873873106664
3.27158876011043
7.72836818359792
6.32135537452996
1.38605292886496
4.60115131314366
7.546951268352
30.9365277824034
12.7679337747395
8.31595363323724
7.18114250336211
3.8121041841805
2.29038810681506
9.41919664738173
0.699144182726741
19.9275872463443
1.55806965194643
15.8234984016005
15.8177807895094
12.5671037854598
19.5971881464556
0.816097389906645
17.8827156446923
9.16865007020533
4.38929480780144
2.18062304951898
0.552058249606179
21.6538053937256
10.4240271988293
1.7985664197137
6.12958632409573
21.0671438835561
7.18698003329337
8.55826490137283
4.75681251846254
1.7378050786642
3.68064879439771
17.8824546281248
11.1190420109779
9.36650936242623
0.42966666579898
6.55431561681477
3.69673087525372
12.0454144198447
5.28511720184363
5.85321566102228
7.77971163798428
23.2481119222939
8.58015702106059
5.50503418780863
1.68154970742762
4.55857375636697
9.34934294782579
11.5971543826163
16.8536986690015
1.13508244976401
12.9008366339714
0.992764858528972
18.1383850984275
7.89082917371188
0.94162835739553
5.89071116410196
7.80521316074463
7.88885774090886
3.17149941717598
3.48275403348639
7.83271436782812
2.84546738757766
8.16657338291407
10.122101707384
20.0104726905055
3.78089766018093
11.041781905881
11.546273048144
10.4197924488418
2.70973546740508
13.9289361890405
27.3640792351216
5.52477657680146
4.38147261054952
8.35471265017986
7.83594153719997
13.5629849559462
7.06595573574305
1.67529241005954
13.4825574234128
4.5013515449371
2.45689139664786
0.718203730750793
8.87590683996677
8.8673670816018
0.991058023630755
5.91244008392096
18.591612810269
13.6841553648935
10.0612718146294
9.58414422348142
18.9882525708526
15.010126400739
4.30234880186617
11.8547931416937
10.609265929088
4.98866448178887
23.0707829650281
10.6982486788183
8.40990232320997
4.0315369561669
0.126174092292786
30.533090360684
6.57465592958033
16.8680171198554
14.2097909816911
0.250773318111897
16.7071746196598
5.73508811874422
18.0356633383781
5.3538950487737
14.6856495179236
4.02724640443921
0.458941955850117
22.2648276823328
5.41527043091149
13.7964122044118
3.58627084642649
9.90124079398811
0.404340634122491
12.3091931454837
15.0438385549933
6.40695781115284
8.60224677243852
6.19013178193988
35.7988390140235
11.0250149594433
11.7403078824282
4.48052049614489
4.71567347818338
18.1421630550176
0.714094958600079
22.4054309069149
11.1187478061765
4.30326596833766
8.50793705321848
1.20507760038551
4.95166108174188
5.38032664917409
10.6713496148586
3.77521837600106
2.94276932254434
5.42649438480643
4.83433862918549
3.01067687889371
6.97524240240455
1.39300157316029
20.7659034691632
6.23824603591406
11.5112359169871
11.624741088599
14.2287596594542
0.272817190260587
8.38005858358848
2.80405574842222
10.2635392135264
4.03319524474829
1.22724659740925
6.21943352743983
9.02538979426026
18.1198427453637
28.640503808856
28.7657695822418
1.64719233289361
0.897917990008186
11.4526653662324
11.4901162683964
4.71099898388409
4.46791173890233
10.1829265347769
3.44696622341871
11.399057762374
13.5425322689116
6.16425722837448
0.113261956721544
1.4510746113956
6.05826789456471
24.5833510998636
17.9564105346799
10.0635546426231
5.17405892702005
17.9699178390189
4.15768171660602
24.000507260223
6.43068270104826
5.6905057746917
8.72730280524682
10.317663429305
13.4809561320259
18.5997706951314
1.76461792645052
19.1833135206252
6.26721354201436
7.80451246537268
4.30184495066622
14.430418331176
23.7038430432147
1.06355589634551
16.9082208536565
11.3004646264017
2.20170374959707
6.45793001582726
20.2845899733331
6.75668171606958
3.43484251248506
10.8091471716762
5.73745219630043
15.1856182913063
4.58730896934867
7.08941305056214
7.59083423763514
8.39810323836825
4.83211642131209
19.0868802204634
11.0440523796127
9.46826827712357
7.09226157286001
2.59438655465534
7.84082096070051
4.37999730929732
8.10581606529921
3.44180126287234
8.34376060205482
4.70702638849616
2.35283398069441
4.90836337393985
0.721151767062753
11.7523802444339
5.36868651397526
0.199482031336269
13.6851784773171
0.941952440601456
9.02099122756764
5.03006989072233
8.13414989970624
10.3122761938721
7.87490932270885
7.51915314348197
1.84815599906969
19.2284611531302
7.08307130262256
15.2593922801316
1.21247588528288
5.30222039581268
18.9806235954165
14.5592529792339
0.979496369731289
22.8901925496757
19.28520957008
18.6205982230604
0.914696790277958
6.98276339943371
22.6513899397105
3.56624140404165
11.5309955483547
7.21975709311664
8.75026294961572
8.73382000380022
7.17894593253732
3.46600207979924
3.65209256702271
3.04360180161893
6.05984942801007
8.61058770678937
1.27360881306231
6.72057336196303
5.2471797654636
27.5471543893218
11.7189684569033
0.0704321078956127
15.779806021601
16.9844986405224
1.2865150095213
7.43980100378394
13.9258789364249
11.3526925910264
1.23437512941425
9.64872995391488
1.92028675228357
4.41121063195169
2.50160042418209
12.2308079618961
9.6338639035821
22.0299669541419
9.31094628758729
31.7405792884529
14.4717074465007
16.6386335156858
13.3277584332973
2.78876745142043
14.4643316045403
18.4770391788334
10.9202732797712
6.68866159394383
1.9456754651429
2.70278537645936
8.69172723543611
14.3716671038419
13.149777520448
1.06458505615592
18.4929911978543
2.04886319115758
19.727950994638
15.6502319933735
22.1322049386799
0.377141041103717
9.30376122705638
7.02301168829876
1.85527941212058
19.5385578088462
5.86891355924308
0.238077761605382
14.7363628303962
6.34224316099414
6.93819937713441
4.172801412642
22.3863360817793
2.83163826172423
4.70944386906922
23.8112498540431
12.3643689243929
15.72878922897
4.03588637083936
2.422452904284
11.6382237989455
12.1214707382023
15.296771009161
14.665123494342
10.5205483734608
2.6352568063885
3.69380507618189
20.5491990316659
8.16419205813033
5.93056706955843
9.83286262701618
19.0049697645009
2.79310581165402
1.64700215682387
2.57215849123895
16.0696238480573
9.38907566291542
4.81166758924448
8.52013030089438
12.0927103396771
12.3831843098353
14.7313181310892
2.1051149815321
3.92341543678057
5.1578500691777
4.84503558836877
5.72648691173275
2.14703434999061
18.8807260710746
17.9543620130993
11.8619578424841
17.0919672070373
19.5227718310819
10.3007564786822
8.71188985183835
16.6433878885115
12.1280431281775
7.75361792184412
4.59727592114901
3.38895406062438
5.24525539949536
2.57887809549861
3.85570144573097
6.08031796291471
16.4139971274501
17.4698192014648
0.622661225497723
15.4154752639677
23.2016362054555
7.95165322932375
4.86940339647083
15.9242317080498
5.21203926764429
2.72860554978251
6.80764862336218
20.2218365169594
11.7581633476945
11.3558491226286
4.81946335148529
7.74797952189778
10.2507080417126
21.8511654529721
13.4277997072786
1.82246179319918
17.3339108005166
2.16868715360761
12.7598808780203
4.59079424363312
8.11132214888564
10.5890029110014
0.904887262731791
17.4804950132966
8.11051880009472
10.1795639303542
8.69667180813849
11.1884439829737
7.45832175016403
14.3155748024583
6.27080597914755
3.64798232913017
0.00243097201350436
21.1425967514515
14.2038234509528
8.82185073722042
4.82621175148504
2.85771041276465
16.7260780880058
5.12589192949235
22.6712115574628
6.71596449934229
1.95059838076451
1.81877390382715
5.81816411577165
11.1969985533506
0.44516958296299
16.166423400864
7.55514683189327
2.21524452790618
1.08496593138549
14.1633812210827
4.87377527606115
1.16772525943816
9.63332189962656
3.64105803892016
5.7286784193416
33.6903965100646
9.76053583435714
12.3837599996477
0.440630255814675
8.37469445541501
20.6005558315132
17.3456295204674
2.57325060665607
4.33998352229865
15.0022884365171
15.6993322074413
12.0796184569112
0.252501526847482
33.6969818454236
12.614176934585
0.787421483378523
3.34580643102527
12.7664437983185
17.0631029643118
2.56791138090193
1.44451283849776
2.11313427249868
14.2789298668504
4.86268782988191
3.06179369799793
5.14354288599886
10.0586134742557
2.66286198053954
8.33340136997316
24.5170906186104
3.42766321264207
11.0904396430261
3.92899206214573
15.61547992751
12.6371742691845
9.16766552254558
15.0517191272229
3.7133112918633
11.4809284119696
9.31786061264575
3.29513968899846
4.09122856688902
7.10069113411009
14.7502706318779
1.48652251809835
19.8934568711671
1.45947635173798
2.436294965446
17.0558387413621
8.24527451768517
3.17554012872279
7.67391580156982
22.0022431109101
3.98428647182916
6.46682749508166
9.75752629901841
1.55475740320981
0.0438234546621237
14.8141470272094
7.69952588950567
1.46973417140543
7.55283515900373
13.0163643974811
6.5460704267025
12.18342166394
2.54190666601062
7.63639030358799
14.5677642189534
8.59138676896691
0.244949199259281
18.5252717340361
2.49677103169195
19.805760262534
5.78411514870822
4.11809102470229
12.7284754067659
2.40061553195119
15.4969819399335
2.43457304313779
18.3400535053476
3.42658818699419
5.3868156106587
3.9086434058845
5.06864262271423
20.0842570513487
19.0846392419189
14.2469881570672
4.71707910099316
12.405912496525
2.54953930009418
4.81094969632684
8.49079881521066
5.96554311923683
3.57803674414754
4.12501785295772
3.71895493008196
5.1938740820004
9.07593076117337
13.3103221189231
18.4953677933663
4.63948556518493
1.62362282461591
14.8245040327311
11.8998988235032
4.05273241922259
8.34399879151082
6.54365587979555
9.09812707295156
7.68127738819031
9.13259699009359
6.126907793805
2.11156632774646
0.567978275095789
11.4275022377904
17.4342039307217
7.97351758182264
1.54775537560743
1.63450793266639
13.4952513501048
1.42775275744498
3.14467946840988
4.85626421868801
2.15900964103639
5.76381852156702
3.36719169281423
0.215196886925874
18.2601670734584
1.21136759986299
12.2217792551965
10.8452989572182
8.26959666195809
5.93798905611038
18.1567148305476
14.0107941813767
8.83474233560264
17.3098447266966
0.930077023804188
15.3869491272838
14.1009513754398
0.909080149240404
2.04070505334757
9.46949450105546
4.17018993757665
19.7576753795147
24.4773630191617
14.2277913633734
8.93889591097832
14.6791959181428
7.57148126140237
4.96079462015834
0.494948774576187
4.36515384890641
9.05143357978497
11.2902290187776
18.7717061699451
25.7934136664748
11.2298228777945
13.6614764574915
1.17879584431648
9.65609422536104
25.2973839174956
0.632971800096944
17.3882492817938
4.94023421779275
10.5484060477465
9.41425091587007
0.238851590091555
4.4361866119671
18.8534441603274
0.427760908072093
4.27586417632476
2.18387002094129
5.41747496463358
9.59867318160832
5.64612816087902
5.28244444146846
1.6175442840904
10.4270027191608
2.82447464807016
1.57671743072569
4.65197954545294
4.23758360557258
5.79247158020735
9.12436591461301
8.68147811852396
10.4518012143672
2.7328421201787
10.4527762094469
19.6112962905318
11.6765796672553
8.23416598141193
1.87407936900854
22.5594714123749
4.85501130816779
0.81333455633317
9.7806598059833
0.0499478075653315
8.20142272108152
0.379504123702645
1.63333339833283
4.26480914466083
4.97228163294494
19.2080312874168
8.87253257637601
15.3485403861851
3.16651444882154
10.4732647538185
12.78564943932
20.5351564101875
0.153806528176175
5.06551591606774
4.67711817473173
2.14743879623711
7.29167341746655
13.5023738813121
13.6081423942152
6.2990375328809
0.320090430010818
28.3577458932996
4.50097832389506
4.96180500888875
21.7444900581368
7.5884276535362
0.384975504130125
3.32001137413176
14.2719819676131
1.69981331564486
2.97821679940915
7.88302817381918
3.08323013596237
26.5192815568298
4.83433930203319
3.30383224357296
2.10242070152577
4.09210957586765
16.0722553259181
16.620058684576
12.3333559837192
2.18694489449263
7.73732238449156
0.163700990378857
12.1453332249075
9.12637414112988
11.762362205457
11.3857058223621
0.256410147994757
1.35018725198621
23.7360089085996
7.40082748234272
1.00517033333028
8.16071690317808
0.0187050551176071
1.3794806495358
11.4680458144443
0.1741353422124
4.24240615096302
4.19324073009193
15.2409377158048
12.8666459117085
9.65653513558209
9.9352996184218
4.44975262507796
5.40134398935783
5.45516714058425
6.08048803842799
0.0496713910251856
7.56850133794105
17.5936740357429
9.56346226684206
20.1890866368066
1.44817298278213
13.0735990125686
0.239556572136857
11.9067253079265
1.00068135212787
8.21092392886493
7.68446237780154
19.7040200233459
2.94290902093053
0.181201146915555
10.9059678564217
1.4251077853404
14.829074125737
4.7647513449192
1.57729154452682
15.0780044961721
0.205689949942868
10.0495086786688
15.7495259307325
1.21658291446583
2.93244631029665
0.696570379659534
0.137665178057549
12.4629443511367
10.2056438601952
11.6025318857282
2.73777153342962
3.60251199300018
14.1182370483875
9.9718036595732
1.82842654176056
2.27765114392969
0.172844997353986
5.80806530759444
19.7516241576523
20.0008992105722
5.55057067606753
12.2868067135887
6.24150688652412
16.0115274135023
28.2091122309762
6.85371466321699
11.8328725623458
17.76875811629
21.6398478951305
10.4481134963186
11.1669529229403
3.37739405286114
4.8995295073837
11.0298086423427
10.2726528421044
3.93803431652486
1.11958403140306
11.9308300620401
0.244602641341963
9.43083316820215
1.82986059226096
0.2267736941576
17.5196768250316
10.0696879439056
30.0879516638815
13.4392641950399
12.9432416055351
18.3885057922453
3.00507848257008
5.08314147591591
23.3300739830547
6.69387495145202
0.28408491201274
8.18418678827584
6.2997175072192
8.51625492796302
5.32273640856147
11.8718089535832
7.76249840855598
3.31686480088046
3.88785770011228
2.48183615417733
7.22665963694453
9.14667374431744
24.3864068434562
8.16837712191045
16.6740540415049
10.1975697879626
6.85841648014986
11.3550492562354
7.68019794486463
38.6052561923862
2.81437666749022
14.7098654597754
2.74669732898474
18.3811269234866
9.5618118538928
8.19622175768018
15.7113810317806
22.5437931250781
7.07117096894021
3.59157908244488
0.926530887754138
8.77336389385164
20.0947697448935
3.58420237898827
4.00868518015178
13.0127105370162
0.792588769536272
14.1202715691179
2.73197115273093
8.60431343317032
9.07158877486546
1.07064096348001
1.62005773745477
22.2150278010051
8.74396273866296
8.13863379880786
6.80370754562318
13.0251866357261
4.48184325359762
5.81547487336651
1.65470014326274
24.8458561021835
14.2997492115195
3.41311712938828
26.5287560876459
1.99795115148833
0.362674333155155
0.372594455257058
15.2376636397094
4.10739480271407
12.8631281200796
19.2937827669084
32.9095228632104
2.61520381926921
6.5738496536886
15.6858428381383
3.45168266356886
3.67916733957827
4.23492155969143
9.45972892702239
5.26247324245734
2.69941887818277
2.8654552064836
32.6976054813713
25.4005149938166
2.09335386753082
12.4544836580753
7.15055030433273
7.17504820786417
19.3205343775103
4.75141442013011
5.76995327137411
18.7012700363994
20.2514799928123
3.78713184036314
4.76437699981034
10.5212634165021
8.06588637642562
7.99500141863661
1.74711872823536
0.984581373631954
1.13118388484677
5.20959896966815
6.84207643170598
13.1930522162534
0.0213212889312632
17.7742173429579
15.6363118135929
1.61834384327386
9.45487865119625
0.164557620882988
7.27670788764954
7.79873626306653
13.4992634262261
3.87627311327583
8.95318542607129
8.52552263863479
3.82639095187187
2.56873847735539
9.07089823685859
11.2265394907831
9.18420315720141
13.9268328822001
3.98279544897377
8.49798093549907
1.59855814122103
7.30037461034954
6.81303269815019
7.45391810447519
10.2327407337725
9.9198863375932
18.4468751903844
7.56360919861137
7.34247798100114
30.86889798638
27.8602670412511
6.63013516648688
4.98357509588099
3.46666166398969
4.75403306781161
14.1913706436753
5.63430725596845
0.446393573656678
0.164412938908701
19.4758212193847
10.2415086701512
16.6643967851996
8.3588445559144
22.2483139485121
3.97928011969507
20.3338027000427
15.5480563664397
12.275790124442
10.3351030330435
9.13883832955997
4.65017571114004
0.758788455277681
21.1548684630543
3.32517173683422
6.58161851289917
5.59410865520373
17.6938654389232
10.8710975107352
23.168168682605
1.53617132455111
11.2876388709992
15.692231291905
4.80146097981242
5.20561095327139
9.30314920842648
8.33710320293903
15.1564636694957
1.80959648458334
4.67689443045155
2.83449698707681
2.33200636834365
17.3612650949508
7.53530962392688
2.64656258520493
17.6882310770452
4.19160036743301
12.1677266433835
12.0120061228427
17.105007218197
1.05551947544436
8.6379372049123
6.31167143583298
5.41520820050683
12.6656035892665
17.5223010126501
12.6101890932733
16.0492261706557
5.47832012725096
19.0413533244282
8.97427544700768
11.2475786823779
20.5161311531521
1.92339280620217
0.16463459469378
10.5170141905546
3.89906326308846
12.1551916003227
15.114022558555
15.1972497607479
3.25898673197956
0.776553619652987
6.26304515880358
16.875128347645
12.3404390178621
10.4491130721934
8.32615170535497
8.7404671125114
9.09770525861376
9.0048196259886
12.078454154444
2.36899345154964
19.5654300972819
5.61585961841047
4.6482065692544
4.92137796245515
22.0831633079797
0.95854364335537
6.08967344627406
4.97126462869346
6.4554619602859
13.1713633425534
12.8591936081648
1.64140076376498
16.8402997524919
15.9168946091086
4.82194346550662
4.62399502284825
14.4678369881597
8.12872815877199
11.2904894631356
5.12628108263016
1.21352147227899
8.00895323045552
14.6387702565083
0.684827027746174
20.1843421440572
1.29954095000672
29.7568580041223
0.65606715585727
9.2198144332272
12.7479754388332
12.6913148339509
6.95636321540443
0.201596831902862
2.44541256688535
2.72488789632916
5.15944706339268
8.77005108632147
8.8774322847046
11.5582262631506
9.90008339046538
0.166401874930611
19.940743688494
0.538779078498481
5.69469897226199
16.5883141569793
2.46411423892878
4.5620153604847
0.120206037536263
19.2145954817533
13.5144816711545
18.5278933495283
17.3519986474537
13.091779127717
7.4432310976221
3.70395560574971
4.3195078632282
2.16752514243126
17.9007191210985
5.62319229356945
31.9991005584598
8.40502225554592
16.1933187860996
6.47960853245746
7.96894016675651
5.9070622548461
5.78063703142107
18.8454303890467
2.73542292416096
10.1995480712503
0.719015207141638
5.3527000345689
3.58835444785655
16.6586384368547
17.7175715565681
8.86682748783111
9.31763059114669
14.1398307867348
12.1801531281097
0.0506734941154718
5.10160601697862
10.4976839030292
0.698455647752229
21.6679008211941
1.65577083826065
8.81668650125626
1.60797617070941
8.21494174392004
1.17185393963384
5.2267094142735
16.8980034533888
5.16189467429291
0.228430051356554
9.97787150554359
19.6634914633166
28.3421122003347
0.454195914790034
6.07640254311264
4.99778856226526
1.95155930471528
2.2550112567842
7.44977602735162
3.08486701192269
30.0887018907815
13.5714435018599
6.4177128020674
20.3714206573083
3.00079655948275
26.653461243669
6.21434259228408
8.74850754626095
13.0775238852948
5.02808289602399
3.77299777051367
15.8144018205561
3.2693751426327
1.77542280956802
1.2874293141067
20.9875176660717
5.8620669413358
15.6790512613952
6.9927426520735
7.55686097613611
18.0372552480549
11.2632376932206
2.4213953409344
3.37995718379159
0.210612174123526
7.58338682353497
16.3513594307005
3.80039393151211
7.31402191153943
17.53069171682
5.01244632404379
3.22746247984469
9.39122041702783
21.0444341413677
8.57054157552084
19.7930224705487
11.8616119492799
4.35295221395791
16.2126737646759
14.2913309391588
15.3549842070788
11.0413646910414
12.2602587100118
3.21832397021353
5.07993703769494
5.88766681030393
18.9205204833924
13.7323634233326
13.6071162380819
5.54832549150694
1.205630992651
24.4631877169013
6.94934029798164
8.308888690925
6.66361055336893
1.3573189919242
20.5694120842963
3.28879212029278
15.735127357766
2.89118029177189
17.1659602233229
15.9488623496145
0.786511283017445
0.194408884271979
6.18338552303612
22.74710260241
15.8510139677674
3.99088250739676
8.64035892300308
6.53862683102489
23.3307939578505
9.37643140009342
8.75818596692288
2.46349295161339
5.97180192659442
6.50336220860481
15.0363721884787
9.67286054239367
1.08109638156057
5.56965554133058
14.8734108848946
0.597483664751053
9.96246924623847
0.316731246969327
3.13939191747632
13.5197881609201
4.9442105460912
9.12604402626284
21.2104357779026
19.3901885983159
7.46417818105731
5.74424321831749
6.57603666186333
3.73119558207691
3.21595692477851
15.5703105498105
11.6503839180093
4.59803656519267
2.57219584758099
11.9578541722149
11.4153758784735
4.76792629614619
17.7676722407341
0.486563944144302
5.81040022271777
12.9780285932343
4.66957892038444
4.49162838311966
18.8450910151005
9.62654693550697
11.224852427095
14.6258973050863
8.88739315182034
2.43237694235476
4.9589769449085
1.19567802175879
0.00130194239318371
2.7968733494489
0.743196764960885
2.50589274801314
8.20662699688851
2.91670658625662
10.8850412536412
8.45181401658957
2.41153876212771
2.68723414088092
11.8923821486533
8.85378471575677
0.417609492619269
4.18963983533023
9.31535679847002
6.83534359559417
8.59078562968018
8.06480809114873
0.690588168799877
11.5839400340257
10.2459251880646
15.2792962267995
0.76628066599369
8.27122246355697
17.8968952503055
16.3064221385866
3.17225055769086
7.91934658773243
3.16883851774037
2.21794815734029
11.8039777502418
0.15340561331297
1.89111977815628
6.51615341193974
6.12184927676556
3.82793726031659
5.94445266760886
10.6413461651481
14.772687619552
2.84600406026348
9.76920285968167
18.7692999383907
18.5450470075011
10.9062983654439
7.121628756045
6.18092431686819
0.373052232389353
13.7588685012222
13.5757611598819
4.9724629178633
1.37143958072061
4.54665297170986
7.83328432589769
0.64992499537766
33.3396202679877
4.27585090510547
11.8786034174263
0.27784937992692
14.5205161876814
17.9850379875516
20.3893542755395
8.41354222089322
21.1202124133706
3.18872534512516
6.88022924587131
12.851401977241
12.4136624413076
13.1163572426885
15.5945121310651
8.09268392622471
16.9985510408878
1.29128079861403
7.90922090501721
13.2138997084471
7.60862808674574
15.3928051237017
10.8803755603731
20.7663572393358
