"x"
18.0881451582536
30.7855878025293
30.6945238414452
20.3470463166013
8.42253339942545
33.3796932129189
17.9651819131752
35.0772158221758
25.6410750793293
13.1581853968488
19.965263013728
31.4369338098913
32.243004348129
30.7199182920158
31.2646314967424
40.5155450550324
22.0602797809988
28.9267109008506
18.202873505652
26.3101375196129
21.2896646466106
36.8014884160316
13.2207066519186
24.4176297914237
16.4207816356793
15.0887949391229
26.6856979578733
38.6792309535494
31.9081935798749
20.1106359250844
34.5785588957369
22.6399207927974
37.6383819130665
17.5201578531414
28.2129513798282
17.821221286431
27.4918602779508
18.5100394766778
32.9433440696448
17.1446843771264
27.0912269130349
30.2519675344229
14.1055447655372
20.1104440260679
27.950699464418
24.6573211625218
19.3758931709453
25.0153487315401
19.1517255268991
23.6658896785229
25.1537056872621
24.7546584811062
13.2264071842656
6.71885413009552
28.7256720243022
20.9377039043216
32.6451797503978
21.4824269870575
23.7518226262182
22.6019863581951
20.0715565355495
14.9713488568946
32.5854611350223
17.9021065821871
26.7647453583777
32.0786128519103
27.8909490676597
27.9122749576345
25.1175746787339
29.1728570358828
18.2154954610239
22.3785595269874
24.5832843473181
37.2770293129093
25.0231469748542
21.1031973129138
29.8502100631595
14.7359626901853
18.3504009401197
23.4752997057512
27.2593998961511
19.4818199845031
20.6914921291173
18.7980550574139
37.9976021104908
27.4409723468125
23.9640277344733
22.337423521094
13.581103033243
24.6340937912464
26.61013440229
26.7431178130209
23.9991203178316
16.775570763275
26.7289860872552
20.8623690996319
17.3526738770306
11.5376307200041
26.3074105838314
24.3273994885385
22.4507787963375
32.249983699426
26.1953200213611
15.6376746948808
32.2068655397743
27.7955928817391
29.4220553478226
25.878795911558
28.7706793285906
20.4686435687132
18.8256521709263
25.7785979192704
25.5090415943414
22.1203506876845
29.6814030269161
25.9631358385133
27.3480210918933
35.9942189593913
24.9521271325648
26.9760988652706
34.1901963343844
36.5006432847536
29.0938313817605
25.400893879123
26.9782405113801
26.7315771049562
28.7733517587185
26.0029426310211
16.8349028099328
16.3589256349951
25.0101313684207
28.3813646063209
26.7248910153285
17.9899981349013
20.1096756849438
14.2848517280072
16.6294602211565
23.5629910835996
9.78794379625469
19.6501680184156
14.5113884937018
23.1257076840848
19.6232566144317
28.6625137552619
18.6451306333765
29.4775434536859
20.7175330491737
25.0867157941684
18.7195788370445
22.3918124567717
18.7514606148968
27.6701855892762
30.7224133983254
29.6681803956516
26.3360689277589
23.4415856655687
28.3092425670475
22.6837815716863
11.797738680616
25.9343511657789
23.3394732272238
31.4810950309038
28.8280698237941
34.4215004472062
22.5927878869697
23.0039343936369
17.2234480967745
24.1441115686637
10.6932822847739
21.6047046324164
21.1588732898235
26.3307618087845
26.8734935750564
24.0207324270159
30.4136308142915
20.9820002550259
27.6706535834819
18.2216124143451
26.8804635094869
26.2706191278994
14.9029296822846
28.107509878464
25.8224060991779
24.3204605765641
22.3874646776152
33.0407443456352
34.9283957928242
25.5760771222413
33.1388746388257
22.78451716993
21.9079620670527
21.8930623572821
23.7345037981868
10.389159549959
21.4419390307739
28.0622342368588
22.346393042244
26.1508281109855
30.3645228035748
9.47396054932088
34.6648720072067
18.252219154365
15.9550071926787
20.2013215050101
18.0230564437807
28.0514546437189
36.0900794187158
18.625859473832
17.8725104779005
21.4008414885029
31.3303803093731
14.928590242567
25.028689262653
17.3724143533036
29.0552485967055
30.5318974656984
16.9079617829993
29.8369622789323
20.922280786031
21.2267672875896
37.6481435771712
32.3471521260217
20.0571101857349
36.619706682623
34.3786418903619
27.5052575161681
23.4515518881381
26.7565495101735
18.2355117028409
16.7252507293597
27.1576480707154
27.6220799190924
31.4969363855198
16.3546383912939
17.0963751384988
29.1751357028261
19.464976596646
21.2806172668934
15.3525130590424
34.6481334185228
32.4274923186749
26.6789947869256
15.8455178374425
12.5396707558515
28.8373206509277
31.6248178714886
29.6506611863151
7.2144741890952
29.6711507597034
8.79487916827202
21.0721711964796
36.4592457690267
17.9988089483231
24.848082405515
15.5328132337787
25.9511692915112
10.2792011108249
21.4093472342938
20.9610662655905
26.767992367968
30.5237844120711
30.9819561894983
22.393639292568
34.3670049216598
29.6342430170625
23.0588853218147
24.1326672956347
8.95592283923179
22.6485445396975
22.9531252058223
30.1938554737717
34.6717969493425
16.2449808558449
23.0496588395908
36.0936208141452
19.3264196161181
29.9768531927839
20.9643684327602
10.5776467360556
16.0212144721299
13.975822343491
17.7049517165869
18.8095329329371
21.7538909753785
21.0333286551759
32.0250518852845
34.5445442711934
38.6047181455436
28.2994546927512
16.8591333553195
37.4824443280517
23.4041195129976
30.5311117088422
29.7044844832271
32.6719325967133
30.1891860784963
16.6899823714258
32.4788913829252
31.5151410875842
9.45198007393628
30.5415339069441
20.7889072364196
33.1373742083088
19.5775891921018
16.0559595562518
25.4718450130895
25.2419878728688
28.6696534371004
19.8330769315362
27.6756463106722
13.0840418394655
25.810984801501
21.4219684479758
27.5428115157411
21.9892235705629
22.7774085942656
9.51397101991751
33.2722623832524
22.0307216979563
28.4273853292689
23.9526207093149
18.2909443508834
21.0288687143475
28.6640995414928
36.9022103471166
28.6110718967393
12.8466337686405
25.6332243094221
22.9382071178406
20.9290066733956
23.7857819534838
23.3276907587424
28.7725733360276
8.79647198598832
23.5865148250014
21.6585969132948
20.262606275958
27.9669440351427
17.7786435233429
19.3089106120169
30.7026064721867
20.7573291379958
17.9761503823102
27.8616633731872
20.618225610815
23.6525004094744
16.0105878487229
31.4348802436143
35.5476665671291
26.6019985545427
32.9671927029267
29.30793534033
19.2497883407163
18.568127801242
28.8485124673792
26.5160044655204
25.3063310403377
18.8548916485161
22.7144888369367
25.0419011106715
21.4144934385545
18.9649465530208
35.2017532788841
19.8977885534987
39.0490934697396
24.9660114524886
14.0341078164056
30.8424758724868
21.2573547614738
25.5988871103664
15.1386260986328
21.8803962226957
32.0570228621364
29.7489140648395
28.5779230995104
25.765281659551
27.076525776647
18.2353656040505
27.8911905828863
13.7420570710674
29.7783558024094
28.3442070009187
10.1304699899629
22.5780934095383
19.3240222986788
16.301691904664
31.0925005702302
25.752605847083
29.4580432353541
24.5059688575566
22.3392281448469
32.3992305668071
21.5079540410679
31.2176855513826
30.4441011277959
36.1277738565064
24.9431711383059
23.925250582397
25.2385305939242
16.8274454539642
19.4957198013162
21.5917273424566
27.9128550319001
8.26084848958999
16.6522596264258
21.4343652827665
30.6776295648888
21.8006180133671
26.8818774493411
29.2091558687389
25.51173735032
10.217908769846
19.421541551128
25.4145350772887
37.0098667198277
30.9121052501723
18.8792219385505
20.8385949954391
39.775312435918
19.3038422614336
28.8211945910007
33.2730018533766
30.3438731469214
20.1532995626992
22.6635792758316
11.9486781810658
23.229919699952
19.9874323094264
16.6631068568677
24.2163179675117
21.8173811445013
23.0437488760799
24.2990110535175
21.1914432235062
25.8163732010871
29.6270373975858
31.9643615543986
22.1937113697895
18.4666387906376
31.29318385247
23.5569844488055
19.8107399542363
40.4250177999443
37.588141018287
16.8497873935848
30.2186209708452
13.8616621554761
11.3689949503168
24.649682152085
33.3649237407371
27.0839427597821
34.1227718861774
20.4674025997519
27.5312158744782
20.6914394861087
25.0600686529651
13.8056935742497
13.167833792977
20.3139205696061
19.103850517422
26.1969769140705
24.7536103706807
22.2924527246505
34.57213237416
23.848443524912
20.8538684701046
26.8633664352819
26.4976665377617
18.3351507548948
24.9275131551089
26.8713587662205
22.1368833677843
27.2611574968323
25.9100889696247
28.5941877169535
32.6152928406373
26.524984902908
21.8842527526526
18.7559535339153
29.6154081588611
27.7326626935974
8.42306008370194
27.2145555354655
24.9474459094927
26.419336674735
20.5906302435324
25.389711279422
8.42496371113489
22.1460200147703
24.8302734689787
31.4416628796607
25.1652477530111
26.7661264399067
26.5666248043999
38.7222151127475
22.5259920517967
10.2344928542152
33.3466013427824
28.5214570350945
27.1867350209504
10.0469936151057
30.4276795359328
22.7753353537992
33.9170412858948
24.4538811733946
25.5839734803885
23.1127453502268
25.5659888265654
5.6219968246296
36.3760222194201
17.3253678752445
39.5930967596999
35.4816200717268
18.4809850049974
27.6798403356224
28.4412081120536
21.3761595980473
8.08286131359637
33.8819554075599
27.0716713741422
28.8165353005752
15.8331679413095
22.8447492234409
27.6132215745747
34.8188862094144
21.6052791569382
25.1561488723382
28.6318376427516
26.9691052380949
31.7890248727053
10.3397708386183
28.9546111354958
32.8985845670104
23.3407474899769
26.061207591556
21.3260042248294
20.3236394794658
27.7022331953049
19.8743482585996
23.8917111186311
24.7081346111372
22.7320430101827
28.7900808500126
24.9708600807935
7.68473385833204
33.3218701649457
15.9057398792356
20.058567328023
21.1105254478753
20.0273100752383
17.9691274918996
22.3093691980466
24.573138798587
27.1352074574679
12.2997849564701
21.2622987339273
16.2748514758004
31.6825680900365
26.492534764111
11.1337490270983
28.3499150071293
27.9795378208251
17.8734007291496
6.48065802499245
31.2639886280522
27.7491990011185
25.5181248998269
31.219371012412
23.9536862121895
27.3056983004856
22.9815368074924
23.6060919007286
33.4976702462882
18.0838311515272
18.0418229661882
27.2553593618795
31.7374946429386
34.9661884821867
26.8328319303691
30.7672366499901
20.1594045618549
26.197164109908
27.402079757303
23.605506750755
18.6815513530746
26.9529312849045
18.9744909759611
25.8039584383368
13.462177090689
28.038694197312
13.2302868250899
27.8162437025458
17.7762866951525
30.7605943409726
23.3432443346828
22.8136836085469
23.0774414958432
34.482047194615
31.7082057707012
38.3530348984009
29.9101334763691
28.4634621115401
19.1408655564542
23.2909075203905
38.8081265668202
31.4937584334984
23.6404067836702
21.5392153942958
31.617030617781
13.2905630239728
26.4663065783679
33.1962074618787
29.4811645289883
28.606932470575
33.202605554834
32.3168436065316
10.0603151135147
24.9018559232354
23.748292069988
28.4022594802082
30.2776199532673
35.4990585220462
29.3275539297611
24.8480914859101
24.3703284068033
21.3643478462473
25.0058768317103
31.4437224995345
22.7386006852612
16.292490484193
30.7336427038535
23.3658663695678
21.0045704850927
20.9761038422585
25.2985113766044
22.0374289201573
20.3567738644779
17.2463249407
20.9699302001853
25.0613257987425
22.128733783029
35.0768445994756
29.4850153848529
14.4376746485554
29.6869131037965
19.5862082322557
26.4565086457878
24.8206265736371
37.4229657628617
28.3891195198521
29.6617238316685
15.7292284769937
26.2357899919152
24.9619901180267
15.6088165240362
25.1694433158264
22.9423058452085
12.7824608963113
23.823961103335
28.5475201439112
17.5643254537135
28.5451901610941
20.272323791869
31.9076044950634
30.9358514146879
22.7793343598023
24.664428923279
16.2612505254076
31.096171727404
28.3140321495011
20.9994500502944
27.2123124450445
24.8631660936242
27.7801864081994
20.8059493917972
17.3485816922039
23.4530887799338
18.1137312902138
18.5957861831412
23.0671694502234
13.4659807708572
17.840082757175
38.8870000784425
19.386768178083
22.1401249989867
18.2850366471422
38.6571308576918
24.5376323815435
22.5764899514616
21.1314487503842
36.8377399144179
26.9864584552124
25.4809330683202
21.9076795062979
19.2332950420678
20.7735043717548
28.4436864490629
12.3377146199346
24.2977137910202
24.5310005731881
26.9404788684021
25.4378796322271
33.4046453004703
20.9532725765592
25.9965219069272
26.9122851081192
28.6689988570288
25.1193179137353
21.0989453829825
25.446465378149
29.0680689038709
25.1267442945391
28.8343197713608
24.5332466205582
30.5508496006951
32.4949031462893
26.6149207949638
12.9595769716199
16.854880751065
29.9254943616688
32.2019905550405
21.1280152667314
23.1327960034832
23.6815855385146
24.5088633149862
29.1213284479454
36.605043101818
18.7647585058585
28.8675046991557
21.719612670131
23.0595459695905
8.66111145792613
29.369389382191
11.745067872107
18.09149493929
20.5584907671437
29.363558604382
25.0296401092783
26.9978064112365
19.8637823807076
26.6140824416652
36.321069110623
22.8882922549521
22.8900925631292
24.9955424107611
22.5324453553185
15.4274924658239
27.8454206185415
20.2461849665269
26.9189075566828
36.2182648855924
27.1571530980336
28.1636337073814
27.8557499637827
19.3365943152457
17.2429010970518
24.7789908898994
22.5987691432238
20.5117387929931
16.0371157340705
24.1848745150492
15.0304726790637
27.6162389898673
24.3457109201699
37.8357387126839
23.9666684065014
24.434697534889
23.0111154960468
23.0922943912446
33.4623269271106
28.2919016201049
23.7366156186908
26.0013059126743
27.7613277779892
27.248211745719
27.7663758245574
18.4890493284911
19.4055939558893
25.6491457112134
29.1592376306653
16.9108975445852
21.5802055743385
22.9130467632785
26.5871124482602
34.813037838549
19.9793900130317
30.6815688032657
24.4653055211529
21.3728202274069
23.9327843526022
25.6438632262871
21.036527239392
20.262622856535
23.6569146447952
28.838006965816
20.3498422168195
18.8582248752937
14.1672081546858
22.2093835007399
33.2967748399824
25.0234482809901
33.1028547603637
17.6559699932113
25.4108300390687
24.7947412542999
20.4726690659299
27.5135401869193
23.227173043415
19.0424475586042
30.5642478168011
24.548675888218
22.5252378631892
18.5108118959305
22.3178055137396
24.18967399679
34.7611269426948
18.8231843756512
27.2347565740347
17.4275265540928
18.6257035238668
22.7201086236164
26.5097544229019
28.4032627008855
31.1117389239371
34.9983954781151
36.5469742545343
17.3448461806402
36.4173529820058
39.4016187591138
22.0133084570989
28.0878374353051
38.5137690210199
27.2754529723898
23.1714177876711
25.4159847041592
25.313623691909
16.6461314540356
26.4217434450984
22.2441383171827
32.0303193526343
8.28183244898727
17.6770278019831
23.3354596243408
17.1248895581812
31.4627090469003
19.8481679661199
19.7546329503867
31.7463116487488
25.3405782859772
4.42077741026878
22.695132298395
27.4232244584709
22.378718899563
36.6737425800388
27.5903115049005
20.219393633306
24.5088530967384
24.7024199226871
35.708169962973
20.7972935168073
31.4144521951675
25.6742315599695
28.2506172560851
21.5319906639759
18.5315127950162
15.7830991120142
25.0605391571298
26.3506429735571
21.5277309762314
15.7992045860738
32.288683229126
17.2007079560688
24.6250376338139
20.6882760261765
15.5270162038505
29.4637227896601
22.5090343039483
25.2868507290259
20.678161457181
25.4089170135558
27.0140589680523
24.2877069860697
23.2916735112667
30.8256045915186
10.7024789197175
19.5593550335616
27.634932496585
19.4688284071162
35.4699456655653
27.9911617748439
26.7596264369786
26.5082002850249
32.3263407219201
25.4121894249693
20.029756333679
29.8427680041641
25.752832298167
23.1493255589157
26.28365510609
26.9923292798921
21.8759952811524
23.1355732074007
13.3691453840584
29.8888197401538
30.739582143724
25.860218051821
18.3552122907713
32.3192802025005
20.5330087337643
19.2755386698991
23.7108594272286
29.373229992045
32.5712547171861
20.5995277268812
23.4038252616301
15.0458434363827
24.4619093343809
27.1285198628902
13.0113899242133
19.8331652209163
28.1187805579975
10.2066786261275
16.6318785317142
27.8437795350328
27.9372215736657
33.4596015047282
31.5808597952127
21.1216276977211
23.8931363547464
24.4576477212831
29.2149844346568
27.5727492989972
22.2217928385362
19.8136684251949
26.0531931417063
17.1693196985871
28.3052148982657
24.3964137509465
18.4068328783489
21.7702858116083
25.7242646068335
12.081288988702
18.144953250885
25.2003301400691
17.2739603885786
27.1337643991845
21.6104268096387
21.5713777573097
37.3103992076547
31.1245246091858
23.2127267867327
26.7623004270718
17.4007601960817
23.4639446018264
15.2776835951954
24.8484518146142
21.1334059014916
22.1728112082928
20.1832429738715
26.0894587496296
31.722934381105
21.8511636834592
23.1139134124791
19.1160652786493
30.6218369631097
15.8127769827843
21.268433877591
19.3397638155147
13.2334795081988
13.5863088304177
24.1611918667331
23.760576999025
28.0350079152038
23.6890359781682
27.0301194163039
31.8869104608893
28.486494300887
36.6233046353309
21.3851750595495
20.3581426525488
12.9600945394486
19.1389217507094
21.1354173719883
41.351302122148
25.5858818534762
23.8047239370644
30.0248299958184
29.5576433651149
18.1463665561751
20.246307469682
20.808795816265
21.210108930245
29.0110903559253
20.6616801675409
26.3462502276525
27.6482785120606
25.4867003532127
29.0850528050214
13.828926670946
29.7651942120865
22.9450497310609
37.4723118708885
35.7782694412319
33.3542729262263
29.7159925568849
23.3971040463075
27.9038490029052
21.8167401384562
28.4889445407316
32.2746370220557
22.4743053549901
32.2464212309569
23.8941376563162
37.2798677978522
15.8537204377353
21.6274411184713
27.7097330195829
9.245969827117
32.5617540627718
17.9319553542882
23.4309187734067
24.7421351494268
28.2442934345454
12.0969835963414
26.4084757072851
22.0458257012069
33.0321095651016
20.7228912273422
24.5249544473607
23.3457095455378
20.2191729555807
16.1701711826026
15.3433478437364
33.0681201303378
16.5613872909858
23.4939156100154
36.621809515968
23.3370458008721
14.9703043513
25.284608732909
23.7860998408633
30.7673221221194
31.0131383361295
38.3279274003121
13.6260121129453
30.4320317460224
21.2512998376042
23.8529486582191
11.2313846126199
21.1995814461261
28.4825719892979
26.6931280959398
20.9745575208217
24.3171819951385
21.9187965501006
14.6850482374567
27.6591129368171
33.0633731093258
26.4069554861635
31.187347159721
29.4374610064551
18.5360597446561
17.5788254061008
22.1047914354131
35.507403963939
19.883748004213
18.0296055274084
21.1449450229519
22.8911654325202
19.9911699397489
32.443545688875
18.0195250082761
24.3008474353701
20.1306194067001
26.3362480327487
21.6699403710663
29.5642280718312
18.4605467874567
28.6009980692765
20.7800334828964
20.2215728349984
20.7552708090134
29.6403567539528
20.1834426494315
19.8215687386062
29.7467087395489
21.0737550631166
21.5435347752276
15.7641362166032
31.9079318549484
19.310200959444
15.0267226621509
33.8447187561542
23.5776289831847
10.9221296384931
27.7234208770096
28.5622162511572
21.4738266076893
23.0715719051659
30.8761662337929
10.4130631972796
15.9287544898689
21.3627774546635
18.8542325049639
17.5740071106702
25.0389897963032
27.2434725193307
20.5535050057468
17.3502896675598
19.9559376807883
29.9932166934013
26.6840385040268
29.2129207402468
32.0773048792034
13.2480551488698
20.6335264068899
21.738039329648
29.7776189167053
23.4320324379951
23.5817724373192
23.9971161587164
23.2939330628142
27.4151911959052
21.097749331966
25.9362144667757
20.7907949807122
17.2558669466525
23.2076392509043
27.1766093326733
21.5360562782735
23.7354616401717
22.0878775464371
26.4465402113274
14.5794036565349
27.9515781905502
33.0184202874079
22.0914446748793
11.0299473861232
18.0399546166882
26.7631186969134
39.2525729236609
29.206254077144
26.52594873216
23.9781825337559
25.1427996205166
22.2365120891482
17.0537962345406
24.3657783438652
30.9278163360432
21.7597225448117
40.8855194670564
31.0699862195179
27.8705099597573
13.3255035849288
21.5025546494871
22.9774868581444
35.5512828079468
17.2809023225547
23.04686778225
27.3232718294646
20.4181761713699
24.871903238818
23.4612313099205
30.0605687079951
19.2693059332669
28.4529712982476
22.8274343302473
37.1310167459256
22.3124262411147
28.9087352808565
28.2237207051367
9.44168900605291
16.1288443254307
21.6567072860891
21.201872266829
36.2308379707342
33.9169585378841
29.8689772142097
20.2327345497906
22.6423226296902
23.4444776549935
24.9929775716737
27.9580915346742
22.1772941295058
18.6200806172565
33.7884050095454
25.9917417308316
26.2429609429091
27.8378227958456
19.9950069189072
23.4529422524071
35.7502660693085
34.8727566547801
23.5464182915166
11.5424133138731
21.2867341030887
24.0650714375079
29.8022688133642
14.7329798187259
12.7973863085427
20.638940227218
24.1776530630887
37.3180990086353
12.1027235174552
26.9136542920023
29.3942471034825
22.0113674877211
18.6722026439384
27.1045244764537
18.7877583550289
32.951716450043
33.7431430118158
25.6180256139487
30.2113675745204
27.2273698588833
22.5021531805396
27.3034774206422
27.9355613747612
18.0720895295963
29.5146703952923
21.8028660186907
40.7068196663118
30.0868993159384
19.0516511444002
29.4516445370391
28.3732742954968
19.8896024432014
20.852345158346
27.4404488894599
14.7908868725352
29.1307654231787
23.3651517191902
33.0173169262707
31.7858445458114
21.4348152047023
33.3394128130749
35.0225557086474
23.1428037630394
33.2340804859996
12.8537302371114
32.8840202884749
25.973450159654
28.4865986555815
14.5942894276232
27.2961918234524
26.0751067425558
27.3038752377033
27.8562220046297
32.5323048047721
29.2680853279307
15.981772961095
31.6491455072537
19.5609696636183
29.8041214700788
13.9357154413276
29.2381280567497
33.647671691142
20.2495992983164
24.6992115164176
25.3015768248588
26.112371776253
15.6917939893901
23.4555776463822
19.881456787698
36.8340826106674
33.7883823085576
12.8700875211507
20.6664856290445
25.6281856214628
19.7847537696362
30.5133861023933
24.2240328056453
35.2174730486745
31.57866129186
19.6658518532049
23.3433986548334
33.381984825246
25.2108475426212
21.6522599747271
25.337701337412
16.6870830655876
30.8680358808488
32.8647080808878
27.0152709446847
23.755209101364
18.2771523483098
14.6638601785526
26.5785817522556
27.0948415156454
22.7022095117718
21.5075975960906
8.80090988328112
23.4010505257174
27.6955106528476
23.699923302047
25.3254228504375
26.9644502084702
35.9311326526594
24.4644898688421
31.0498115373775
16.8723627924919
27.6627076281579
25.6654664641246
24.6336931362748
23.2581854147519
22.8368544718251
22.1659598872066
25.6613062229007
16.0749780712649
19.4286523302681
25.7497547528113
7.94322097208351
18.737364177501
24.9778235564008
26.2617780128494
18.9584237624458
22.8371553821489
20.3493930399418
30.7741448602985
30.8315604925156
13.0406034680357
29.1155260056257
24.9638132750988
22.0014629855205
28.1385382637382
31.0290118213743
15.5687217134982
33.3021354163066
27.7619465952739
32.1684061316773
25.8780613774434
34.4979705521837
15.2421033708379
18.2743315166521
20.0478191487491
30.8247156674042
21.0553515702486
20.9243462421
25.0290355877951
29.6357666142285
23.6203101914295
22.6921325083822
27.0557448035106
18.5490681324154
30.2151288604364
23.9067481830716
27.4957626126707
23.4031586629864
19.5864613400772
29.2518134694546
22.3624216392636
21.4652156224474
23.1967899948359
20.3145277220756
18.1644425494596
20.6136413384229
18.4262558978592
16.836737384597
32.9046049620956
17.5217926036566
17.888514046567
31.4501676475629
22.5791439183546
24.6087813284248
21.0451868828386
24.9974648468196
12.9928891041242
20.9948388626799
15.6765975756571
13.5841520503163
27.8795339167118
23.7700264668092
10.9430091688409
26.9484417978674
12.2112699085847
24.0165450144559
27.6882396689928
36.7269719521772
27.5988205336034
31.3590989215299
33.0251213861629
33.3498995052651
13.2689766585827
29.1021015262231
24.9666811199859
25.2198225120082
32.5557129224762
14.8199619714415
28.3881975105032
18.0138436844572
32.4188482249156
24.2559372680262
20.532047143206
27.5499512674287
28.7258784053847
19.8231273875304
27.6310109300539
27.8812806587666
29.0083371568471
25.1701785484329
21.3853872613981
30.939340335317
26.7717002192512
20.407235971652
33.0114906886593
20.7328983815387
22.1546566587947
13.8420234667137
24.2917922325432
31.8292875774205
27.4843355175108
20.5932230921462
23.5168287530541
15.2263819472864
23.4320657349585
27.0157256163657
11.2580377829023
37.1468894628292
19.2654098506989
35.1779398042659
23.1398006475504
34.5097689656541
20.9184808889404
35.5007358044062
20.218820287846
28.0518584419042
9.66871894435004
22.5120018934831
30.9264970710501
33.1318538403139
25.2812948543578
20.0463081942871
22.9402805678546
23.3398882310764
35.2257952538735
23.7498746952042
28.5037891706452
34.4436441315338
22.0441665833934
18.6267537297681
23.3475300949067
25.3328447462991
22.6805508835241
33.4412954747677
26.3307356508449
22.6292886771262
32.1683519752696
22.3276231903583
35.9625052493671
15.6577040208504
18.9484047703445
20.2277284115553
14.2013078284686
24.3503032252192
23.2100874418393
31.7475962685421
27.9430963099003
28.3247475745156
12.6010448439047
25.0847019487992
19.4279739866033
19.5770729565993
29.1425990406424
17.8751396248117
25.6493009161204
20.1710833935067
20.1703720045842
26.3184152543545
18.9649245003238
28.8365968270227
24.0919205127284
27.3980170255527
21.9189556548372
26.8371520098299
30.6815342511982
24.7423712396994
17.3310083104298
22.6869116637003
27.077772305347
17.3313468694687
37.4752324053502
12.8842439278253
19.6056233020499
22.6494460470805
33.9065340347588
16.5026063797995
19.1601596074179
27.7180583449081
31.7522529745474
16.4459964027628
18.9020922640339
17.2576342273918
28.4763868665323
35.519330696357
23.7976999853009
26.772483647801
32.417992525734
26.2429137947038
22.7994043845683
19.8516639880836
29.1878326563165
24.2078382289037
25.6961033213884
24.649944039993
32.2021783329546
11.0651672119275
24.096114182292
27.4567546555772
27.8934770496562
28.2855626195669
21.7496287776157
20.948527072462
29.7431900165975
17.9584593046457
28.1285232598159
14.2881313571706
32.7299057738855
28.0149922939017
20.3950658790521
23.3443729113787
13.0944744379055
11.0899358930648
22.7824902161956
29.4241192517802
23.8108431687579
23.8507414935157
26.9769456470385
9.96333379298449
19.5872976211831
30.3629380185157
25.6996642332524
28.2593693584204
16.0581142175943
9.4401715323329
23.0230344459414
28.9371346123517
32.1637501008809
14.5691226702183
27.5441193487495
18.2012372417375
19.1705310717225
39.6025657145104
26.5925445593894
27.3945432854816
31.5950866788626
24.9730549752712
25.2970640960989
20.5247360559008
29.3600732227787
30.4202087689191
24.0463745081797
21.859111264348
20.1098037883639
27.1448955405504
18.8972180243582
17.7907787729055
30.3423860110343
25.0702358083799
18.6061697269257
30.3963690763339
29.5443077106029
25.1526623731479
30.1098034717143
17.6840164721694
28.3420336199924
31.931418204824
27.500511938706
26.0046870447695
26.0375923477113
25.7796815829352
36.6959569489068
18.5000687751985
26.228041367246
22.6283122319728
21.6989768669009
25.837302650325
22.8749441448599
35.5826343495553
27.1822841372341
18.0258958833292
18.2751283049583
27.8974989748401
34.8291808145108
15.558215836063
36.5763096248795
23.843331169337
26.3394371373579
20.5162773141637
24.9535262817517
15.9036295255646
28.5958196036518
25.599512225017
24.9272587463696
28.8560785586014
10.4547806707928
21.3616347173229
24.4357683695853
32.2266079485416
12.8334641032179
36.3785630326561
29.540197737515
25.2159758936614
25.1865023048595
23.4977265121415
17.3367964099809
31.4707733225077
34.8216482404025
24.2185654351488
38.3886683245605
17.8249508142471
26.6801020363346
26.6129159834236
14.7206762805581
34.0871778083965
27.9197177384049
28.8533416343853
22.7033926174045
19.4122492335737
22.9431678075343
17.5163752341875
22.3229332594201
23.3120413962752
20.533970464021
31.0211182571948
36.3097416681653
26.4686022186652
13.522106804885
31.3908620504662
24.8699283728117
17.2975288005546
22.7175812004134
24.8171359533444
22.0366035122424
21.4335232740268
24.8018086189404
17.5073968246579
19.2669743821393
31.3283104682341
22.6983538032684
17.3368040006608
19.760511489585
17.2577469144017
22.6179736666381
24.7662865556777
22.4865318022325
20.234657661058
26.1589187663049
27.7663401663418
26.7780881840736
27.0936911925673
21.8127211090177
10.9585880534723
34.2890459112823
29.163012828579
28.5269866231829
27.5255746440962
17.3920242581517
25.9418410733554
31.8588180234656
27.2861818782985
21.1877329507843
27.4779221741483
19.1952751759872
30.6988273747265
19.2206620937213
26.3897655997425
23.3746299520135
24.859077623114
13.1303112022579
25.7161359709504
20.6195249773758
28.9001454666383
21.56965166796
28.8541584042832
26.1874874941714
20.3346595400944
19.861027309757
25.7668062790832
26.1446234537289
19.3975950358436
19.3057030905038
30.2178788464516
20.6671413267031
19.6794929886878
15.8466924447566
14.8023354594702
29.174912138842
30.306342151016
24.7880517970771
16.4694670354947
25.3759356065359
30.8742112014443
14.1332034720108
19.5313506294042
27.8077313210815
21.8707752181217
21.8166217440739
31.7116384627298
23.1624696170911
31.4378329785541
21.5904038078421
19.3709419108927
27.8573871357366
11.4026401657611
21.7128364834934
23.9013685206107
31.0011235298589
12.8956601256505
28.5182259045541
24.7343869414181
25.292633054778
25.7030444219708
38.3407672846174
22.707302798517
29.6756467781961
39.5847894525586
31.1955289216712
6.70738958287984
22.5120370509103
21.9513784861192
20.1840832596645
19.5587686728686
17.7132743890279
19.801432476379
30.4860152769834
16.3892972050235
30.1906040133524
28.5835302202031
31.0449691023678
26.3231619726866
29.8560078721493
25.3366653807461
18.6186768813059
23.6624633907455
32.5132914585993
17.4845179077238
12.7959865521105
19.4050581427291
29.9135893583298
28.7811912829056
27.0387465367094
25.3759003679238
21.4749589329585
12.0255541056395
19.4372554542497
32.3118200292811
19.7065580907117
21.3771958165917
18.3113208739087
29.6231974149123
26.3937700074166
32.2463701013476
28.9626794401556
25.7700854446739
34.5455897273496
9.08798014279455
26.3804019342056
18.4268247801811
33.3486838499084
24.3389257790078
34.8059751192077
21.4210888370872
24.5026256656274
18.5590375545943
30.1523188129067
25.4399308701977
31.9371685851365
25.8449557470158
17.6049911184236
28.3324193408793
14.0445273835212
32.1894970722497
28.9957196218893
31.6546817542985
34.3718632590026
23.1676256051287
33.7658240227029
13.507087043674
28.0353842535987
19.1764988782108
18.6626432230696
27.9006159864366
29.3555292068049
24.3815779685974
22.468769364059
24.5517350966111
23.5057414504178
19.1864983877167
20.0400590896606
29.5754791703075
23.7231496023014
28.8415071787313
17.5536729162559
24.6251393549583
13.1403289269656
27.6840297970921
13.517779763788
26.4637930318713
17.8684156853706
22.9270624229684
29.1589957429096
31.3318125692321
13.8344320701435
21.3492800714448
36.3186959147632
14.2294842051342
26.8574135378003
17.5855692630873
25.4443871473063
12.3271471587941
26.542272255756
26.4400332001969
8.62254576235965
22.0491393702105
24.1208118418636
23.6010516993701
29.0239155292511
17.9879738017917
39.8019983877844
27.0655387546867
25.829027597715
26.0895031969994
31.9057775428519
24.9117589555681
15.5208699405193
23.2322487281635
21.7837505042553
29.9127482825391
23.9141530822963
30.9914390090853
19.683535839431
13.6139303212985
18.7210074625909
16.77694816768
29.9508216325194
17.0433273998661
22.2643541637808
12.9568622680381
21.7358887381552
32.2317011654377
21.714246715419
36.2570450154549
33.0484239617363
34.4825026579201
21.9789426773787
20.0374776730314
22.3272296240686
25.0511964084581
22.4407957793583
26.3210643781349
19.4115417078137
19.0428625459349
22.7377702016383
26.154972261054
24.0466167218983
32.7711971011013
11.6590268909931
20.6922045443207
26.7838733503595
14.7655701031908
28.4905055730866
29.9906100379303
22.8102702880278
21.0147571685383
18.1290580891073
30.5920590879396
28.2829254632816
26.9911684561521
18.4064610628411
26.6790776513517
35.6146990739211
15.901022953004
33.703552163206
29.7193008940667
17.4160198308527
22.7176235057414
25.5572092020884
22.8038543369621
26.0345746646476
18.9286024473957
22.3984059644863
9.82568087358648
13.2812448078766
28.5141287138686
30.1193637540564
24.1761532844976
27.6258153608069
19.1808321704314
20.842214487493
22.5424506468698
19.7001994860864
27.573905303143
31.7102502798662
14.1180365428876
23.8700445091295
31.330503965728
16.5352680021897
28.2287128735334
23.3047631569207
17.4595628399402
37.7135015071786
35.8516645227424
28.3153565367684
22.4440196161113
26.1247945483774
17.2720020404086
9.3496891425016
18.0157901764971
21.7285965336487
27.9531987455684
29.1276923147961
24.4855718687177
13.2537841447218
28.2741940813139
26.3728345511481
20.0290814507753
27.0832734648138
10.0790280326228
28.4491447033361
16.6115457657725
19.9385084677488
26.8504697130993
37.3769076621386
26.8185933819041
24.4472564198077
22.9915151838213
30.0914730643854
22.6513209316839
33.047351706773
25.2546381438151
31.0124768409878
22.8837581817061
8.46412422672847
21.7237191973254
19.4893270730972
19.2741862663173
29.9140888499096
27.1087219240144
38.3083911591625
26.0341174667701
21.9388701484679
17.5911999446611
16.8418302666396
20.5190405249596
20.5190449254587
22.0682650338858
28.5655414685607
12.8105933482205
26.9129275111482
26.9962638150901
14.9481861225193
36.9899375255099
17.3675542231649
23.2966581592336
23.8853585207835
25.559901446104
13.2137988987421
19.2855878267437
10.9459205763415
22.3352139815688
17.5278648966923
30.2132217213511
28.6235026083887
14.2301571888413
30.3215091116726
20.0660254573449
28.9530095644295
38.4525770149979
11.0629099188372
20.5194292032131
30.9493400389329
34.0748250018805
23.8055325811729
22.7111130021513
29.9852652708068
18.6044534668326
30.3829710232094
23.6932908650488
22.2233227782633
16.7271432233974
23.7946625333279
21.8262497568503
18.2792012114078
26.1624668026343
24.6495496947318
30.0646968185902
23.2881324574907
21.955920686014
26.7811697442085
22.6902422960848
26.3070350512862
24.1621374618262
34.1379821998999
19.0923675894737
22.9839617852122
30.1521981833503
26.5386346029118
21.9470211071894
16.2684116745368
28.8001750595868
