"x"
20.3277411992192
3.82147482000049
14.5140392938629
14.1195303527638
21.1680993410523
11.1103384685285
22.568977298215
11.6313876817003
2.73292257912123
9.30045241728656
14.8920360124946
25.6493828259408
15.8661651657894
8.28446820378304
14.0595249616891
15.4061251087114
29.1564536513761
22.2943804754462
20.1943216889056
12.2423429522823
17.0000951969996
5.60681472998112
13.0909068742767
7.63191462865338
20.1384609797969
20.4350929078425
19.2315117223188
3.24969670572109
9.09336164576455
20.1893487479538
6.91018035530802
6.35097580961883
23.1118059385105
16.9118030229583
12.3413699967103
12.2247631776689
12.7041494240984
18.5134429717436
12.3600643023781
25.8474346715957
16.3461711723357
15.8061745809391
8.28903953079134
9.12427337274566
11.1085648881271
22.249204389036
16.9311435194686
9.74430192727596
23.1329144211486
18.5180553002283
7.09493132308125
9.29005945555092
3.0880729900673
9.70603624732391
17.1674904180691
11.6743892198429
15.4314106097445
14.2640452599153
6.08823021247931
15.1747081038863
8.24124526698142
10.1360369254595
13.9433606760576
5.47658735886216
4.59869501646608
11.8409526301548
26.7097689550984
15.4311285589041
7.63469154480845
11.3053300500506
11.7431177059188
21.6981971170753
12.8773848090259
7.31692223343998
6.85679139569402
24.5763378916308
13.9168449677527
22.5930992281064
21.1028801975772
15.2528668055311
16.1828572014047
29.833063413389
2.12292699143291
4.02741841971874
13.3810427738354
9.25590053120725
19.9315444333479
7.98350162804127
13.0481596851789
14.7378203791206
14.4119096919894
6.85412034703367
23.8531038165092
17.0161694521084
22.1856543237698
15.8769851317629
7.47476441320032
11.5273975068703
16.973930504173
12.1337764354731
10.110877500847
20.8230453310534
3.425904533438
21.5336575172842
10.5420232051983
14.7759671323001
18.9328607597252
11.1821633781613
15.4694387456402
12.3805806739256
9.02276476845145
14.4899959443137
9.74718561017715
14.0581230632961
8.18603297229856
15.6608818797395
19.5195502834395
18.939499933745
10.8745481753765
9.28748161531985
9.7455576993525
13.4028385858983
22.7275072308233
13.5201466968283
9.81095602368758
11.5053795976564
15.0999128352851
14.1467845067382
10.5318416089092
6.84716037940234
24.1468968335539
15.9830054966733
21.3950687164229
13.6936944660872
20.1408986002207
21.2783633954949
18.5999075882137
15.9552923636511
15.2283207272006
13.044026608311
13.460201700218
9.27849155601696
19.2366956026051
27.44656347204
18.9670677995309
3.34840071205393
9.91641976870596
14.2171708401293
18.1185750190806
4.63091069832444
8.50557756800157
14.1995658399537
17.7728075068444
10.7963288415168
7.16446959413588
12.4597139736245
10.7856391230598
14.9864823197644
1.01677487553378
13.5067103663459
30.3329489193857
16.5401648031548
6.89761787652969
7.75584903749681
4.60827704519033
9.7428816370666
9.43722887896001
12.7576152095571
18.5489668278024
22.513104765676
10.4896053039219
5.25651786010712
12.4224089682565
11.0456918263898
14.3965898314491
17.1601900598034
28.5398487467319
9.03597146259063
18.3771259294198
10.512994438513
17.7363117426943
11.0546106239781
22.3834170727059
16.6026613209397
9.2652298307255
8.94120582379401
14.4082610265765
7.60931768454611
0.104386382736266
9.15272594973438
11.1913410248235
10.5676751118153
13.6527977185324
19.8082714600001
13.0877220304683
8.67836805991828
19.3152596941218
21.7845696723089
20.708625135012
3.79032893821099
5.6310037849471
12.6285215606913
18.3952369261533
13.4532354723898
30.8358201989904
10.909394803457
0.451291868595731
25.6155743962154
9.51511552840359
16.0313532143394
13.2415963457913
11.5561057347804
16.8270295951515
11.8287647841498
13.6849195352191
6.74596449279623
13.1414089584723
24.539464735426
14.0965609345585
13.9451783383265
1.32395855661872
12.6926501747221
7.79036942403764
15.6242245258034
10.4114005109323
12.1038529323414
11.712805274874
15.155650768429
15.6623622743678
15.4099602717906
22.0629002430139
14.5914281291849
7.11882417090237
16.7445880826563
15.8047355012968
21.9326786589463
3.26491776885963
13.5821245979473
11.8029802536364
17.1212360739295
10.6393476992885
9.23438384197652
16.81752812583
10.7061689253896
5.35446121357381
21.0456274682656
9.58973886961521
12.0925553123775
18.8251208513975
14.4359552767128
20.1696736474303
17.8331904346123
0.685916439084568
9.76285587530583
13.358809100464
3.32744413912756
5.86558359209448
15.4294790001586
7.63100632466376
1.52185986143916
15.5181467300281
24.6542395791039
1.19334445334971
15.5815472661101
5.98780099083061
8.59955331432113
15.2518748385322
17.1423648716882
18.9982671523467
17.6081793149933
7.65940758865327
7.32455553952605
16.3903369102627
22.4044876871631
16.6413969360292
17.6814193210903
12.7033653436229
1.13250432010702
13.9824834186584
11.1466164235026
9.67875262722373
10.2359875338152
15.7657280174442
18.2294664047407
2.76645368430763
16.8502488872036
12.4623733805493
10.8772328944471
4.67405777890235
12.9199720880084
7.64001428615302
15.0148456683382
17.6556591177359
10.9406084986404
20.2659812021945
18.9031619345769
11.0220226459205
11.4639722082821
10.4169221682585
9.26008345559239
6.30958946421742
16.9298572232947
4.54491376876831
9.43382016848773
13.9797966292787
9.23553688917309
21.073603676632
9.53987426447059
5.41976600472809
15.4594086110592
8.89925479423255
19.8260797653347
1.59276919439435
13.0897447001189
12.1836285572499
12.9811733508941
11.1679625231773
12.7689209999517
12.1349434135482
16.7735710869417
13.1330882431939
6.16459907032549
13.9375668950379
15.6403723172843
18.0374449118972
9.97112601420482
19.6133651225126
22.6497462717816
10.9737758386219
19.1604288527742
18.5285877140711
13.6018817185565
20.7228807965294
15.4020750662312
1.47991420235485
19.82822495047
12.3133008080756
12.3638851800933
3.01374278496951
12.1770383801587
18.1060408474877
25.1562229124829
9.69652165658772
11.9583744555712
17.5115814199671
12.2124350859718
13.5812904685736
8.24532057464548
21.7943747074107
13.2630580337718
7.22009926925164
7.68742251961088
12.1812956407666
20.8149627549574
20.1593388104811
5.44448406347793
30.4894786328077
14.9792936397716
21.8831439502537
10.7853448846
6.67454812351056
5.84900029934943
4.18985697906464
12.4277333958692
21.8191659223909
8.93935719504952
14.1677063633152
8.34771124646068
20.5410885391757
10.1546017220244
15.973551884436
2.26927792678507
12.8067460143939
8.84269333910197
25.8070709163403
19.9520501136331
12.4471818562597
17.6746682098074
8.50863356341414
20.9838395006955
24.1347902920097
12.9663774911974
14.7533128038049
11.9209642754868
2.38654599525034
12.9967646575048
9.92401307448745
15.5838065780699
16.7676131473854
13.2965790466701
30.8798001147807
19.004239986045
12.7185361459851
17.9708758136258
7.43323012720793
22.6258189650252
27.8282530140132
13.7145367916673
13.044113968499
9.75588502051133
9.59472223185003
13.518541755204
23.8513212418184
19.4551549386233
11.4791715408087
8.3066202667942
10.1537298643962
13.6778038227931
16.6133225176277
16.1669508937169
7.94086884221608
20.681165670976
2.01076462399215
19.8536476586014
16.437086975202
2.35097333788872
14.677675254643
9.8316662329619
23.3147836450167
6.3638020073995
4.46011516280432
8.40806984342635
18.2244018185884
17.4223224664452
5.02489260397851
11.9381695054471
14.0481125796214
10.9207170594536
14.5815398311242
15.5360382283106
8.75690330285579
22.5460782181472
13.7944365262419
2.44051162153482
7.76669355109334
9.55527508729851
0.425368873402476
16.1269119223696
16.1932858871296
13.4550627321005
6.41526456456631
10.594866075553
12.3882523505017
15.2212919191924
17.802220582962
20.6544931279495
3.02553926992946
29.4282933231443
9.28812945766122
10.3093503974378
15.7403973862529
10.3356689680368
12.1288682566956
12.3496059793979
14.4420584663749
18.5498839244246
1.94460767144637
12.0035884203389
13.7911831800764
20.1552962371752
18.9821552772326
13.0188133567572
7.78850849312741
19.9664467945695
15.5948696658015
14.2125467769802
16.1429930012673
27.1565031493083
23.121105786413
11.687294100832
16.0498595330864
19.1496260929853
9.8987492499873
21.0211693694224
13.0227111978456
6.44011222928232
15.4442640254274
9.34632414149827
5.38097941316664
12.0664480142295
2.03284668144523
25.0928997835934
13.9806294128216
18.430093299612
16.7740891687572
10.6349994143174
6.29284357319387
14.5409155869856
12.6990197924897
8.56011658675252
2.56349869664947
23.8414381165057
18.3777306228876
11.9144325843081
13.0923885852098
11.8601761292666
10.1839093491435
10.0593856654608
12.7840277738869
6.84178671173077
14.471409918762
18.9615526469424
5.78185738259282
3.62747346204003
17.5187477609143
20.9543417673558
8.4943329449743
9.24658335279673
14.3383256392486
17.981099566292
6.80027450434864
19.1504734335467
12.9198724241433
16.6174455313012
20.4206955619156
18.0017319956298
10.2001437478872
18.7717707129195
9.85791219864041
20.474127237685
7.72005896161154
13.5581044247374
16.2704545538872
10.7254243455827
14.2054381375682
9.57667065409218
7.81904391478747
17.8769991034642
5.39136694278568
15.2604759205133
16.6984890587628
23.0016232701018
6.04355997404716
22.1851995302225
19.507772475481
11.2780154449865
13.2477383827791
12.8977219108492
6.47916600573808
15.6561969051548
9.88656933831272
11.5929069979812
16.0409744828939
13.0082631483674
15.6773025169969
20.4053550454434
10.0522231077775
17.9948483703809
21.4570662938058
9.39526110887527
25.8875445229933
18.3845042716712
18.0529307806864
13.7943458044901
11.2661664116398
11.036809021607
13.9892249135301
10.8279317151755
9.79773413650657
8.14512090291828
7.62335415544412
25.4494103835896
18.2638749945909
5.28619652613997
17.7654054714367
4.30307792283569
8.91613023601957
31.5446694148704
9.00040305024478
11.9125261085281
19.3782706512138
14.7700078785419
6.25966643999838
24.1983081912622
14.5538283279166
8.96238593850285
7.26332094054669
18.496095133014
9.02836066670716
18.5838366160169
5.65503165125847
8.90813681762666
11.9847554946318
10.4740316979587
17.4900658055214
17.6454464030449
7.34691135585308
11.9506001661453
8.92005523804117
21.7131074070872
13.4275820451472
11.939457494261
21.5902498457581
21.4835745980963
22.4336858838797
6.36878840674341
4.58800087150245
4.05104847159237
9.28577219601721
23.6091800034046
18.5411522397771
15.6493897782639
18.0683284765109
15.0085386246577
6.81380170863122
22.6068841991946
15.4165925458074
19.2444898420945
11.7834416450933
11.4881113870069
23.6340961651877
12.6817177748308
19.2283269526816
8.22995488997549
12.0857223219561
25.8453079964966
12.9255665466189
16.2986477628198
16.026815562509
11.2831586527997
12.1175562497228
1.16688413545489
5.39236271288246
14.1946058021858
19.5218947017565
7.95729567762464
23.6802761908621
26.4499144162983
10.2317251053313
15.3599977260455
7.47342769945382
10.3922988520935
18.8925478141755
12.2547672828659
11.8661119905003
12.8567328676581
17.3732117284089
21.8061527237296
13.3583161979914
10.1848335471004
13.5676313610288
19.8412084486336
13.4931897968304
16.2422281867509
8.97443126887083
12.9541346337646
5.39618980773551
9.2464089859277
16.1967598833144
17.8031010570672
20.7078917646643
15.5226963106543
22.1402896335348
3.80050352867965
10.3336292004813
7.3894883506
19.7113074595109
8.48280473146588
8.7109557687933
8.65596127696335
4.05894992873073
7.8653565607965
10.9163466161978
13.5524722942854
20.6748075413339
8.87052181642503
6.41601106815127
7.08828236938249
18.476556624202
20.9758509881794
16.3275470025837
13.2022634148598
19.6548442123458
20.7455019233748
2.44203722822393
10.8631218354884
13.6136134005753
9.81952846050262
16.2218177356551
16.5504693893196
15.1744460535243
19.6814106889716
13.6796387867015
23.4934428842719
14.5893568638712
10.4769885772839
11.0712065594271
21.590936020948
5.95507333055139
8.68752114758517
14.6695060970618
13.161336327903
14.9624150479212
10.6579558923841
14.905272773467
10.0329944706264
24.1153676994145
7.82847963273525
16.0103534706837
17.4555705161765
11.7279414553195
13.7636786093935
26.837267652329
25.692631630227
18.487290199846
15.0523928459734
13.8035391457379
14.2427830491215
22.5037467898801
16.4371137296647
16.1005547037348
12.0589772472158
14.766766037792
21.1540021235123
17.5469963112846
5.79916593205567
12.637328021279
12.4221549136564
8.90603740364997
3.88388161081821
12.2507834915569
13.2999778725207
11.4933331497014
10.1570616010576
10.3858803631738
14.172093803063
5.8412542865153
2.14826077796167
10.4251827811822
14.5716396512945
14.2957847798243
26.6709467163309
14.2590839983095
4.54557680059224
8.12812529038638
13.5541481174453
16.5470038773492
10.3458087425679
17.1855311530145
15.0031720107697
5.11350003071129
15.5017428644538
15.718142921105
8.69115488032688
8.1725057077377
7.78899758588523
8.79337387159467
1.70102037338207
22.5809519179165
20.6166539574042
4.2446784725634
0.453886687648471
11.0607660142705
11.1373172374442
8.05794484235816
12.3802389041136
29.1197058279067
5.34927495755255
19.0140759572387
13.5671811411157
18.2006869232282
10.8915673437745
24.3427495006472
6.79135732047582
16.0903706448153
5.48235315292754
16.7130925459787
15.4277519788593
12.1525777503848
2.91895437029135
5.36877363488494
15.053551690653
10.7280345390329
7.03398305711503
0.199101991739771
17.664164141946
22.4992126692086
8.29326149208926
1.60813176285965
7.42147884377227
13.0068777594715
10.0482989801094
16.150303487666
2.51854210313821
8.41274140402675
9.84087708329577
4.0401489034103
16.2246860330924
14.9567360058427
16.2093415159058
13.9135036151856
18.0550694465637
14.5939597627148
11.0758792608976
6.53066621161997
21.4489679550752
11.0851147312557
16.3356367032975
14.4073464674875
20.1700420118868
15.6118441838771
20.2477282145992
2.95360039453954
9.87971057184041
17.4326696898788
19.4191634654999
3.60288344686658
24.8319748556241
18.4641261352226
18.1740058401996
12.5808393815532
15.894392356645
23.3884220477194
25.831754761748
10.5952630818869
7.1000779280439
15.9117390634492
24.5706552406773
16.9090452980332
7.70939494418051
16.7142790999956
23.4620421892032
17.1047316055264
11.9319163262844
14.3612761672985
13.0374497035518
22.0964853678445
9.06976773403585
14.5051091210917
21.4716678950936
17.2625467255533
18.1236798409373
8.71520852670074
17.5324727548286
7.25434202550325
13.5020044689773
10.6525685778076
8.02620545583668
7.58414259348904
30.7803726755083
12.5725434860215
17.3898986307904
8.23401454794897
15.15372977614
13.0004425998777
11.1413718666881
16.2798322271556
5.33713337499648
11.6147462872492
7.27061859797686
11.1135331913829
18.8690233044326
22.1735791070387
10.9106893543656
17.3372624209151
7.21640164383046
14.7964511841559
5.13696409761906
12.0149274820647
18.2440974749625
2.57770607071586
17.8148882696405
12.8399163950235
10.3546748170629
14.7309808526188
17.4417460104451
1.70590800698847
17.9075881416831
8.32142933592721
5.21271706443246
14.1497398260981
21.4211591985077
12.9501931317353
13.3300896733999
24.2589116562158
19.706658506766
22.5047207037335
25.6528265239982
1.08719186391681
17.2737488057464
17.4769754317138
21.720672165975
7.98878495464638
12.8387237828058
13.5929952216129
1.85550422205957
5.29904408720853
15.7179818040245
12.9040392581373
11.0846746480092
26.1223654029891
8.52227614330091
10.1344537620165
18.7572118360549
18.2707024039701
25.32538541127
13.2855865363003
11.4167808322236
18.7432300386836
18.9860354059035
14.3837281037122
17.7672217134386
4.98652416281402
9.18921283446252
8.52878198493272
15.415628021583
16.9202227843925
12.0570148108527
14.0540674391212
23.2672880170867
16.2121489689566
12.0123441940348
3.3835141453892
9.56079659517854
12.0986082358286
9.58110667651013
21.3902461109683
18.7000368023291
13.2414993830025
10.8745516045019
10.292476369068
4.3402221474966
22.5712549880313
13.6350804008543
5.51503564639596
10.5312115179928
17.9470053408295
23.8619164098054
13.645937141248
24.3462116224691
12.1163040399551
9.41304242993475
18.4767114820464
10.9446913702413
14.4727800274268
10.2682790951803
10.1752876536921
16.0470746923238
5.16893230378628
8.32855117041618
6.64789197035134
13.1900445397805
9.6889250446111
17.5107645725352
12.0469149434939
11.7549346527085
7.93023884762079
5.03326742964218
14.0025986358523
17.3216408351436
3.53003072086722
4.08201955724508
13.0648526684567
19.3408905062824
22.0172146568075
8.53909262714185
25.6898812716827
19.4723961087094
10.1642539724708
8.15927981011698
8.35702959448099
15.5668848194182
14.4411320429889
14.4538066582754
8.02522981349145
20.9172846283764
15.987918083556
8.2097374368459
4.46869528474741
20.2779136830941
17.1523242602582
5.88592949563329
24.0420577349141
7.4910131387125
26.4788522850722
4.960872605443
22.026352775011
24.8893734300509
1.82052403688431
8.04859229829162
3.2765326478303
19.4224094739184
9.8514770789386
17.2698211548385
12.7597264397793
18.8469328219071
20.8137131528929
20.518066404153
16.4252804632885
16.2400267785415
4.48956349889123
19.0712709919481
14.7380960173905
9.51483335811645
21.8587592244148
14.5734504563734
13.2639236983107
11.1174553865567
12.4828845961019
13.8908474938944
12.623079540208
16.3815933978185
13.0369907316001
20.8213738398626
5.39429062046111
17.4290555296466
10.9787785353653
13.5623102774844
3.25033839326352
15.3283988134683
4.57523172019848
28.9617771981284
17.88313677314
18.4274815022945
15.8128642477095
8.71477492619306
6.47018500603735
15.1031078537926
15.0136941345409
19.3115094443783
20.9895596373826
22.4894859129563
10.9658855712041
18.7519219703972
22.0350120682269
7.09818015881757
8.99626587051898
29.2340050757085
13.7827990048289
19.458941090852
0.834465655498207
10.6602521846071
13.2675476510666
1.53861006408925
14.299867907539
7.00054783374071
16.6950544109568
7.03093166120073
13.2623596429588
15.4463685687478
24.3377994280308
7.38701128866524
14.4223469542339
21.9602413475513
18.5071754269302
19.7475668974221
14.6440383512527
1.67626417914307
13.7798481200557
19.567345478572
14.3265363527462
11.9691577537444
16.7230849619955
16.0034001993478
2.44762226179469
14.8108451627195
17.6477006170899
14.5737000409255
9.94147114450701
10.0552103947848
17.9024904854738
10.9060744056478
14.0663185156882
10.449101193808
27.2621485870332
16.2579965175599
19.6125228414093
4.36784169079433
19.7355547919869
19.3958005169407
23.272607056424
18.9900523517281
13.8069415232167
19.2256034351885
10.4393303912545
15.8527048847714
19.852942135185
14.5448961760849
20.4754579579458
14.4183773547411
22.6612290367484
12.4111556663349
6.23552370816469
18.4315826045349
13.7035054620355
8.75145986210555
0.74407163986015
19.3440173054114
15.6031409045681
10.3503125409513
0.132846590353703
7.35156140290201
16.8664440745488
0.18074200488627
21.2482319446281
24.0935506299138
9.697031439282
5.8999513508752
19.898999323067
8.6509524734744
17.7879675524309
16.2116021849215
25.6167369429022
6.91921552094658
13.4025440085679
15.7719166949391
19.4434405071661
11.1969405251625
29.5292482245713
1.83563749621353
20.8806506823748
30.281157582067
10.3446409804747
10.0247492970582
12.2922026785091
6.30279018186498
7.78443695270479
22.7988071739674
11.9189794466792
11.7210902739316
14.1558105591685
15.2976352022961
4.55028582489839
16.3838583044708
10.1039405210408
18.9229434022493
15.6198688977737
8.55008335784078
6.72997902147472
3.76627525681295
19.9679609239876
8.8729608058035
20.4647280741483
4.03864550495046
0.085324533885677
7.47653848538087
18.0161086635097
13.0794226040261
28.7100774701685
13.417760329321
18.8914165599272
21.2751313578337
16.9925049878657
10.9303364297375
15.5505574308336
16.5530207799748
14.1450389754027
16.8449007919968
6.88553287061408
16.6429078057929
13.7188211316243
14.2726640217006
2.66932471135028
0.0157178331595374
22.6496471557766
21.4527491602148
5.38655407726765
11.6939541418105
23.8791562151164
5.46897393651307
11.4578989823512
12.6996620558202
2.32343254610896
15.1946831960231
24.5594043051824
16.0047581971773
22.7085762191564
14.5373352570459
6.44869711250067
26.3590330025181
13.1707854336128
17.1714586652868
17.2853716649115
6.20878378394991
4.02139148209244
8.50496292978543
15.637022912164
7.51075235355562
3.94579305293987
23.7446398008615
18.6857518041506
15.6670557102188
8.65380428731441
14.7437246982008
19.4190992973745
5.74989847896446
16.5648694615811
13.5556140216067
13.9871484367177
13.3712010690942
22.191476328333
18.6447682324797
1.55751160345972
16.5278972359374
28.3720566658303
17.1698299587416
15.1952325366437
8.02929175551981
13.7139388107412
6.98856848757714
17.0763911446556
8.26394721927296
9.35576213523746
16.2034536174779
19.5511488476768
6.23851926065981
19.8789581656456
18.4196770889685
15.7809985103086
17.5519430311397
17.3263798294182
3.70544984471053
12.0628951411528
4.6707984758541
23.5168938990682
8.56431241045996
9.27952723391855
18.4506005015574
12.3130941996351
16.5401699952781
8.63584427556796
16.2804820807651
15.1591840432957
10.8929075067863
7.62614110441581
11.44366315566
3.22768185287714
13.3920207015039
13.7663998175412
16.9702435377985
13.0987762240693
9.99490774702281
18.1294085457921
7.4586286675185
13.202590518631
11.431589303537
17.7699797321111
3.74951371923089
2.46998274233192
11.2841572119433
18.5285029299863
15.8812490291893
14.650519973402
10.4260592721403
18.672988736305
11.6400009952486
13.0978371482342
12.2895702719688
15.8095852239057
17.1080410247669
1.56448211274705
13.8500686036423
15.9887202782556
23.1652303777913
12.1971233282238
17.9790809284896
18.8057309482247
10.4662003461272
19.0229506231844
16.9051698874682
4.21637040562928
8.05295726750046
20.1094050426036
28.4285019151866
18.2220192626119
5.82074818667024
3.72780588442339
6.32781478507054
4.70349784774998
11.5252318093553
17.2744408948347
13.0943181598652
15.9608159679919
20.1439252123237
20.4304626677185
9.88071209513735
17.8833509096876
19.6845522511906
11.0271489946172
4.07847329477282
19.4102736888453
16.3929237285629
18.6307068914175
18.201160011813
17.7397298626602
4.36744741696109
5.57555318810046
14.9331605061889
8.44455619808286
15.7283911867759
19.3275856319815
15.6292620347813
8.60189888091413
15.6214266084135
9.35916586313397
14.6617066310144
8.06196155026555
12.8758348757401
16.0421170061454
26.7486663302407
20.3499979106709
9.87573268637997
17.3736517215961
9.88526308887344
11.7765861796215
13.6880300240591
4.55376412719488
17.3237496754155
1.68196137591725
6.63909406866878
10.3865441167727
3.00119749048455
19.9467804515734
28.8651308277622
9.41222386900336
11.0479772090912
11.5034053334966
10.4798513980897
11.3173006102443
5.47722652554512
10.8991423388943
14.5830265246332
10.28456073621
0.530388019979
9.45250298613212
17.8526482079178
21.2874739663675
1.07450967188925
16.8838030891493
21.0071412380785
15.1069851592183
20.3660907223821
1.47279574651794
16.7761433765222
16.8951601309245
7.15629048645496
11.947850859724
25.0100943492725
8.82483471417324
24.0640579489991
2.75786083657295
1.64373797178427
22.8906440429717
20.0607698744277
15.2894594008103
13.3618075633422
16.8870202731341
14.8459545188846
8.7845403701067
21.2922876744774
15.2994054565225
17.3146694745466
9.40047812182456
20.833680103533
14.64697283227
15.8615779364482
14.6385821208905
11.8423799751326
17.4772953847423
10.6836338231301
23.1252288883203
14.3187124747783
9.11206952398691
21.934415841027
3.4215537365526
11.2794653121743
2.33411999111514
12.2387637384236
6.8606002654432
19.0859120502855
8.48377589136362
13.086760958268
10.8007364761542
18.0509299962972
13.6578765995492
1.89382978715003
28.0785269336775
1.76241926383227
15.992649202235
11.5432578752959
13.1220398470759
17.8673024754971
13.6553544783965
12.3692152704722
5.85061775142947
27.0870464621112
18.3632372279598
18.0759035050869
16.2925790064037
17.1382491476834
15.9067679038672
17.6904820371419
8.60254077706486
12.6738121453146
13.9334893319756
5.21779922759504
16.85723705789
19.6160247083753
5.01654725521803
11.3722979459958
14.9126116662713
7.18988357111812
12.411673204042
9.98142585158348
6.07627119420653
12.5929490895942
8.773862896825
21.9696549000219
18.0023301858455
2.15200174134225
13.4517994709313
7.38726370036602
8.69396139733945
9.47743232827634
15.2295552083283
17.5154477357864
9.4241414219141
6.64036127272993
25.9912154637277
6.98848444097524
14.0657318057492
11.8367125745863
20.1603075955063
6.71348455362022
15.4208812237391
6.19193119928241
16.3956003263593
21.1161027196795
5.6026243371889
18.6531835934147
15.517924956444
1.9445005338639
10.8331070048735
16.7171987704933
13.5713167533985
9.84109358396381
13.0316051421687
12.5255005201325
9.35551542788744
13.6710688804861
14.5774965407327
12.0193847687915
12.1771408012137
14.6699248813093
18.4463054873049
26.7853741534054
22.6268132217228
13.0639668786898
9.46339152363307
23.1355394003913
27.2194883786142
16.2042322157034
23.1207584496588
11.7690238847411
10.4670481782214
5.49063929356635
11.2619432387874
8.93897023051977
10.5806270749283
14.3871951848269
5.94126253854483
17.6903249928728
10.6020541163161
26.1947363847867
7.32142657507211
29.7298219054937
6.80032282388884
20.3719742432368
6.92139880266041
24.1805067751557
10.2939841801954
18.580879108049
8.71385543141514
13.098501553759
23.2717250706628
16.6746704373509
20.1939109712839
19.718810915947
18.7762278597802
22.2086960682645
13.0752567900345
13.2084054173902
15.960349724628
14.6729876832423
21.0018834099174
16.5447785350114
14.9715251754969
16.9463707913417
6.36101473016359
2.64418065836772
14.60578435754
17.2032164409757
26.3176048872992
5.02298479131065
19.4308718200773
17.9728651186451
5.25315455161035
12.1180522840554
10.5710026808083
5.21338350752384
13.3856148691848
6.87375203044883
17.4951440887526
8.91539333991171
12.6019444083795
6.48964301217347
16.0440373234451
16.325485399481
12.5062184274122
8.80463046487421
4.20055251616245
5.9378185775131
26.6514179063961
11.4827163051814
11.5993497660384
11.5936362417415
14.6952708484605
15.9447178244591
12.8797501325607
17.3270613653585
28.1255313195288
1.24772612471133
18.1738505372778
11.3042096840218
4.04035346582532
13.656314718537
15.3351563494653
6.56117345206439
25.2456918125972
10.3967725532129
27.8812470613047
9.60196224041283
16.9105094624683
17.4535623958703
20.0781646883115
22.3143255803734
8.10396405868232
13.1818240986021
7.5666325698634
13.7271729874588
18.0582940578461
21.2728547863662
16.1144748330116
23.8514083437622
9.76339522749186
2.07315307730508
14.1598795773461
10.1763956587681
12.5684126280248
12.8974162274972
17.0514929108322
11.2860575148267
12.1926987776533
8.2652166404489
10.176794603467
25.4005732247606
6.8140584975481
18.3095840970054
25.8977623889223
14.1576178480185
15.4439465608448
12.223321033229
16.4937591413036
8.0519259441644
12.5122259127951
13.3663247652141
5.06376501618522
24.5401642983779
21.0752299677297
5.61690351460129
17.8027966991067
8.2130350662935
14.5065822638571
11.7127024801448
6.66849398953207
11.9848005101813
13.9810995198786
5.16121415835068
5.73172438889742
17.0424673706293
16.8355786940083
12.3100795696357
21.9895590096712
23.9283819217235
13.0257892189547
21.0250604239191
11.6936524631456
9.32752266526222
7.33089991845191
24.5462087914348
21.1879485000427
9.62705102283508
11.9430829156287
14.4334109500051
18.6499890097622
11.9692334672436
14.7470228858032
14.1041077289612
5.52131906132854
19.4502303609625
10.8502793125808
18.8076211605221
4.56240952480584
18.3224758831784
18.6438754899427
11.0248798271641
7.92842102638596
15.6092252582312
2.79754610272913
25.3890028689057
17.8875208832324
11.1997534288093
9.97024210360753
20.3608321491629
9.14081807713956
5.68118648555259
6.18625166940752
22.1613890957087
13.4479570202529
0.862612305845066
11.2506722028584
15.4204291291535
16.6881626239046
11.3399866804535
3.58052977826446
8.75219039153308
14.0255353879184
0.152564018099765
23.441892536357
15.692016039975
22.2861344384634
19.4589220685884
17.757752398029
10.9807950280303
23.7971073520528
5.01794201437799
25.3211349248886
17.641687206924
13.7989247217774
22.1673158463091
5.87321054190397
10.24040854536
11.5676816087216
4.7651851316914
11.7988254409283
29.7581515507773
1.08233054798573
13.9078035313258
20.2290152199566
17.2409319402166
11.8610619334504
9.45859348867089
23.1017505284399
6.94128120236095
12.814450962469
19.4213369735176
23.8425093935803
16.606129910996
9.16223116219044
8.90737604349852
14.9328334489837
7.34757325023098
13.2323361933231
19.3242161301896
20.2084990683943
10.4212971869856
17.943717886481
25.8598274551332
16.2713825469837
13.5254253239678
6.8152689177238
0.0682371315273556
10.9219240646311
24.6899467194453
19.2380436696112
0.702889682725072
0.169184850528836
16.0216347327132
19.3278473215415
10.720946671853
25.0843250658363
22.9656032053754
3.22141243809186
10.974843101576
5.7189593890033
2.45506776013833
17.5283493008465
7.838343270123
14.8938769707456
17.4073835381443
11.1244285795969
14.878576984866
18.4300655499101
14.3483779160306
1.40937163960189
16.1017989041284
8.7462668674535
20.3020769404247
19.569799117744
22.5629367399961
6.5442744440731
14.7915672976524
12.4956144252792
15.6729278383279
10.7413127579638
21.1634561186656
11.9465904776007
21.2400071788579
17.4707574587653
24.2643220117316
13.7168440967798
2.66016093082726
12.2648560922547
9.61292025167495
6.473180023022
8.69510979391634
20.4661084571853
14.8579519873491
8.04757042386292
22.9774954263121
16.8057709932327
3.77364817184618
17.7408354299354
7.54955431001656
9.68269652221352
23.0555093614385
24.1369731231414
20.5376536176822
12.4250749824569
8.09604546520859
10.9540380304679
2.91027843353694
16.3373705837026
20.2384806238115
16.9124754747339
11.1001275985086
5.7997134514153
8.43457406420531
19.4907577708364
12.9764198558405
23.3865063171834
12.1140141971409
26.9751497311518
10.6693138601258
9.46601527110913
11.2146321451291
15.8298968337476
13.4259152691811
8.38143192231655
15.1722951326519
21.8275752496316
6.67072834509849
10.1269120816141
12.9899134546841
16.4454118348658
12.1938697760925
22.7924831211567
15.4874429339543
8.55702172154492
10.7412305399149
6.72485285904258
5.51315691273873
12.4238739407326
2.15739043504714
13.8495107647032
3.93859560473099
10.1950976302664
18.5762383975089
14.890554731973
18.8209180021659
5.77415334403067
17.0883199665695
4.02272972391013
18.5532852541655
9.61367887078233
11.0541293630376
17.9175750161373
5.80437979660928
12.6194281270728
14.1056584892794
9.680753108114
15.5887173023075
19.0001907059923
7.21253980882466
7.77212006925875
11.4605357637629
4.36124459374696
15.5687757666412
9.86955254228748
12.5243965303525
16.5885269641876
17.207671435063
17.5499676213838
14.6883168723434
19.0691789612174
19.3990460596979
15.3826700365191
16.7571312535933
8.41294202671552
3.23554142378271
7.44569838953335
24.3997217621654
20.9330862853676
12.3864834008354
22.573564061895
15.3546767542139
25.5985390627757
22.8704867186025
17.735759859387
9.67597409617156
15.4482088844905
5.89781431481242
13.5283831506968
6.66068154387176
13.7122082989663
9.75594099145383
8.53514932096004
16.3256467552856
1.16446762150128
20.6574009498581
17.8054815391079
2.20833025763988
21.806082339026
7.57709895260632
12.475868250754
15.5657600145787
7.21808449534647
9.20371923130006
7.19882671255618
20.4737263128651
18.4850922278434
4.68074024040996
13.7464273488149
17.493921588175
19.9735850794241
18.7198333209381
13.6181340087205
10.5216611278551
9.3071480980143
0.270052391504252
9.24305374521407
14.3919417401776
10.7159983782979
19.5760160587927
11.0803661635146
16.5992647176608
14.4420157885179
19.0348720312542
17.2422509552809
17.5247956532985
10.3085536044091
3.79187047947198
3.58010096188942
4.62536664673264
12.6497942593101
26.5646604821086
16.5240501375457
13.8392267050222
12.0785502251238
13.4850973263383
20.266142860055
5.13779625762254
11.4619945854121
17.6447182660922
15.3597344178706
14.1468534246087
13.408025354147
3.86901744641364
10.5203907948488
22.3031445872039
20.8278723759577
14.4479724112898
3.8903899025172
4.46193779353052
22.1331542357802
17.1800026437268
3.64917604937784
21.2941851466894
16.2059898721054
15.3589437482879
8.98207323625684
21.6168839950114
21.1614672793075
7.13260843623534
6.50637845974416
18.3923174627125
15.5696659116074
13.5632584802806
2.05781997647136
18.719358346425
12.5803451115729
10.6923631392419
16.4742818800732
16.4970330195501
5.10573335923254
18.7640286982059
14.6250705379422
14.1853391209209
18.4250436723232
4.91882513742894
20.5897741798966
2.84873116761446
20.8409404101701
24.48550616391
13.2204463922052
22.0559805631638
9.49365002502834
19.991647452116
18.927801749669
9.28164150100201
8.00424788612872
16.9594067148864
24.9216292053461
7.77047544252127
11.4533363375813
8.92704010475427
18.0899432394654
20.6250886757301
17.0891577610746
13.3813943192657
4.75286799483001
9.6769650700951
11.4229377844699
3.5941323498264
15.1245258050039
11.4248317933029
18.3397522196174
16.5002820314839
16.2153042005617
9.52073864173144
18.789074011147
12.1419260045514
8.17334892487924
15.3821737272665
25.3802764695138
18.2800311828032
1.26732986476446
16.1044737556949
20.2961935196072
11.6736946029123
19.118717931347
4.21800694894046
12.4933320563287
21.3917898247018
5.65915508195758
14.7194051903741
21.7125158524141
10.8527506934479
5.26002253294776
14.6334427641705
15.7316553861435
13.5285252239555
17.2037386335433
8.37836423888803
9.92997850728947
5.36815461236984
19.6635478409007
8.23239712044597
26.8887462940401
16.8958071153611
13.4264097316191
26.9045976456255
6.47833543975221
16.2256201729178
2.74861948564649
8.20142303578404
10.915078734979
12.4414139498592
14.385789539665
11.7805115754807
14.8971674032509
14.6141767269
15.2270148408797
14.9956192311462
12.3341382481158
3.3497795695439
7.97771624592199
20.3226781217381
18.1722479603767
12.1693393215537
5.25406000160849
12.6621258934278
13.4434693492949
13.5819606482983
12.5167961232364
22.3283717763205
8.71142253745347
18.0837609339505
18.6613300582394
22.1461938694119
5.11292660012328
19.8531127352135
16.2767746951431
3.12186856754124
12.183565273881
18.322126660496
15.0200997013599
13.4543805860731
13.5622190311551
15.0699855733747
