"x"
4.03699279225205
4.87301570829004
6.75746822529467
1.30800543088016
5.34865316198174
3.00917560234666
2.85230851732194
0.805579242296517
2.93958382681012
4.33267212938517
0.224537728354335
1.27532063766261
8.15156986483073
2.53522179555148
3.0831032898277
1.59794951462983
2.99570986944556
1.59959003794938
5.49486599113845
6.86138584278524
4.2064170120284
3.48906713535605
1.73464582048083
3.56073474214807
0.404212321154773
2.45511548127979
0.817044955448669
1.37002430856228
0.140800117515028
0.340855843387544
12.8981744847195
1.83695991652041
12.1310788672417
2.0940498681739
3.94302030592775
0.508643399845596
16.9277181383222
5.49408594043982
2.44610847815192
1.18341723966953
0.936832706800379
3.14428650180245
14.6545324707404
6.11336461734027
1.23083982616663
3.75149687752128
2.79134142797921
2.79182330705225
2.6825147215277
7.86958995740861
0.774788483977318
15.5604927800596
1.10693559981883
2.36215699133126
0.302400696091354
2.90930359624326
0.0686407554894686
6.65001038930077
6.45689140073955
3.12616801820695
7.97338664997369
0.092055835048881
5.06115723401308
2.10597370751202
5.80490524248154
4.37732711434364
4.02037027812936
0.796325481496751
0.507840444333851
3.60311206895858
9.24888234585524
3.71400061994791
4.80294905468066
3.06544166523963
0.916677503650593
5.62416564207524
6.72258674167097
0.554273254238069
8.11855508945882
1.13194410223514
5.08108772337437
1.39893728774041
5.08438234683126
4.26162583753467
5.50145181904762
2.14645087539258
9.32080966886133
14.5807133289054
6.44693283829838
2.03448945277193
0.917205542190534
5.9923877234752
5.06625146460329
11.8575170869008
1.68253192678094
5.74739126022905
2.94278454835067
2.98466243945264
2.02945892233402
0.91409429631366
11.4529024102029
6.83182461001286
2.68534827396672
6.42543934564457
0.280544234383389
1.34536775294691
1.62237099450353
0.519557856023312
13.1705853622407
3.32180226687342
1.99138665879571
0.762151926755905
0.329549540765584
1.17522887885571
5.79150558914989
12.6613630680367
4.88794013301108
2.5264132083884
7.36047790851444
7.84032850060612
3.44263252336532
5.21321471314877
5.47948854509741
5.93808037228882
6.15774292964488
0.802913392410776
0.00317350495606661
8.13387602102011
8.71015144512057
7.06788754851144
5.08537520202359
4.1071567262282
2.32647240627557
2.73161442019045
2.49921739185142
3.51818788331002
6.48094844073057
8.47605532035232
4.84934423584491
0.647508110913267
14.9901182856411
2.57578373865661
1.73688854390638
6.30650576204062
3.24159420561045
7.15015043970197
4.39679867122322
3.58047289184424
2.14150907762017
0.995801016688347
14.7252276306972
10.093006722863
14.761299896054
5.86088157216457
4.07501950394362
0.545271253213286
3.534498764202
2.87231765687466
7.5742954388814
5.38784880191088
11.0365838278085
2.72987391799688
4.8054406652227
5.41425105184317
0.5149434087798
1.1042564176023
4.14777216501534
3.16884575877339
0.887387804687023
1.72356315888464
2.99374833675018
3.69834026390614
3.11659921426326
0.448430076910974
3.37083567865193
3.35219702683389
0.97769551284213
1.39323084154348
0.187689415179193
6.81872119622413
3.59488690442236
10.2473979925165
8.17857283328148
7.70044818054885
10.4629698999373
2.00081306975335
7.05431763262804
6.29758233136021
1.99151982087642
1.47377313114703
3.4030151553452
2.1852477453649
0.104013199116142
5.44802671808461
0.485250206399075
3.98313906043768
7.21797147679776
0.44578705188865
0.640548812225461
4.51946934787795
0.759138679131866
9.13022509776056
8.30963184073664
6.70525184019974
3.89789338223636
5.56766728404909
12.5344632281186
4.91100724623817
4.5598222874105
0.0923293642699718
1.74092186814688
1.28837360534817
2.71558882668614
5.11621569748968
5.80189272295684
6.46405499428511
2.75914543308318
7.12448691483587
8.95100205671042
1.11785184126347
10.7191983843222
4.05316271353513
11.14559432026
1.06178340502083
7.55161819979548
1.04994867611035
0.603596377186477
0.898059089704225
8.09633906465024
4.39831360708922
1.08997109733318
2.53361962965356
4.15410122368485
1.89266201927502
2.88117034360766
3.88540795538574
16.9118738966063
8.3862652303651
1.71569915567462
7.0151423336938
0.579735590144992
6.86927880051067
5.88833857564889
7.68719334355762
12.1822272194549
7.05264604184777
11.2484281649813
6.8904166985697
7.73531740996987
2.12900293692428
1.07618925754968
1.8339530332014
0.97187131177634
2.31606842094938
1.67893881443888
1.32346983168505
3.59000484459102
6.55188581440598
1.74338800614891
0.109247746877372
4.51466308441013
3.54290438364119
0.354737788438797
3.57937752269208
3.19093926809728
1.47581617347896
0.650697317905724
9.6642003627494
7.77049343652247
3.60948781017214
0.382025111138192
1.56878591515124
1.53178891132389
5.41212393028385
0.950818732029868
3.1724811764434
8.15706192398208
1.59625080414116
4.71980776637793
0.74684526771307
16.2503790808842
5.16013521701097
5.99459761288017
7.28286049635665
4.62245275266469
4.70836269669235
3.90460290946066
4.01034913957119
0.716063955393526
0.682729971595109
2.02309376813634
4.36951902229339
0.945198535919189
14.5702791633084
7.61075893779841
7.16800570953637
15.9991371180648
3.05102216079831
2.18524083029479
9.18753676823016
7.01886441092938
5.2801723126322
0.983642986876536
5.54216920863837
1.35405983310193
0.288739474490285
1.36323570580527
3.48072175402194
6.68138463515788
9.26070791066005
1.16362965200096
0.632503302767873
7.47755693533719
11.4092988194898
11.8489383952692
4.83860894862631
6.21572153177112
15.8173706149682
9.65799600817263
5.09350993114828
3.11010826844722
10.6568009312145
1.36809686664492
14.3935954198241
10.4993025068167
1.83895176742226
6.74120893435726
0.933463880951112
4.71217525191605
2.31851955813161
11.9803491076867
11.0611236111035
3.32425830420107
2.36981551906844
2.90705657098442
0.655118655413389
0.610900139334823
5.62290875252925
3.38654326991819
1.00072633844866
1.08663073995741
12.2366816154561
3.34733873605728
5.60162765905261
11.1024734331295
7.43661734741181
7.19095936510712
1.53050052730421
8.3413464948535
4.42862827330828
2.08432406652719
4.89409537985921
13.556336970256
10.5687206145376
7.14208232238889
0.863191503716637
1.11218749079853
8.4718203637749
1.63587462112678
7.89695883629353
0.33511622427457
4.33006884995848
11.586693269482
3.66263845804117
9.765878575854
5.854173284024
0.239105592481792
4.40893149934709
6.7041783415115
3.25224878171711
4.96640857408314
2.61113706393865
4.01248369597097
2.13431847217363
5.16569593455642
10.6855290476233
1.1476916213144
3.9413214661181
3.33261513151228
4.20971685089171
2.26691160351038
5.11236112812286
4.30499454990322
2.63110926354238
6.96070948305176
8.28426755247992
0.870700693007364
1.62749961259863
5.67608212586492
4.99646830452951
6.40925796375241
0.304728121928931
5.18079558387399
1.35038655716926
2.2538646357134
8.98210289737078
7.3223463492468
8.31272143669447
0.66488089196598
0.13385103084147
4.0688982931897
1.59876410191197
3.57049449812621
1.57789804226997
7.10550642106682
2.07127399666816
4.88040377385914
3.42947840690613
8.03939625202324
4.20118663460016
2.08161398768425
5.8499950842646
2.26511196233332
8.34224529098719
5.08501273735206
1.94229042001026
2.28251426015049
1.48146194405854
7.82130660954863
6.54784080106765
8.26376038603485
1.43806766250594
2.81867505982518
2.84348675049841
0.976896128112168
0.996956823676456
2.35754365567118
0.595080712810159
6.85745794326067
3.53468665374598
5.6394362822175
6.31607588910179
2.86740269338933
6.91252272646012
2.86809182725847
3.54832713492215
2.39149825647473
1.99841846858182
1.71033438158591
13.8832044220567
10.5646278709173
2.89866423700005
8.99237385943214
6.50407823268324
3.36098009720445
4.66736035887152
0.0986633356660604
6.72172945924103
6.43084613655344
0.263428967446089
0.179092376492918
0.802223710343242
5.36497598513961
7.42988186889339
5.6423700414598
6.05870834551752
2.94783934853319
0.712991789113353
4.42795073613524
10.7979581924155
3.34192072909003
0.409627983272024
6.84013410937041
1.71273180953922
0.778413307853043
0.600274628959596
2.07572085782886
1.88352563418448
1.1867985325799
5.86535565089434
4.93359878748278
9.63484856765717
4.70191903365711
4.46241055615246
7.40838663186878
9.82106598094106
8.49062763154507
1.76892769522965
1.09898501541466
5.17844455316663
1.54866140414288
11.3878853619099
7.84060969017446
4.36606693807518
6.41513054724783
12.8520264057443
1.66997547882212
3.0967919388786
3.21128049399704
0.171959997401848
5.80612206831574
1.00431316532195
9.39097305278317
3.75367378546345
3.5817897685453
7.08948983810842
5.48992207114141
15.2640827058
8.46419932786375
2.01596263339549
4.32442151941359
0.337867042981088
0.292447703627944
2.39409219939262
2.66981291177977
5.80882371868938
4.04885965399444
1.15457313240793
1.10241486690938
5.43834031559527
3.12484149346268
0.805197487112871
3.8060267675877
5.29307894141761
1.77385743085168
13.7510824715719
2.84033208154142
2.01349083799869
0.146581168275159
3.70951849035919
2.6439269920035
10.8022319747741
2.86277286263903
5.06272478720113
5.23374555632472
7.84356987770377
3.5591539228335
9.76437532808632
2.06879390685471
1.70649618904217
3.38593721389771
4.81136362696322
7.03934781506516
2.69814763671195
0.356099754571915
4.42132009193301
2.73760897563095
1.48132396861911
6.20452724397182
5.16141382977366
2.79861221801225
1.50529085658491
3.3145020948723
5.82970678806305
8.92896440345794
2.20465433055352
4.99472357332706
8.15423554740846
5.31670714262873
4.25521431025118
7.56051447242498
9.64029777305828
2.37328570801765
8.34437189623713
1.45718740562511
3.16043100701551
1.5247804621474
15.7388243824244
11.2034970453915
0.483496159491428
2.08248486742377
0.895458343438804
4.97097473809423
13.9864937731153
1.65834074938524
5.94726700801402
7.37097398377955
2.05184947626892
3.78968466538936
1.37363738237973
12.0934626400695
3.59407351352274
2.43034530431032
12.183359451592
8.49848440736397
1.5440879156813
3.8364828295376
2.05784470439238
4.82112081699857
9.05469189663634
9.61758866906166
10.3072577270044
1.12244240008295
5.56021104691613
2.0697923610975
4.70742480829358
1.9862964283675
2.46432151179761
3.72435262953834
8.12957715243101
13.7040780857205
6.85898538213223
0.00293247871079541
2.25692880339921
0.748205161653459
8.77757569252117
7.65971760265529
2.94338460080326
9.00262030772865
1.34878680159466
0.950570893473923
0.225589243464369
6.82880896914564
7.11654350161552
0.183316989766907
4.82270571534003
1.67658761263367
0.967865150437819
0.923638142252956
2.87343675903063
1.89063725993037
0.119409777494786
9.11335118628368
5.93024911511928
3.5876606084831
6.90655831713229
1.15236614365131
7.1023658797674
2.81887515432239
5.59857657644898
6.84638074599206
0.116206030361354
0.293021812103689
8.38063091505319
3.38431841228157
1.53504558203903
1.69381608720869
2.4383895797655
1.52403188403696
3.00453612580895
2.23897548858076
1.52775179451464
14.7710781971989
5.53877874062137
1.26303883144284
0.200288912441481
8.24228556746975
4.00769207585171
0.825418788008392
9.3160223241263
2.53272362318275
7.28953201323748
0.407784488226977
4.65802184771746
2.59859969373792
1.84096150422285
9.84448045492172
5.03078950569034
1.3848141534254
8.84228616487235
6.63630368653685
9.42894024065465
3.36777141832341
9.68515714770085
0.533295443691326
6.1423075851053
4.21510504626214
12.9490148741752
7.51933690626174
5.97783093278763
2.50096040803252
13.4725535023002
7.74507848545909
7.81633537262678
3.57427576091141
9.09457490779459
4.46331347338855
0.913851941004395
6.76800406072289
5.25429260451347
1.0709554803994
3.19581025894305
9.79641140438616
9.21120226848871
2.51953760161996
9.78492598515004
3.30275709275156
3.21346838027239
3.98351692128927
0.801954001626098
2.66923413351154
1.99480820447206
5.84311548154801
7.09157136734575
5.28536164201796
1.4253678910022
3.44684846984808
11.3543239189312
0.986393564380705
12.2093568788841
3.89821322169155
5.11964273173362
7.21527358982712
9.35999429784715
2.31262394227087
2.76500589679927
9.5612219767645
0.65643982818724
0.349994329735637
0.974815036170185
7.74508524323051
2.0343255950138
0.576291489414871
4.38128426513003
5.46973682940006
6.09912783838809
10.8247286407277
2.85127903334796
0.343612909705191
10.8534040628001
0.426683310181887
6.90437429584563
4.02869369158394
4.48041017456291
0.248673778299818
6.72162955161184
3.84603924743883
8.67658492643386
3.46668877173215
0.786301586776972
0.225986633449793
2.97414408996701
4.56454064697027
8.41064404230565
2.3237160872668
15.5528198927641
6.66048505809158
9.27141981128885
1.20663759298623
2.72223182811517
5.28621510602534
1.41713645944371
2.71510304960852
0.992991628495411
10.9061843017116
0.374618801288307
3.54929462797306
2.66649274378061
1.80761020164937
0.85434924264936
2.6568355645901
0.422923841682217
13.0236356607017
1.84046437915286
2.0460586918089
5.11558674012074
1.42407910898328
1.12478194003685
3.45785381039719
1.82928333524615
9.0515640844964
4.93435484816676
1.63384416051172
0.941107028611617
9.0895666078116
2.58442454505712
3.01703850273043
0.594274653121829
4.71898469733414
1.22483909455272
8.86045347892121
0.783867202699184
1.9378922181204
0.689529812994464
3.42047752346843
0.0166107894367526
0.285950694451157
5.88615275919437
8.49873122289656
2.19405670728347
6.96962678339332
7.48667963780463
2.40655273654826
0.585835117029549
3.20507075158106
2.53305054260888
2.26006644704617
5.03462415654212
1.63075024748096
5.92143980905364
0.605994160287082
3.49519408665451
1.06370595749468
4.74467780441046
1.27010243013501
6.87297410331666
3.82430818863213
4.22443959082229
5.91512299142778
0.637788620625139
0.584362430307279
4.640269618254
5.77327415397108
5.37547508720309
0.660394178703427
13.0880591226742
10.3672331897542
3.25806660111994
0.218706755986114
3.81617115344852
3.42236359138042
1.99383411090821
4.1709465906024
0.440549780614674
1.79506745189428
8.97076006513089
3.49133799318224
6.71980315819383
8.93918864894658
2.69370577298105
2.89476450998336
5.2946343142079
6.00941269369648
5.70205738767982
6.22398563850884
5.29141804645387
2.05501075984539
7.55881974106323
2.93612431347038
0.992194470890927
3.44870937988162
5.61455280985683
8.27938010916114
2.50729823019356
6.26939345893894
1.14460419863462
3.33976706647571
7.07273376174271
8.35079338015636
3.57660499867052
2.06219444517046
17.2312621027231
2.01369008585484
7.70121203329412
1.07490437560412
3.26406331118986
0.587335415184498
4.1892814214449
1.8976448009978
2.17120741661128
3.93886507954448
6.47535740180066
1.66685751929163
9.71893630921841
5.38173116388558
1.40317444036747
8.22517080232501
14.2546695424244
1.4539024559781
1.25070591457188
0.8803364482191
12.911446695216
2.38270435947925
6.38595505151898
0.408710375297943
6.47821919992566
6.8293086020276
2.16548229200638
0.806523377216684
3.3463129190964
7.94662010326816
0.334411556832492
4.13007312454283
0.132215837948024
6.10694922632906
17.4690174404532
13.7724422096743
3.95083037502897
3.10857385887402
5.28703870276547
6.38031223788857
2.23460686393082
7.2006004396826
10.4035814991221
8.68610609322786
13.8394580921158
11.3428323762491
2.65794737629199
4.20206720356629
6.03893876541406
7.52790931323865
6.74828230403364
1.1076410766691
4.09171198222645
1.66114736348391
9.4001624500379
4.13684662473652
5.39350321050733
3.74233715701848
3.86689094373536
0.714425393380225
3.45435811908863
1.10831009579432
4.00288202799857
3.38263342203299
4.49170498493908
0.400700001046062
8.13649122137576
5.79171197023243
0.970145379947508
1.09963216818869
5.34453722648323
3.43122996855527
8.05640912149101
5.62832927737857
12.4857947230339
7.55062822023885
1.55569138219898
4.95922379466773
4.42901495844126
9.26299553971345
2.62483321587632
3.92604270246935
2.68226037733257
11.3003115868196
1.83814563788474
1.71993585036229
3.17249521613121
0.387345207855105
12.8778691170737
1.90664648544043
6.70547774818843
7.33516346663237
9.83565158676356
4.79137490144291
2.31578118631709
10.6825292343274
13.43089438593
2.72545462392903
0.267879249611292
12.0826242724434
4.48971926234663
7.975461659953
0.251897889408792
0.263224542140961
1.66183693800122
11.0534673323855
1.19224592011297
14.3497808370739
7.5615477519027
7.67659114208072
2.39229777362198
4.76811835344147
0.658059053310521
1.16864907379395
0.0595213001774264
3.46803060378345
2.53894492052495
6.81010460106669
10.605102754198
3.34233066532761
8.35932071786374
0.591762992553413
4.36396626755595
0.0354720978066325
5.14802355319262
1.58504680730402
2.86236354149878
14.0446054481125
1.05653961654752
6.08264363767316
1.35407368652523
5.87784517556429
6.09295950271189
10.6651994865388
1.67819908316425
14.6375848213211
7.39272690843791
7.21461628563702
5.80193542409688
4.09084006260185
1.52172832749784
3.64613434468709
9.99765419401228
2.9239694820717
3.34378985221667
0.885627945038014
0.913664210948271
5.10100248155228
2.67265816219151
1.60305015647844
0.165928037846595
2.96449169982225
0.109720506717219
6.45323864863169
6.21097410978466
1.21113734785467
9.802285884507
1.98377447668463
3.92285313601317
7.80018002260476
8.80166411223509
5.72347091510892
1.92300456110388
0.889623211696744
3.22632559109479
1.84186596889049
1.65574890561402
5.54921117145568
12.1439494425431
1.93732185289264
2.3757507600513
2.73742862045765
1.76084436896141
0.716541157373645
0.968530145473778
0.787311030865691
4.79307840578258
2.69948667976695
2.10486478172243
1.51393783744425
2.61701885610819
2.05114500131458
7.10552665497828
4.41626131068915
0.608487726700301
4.81767392878744
11.8080524494871
4.86361398361623
9.85091521870345
4.83949430362744
7.41240284405649
1.67576260789141
7.42716882659654
4.60630981251597
2.43709946509913
7.85518195480108
0.918936426751316
3.91874313354492
1.84420433361083
1.56985544599593
0.872847996652126
1.08242440195832
3.3281876007095
1.03669604286551
3.42979549895972
5.90098479297012
8.27184647829413
2.05533017870039
0.758581943338012
0.991757516749203
6.39881140575799
5.44930885646979
3.43433992450221
1.20802959065213
7.87641026545316
2.47840005904436
3.19760106503963
8.80918995655113
1.21556660160422
5.37850446999073
2.24355766549706
11.1647497629747
5.83457655739039
3.48688357044011
5.58988363482058
5.12740354513474
2.17429881449789
9.70874298363924
9.3806381012108
13.1124955061354
4.39301223959774
3.5780006938015
0.817794492468238
4.49561706801906
0.53140703494914
0.7638183189556
1.71230481937528
1.31345047024833
4.26406271104095
8.71757485833731
8.09466703794897
5.11362608522177
4.99279764480889
5.49910687841475
11.2331979442388
9.84538025222719
2.98178119119257
0.00669650636225921
5.71496101288035
1.19905828032643
20.2307462925091
9.18666749533439
5.07339760823324
6.09626248478889
1.02535230107605
1.39854482748815
4.70756609590015
9.98155684514287
3.50621232193737
0.669049602841512
6.1612508026883
5.53231642941399
4.58111765778762
6.88085861038417
4.63486352937381
8.16962136887014
6.80337518811857
0.350891263224185
2.99004879083674
6.20088807772845
3.68593532024147
2.64915565322061
0.243313523016422
0.786773607735421
3.22590798770057
7.30104225222021
6.99284541894773
4.84347128804878
4.2311722234192
0.382854658893648
0.72701177559793
6.10457689035684
0.567196146585047
10.1805608030151
5.10848024860024
2.94342210981995
11.7945356760174
11.3978697219864
0.335947587154806
0.878823967650533
7.08714390639216
4.84397625550628
6.69846565169052
0.857510058206708
1.15856747142971
5.15338895932094
5.62464245595038
2.89306787308306
3.14704941119999
5.00087344553322
1.55126561876386
4.84114175196737
1.59531433296245
6.82477599995412
1.06493949424475
0.205137114971876
5.87927848100662
0.310930283740163
3.45808076672256
0.888236169703305
9.79044955604801
9.61879829410464
0.61330676628468
8.4306608675626
6.71755191870034
1.09354143769172
3.18792166654021
4.91955566685647
4.08599243965
6.55834447066572
12.3898441670462
3.85884462987828
2.75913751684129
8.66452141199261
11.4091760775779
8.13026293180883
5.45767883304507
5.40158939276375
11.5667341744137
5.84848171565682
2.64898978639394
0.838828342966735
1.93387625926175
7.96934606041759
8.64351193774731
2.47667299117893
2.69023722503334
1.64821355137974
11.0133424011505
0.789349712431431
3.48425585036437
4.02287882752717
9.75422302726656
9.16050567757338
5.11532677337527
9.54535955097526
4.00690801907331
5.18492180854082
4.26765826996416
6.77985654133942
3.13492268990858
6.55281206127256
2.65486990101635
2.98405457288027
1.35050054237273
8.73441756738769
12.118014250882
12.1619595214725
4.12782458588481
6.60720511830822
10.7206045184284
4.29253827314824
0.864168675616384
5.74049951974303
2.88328632635754
0.776350531390062
4.03733891434968
0.307049424151238
1.8527292413637
2.84232979174703
9.80606488883495
4.29361900314689
8.54234618600458
1.99756948277354
4.04248632001514
3.58761904354347
5.51471333019435
6.16620073560625
5.07986994150527
5.00847699586302
0.191160058602691
2.51121772491568
5.72680775497958
1.92532543692957
2.20779336523265
2.25380686074235
3.94037328660488
0.82820569448493
6.74904689658433
4.26844267606508
2.74622056782536
20.3232907457277
1.22916649561375
6.00867453031242
3.69072074314201
6.52589378878474
5.5992346185007
7.34718884514578
6.89806741522911
5.26495152153075
5.56153425801393
5.89647982476411
0.28054982640497
6.11547715607073
7.51176124904305
6.45048152655363
4.54600834799273
4.90729336161166
1.91321037462602
1.89646049402654
1.56756146876926
3.57935859356076
5.61289384534349
2.5982331392661
0.309049943462014
7.19524738931004
8.9088202372811
6.05087755247951
7.53438901156187
0.65321943257004
9.99261680990458
2.51998133026063
0.240347371436656
2.16350797563791
11.717044794932
3.23559370798824
11.2646067282185
0.372348670540008
8.73313525954731
1.93424171302468
4.92510221502229
3.69129894849027
0.961324363015592
1.74834164157739
8.07377709812377
3.21909056510776
2.8401869116351
2.07959883846343
8.10317550141193
5.60912804244708
3.21126130506436
6.16476591676474
5.25884621310979
1.71905152965337
13.9934031525627
3.75318816720843
7.49236145056784
1.99791463091969
5.58904635864595
10.1803749348693
6.31153611466289
4.71746807452291
2.49634822830558
2.08863748703152
3.06343245429457
0.466963125783318
5.71296126581728
6.64854775692033
5.80652257132045
3.93050797283649
5.06785224331773
2.16786833418415
6.43627947544355
1.19501462440819
4.93768353480846
13.9715761961696
2.96568272281325
7.57575479801744
0.268531055189669
3.38211352936924
4.39591481724511
4.44739381782711
5.58083634823561
10.3364645270631
7.94350504061465
3.57332331876383
6.19631627538248
2.95669510960579
2.83059054443419
4.51753379831315
2.56096392404288
2.33990983146762
6.66639062110335
0.679938192479312
2.25737865548581
8.2483890466392
3.23583018034697
0.588529021479189
1.38979542534798
4.27600548136979
11.6646908922121
9.35409599915147
6.00038161919059
1.40846602153033
0.714027918895476
4.30858482141048
3.51142563535499
1.98321433272213
10.0197418825701
9.92568829096854
3.9930425447543
5.7943074497563
3.52997030131519
3.30785297164364
5.55224679410458
6.16534007713199
7.56232163403183
3.29188737077469
2.91015102993697
1.48675115779042
2.17549247058514
0.773688498884439
9.2788159255458
2.32186732312038
4.00824923999608
5.70607886184007
11.2569755408913
0.245123379863799
4.66513321734965
4.25462803459655
1.02934151173586
1.60951776921278
3.13169010914862
13.1392602808774
3.34849143400788
0.389585387136892
5.46124470779603
1.96635978004889
5.74964519185712
0.277991214279836
0.526475380280814
6.87467758543789
12.2010296676308
12.4728449359871
9.08936162013561
4.89111640126876
9.08598078247555
3.46534462590272
0.574038038030267
10.6186157325283
9.08733876422048
4.77800846090752
10.4502869771219
4.578523687087
1.12753573339432
3.50927130784839
6.91321187186986
4.81329564936459
2.1842444781214
4.42218650581747
5.23614562116563
3.41324752662331
3.4194674808532
9.19085678178817
4.52600101467766
0.366082047810757
2.29813735763828
9.36513093765825
0.876929587684572
10.0218763858846
0.352409845541274
4.4706790322125
5.07505487201414
2.51200756366941
5.143957817927
5.60329211875796
3.85496495291591
8.63564517349005
5.48318362058265
10.5332838371396
5.04087572917342
0.206151666945479
1.99177525937557
0.479849311523139
4.88283140584826
0.223609635547722
5.01822071169595
3.05646194694416
3.23858803603798
5.16150451730937
1.57147830466411
3.40199843049049
13.4241570570032
3.57079486966419
5.46812806278467
0.0178102014074468
0.990987086456565
11.7690718267113
5.04869231510842
5.04789005770936
6.53688702851638
11.0804293537512
8.35234301630408
8.49400183651596
2.19875429590565
5.85410646279767
5.80196736846119
0.737968343310058
10.4039694182575
3.84676242247224
4.87030904574941
5.55611159652472
5.39315529167652
2.86970934830606
5.34929239656776
0.7611618584025
7.16200182214379
7.45591861195862
4.96419736932467
2.92603340931237
7.73531035520136
1.06912953607144
4.71989368088543
8.42593733686954
2.41028261370957
0.59631559997797
5.55961965583265
4.22488232143223
7.5844394043088
4.81525219511241
3.15022522117943
5.66207221709192
2.54809085353472
3.50741425152817
1.2136104516685
7.92053435546532
1.31913657174159
3.57653510805902
6.22692115127464
0.253346492536366
7.5286771170795
2.19522933475673
4.45224302820861
2.2331998012687
3.5407875654288
4.64454663451761
2.3822552524507
0.705084996297956
9.27191428963002
1.98021305259317
7.5308584375307
1.42829348660418
3.56786060763915
1.60171759780496
8.47371462732553
1.54973098115365
2.81204803027856
9.24203147041183
5.78588109929115
2.74447754357497
0.324032944627106
0.546363997273147
2.87373112691989
7.05205998383462
10.0097408983856
5.48755889734626
8.67136889137328
0.0922741014150117
1.86507555201835
4.02250497136265
6.59201767992283
6.29200295079499
0.583035731688142
3.27413010394382
1.16440059793527
4.52845736872405
10.3750226087868
1.9670300399169
6.45780724956994
4.97680075932294
0.367133831605315
0.12507454957813
7.93333188630641
1.16764369609587
3.49032727684249
1.3519378452355
5.77696504153076
5.61936926096678
0.164765841327608
2.57153280973219
0.132249016314745
0.529405497945845
3.07115823961794
9.50906818070237
2.10126219317317
0.984611851163208
6.27710374537855
8.58177908230573
8.41601772699505
3.34828207269311
8.2114999312956
0.285815843380988
3.36322705261409
0.520453741773963
1.33481760891497
6.75005416492518
0.306834635651343
10.1012130733579
1.11784262858173
1.95592839232946
6.76154084503651
0.912587530910969
1.92879664599646
5.85666038095951
1.13842610957478
3.48207112096349
3.3619413850829
6.39184860046953
1.52952812074636
7.27242287248373
6.24004555866122
0.982533674687147
1.12623842433095
3.26813554856926
1.92907021931195
12.8289999440312
5.71165916044265
2.68313689168376
5.66763967206138
4.71808616517393
13.6829793861561
4.12922494579107
3.40094754938036
0.0590854557231069
0.12885300739211
2.51494770014136
9.21088703908026
7.61365578509867
1.13317152978145
2.10511058494538
3.27711724406036
2.84997576382011
1.45350917878961
3.3019297523424
7.9334293724969
6.27303723795319
13.3398402482271
3.69225678190097
0.196606409735978
1.4637091713996
1.24738549347967
5.29576115900677
0.409713783301413
7.85514462000007
3.52330247405916
2.37826725933701
4.69423849135637
3.54021266102791
0.930152072741797
3.50340128611948
13.9638879569247
3.67163168266416
1.62434833494822
13.9093064004555
4.56305798143148
3.35604368218994
5.19718709401786
0.696024369105507
1.64901784155518
6.93144649267197
6.06618244200945
0.211741076782346
4.36446962412447
7.89240512531251
1.66604235102024
8.58092261083816
0.426442861323224
3.63636508118361
4.60201883688569
5.51450176568629
9.1915146160661
1.63612939298444
3.05827730335295
0.228304346092045
5.89258980471641
2.52124038524926
0.322675186652432
2.3827288299799
2.6217636640478
5.58002076577395
0.894895056262612
1.46823403675781
1.00721879862249
4.78465685155243
4.5541635947302
5.40375581476837
8.27904685866088
4.59071970755327
19.2888408433646
6.05960360262543
2.84431206528097
2.33915969729424
3.38151259347796
8.41888529248536
2.90399794466794
1.1339401059423
7.22356398253589
4.69369192724086
0.833264472829993
6.03754809126258
5.42812054952359
7.78926932252944
0.896812509745359
9.31846236602763
0.184640195220709
6.96245511062443
1.08097698539495
4.63417742867023
2.90087291505188
1.90769375767559
4.141744662721
0.596850487712605
4.24243905581534
9.22323705162853
0.06370276053939
3.31031188834459
3.75900557264686
1.43607228528708
6.41221231780946
3.22318903636187
4.67525206040591
0.932933366857469
1.64059087402878
7.66525606883793
5.54807031618452
1.20840970287228
11.9808468298845
4.18031315026363
3.33409642335027
6.82872043283859
1.54784578399096
1.28921025095293
9.98380490237256
6.88944545399036
1.21072392832269
5.72665978688747
7.7397966110114
8.30074183177203
5.49297356046736
7.68962143920362
1.04093819390982
3.03471467184948
0.531779279606465
5.30437924899161
5.97966648638248
0.504302117042243
0.307283821038493
0.246074739005683
7.42882388745984
2.46659712865949
6.00775951297895
4.99316964927138
1.11043939832598
8.90155530555637
7.23753219936043
12.4189569149166
7.91911957785487
10.1260858122259
5.9351460798875
1.8523869337514
5.41979088447988
3.64773622713983
7.29892306594615
18.3389412006363
1.23515709253585
5.50581473365096
1.6288594340888
6.31622921209782
11.1432124705801
5.23519762791693
5.19541276153177
0.267553539015353
1.1342936863198
12.0762901846319
4.7938555944711
1.5292776748538
0.609629135578871
1.95551838260144
8.51955506950617
4.63182996027172
4.7613985138014
5.88013633880048
2.92124322149903
5.45324016868025
0.349698308855295
5.53070123086902
4.20639629010111
8.94010253250599
2.28537295479327
4.73056753313353
4.07959411180817
2.98232813365757
1.49848945438862
9.62419086135924
6.23506223782897
4.43536851089448
8.29238656442612
4.4776811497286
5.52136232082016
3.74645285774022
3.93796237185597
5.59908415842222
0.642091711051762
7.57548704277724
5.82094581332058
1.64825106039643
1.72335219103843
5.52047168849997
4.43539939573432
7.97383791670388
0.795811379756337
3.95731728951745
3.34895865540191
7.58200183045119
0.451505688780201
6.25293427146971
2.12517597246915
1.22070156503469
1.48521023615884
9.4315443187952
2.14923771563917
5.31937239287916
9.0220385696739
0.0564852924090888
0.147197279147804
4.82279204297811
2.18401807360351
4.90244792308658
5.38342266809195
2.76421604832012
17.9070489191
4.97759210411459
0.123456260189414
7.40793754967898
6.72034285962582
8.2145799184218
0.468363822437823
5.17242562097663
5.41776227764785
6.41575149506296
5.4277362069115
6.70067943055415
0.257647573016584
1.94088620125784
0.942380167543888
6.25065049542101
2.58251710555939
0.080424777141315
0.932720303535461
0.0511648268203718
1.49391600862145
10.2927489671856
4.01548327087143
1.8205230589956
8.36514455731958
5.78639608679232
2.50736644957215
2.67971835090671
0.0654300335255306
7.06450850702822
2.75087072513029
10.0247017340735
5.74652652721852
11.3260195454441
7.340732755365
4.20747525058687
0.62711420994188
4.34741068165749
9.41063840129795
2.02902723103762
12.5834382499514
6.20363097045077
6.45597781985998
0.268551663981128
3.96260044071823
1.21437162160873
1.01142539642751
0.786136004305121
7.47717262711376
7.4790090050102
3.55861326679587
4.24081378045419
5.40915252640843
1.54043816291904
5.27885453775525
6.38970407641236
5.03278013297375
5.5833263822514
4.97460912447423
1.92384263500571
4.09395750569745
2.50610139635718
7.00700473971665
3.4232726553455
4.46136697677811
5.49462538896318
4.59575683344156
3.55019038543105
3.79095883108675
5.30126760713756
3.70047121952374
3.64833609201014
1.81423351168633
1.92479454185912
4.85109768342227
5.29124516987329
0.127965025603771
7.33776509296149
0.386256002821028
1.60691633354872
3.13230497019604
5.76349076293418
0.822982843965292
0.250707031227648
9.57278773344509
5.7434521207537
10.3837663773447
3.49281379021704
4.82405971079906
5.26046499144286
5.90493101550834
3.47961625084281
4.36421653571343
0.319537909229211
1.6031697858125
1.60071877762675
1.18837061688057
5.07594728842378
2.11463459655705
2.74541453399614
1.38147029565568
6.65744187934792
0.16008906532079
2.44848758447915
2.26768797729164
2.16100907418877
7.61012516450137
4.14355383254588
9.36033910322038
8.34046762758052
9.07467117067426
5.70691291570904
4.58882260136306
3.88058146927506
8.22957400232553
15.3468465432525
2.79461258307925
0.781916037266416
2.34748489848444
6.79713339461068
1.35933964027628
4.18287738668752
1.26256619114429
10.2574204094708
6.78406327497214
6.04714658111334
8.383906911167
0.0341935174122343
6.30256505683064
1.50239197537303
12.176864198409
11.5694364603401
0.562964077107608
7.24227563478053
4.16262391566067
2.10353883448988
2.84587868954986
3.40384473092854
1.12638923067252
5.88246763218194
2.80078692534848
1.6557971300106
0.315149172881192
5.54830774199218
5.52361102309078
4.86727445817703
2.50308435143258
7.94763821177185
3.13357073598124
0.830679829232395
2.89529929868877
2.49892756697537
0.558687643640178
3.15368681111856
0.933193269066955
1.40334879362907
2.42674257311308
11.5286240819842
1.31761382799596
5.11517040431499
3.02399131469429
2.01012022158472
1.79546640720218
1.65421324782073
1.1585992295295
0.134205564567877
6.14624544978142
0.957031734287739
2.38104613963515
10.2358636451121
9.19098978910565
2.6317365700379
0.997353195526458
4.69112194547878
7.42071568965912
4.13907537214277
0.740995956584811
3.94308394752443
9.32206830475479
0.232439814135432
0.502174580469728
3.11591604258865
3.92307091969997
11.265749623999
0.427852865760305
0.175144150853157
3.571743122302
2.52214230131358
6.90963389351964
4.12462069652975
3.60093992203474
5.19429784910764
1.71396546759879
6.13762063356022
0.41431391146034
1.77437528036535
1.5698816627264
4.80016810926461
2.87856883369386
13.5919096414
7.51038307839894
4.13227749522775
9.25445656757802
9.09210680983961
3.99159641408256
1.68044252475708
8.18914284463972
5.15818807581545
0.0721559626981616
4.04367912560701
1.03933065366202
7.45695020670464
1.58291407860816
1.84450552333146
7.19610766973346
0.325021846219897
10.7119566062465
4.61415918543935
3.98572430726542
0.0859980238601565
6.7423065198917
1.91333585216653
3.99947848636657
7.10436571389437
3.98304907768591
0.357684469781816
11.560442117266
3.68885145862947
7.2114314744161
5.26160937733948
8.85986420325935
2.55635508801788
0.0516739208251238
11.0835206927732
6.52414589380539
1.05713966768235
3.70665634982288
1.15350580308586
0.30951336730497
