"x"
27.3974838060757
22.7283801650628
34.2781515326351
33.3742764778435
33.8353806640953
30.8069431921467
34.4061655690894
31.8585353670642
24.6029358590022
5.76745361801962
21.4293610071763
13.993775844574
17.4589710077271
22.8120860327229
23.8904314581305
27.0908484002575
14.3978014821187
16.7548099299893
35.4295129866755
32.3419474996626
23.2159068575129
18.8537672629769
19.301654654555
21.3468832429498
26.3498227186723
30.4875729838386
25.4468066385016
22.0434140414
15.8711468335241
30.780558870174
20.3346276888624
17.4235588357879
13.6368043953553
32.2678890777752
17.6694452995434
24.8318990226835
29.9732619896531
23.8647412043065
29.8211755804023
28.508124826476
35.8065823072052
17.451476741276
19.9766140972602
17.4836983085328
34.3760282732546
32.4502219446003
16.3193964166567
18.9379070885479
23.8799518207088
22.9536378988996
21.7477746540681
19.6592850144953
32.3981657857075
23.3520584413782
18.4297247324139
18.0007360177115
23.3320496510714
26.417509582825
26.2776794377714
31.976751703769
26.6070316312835
32.5925452169031
33.8378383545205
25.9339953056922
16.836052108556
29.0028021670878
33.1200727494434
30.4989760741591
19.600621657446
30.0995685858652
27.5975150289014
16.9832499232143
29.8673596698791
27.3854028666392
21.657513268292
19.5579134987506
25.6337034516037
22.6862239651382
27.3269712226465
28.4114147769287
27.2879221243784
24.6696352958679
9.90391142376645
35.627883455018
14.6975691611014
22.9639669880271
27.8359218034893
19.9352686759084
24.6489056618884
26.9229227444157
31.784275569953
27.2173362784088
29.1212385520339
29.3948080157861
34.1204229742289
32.125387666747
30.5695607559755
12.8395123640075
20.699462108314
35.1955308092243
27.298354706727
39.8007593456884
29.0371525101364
24.1024549352005
20.5166313564405
26.9963266542124
20.7064373185858
16.6305303107947
30.9668032452464
25.1237998018041
29.835980059579
25.2502720337361
26.2889904668555
23.7149219494313
24.766900180839
22.1365188481286
26.9283125409856
18.3407771401107
20.2792378599685
37.6221383900797
24.7578735230491
32.5330485589802
16.4281735799772
18.1376284221187
12.9485221579671
22.3626269260421
27.8459972003475
27.5643574306741
23.630054295063
32.9724742565304
19.5750928949565
18.6406625829131
27.9438190162182
21.2250928296044
36.1084742244226
16.7783613756273
30.7906903326511
24.8181133544605
25.8124245796353
27.522332710214
19.0251008141786
16.816076276984
31.7726416047662
24.6874642558396
35.5989449047252
21.3472324658073
29.9993453314528
27.5966813554987
31.7443590145558
32.7124948380515
32.9120623413473
20.8209011238068
16.0710191819817
18.3157468447462
13.8649829430506
34.3618692597374
31.1722190572339
27.3946008877829
19.0041207475588
25.4803686868399
14.1095129074529
32.3621086543426
29.3860380304977
23.7082002451643
29.4526403942241
34.7278067187395
30.7978725992143
28.1721292308335
28.0521798180416
16.1659312201664
17.8994384117387
30.4654591716826
27.6780194137245
19.6668287273496
23.0834581889212
20.8902038866654
17.9268031613901
15.6947509851307
33.6038084700704
25.6450624438003
19.5033759344369
23.5971477636874
28.9397679502144
22.4876516498625
28.0722400639206
32.6048667309806
30.4027153877541
29.727570200339
20.6493401201442
29.3229199480265
17.3592309467494
20.8049550186843
17.6080075558275
41.0380363792539
9.05790873803198
14.4625103566796
24.7434231429995
12.3352632428577
20.1181904878467
22.6504454156384
31.0779358958825
17.5216003553942
33.2771259825677
18.5479419771582
17.3742659622803
25.257535954006
26.1388356879582
23.6585019389167
36.1450101693577
26.9373021724718
27.1401810692623
9.69186905027837
15.2833166299388
20.6112639745697
25.6829520030619
22.0367735717446
35.19020746252
24.7210700978441
26.7431657062843
12.5301512656733
23.0884571094066
18.5063784879642
11.0220272094011
22.9896540986374
18.6399666126817
33.0858066678047
30.9192980780241
19.6096397005022
35.9932594637057
28.30952599179
25.3633768863125
17.0764240901917
23.1819614069536
29.0544701274484
19.5724254241213
21.8479542760178
27.2875999333337
32.2324533713982
31.2725314870477
23.4804879858615
28.8908107768309
24.2090237792581
24.9130412936211
28.835478099063
32.4634841876104
24.6499531669542
20.8731801252718
21.1362109388562
24.3855950884967
22.7835704106838
24.4915477931499
30.1769657293335
28.7661260226741
20.2458553470714
31.915023853071
25.0997834838927
23.9023155299947
23.7802226096392
12.7445909194648
27.9995927354321
17.3393782228231
22.2400521859527
18.0223690811545
26.2528189923614
30.6068089557812
25.4841146757826
24.2621215758845
14.0395273920149
23.7446873215958
28.0909945489839
19.7465932372131
30.6922044605017
27.907379437238
26.7482475144789
27.6951564243063
23.7245992291719
40.3159327784038
25.2316195750609
27.630928322833
23.619640246264
29.4404249405488
17.9337342502549
27.0645536016673
23.8767941249534
15.3696964980368
15.4161740568636
20.4383853093968
16.7249703028822
29.8972649511676
26.5682629775256
14.7875333864161
10.1962406886742
28.2659649848938
20.1388319488615
11.4985160622152
21.4665759121999
25.2666720421985
29.5174703700468
10.0760067114606
13.362853275612
29.9422642448917
30.0304341922903
23.6562675097957
22.0887967851013
31.3996034122493
19.5891781847734
33.3007125882432
17.5379147572077
28.0536982929334
32.7619984513149
17.4271353054792
14.0134919403354
15.5668403254822
27.9664942296222
27.5868769735098
24.0214557154104
15.0914318626747
23.6197764985263
20.3522965164232
25.3544225357473
17.6844811066985
21.5960506349802
14.434872698764
23.7138833384961
13.4427093435079
31.0772973112762
22.1077415160835
23.1358687393367
34.8521116696189
16.9635177357122
25.7924663601443
24.3079818394002
24.1942146094516
25.7054019486532
22.1849796257895
17.4561869583452
19.1707000369206
35.5565650308375
17.8121785866097
30.6765740737319
15.213112946122
26.2017561122775
25.8198573486879
22.9897778015584
34.6267593093216
25.1259905053303
33.033525547944
16.6488284245133
34.4642823562026
24.3462185142562
24.1960774175823
21.6351324692369
31.1371634015813
20.7968523955952
27.8930755564943
24.327978445217
18.3291011257097
16.4817312499508
34.5677935285494
21.4565523723638
21.9562054146081
22.5804735906422
13.3818094385788
26.1529120849445
24.7252545519146
27.0381367765367
27.2821520920843
27.7144724968821
32.5934500200674
32.6064450899139
30.6808878667653
3.49000303540379
25.8563255891204
25.7041835458949
22.1607523738515
39.6413182353085
20.1964486157522
28.0249985167757
22.4284927826375
27.0094871055335
12.9162306664512
19.6958631598107
28.6729921194063
17.7881738636643
25.3831807291135
19.598355027847
21.9252829905599
22.9953534901142
22.8560199495405
22.1300354227424
17.8960273275152
28.3504540799186
25.5359833633693
25.9773681871593
27.665092353709
21.1138465886183
34.1493816813454
24.2511442862451
18.6531467130408
20.3848208678441
28.9807573659346
31.9231580942869
16.8120295415749
28.4996679915106
14.4748541279671
27.4201646447182
27.921078982763
23.2143245637417
26.4898513676599
25.4653789801523
17.1010277466848
20.0133310165256
24.8436994384974
16.1780529655516
24.0902449935675
27.4678246350959
26.5094053233042
14.1483197201876
26.7768135759979
33.287986414507
27.0075487904251
15.6777580538862
25.1372995087877
18.0236590793356
10.5690642027184
20.2648630399573
24.2500396034638
23.7890277523547
20.1259749475867
32.1068075718358
19.9295564554632
19.7068633511662
18.7472038599413
22.8468669811264
30.3634902462363
32.6963193714619
30.713862972334
33.6169078014791
25.4352226853371
25.1457082806155
19.7753949090838
17.1335482529764
18.2789767032712
20.8817592589185
17.4322736504066
27.5664075743407
20.9753990843208
20.6814593169838
24.4224637746811
19.7230469288899
24.8235830804333
16.4639336945694
20.8577033830807
16.5964594110847
18.7484475551173
10.2153161612449
25.0332013471052
25.9754407219589
12.5350854030564
32.5009068707004
30.2568502025679
24.2606197251007
17.6340269856155
30.9382605599239
17.8961965255439
23.3428344363347
10.6686287992322
18.4413292445242
30.7522327406332
16.3381783990189
27.0291193388402
30.124374135147
27.8984791599214
21.9902238808572
25.1868134830147
25.8332173107192
13.8694464229047
19.973179558292
29.9996605375782
31.6675414098427
24.9474087044775
32.8639052109793
26.3532182434574
22.74259342812
21.2145377637973
33.4504763362929
27.5599744636565
15.4920991277322
20.1098887482658
26.4181414851919
24.0921747870743
27.1804589312524
30.1876599900424
23.4096556560246
12.2239573393017
16.5318798273802
31.680948799476
39.6917584796852
20.4114129961985
9.68638832041749
23.4464075183496
32.9868853589582
22.789699328132
26.3764879666269
28.1008484307677
16.8326312908903
25.2613030839711
23.9367485977709
28.0653767520562
38.3166411870575
18.421330419369
25.54769043345
19.7544131893665
36.1629138778723
27.5473878951743
32.0822734618559
18.7898823991418
23.2991694938391
27.5661994935945
23.5020026098937
26.6415844595837
34.2020401498303
22.446027235128
23.6188251525164
21.5585428988561
29.5792190125212
24.2991448612884
17.3118020989096
19.9474474360612
34.8804671165012
15.4301935131831
24.6509464690462
27.0814676769078
27.3488896666095
27.9963291948661
16.7682997183874
21.3634717278183
14.8226001871639
30.5488219251856
23.0385268339887
26.3921300182119
22.3676024947824
21.3735579280183
31.6720155067742
20.8900720113888
17.8741876734421
17.6863156724721
18.2210047263652
34.8995263667262
26.5301417559385
27.3383246036246
27.6319231139496
17.4087640130892
21.4699379401281
29.355953168124
23.0929353274405
28.7099369801581
20.4549143090844
33.0202917568386
31.5479474375024
33.7129581253976
27.8563178610057
24.5686984853819
18.0046610534191
32.0861016167328
20.596592570655
17.1992904972285
27.8379965107888
35.5102934488403
16.1566784872517
31.3641588902101
23.8036466995254
11.4780649775639
24.120292970043
21.6155687118835
22.9083251208067
28.9031692314893
31.0796524165198
11.7576992099033
27.7995785858344
28.2337148208171
23.6402199370787
19.3031408591196
24.6780023910105
32.3849501321092
22.4310446763411
26.3323803665116
16.4472088450566
24.0653125569224
26.4338237699121
29.5926228165627
35.4665286818004
22.4860697053373
29.904617369175
27.3589860701135
25.7494992708557
32.1093920851126
37.5857884615555
20.9431967704024
34.0300409123302
27.6343008968979
16.6372036048705
25.2695927862078
34.8330161513245
31.5174466464669
18.2241229806095
33.5584178101271
21.3359153829515
30.6317052338272
33.9849021285772
22.5709347287193
30.9073709882796
33.7505838368088
23.8508902257308
31.9715619785711
17.8332193705968
35.1819144082451
24.0840208018199
14.1615877160802
24.5730548398569
21.5230076108128
21.2514427956194
40.4979947002089
29.6415329445153
25.2743479330093
19.172856834095
25.5359018919989
27.3095321375877
23.4151786891744
19.3675172282383
9.0740940766409
17.9392944322899
25.2758291084319
20.7052908139303
24.0799310090163
22.1718044253066
30.9963874984533
13.0405699368566
25.1088158631977
23.7678974168375
23.6296066781506
24.3422780418769
16.8649714440107
28.8088606670499
32.9704770818353
33.7010716553777
23.8039400195703
35.1921690057758
26.6684610163793
23.6446478171274
29.7254715813324
17.4495992483571
31.6475558793172
21.1204387014732
19.8069269536063
22.535272827372
22.3528299015015
22.787281870842
20.3944195760414
31.1412758426741
25.5799463251606
33.533320366405
21.5431453187635
22.9783070972189
28.1729951733723
21.3370365090668
35.5767451671368
35.6503274976154
25.7072562360762
18.5986730270088
8.92543827294495
13.7231026816383
32.9065884463489
25.3392598591745
24.233768787235
31.0823919484392
24.0222470470117
13.9141831483959
24.4001540417553
21.8866251577214
27.7646926930174
24.8447817051783
38.5489162967956
35.3094634659471
33.2454991294071
28.2678881892934
33.1218318548054
24.1400589235127
19.9839209904894
32.8048681840301
19.3754275172815
29.5780936256051
34.9385424030429
29.4717224295268
25.5778152029961
21.3467827066779
20.743717555888
17.9222744656727
34.6111912513152
25.1738597173244
19.4436053978279
22.2875620936975
29.5590605586767
37.5475319248964
35.6994475682682
30.9379589122554
12.1323402971029
24.2913545159776
24.7570103267208
20.3993707662448
22.5429699756205
29.3836623197421
19.8751661228016
24.4887749198824
25.0353809213266
16.1003909571296
21.2373960996047
19.5841956185177
28.3454342512414
24.7576211113483
20.8104793775343
26.181821235075
17.7395285572857
23.8898813705139
16.0070051439106
22.9478856083006
23.7831230740994
20.8617884898558
32.2771213948727
20.9530528401956
13.1630369153464
16.3007868845642
27.5690465467051
36.8375992701515
30.8732162462547
38.4113722459829
27.8998762369156
11.1277909903565
27.3344732355326
19.1241030581295
22.1473409095779
15.0847392622381
34.745540003625
29.7300364123657
32.7347067883238
33.7806560564786
39.1988375203169
22.307031438686
24.9999765073881
22.6966621354222
32.7720808330923
15.9981886856258
19.4506682222709
35.6101597638285
34.646387794055
27.1744126686826
37.8373135011099
26.9089823123068
35.5412070559672
29.4529406121001
23.9677147661223
29.9929197644815
36.1176772953427
34.6670173553234
21.5416747461966
23.7752743065357
23.3461629069623
24.8331744223833
27.4335349075224
22.8984585663239
24.3873489554971
24.3749967543408
17.8292864235118
14.6029366467754
28.8155150599778
18.9066713443026
21.6967029264197
29.6719221631065
14.663359709084
24.984118505381
33.0571226077154
34.4833084382117
38.1348545176393
17.6766131073236
23.3686252497137
23.7390573136508
26.6995226498693
23.9313114434481
31.0854349983856
27.8014561859891
17.1166420869885
26.721576997079
28.4670101478696
14.4177182728396
31.4059533644468
33.2249841187149
13.3144991938025
37.4802960527545
19.6093995124102
27.3003843612969
9.62158556162439
27.5126707740128
21.7306470265612
18.6446893960238
23.4503557672724
29.8776687588543
32.6742276549339
17.8451384883374
24.8868604423478
26.4623636379838
34.0750866569579
23.3347984263673
27.0956410793588
21.3015805697069
27.7956706238911
17.5725636410872
16.6099058697
14.4861151764121
30.4690420406465
28.1595547916368
24.1612164769322
16.0080223804063
25.5229352973402
32.969914120622
15.598501484751
30.7051879586652
22.6124492008239
21.4737528236583
14.5154567234462
36.2311785088337
23.3265992952511
29.6611772850156
24.915665848159
33.0760492477566
28.1763540580869
23.8863659556955
27.8139408910647
26.707051275298
25.4706770181656
24.6081433491781
8.98827142082155
18.4307622024789
20.3819922870025
30.3130690474063
20.8980298601091
30.3062159568071
16.2820764118806
28.3068659948185
18.3809488629263
24.7272580396384
19.0586922275953
32.2341748513281
20.3184315003455
14.2402561847121
23.1527935039255
26.142105134204
43.3126903206559
38.5584012584245
23.5158542171121
26.3217591447756
24.283479526639
34.7584917654699
27.5955571327358
26.8467761343345
32.9549670917913
34.2693340964615
18.8425833825022
19.4873889675364
30.6957158492878
31.2346222416412
23.3650680794525
28.6480403505266
28.8593238918111
20.5689794616774
28.2520750770345
33.7001776089892
30.1692906068638
23.173304554075
27.6774207595736
13.9975323833686
14.878643816337
20.0200787265029
24.9744404107332
24.3551303166896
22.3718812689185
22.8368772234952
16.4405385730788
33.0605117836967
31.0274884104729
28.1029837671667
28.1430852471296
20.7613156229559
29.2982383165509
25.2459125360474
21.55540229287
27.9947181697935
26.4054194558412
27.0791387883946
25.3951583756134
23.5945488326252
25.2074625343084
18.9887387678027
24.6496886014938
28.8957474344622
27.8779205400497
16.1579603028651
30.6423275166182
31.0495135374367
36.4072030109568
30.8536465988301
27.600976599903
26.6879194881767
25.7727149801541
20.9085030535187
20.1704563932735
22.6896672509611
26.4217513846233
30.911299912259
36.1118492649353
26.2927449382624
32.1126135764644
32.7552664093673
36.2742503618306
28.7532617803663
29.1232327232137
30.7374731404707
20.1521788025275
31.1166210332885
24.4340528501198
13.4387696394697
31.0573301510885
29.521803566139
33.7275945115834
17.983730440028
15.6900192753339
20.8784048163956
30.9395981021225
21.4590207673609
23.5498612048104
24.2514333454892
27.4972018552944
23.5427611041814
27.3801287868991
30.7267547610151
27.8918351768788
15.7495977141907
22.4133303156123
25.1071519684047
23.0091461678967
31.0587197775021
36.8505438768721
27.0434654084966
15.121778070323
18.0259855464101
36.5287833078236
20.949285547249
13.7774870926931
25.9796969359741
28.7104651564732
22.4928861483932
24.8128331266344
28.814894306854
23.7284396076575
28.5597294569016
27.4987834971398
30.4145293543115
19.9724545469508
27.1139297168702
32.5670608086511
24.9634095234796
18.6516114976257
23.3737807022408
20.8238249411806
31.0149715980515
18.7322064535692
11.7898179451004
23.147672554478
35.5736963429904
8.36840586271137
15.4078930798325
26.8006114754826
32.87684826646
32.0630367612466
22.2626996962159
21.7703546164557
27.618776098825
24.4988142745569
28.8764104712754
15.7146019877952
29.9886018503457
29.7745571704581
25.2225872368032
17.1073452336714
34.9865133422683
15.5800808686763
20.0925583951175
12.7795292297378
29.1408656165004
15.919057931751
24.3562790099531
26.6121454516021
14.8191728396341
34.9146371686316
22.8693446842954
25.3063140204176
23.6804209882393
22.5045334314927
20.4398899106309
16.350442240946
26.427617133595
33.8872442720458
19.6057914756238
21.7089759651572
24.1540611721575
18.6863174661994
21.2227616989806
13.1784131051973
19.7044927223256
17.6849504366049
27.9700227547437
17.4222408095375
25.4719468997791
27.5396102806553
38.8238029999143
18.2864930247888
21.243511544633
22.8986247908324
27.9241459211335
19.2979507846758
26.4735466334969
28.2203249282043
20.0510551208159
17.052685492672
22.0411122078076
33.7038334924728
16.7224246500451
26.7542276298627
29.6083083143458
20.1845858246088
20.7433393225074
25.5309173371643
20.5730334622785
22.2674936056137
21.36027936358
35.5204487456241
21.6623394051567
33.9295510202646
29.3460023822263
24.6894086943939
18.672506071412
24.5968833565712
19.3453890271485
23.2883369084448
25.3349081845954
20.9789196262136
26.3141633942723
21.7562693636864
23.9514922956005
23.0063216527924
32.4352403637022
30.0811799708754
25.8833934552968
20.1188252307475
12.7189052989706
19.7278324048966
20.6634815782309
22.1689677564427
27.8826275607571
21.84964325279
17.7833842579275
18.7638730974868
22.0154405541286
27.0523117622361
26.9565478898585
16.7309984331951
24.2267310386524
14.3854720750824
14.5582528922738
22.9648834094405
10.6423150696318
22.7515766629949
29.4123460538913
15.9060909878463
25.6766873877496
31.4575277501717
27.5318716419861
20.3198625975937
14.2060472629964
24.0677848691121
23.0977371800691
33.8709408883005
15.781878051348
21.863689715974
21.6403800528497
24.7509137028828
26.5283532440662
25.713524222374
30.1788472104818
17.4607063643634
12.8651898364919
25.8859648997645
21.9610002823174
25.3804536070675
33.3596219075844
30.4350316524506
19.6797449120843
21.9318519812077
20.3251141514014
25.7835529977456
26.6395039451305
17.7855654619634
35.756287470686
18.2224095566198
32.918813242577
34.3781151343137
22.3004720639437
16.8917974224314
31.6691350191832
28.5064784344286
27.1207283018157
18.99558249861
29.1276163421571
26.6210250556469
20.2887225663289
32.2546653915197
24.6145555982366
27.4218089645728
29.6235378831625
30.3122364217415
20.6343735618475
23.7382869105108
35.3263603036708
21.1546354228631
24.3345489958301
18.178795580173
18.3010968040125
34.3975572613999
15.0313384830952
22.1412603976205
28.8458588067442
25.0779815251008
21.7258232878521
8.81464801976176
29.283332079649
18.6478953110054
24.6300339698792
18.8472671201453
29.3857486685738
27.9829475330189
33.8231273228303
29.6060617547482
18.8831735402346
17.0731753809378
12.9531055921689
24.4193369755521
14.0235806815326
22.4068403303627
13.0708591779694
34.4602294499055
21.6326610445812
22.8075100574642
29.3229294940829
18.9048200147226
14.2259550280869
31.1875924933702
31.7024852149189
21.2551267221676
23.471374833025
21.5372554026544
25.0063728308305
31.3040355686098
24.6934999224945
36.3957167000667
28.0011424794793
27.0548023981974
13.9471375383437
19.9416847327485
19.581161160022
20.8592678653076
26.8468141555786
21.1700684856623
22.3371114116162
24.3766059420487
19.2980546504259
27.7279304573312
34.3274540267885
19.3995838053524
26.0974458185956
16.0971667491891
28.1830005114898
18.8100548579555
21.5422647772357
25.5744534619955
23.9888739772141
36.5330267807193
16.3914535420269
27.5713889635729
28.5991769051179
22.4177079973742
25.9192501857237
26.7791359685361
28.4369385335594
18.2937591679379
16.4488162146881
29.7502672066912
26.1714426102117
21.8302142107859
22.8662027278915
32.2572001488879
16.370616084896
24.0202541928738
23.2995820464566
23.3217838220298
29.8470745561644
32.0385179948062
31.555354129523
25.8993725990877
21.4219591347501
27.1606936585158
30.4684820817783
17.4759719287977
20.3849804587662
22.1381968352944
23.6262394348159
19.5034821983427
22.2164132632315
20.6355105852708
13.7397210812196
37.7227923346168
25.6442499812692
22.3203470236202
21.0498049855232
18.3403004499889
27.9718153877184
15.4257527621582
25.9811209281906
33.8292823638767
22.6681832922623
28.9775619050488
23.182574682869
19.6396671235561
21.7716893686786
33.7339235236868
19.6539271622896
21.8776310405876
13.6870864545926
18.1629856279394
20.7940479201143
26.6240471508354
27.7798001421615
18.4434802038595
31.5327762626112
33.5799498017877
27.3919273862257
32.3579079238698
15.5262710293755
42.0529443283981
24.4028778513893
7.47747374897287
19.4119384745136
31.0142026748508
25.376731227152
12.8991609904915
28.6458307411522
22.3831292241812
35.1271738277233
36.3902641439295
16.66976495401
20.1858833199367
15.3803052613512
32.9377137124538
29.7487100120634
27.098139305599
25.9426239079609
29.5154218794778
22.6375488797203
18.5830801492557
25.5314887268469
29.7716927248985
31.9633671548218
19.0224329242483
27.1201830571791
13.6959017487243
19.6107178227976
17.6831340417266
27.4845839943737
16.5155402617529
17.3168349079788
19.6238253964111
17.0983857242391
13.208612633602
26.0578414192423
28.0353807611391
28.9017434930429
36.8496484567827
31.4369927393273
8.30769413150847
25.1195078948513
28.9982721442357
31.6764938412234
21.9348498387262
24.5421304600313
27.123611420393
33.0948015209287
22.0924673369154
12.8276604693383
24.8251439305022
22.8228623021196
22.8674539597705
15.2888825396076
23.8542819395661
28.6893092561513
29.4681503903121
25.9901156183332
31.7647866439074
20.3886051662266
21.9347923062742
20.3123091720045
23.6608856590465
21.3400543900207
16.3907624781132
31.2787130475044
29.3546227505431
27.9146798187867
29.0343224303797
26.7382060410455
35.8802701016376
26.493479963392
13.7641693232581
13.3449467975532
24.5606647804379
14.3965479442831
30.7133869500831
31.7358660744503
21.9314449699596
23.8107977667823
32.6135136419907
22.028379375115
29.0000966750085
22.0771971297721
40.4109750853336
26.4977309620008
31.0404425021261
16.4351374140205
24.9665211187676
26.5863297507167
32.4535582913086
30.626392364502
27.9089800780639
25.3218998666853
28.8575032260269
22.1636895323172
13.0037273280323
17.832142743282
26.0995185468346
27.4237447060004
22.9586766799912
28.1781005905941
23.618212970905
24.2111856000488
26.8499944359064
32.5589580694214
28.1294922344387
21.8954714015126
21.8440285183565
24.2984323995188
34.5336574362591
24.1480516118516
12.7319283317775
18.6205746605992
15.127482150206
23.9403263898566
22.8583043208346
30.186511343345
20.9142638137564
23.2513529972504
20.58090781793
30.5453644599766
12.7341318875551
15.5765698291361
27.120572491549
24.8495772946626
25.3356624627486
17.9066070355475
25.6617441074923
25.5486059762723
22.3319355631247
28.9621298201382
18.5210861265659
39.6932464537627
32.6957555720583
17.347720824182
23.211189894937
29.2616218794137
22.7337996242568
28.3082345034927
19.2088617710397
23.2083734823391
26.742722466588
17.6455634885184
21.9767660368234
20.8073177142069
34.3024217290804
25.2509850077331
32.4918174184859
29.7013652976602
23.9418988958977
21.9546356936917
13.0757779115811
30.7065987261012
38.1253098425897
20.9049153840169
29.4783510267735
18.574349116534
30.7322157314047
18.8604944003838
26.5977355185896
14.2092942493036
29.560959758237
27.2813338320702
31.1578978551552
24.5670211035758
28.853281470947
26.0290595004335
30.9090910731966
18.9143418886046
10.7733794953674
34.1272244229913
36.0283661187025
21.9884314341471
19.5396283408627
28.8389863213524
24.4522170618255
36.1713800092644
29.6380584128201
30.8583651436493
26.6443725209683
28.9803739637136
14.8657800509786
29.2896202066913
14.9898960487917
29.548228206113
17.7881396841258
20.156820954713
28.0457643326372
33.552507031709
26.3991633118552
25.9269683854654
13.9190142677152
16.5162434817564
20.8394508110359
26.2063074158505
27.255998714827
22.9741386603564
29.9749702680856
31.8154203239828
18.1227761120378
14.5393972975333
23.1951370136812
18.8902310328558
14.5692486781627
32.8327495371923
36.311501847589
21.7691072961316
22.2509392537177
18.3942750096321
19.9633108877221
19.0691251484808
20.6869111452382
15.7568108290434
13.754449156113
33.4707025205716
29.2247479083017
27.8590046800673
20.1040322064395
34.1261345427483
25.7363239768893
24.4543738663197
19.1042420454323
27.6064285077155
13.6299307458103
35.8854962026185
15.7278553815559
26.5673254616559
19.6136672282591
29.0925511857495
27.1687610307708
15.4839825583622
32.3030701605603
24.0671758772805
22.5244571454823
21.114020771347
28.2852359581739
29.0995117044076
29.9989713355899
14.8699273820966
15.7657487085089
35.7984395887164
30.1420602481812
23.5853641759604
38.6190923603577
18.4325444046408
31.1577623942867
29.7213485697284
18.2360173668712
24.8471607837535
27.3518815403804
28.1559433089569
16.3061069063417
16.3962620077655
33.4604342468083
25.8621174609289
24.4407465990312
22.5375237176195
19.3720110664519
21.3919886620715
19.1690928302705
20.7117195800944
30.928974179551
29.919610847719
16.5620796149597
16.0945946816355
18.2328096105776
19.8319643632093
15.9347351873294
29.1707644471899
19.9198678368703
20.1348944767103
27.9311696998775
24.7410514399593
16.2455696334815
24.3091207928956
22.4009928992018
27.2646464407444
34.390398603864
29.3311600806192
30.1726944627823
29.3333542533219
28.4756487002596
28.6570342257619
32.4595666956156
33.68641869165
26.9085665233433
30.0887364661321
27.3389640829583
24.0425528492779
31.9925378064422
8.32858015783131
26.2477888958529
23.7614763202146
24.3539731949568
17.3650979620405
35.0929212338467
25.1475683646277
38.0125434674254
18.8951714703115
14.1807864326328
28.7149609532207
16.9712205883116
16.8776371516287
33.1992292311043
20.5429092282429
21.0319074952607
25.8313554339111
19.639528519474
28.6312725075299
21.5881985845044
20.1547257864196
37.7132485599673
18.5205191531671
15.9132193541154
16.3519311929122
25.2799806185067
25.855265557766
20.101681468077
17.3006620490924
26.2839295202866
18.7337628100067
26.2382346438244
28.1145009212196
19.5180675610833
19.9425814440474
24.205196229741
23.6002995632589
22.4169798893854
37.6380297646341
25.5133277736604
26.2805345468223
25.6802765652537
25.6698765897275
22.1114373765886
18.5626578982919
36.569797945724
29.438568209298
15.4341448564082
28.7686133757234
36.4011920967555
25.7723389193416
14.2997118426134
35.637106966076
20.2689821366221
25.4233982649219
33.4730217466131
27.0353815346624
27.1245494012329
28.8722295381276
24.064154480584
19.8660595808178
39.0266947427249
23.3882563654333
25.7445483870569
23.06053112261
12.6122932182625
30.1676671253517
31.5750683657825
16.8149250792339
32.403358980082
30.3182280348068
27.3247345117852
22.21158540342
26.5329734887928
16.6782847014863
18.6079979408532
20.3266654163599
36.1402808523811
32.1884407429025
28.4955020761117
8.94501802977175
33.2730864873156
27.6410951977596
33.8456134311855
18.5873534530401
18.9439809182659
18.2981446152553
23.1187308207154
32.4500545859337
31.7032077349722
25.9822243126109
26.4449039261584
29.0139299118891
34.2550323111936
10.4234582744539
30.4480957100168
30.770244076848
32.452937704511
23.5360281076282
22.1336741466075
25.6337905768305
13.6519078863785
28.4336170414463
19.0182004123926
19.4942681431773
30.3685242310166
28.0268127564341
26.8132728058845
29.1035189758986
24.174172009208
34.104814985767
18.830854975317
18.8342432724312
16.5670657508565
18.4614388504997
23.9380479324609
16.788263968192
20.9205415798351
39.3920594443356
24.768296815455
42.1509454937136
22.0521799521521
25.6501948460937
27.537842001766
20.9532264620066
27.1068704547361
26.3531102333218
25.4024402238429
27.1817691624165
22.1892160596326
28.8380831014365
27.8158224187791
17.0270742615685
30.0039048073813
31.2525541199511
21.6726585962362
10.344437463209
27.0889328792691
22.0614176010713
21.0742765320849
21.5858851093799
19.6139792604324
29.3584116734564
27.6133598294109
28.1779497183692
25.0116013456136
35.9925428215289
36.8237426037935
29.3129968456924
32.4146905448288
28.3403683551747
18.7167482450604
30.7169825071469
21.2717586895451
24.6300413506106
22.8854227578267
26.4744666870683
26.2814666538028
15.9510914701968
35.4067632441825
31.1686109285802
20.425666211931
24.8486260185018
19.5625333348289
16.808097041212
25.5380505695939
21.378879644908
29.1296085109934
39.7880764954967
28.5260800970718
27.4378720670938
22.7502587484196
29.4008535565808
16.2229839479551
19.5863804779947
20.9123740671203
20.6889095949009
29.4578953646123
27.189512248151
23.0626060173509
25.7570338901132
24.5840467273197
31.7043610149994
23.0976354330778
33.0327858915552
28.2875752774999
19.0800467539535
16.7262703413144
12.9891162039712
25.4156043753028
12.7538631365632
25.2680191770196
21.8544910429046
18.3781368890777
27.3071987778606
29.1018449002877
29.1632567532361
32.2925176704302
25.1356311608106
25.5167530849576
32.581336912699
25.6013143109158
26.8857586430386
20.2262391801924
14.1970764514464
26.7700825817883
17.6432580221444
31.0035403585061
25.4246574865087
25.9968793019652
25.0839661573991
24.3045121554301
24.3181367404759
13.3422930492088
32.7223748667166
21.0032506602023
21.9721266068518
17.1974099474028
21.1430287025176
27.6348411321496
32.560601644218
24.8328549321741
25.4060383420438
16.920826304704
31.3274442451075
27.2198883583769
28.0276160615348
24.3426038417965
31.2539422186092
22.6429416099563
13.8676261762157
22.3703270438942
20.4841145944095
25.7813327014446
18.501392705366
32.3361861484226
26.0098881971885
24.0755726583302
17.2063637757674
12.5650915782899
24.119781004265
24.4147397124505
31.5280445851386
13.2605253718793
27.4014171212912
16.5268115794752
29.5788330025971
27.3811815306544
33.2029400626197
24.7776753501967
10.9416215447709
18.6716206138954
20.7082564476877
23.1477393768728
24.0778737934306
33.9236770989373
24.3490839609876
24.5488348729213
13.5843870427304
30.7594067184255
17.7412401777138
34.4525165390223
31.0007061809301
25.9673433145508
20.4343079356477
11.3085767955327
22.2384119649103
19.6026054113096
15.7636126355663
35.2841593769795
14.9605116108432
29.2713971575722
18.0119001539424
13.4356024442241
33.4296591347083
19.4906297605485
28.0952987959608
25.2361086430028
23.148456774652
30.3889599422649
32.5822615530342
24.8648178530857
18.3989288503742
17.3972323769704
30.5460802745074
28.7429010495543
24.9789912486449
24.2609868757427
12.1362707344815
38.0436050089413
35.779229800332
30.7499972404912
21.0514134028926
34.7992934845566
29.1074440581724
17.5752013921738
20.1014502905309
15.1427240809426
29.9235681503378
24.6108948020265
20.475422590971
28.2727256417274
22.5076227681711
26.6375588951632
24.3071275297552
22.5045604717385
15.5720704002306
27.9791623586789
33.9727976126596
25.391701515764
25.6278989603743
21.4054152877804
28.0263343825936
25.1510389587487
28.6743053235114
13.0834179464728
26.4428219757974
28.3626505639404
27.4506835266948
32.0181098300964
20.8849895388113
22.1388285746798
13.5109909111634
18.1202826090157
19.112681527622
22.5455324864015
30.0467447377741
9.26438203829358
37.5083198284215
21.6103698182964
22.7841946762055
8.95915173184656
15.3490101220086
22.3802743013948
26.9039432285354
24.5602383976802
23.708000731433
31.8049068562686
16.9195448048413
24.3303459137678
29.5594380237162
21.1266959318891
22.8074695682153
20.5887906780578
16.0962896887213
16.2481276000631
33.6435290519148
37.8949933800511
18.6995579162613
32.0276911137626
24.2538961052384
21.4942093705758
26.9328880589455
19.9158357921988
26.1894085677341
26.4311732491478
34.1432768385857
20.9731036098674
30.0053583225235
22.2201335709542
27.981189545244
36.2686037064946
18.4314744724573
22.7283166954294
12.5350760994479
17.2429335769266
35.6324088738716
26.5410396968946
20.2869373606518
19.5331231458113
27.7044542366639
25.3438573796302
21.9170233234763
24.1572825238109
11.3767558475956
27.378192008473
22.0748552121222
19.3960149306804
18.7796461627685
28.5443356959149
17.4372101901099
18.8316042302176
21.300755860284
24.1297650383785
30.4815830649056
30.9198213974014
21.5467286829646
26.3630484463647
9.64143484165418
25.0119619537145
19.6182940620929
42.3382134155786
20.2196628320962
33.5516999708489
29.5579248806462
23.9035882987082
29.7780936351046
30.3152251988649
14.33461450506
23.5396248521283
7.41753936745226
35.0269778721064
20.5625860253349
24.813043512404
28.735451749526
18.4142485959455
15.6338690039233
31.9019858725369
30.1049193833023
19.2961353808641
22.1847799373791
23.500353237614
20.0614534784108
18.8235207122079
9.67786055206172
22.8378493105993
22.7762961992994
38.2306164109564
30.183732858859
18.195687327534
22.3291658097878
20.9262009244412
25.2920072060078
30.9068121481687
22.3731074249372
30.3942316677421
15.2972974814475
16.6107050157862
27.5477090384811
19.1139068642263
19.2475449992344
28.7747092079371
28.6435843911022
28.446825244464
25.2310132607818
21.7596018919721
30.2428959636018
11.3459714507704
18.5197269420406
19.7595151141286
27.4705147137865
17.4916530681664
14.4233406055719
23.6701115267351
30.8133642422035
17.8530817152932
19.6996697224677
29.742388939485
31.595698511228
12.0253504253924
24.2338368203491
20.852526742965
23.8610883941874
