"x"
6.17063995554929
9.93124621777482
15.4929016766028
14.4769683014601
10.6165307573974
10.0234650122405
8.75928667373955
7.85587813507323
5.33964960377251
12.1642169156139
6.52480544522405
10.5658568513824
12.6237401505932
12.6007071230561
6.30657693836838
14.6101537859067
6.10746175516397
8.19712826637874
14.867473137565
15.7409718070666
13.5981848230585
19.2746084841198
22.6277811685577
11.1205768305808
1.72994795721024
18.9391631167382
11.6098033031449
17.9472817391262
14.747471102875
13.0360960494727
11.5441262023523
10.1802938850597
15.5986419711806
8.74228088650852
15.7510575061792
1.04168734978884
9.9998786802131
14.086152985692
1.00822721142322
8.67452282022795
2.54554712925925
18.5856791911647
20.4198383027688
23.2660833979025
10.6998064555228
20.2552679943399
18.6884153401479
21.1696596350521
8.0749321451094
24.1329420823604
15.876864339225
8.52516358718276
6.78654630984018
13.4200928732753
17.584881638096
13.3043659850955
24.2354034028421
8.44759822137649
18.9625570550561
11.6737238621768
13.5487569030374
18.2753882473449
3.09680902864784
9.34364574068574
19.0149001544223
2.58142440579832
7.25356999319047
17.3601988237351
20.3564756782725
21.623620367609
18.1303086923435
14.270232222043
11.7812425487258
17.5639430293813
15.6026140252626
17.3104807268828
6.68477704748511
16.868622880429
22.1780553925782
17.1296442858875
2.73367294576019
18.5642453376204
14.4368872744963
4.2506805434492
3.88073159254234
10.0844678469002
17.2384017562185
6.61225163132457
7.21983956173062
6.15505187306553
20.9219890164548
17.7847484126687
2.28312020558969
24.1539868758991
20.8050728851894
12.6367449760437
12.2454503551126
20.2899718785355
11.5991295082495
12.6341035470518
16.5709688328207
16.8082375312224
15.9183610696346
14.3101883586496
11.6770899156108
6.46366185408578
18.2382161496207
13.7879184214398
17.9033516906202
14.4732368877158
17.3222681507468
20.3350736992434
6.08742879703641
9.91579270921648
19.6860614232719
18.3409083826208
11.1291373148561
18.2039282284677
18.4069290058687
2.69500508196966
10.7589788175509
13.4342730743811
6.25979574397206
18.6256256885827
10.925946083789
5.76943065971136
15.9779602775871
11.3954325206578
21.5447751227329
17.7467102417722
9.80438217520714
11.7270613467324
20.4575554700568
4.53551490791142
14.7396111628041
19.6400501066819
18.2491333223879
4.20762631049154
10.9579713331626
14.9612903594971
9.82346117962152
17.7002145908773
11.6287816965653
19.0921193221584
15.4414214659482
18.2851059623881
12.3556902763553
17.2313112067059
8.61324431804845
18.1126438779756
22.8628406533971
10.7921718852594
6.68143518269062
17.0159771339968
8.62578710075468
13.016354222782
8.79229842685163
6.10589820425957
18.8307926757261
8.27117438893765
22.5041118450463
2.60864981666036
5.19641887949213
17.0909410186269
11.9900492951274
20.5268951831385
15.7070252665728
17.8188231308013
11.4681016420946
25.5002602236345
2.92449430562556
22.7813544915989
19.1729472251609
11.5212024189532
19.1761183544565
14.513740626434
7.56539246067405
1.53657334170111
12.1002163980813
16.4755262296616
9.09786927513778
8.36910717820856
11.7124971484318
15.1945866877213
26.3449759222567
14.1053450504807
9.72927461843938
21.0962281795219
10.9592717140913
26.044487231411
9.8709432853169
4.54469355754554
16.0077729960904
21.2717296555638
15.8443910334316
11.9445765825185
7.89250785019249
9.40648525609288
15.1357148773968
15.8329190455405
7.10434042848647
9.99985822454974
0.906906950862377
12.1806544411439
12.108779954724
9.87730941269547
10.4495872966036
12.8008964471519
10.8798715378422
15.8282548557312
15.4349775286391
10.9539445611898
13.6084961682558
12.6351124671704
18.3825704501942
9.93749556414303
18.1691807927564
13.9572078315945
14.0794789884239
10.2258269831064
15.03687617369
6.58748701680452
12.5045045046136
22.066763401957
13.7856636126976
13.4554682765156
2.3600788653894
24.7935293707997
11.9900496351311
14.490523561494
8.12737103295046
13.5596439940855
2.11207208696233
7.24776440765709
7.28540760166682
21.5512313414365
15.5522806337103
12.3946696985513
13.2258841767907
13.5299656540155
3.74140914063901
17.992045218125
4.32785167586107
7.34059989441937
4.00278989024949
22.1340545685962
23.5081289662048
19.3614725954831
15.1900194585323
22.5861379178241
19.270124938339
19.3891920149326
5.08870361372828
14.8373555954837
17.4228146439418
19.560665381141
9.3178367940709
7.28847230784595
28.3195714000612
15.8933785061869
7.91408997029066
14.0877607511356
11.5477060984882
4.79808854870498
8.2179676085843
15.2266898658127
6.98142517137752
12.0914729544893
6.73174108378589
9.54544704873115
12.0866505429149
7.78836330864578
16.4022292476147
13.3303028019923
13.4005906293169
15.8348411088809
8.72640478145221
13.3417856108083
17.5471224927936
10.7252266258001
3.52228260577308
10.9161913871658
25.811313232407
13.2978382279104
6.94410353899002
11.0399750061333
12.1439834887164
11.9944940786809
10.9054455874279
13.4470389224589
12.3782190028578
18.4356923011328
8.17205605562776
10.273121134378
15.7290051691234
14.5634861529892
10.827384213917
8.69869790039957
17.7246224833652
12.8039967501536
13.7411756031592
6.35236226953566
15.9775120671839
14.9897432420403
3.03737656213343
10.2602119091898
16.4392893004155
9.80006010278151
17.9727760560059
16.3206713041291
7.83028298428056
12.2763039126066
15.371875395067
10.1295610424131
18.8110553659499
18.9808184979483
12.3881159815937
10.5472425124301
18.3806292704202
9.06776390038431
18.0405358318239
14.578018989414
1.37333469465375
7.01127250183538
9.88987769286368
3.9439816091354
15.0430784793571
19.4611315149814
3.79942548461258
10.6750170933083
21.4283657958731
17.7490631584078
10.3857134912136
22.5753187900409
21.3394988328218
7.75492319077232
16.5305149042979
23.0146973859519
18.1618811562657
1.48631989335892
17.8854220081121
7.31268539093435
14.9730802513659
13.597887837031
8.40993143722709
4.78597233884473
15.9330303082243
20.8568679643121
9.94944642297924
12.8900995943695
9.12399410735816
14.0061966519221
9.40483600512212
15.5246646376327
17.6573433845761
22.4759467644617
15.1187229463943
6.82548675686121
16.6753741679713
12.8372767008841
20.869421120733
23.066646931693
16.9971356866881
13.6153634870425
17.2450514975935
14.125096402131
25.5215242595696
9.16024015005743
23.2607751340101
21.0226218914613
3.41755427343826
6.91193219929807
8.4193851410696
13.2126680575311
18.8325656577945
21.7831609770656
9.93109513636061
25.452446914278
12.8851468674839
11.5812981501222
2.05949200317264
9.87334190867841
12.524568522349
24.5941587723792
12.2280690630155
19.9773066444322
4.52891401946545
17.6051799207926
8.90695285052061
16.1850342730444
14.3056104425341
8.99538348060514
8.65766650531441
19.4485661646596
25.1123040681705
9.96342449326276
9.93039014283568
2.40514902616144
7.8143170525705
15.9042420098558
10.3249113773927
5.46592305921842
11.6994325237451
7.58033392649648
17.1990683479058
2.74846993852407
27.344920579344
10.8825986040756
6.25020412621789
11.564316807232
7.08423380274326
23.6213482450694
22.377478168346
20.871046371758
17.6230620592833
12.0695876854911
15.3626448241994
22.71170145832
19.8324997443706
11.9871074100956
12.2570849489421
11.6019384237006
21.3590977946296
12.7281915049905
11.7739296751097
15.9238635530452
14.4827772882407
15.1242496678606
4.46362225338817
3.45680352766067
18.6126122360827
15.7841718290001
10.9128949698061
12.2898040572181
14.51827341225
13.6276449931149
12.3177408007905
15.7035608310252
6.08560270471167
11.1880313857765
13.3586411364377
15.5603086110204
12.7856338396668
21.5627359459177
17.1511116670445
7.40526395009711
13.2877177178582
13.0384042626247
12.5165817094967
9.15675410069525
20.5918093449107
17.8224930539727
15.3429862109926
16.4044186884422
20.475625784611
14.4920063670725
15.5961783427294
10.4413291476087
16.2156575227217
19.4297339466674
12.6898740418255
15.0488478131592
12.386573292315
8.74374443665147
11.4606964634731
14.0044369734824
13.2958140048605
10.6832877499983
11.3514770259912
12.0272931875661
16.7326071532443
17.8903388790786
17.3373121670535
4.87272890634341
13.8716662302613
17.2600126825273
12.6729616429657
14.7119454806671
8.56620735533126
13.693728930047
27.8341858880594
14.8779611568898
10.2162148225139
4.61260861491747
0.944922425396387
16.2103794282302
13.4633695473894
3.51256175984336
9.62769277393818
20.3225206637823
9.85676655545831
8.4612942926212
11.964761270873
18.3800749713555
20.4724248731509
26.0884071001783
12.2240777127445
15.5998859088868
13.893131329678
20.7762775648866
19.7115992894396
25.8216514484957
15.3060673503205
22.4893602309749
21.640943409875
12.6188001129776
18.4375204645169
21.59277839969
7.07691521383822
16.9658281141892
17.5409408397429
2.01399787329137
23.4122986672446
6.82779063936323
20.1999266455662
22.6490182103589
15.7377863535658
14.3414830090478
11.1217670375481
10.6394954561531
10.3149724192917
3.61125385589646
12.9814659245312
15.7773259589642
15.8923309994861
19.6796533418819
12.3554779247825
10.752722248435
21.0782743990421
8.42437492694061
11.5932636446909
20.2518514224708
11.9263586073469
10.1154287345707
19.0338268643245
24.0127280121669
9.33341882191598
23.7064211862162
2.49880537363801
26.2750490568578
20.3554662875831
7.10130028892308
12.7403023712606
18.99444661329
14.1155959572643
10.5549181811512
14.2486546188593
25.3805730259046
7.1393626742065
14.6692057373002
8.2386932335794
9.69154329283074
17.5178478239104
15.3870758134872
2.65143736748062
11.5616330411285
16.8071212014183
14.618297573179
17.9831664194285
16.7816072334868
11.415664129837
12.6775279873982
14.5228184526786
6.13463982008398
23.8186763602777
17.7281152511841
19.5003940723836
7.28863987606019
14.6049193339422
17.8208803758025
12.0521223871037
14.1071840189397
11.3655174616724
6.33309304824531
19.4353409809992
17.7778557828455
21.366245043464
15.6045613344759
1.88976590887774
4.23774437513202
13.1423872429878
10.4010224342346
19.3147824844345
21.3777704397216
10.6496887351095
9.37602408230305
14.0296895056963
9.87429660744965
11.6800988093019
14.1368168672424
17.2492699930444
1.2458768445889
13.2238729624078
16.6210498660803
8.42750370502472
10.9822831835915
6.96056238375604
13.9548784354702
8.14776842016727
12.2699269019189
18.3832261390739
21.1122851120308
20.9253492066637
8.71398577000946
16.1453399412955
17.9479269310832
1.83328399750334
14.7283047903329
21.0017111385241
16.2912199506536
17.8389846964304
2.04005653216085
7.47646759264171
3.9220332149269
6.00171040277928
10.612590279491
10.0002072457755
9.46758367581118
20.0520094716921
11.9812706019729
5.24405038449913
3.08227095826778
12.3874553479254
5.02681099288171
20.3091576446281
6.8919338285923
11.1355948138232
13.814386469312
15.2587967924774
20.4943287186325
9.15781995281577
9.24980840698691
12.5652536051348
5.83880356086712
11.1721074907109
10.9647774609002
22.6177484961227
17.9950602297267
22.0629042712972
19.0383487613872
6.60007989499718
3.06400232948363
16.5597665589303
17.6843853201717
5.93729753151493
9.06403705012053
17.7086629439145
8.3871530514519
0.670455931685865
22.8950172662735
12.152418589286
13.7640682098081
17.9405918112025
12.8653580090031
16.4246296742931
7.46734847803653
10.2088288171217
7.61699301656336
7.9022423364222
19.5521008456126
12.2357598273084
12.4508967390284
2.41912526333584
4.27412174176425
20.3288056441582
9.13702922585111
5.2276204152107
16.2691433215514
13.842880516313
19.7960504097864
18.702108412981
16.7690063128248
14.790968876332
14.397891740153
9.51527412980795
10.5265033828018
17.8515965817496
8.94397194497287
18.1959702842362
14.914394239895
17.9565752029044
16.9090629536511
11.6939947241917
1.88553230836987
10.3056576503186
23.5515167238191
7.62938857078552
10.5278842167367
15.0480729993433
9.09054132218788
12.8605174832046
11.8859443572873
19.1489739110693
14.8956195058044
25.8884517243132
12.8112390935697
21.8030050929936
7.63743438292295
2.85422429970951
15.6846360548363
12.946730107069
18.8093261560425
3.32841884810477
17.307142377831
12.6110198917695
9.66881732519724
16.4562952471897
11.6018990287557
5.59861036168468
11.2651774872347
12.7378341043368
13.032142069633
15.6524393474683
19.4310626480728
18.9399635186419
12.9113852744922
7.35470240470022
14.0884912805632
16.3898397152621
16.1789633387933
2.94573921710253
20.190039370209
19.8880889258453
5.95084855717825
5.89766728226095
20.5199309358506
18.0465294513851
7.9712973209098
14.7782772546634
14.6470830077305
3.80608225241303
21.6530634090304
6.23720232099444
11.5848613437265
7.23016180563718
26.5136868692935
14.0398017159812
18.092960678041
13.35340196646
19.3258868763223
14.067610468113
10.0672440137714
12.3182652750984
23.8382263420789
13.3798798313364
18.8273266889155
17.6531954901293
24.7274598805234
4.82762616593391
5.69191391957468
11.2388442270458
5.8041230076924
13.47058811225
12.1432852122554
19.2659491905943
14.2200169897088
8.57572120770026
26.2276340741664
20.6849405076355
12.8765134839341
17.8795900428668
12.952173861284
18.868025142762
19.5660992419596
13.800599379465
17.514741118066
21.7719225212932
19.9876284925267
4.25711311930373
7.2601705789566
21.4904604712501
24.1948649421213
12.7147879684344
15.4050955520148
13.0691899549784
10.645677415837
14.4480518763885
15.6616942496945
10.9241936588097
10.1886129751805
12.5812179874629
10.3448186302558
10.2231313704872
9.24731547892478
5.64310245681554
14.1652459744364
5.8297535404563
16.3200445473194
19.9582516215742
15.8254185307421
14.634854009672
8.50546734873205
16.0839003976434
17.7560208830982
14.9682958144695
4.87194532129347
22.6577439811081
24.0497319944654
24.5252773631364
10.0818368140608
21.9051930122077
9.78006923105568
14.6674821153283
10.4467605939135
12.3909487389028
8.26283008990552
10.9770217045508
8.33278030622751
1.64394157472998
22.7295945864171
9.0618893851917
11.3979010046978
15.8513975329697
20.2522070379928
14.5872503751889
19.3819288164377
16.4161610622772
20.2376039465889
13.2087877951562
6.21933732907251
8.05373061448336
10.3233167057575
11.6948813432828
19.0973915858194
10.5637684231624
16.9497111113742
22.1664742333815
17.8849683175588
9.63659367606233
23.5748664475977
1.60646422300488
16.2261195946485
24.2727608885616
11.7880100568166
18.2871025642405
17.5889050371034
8.14536020625383
17.8583226332921
12.9654932999983
20.4125671797696
14.7724041715264
5.178683964609
14.3098339205608
7.33065532986075
16.0458259982988
19.1831574266083
14.3963710404932
14.3278984818608
16.5308884344995
9.05311235692352
15.6302861170843
1.64074571803212
9.06711369752884
10.2138998918235
25.3968798253714
15.9334998112172
26.3291536131874
12.3986532455841
14.3541452009231
19.5941752986982
13.4961837232242
8.65396834028189
19.3960161626235
19.8982133995742
13.133514043875
11.5586571395397
4.52167154289782
5.43372475573977
1.64914992637932
23.4041552757844
17.077815765515
9.32829247321934
8.63041331711994
15.669680130668
15.987350884825
14.1167162451893
24.9485749052837
1.4877121662721
1.92027972079813
16.7348944950512
9.64067619072643
18.0081486507649
13.0239460151643
16.2224967032671
20.8415151573718
22.6794057586127
14.6317315555441
11.0236816778651
15.5788289150223
21.0681620053947
13.6230337217436
15.6834621215239
21.347418164498
10.900611570105
17.7979835423223
8.47417251658852
14.6620534127578
22.9627770138904
19.1356827039272
15.1751402532682
19.1580042553222
12.3886681302363
6.08426134567708
11.03485096246
19.5674237329513
6.91853531163757
12.3689959389591
12.5493489313482
22.0223260433846
17.1404533786699
8.83978447146823
9.51619292609394
6.19199202077248
22.645858131797
20.0781743507832
17.3953500809148
18.899164441973
10.8018574537709
18.1554889539257
17.932501481846
9.56110202241689
9.27027511720898
22.6744767278433
13.4919231111455
9.48850708082318
20.7917012722358
3.79328427370638
14.8866950068623
6.99296540129821
6.62115358281881
16.9240344496274
4.90492074750364
12.6256997231394
12.7506752731279
20.8347377367318
10.816350610801
8.18394632220902
12.5244537354299
5.08916368770883
19.4552164291963
14.0073307187402
2.80241668224335
9.30306500492735
20.3563369810581
15.9473764710128
13.0354186054319
21.0261477623135
18.0325150722638
16.1102093290538
8.02379460074008
20.6206894712523
18.0756881367415
13.4159032492891
0.0549481965724536
17.3600427745318
19.8563367656295
15.8453004914175
9.57968675065786
9.61967529316148
0.402399548969533
11.2868039868772
13.4619970573112
18.3900312986225
8.02925432606158
16.5531536564231
11.5426568081602
14.0300504397601
10.9001647913828
13.4561714128283
17.7444369997829
20.3931601718068
11.7981784662052
19.3297439487651
2.99452799372375
14.7442567394746
4.42975385858807
21.0803740890697
10.14136618658
7.32340861577541
11.9053697733783
22.7196616353467
15.3871970484033
20.4404411138967
8.45723091624677
23.5926404828206
15.155840315856
19.1864937735444
11.3284160150215
17.1202856115997
13.8745572926862
10.6588494105657
14.0148115344346
11.7064177898365
13.7358526233584
12.652245686987
12.3574350262061
19.4236496929079
13.9155973214656
12.6942840637639
15.7118725590408
12.1824964182451
6.27680970608744
13.4832031093538
18.0751514388248
22.1083566567398
19.4910632213578
20.7565506454557
19.5191264385357
14.2937784083188
24.6719483984634
21.6292477649846
7.00299340495009
14.6581208702328
16.8306545121595
10.1824651937932
16.088981484063
18.9262747764587
8.47986801527441
17.9680499713868
9.39469618524651
14.7668663412333
10.2089577099362
10.8590777497739
17.4898247700185
10.9885208308697
16.7782213306054
22.5825517205521
16.3459348957986
24.5806464070112
9.27896408829838
9.09656998701394
0.189130594193783
21.1741228587925
3.56621511746198
12.7932186704129
11.5982646710901
29.0110788773745
2.86699730006728
11.0447753453627
9.08471965231001
16.5888636930558
22.7750236549233
7.07194788875231
14.9787959875539
11.6021997760981
10.4057043557987
13.0926182493567
16.0079440567642
9.46052611690405
4.48019472438081
13.7645215028897
18.755200272426
8.13442601356655
26.9422009354457
6.50199432281281
11.8721867678687
20.549877639679
18.8356528989971
16.7429185860692
8.96153177600354
15.3666690923274
16.6068754815962
17.2241064487025
10.0882017752156
17.4618636257946
6.68945852667093
23.4420934459195
20.2774373814464
11.9720316492021
14.0815551625565
19.0969052223375
1.45109468139708
17.6412943517789
10.6960726497653
6.15490817057834
7.68299875445236
10.0133060681352
9.57530008163303
7.82830466050655
18.3761075604707
13.20690466237
15.175502630882
20.7152477931231
10.7168407412246
11.0807150771513
13.7208906235173
16.3656168151647
12.8390979254618
17.8604377569525
8.62124564591795
6.14502538196305
15.5301123159006
7.63511326499737
24.1299350280315
13.4556283708662
21.2740306509659
6.19005726199861
7.41659772709985
9.57636277820274
3.55028763879091
30.655044154264
4.7144320978083
21.4499091729522
24.5979343474941
25.6117239361629
16.2471134215593
18.3123520342633
15.1707795917212
14.236675460611
19.1582076251507
11.2393113291624
4.34784356039017
11.6176816402003
10.1140035782009
21.0678844014183
13.5564679047093
23.6701644724235
27.3918696213514
10.9800637001172
14.2053163961113
11.8262309998146
12.339350026179
13.180905720219
16.6595837799832
20.9368084790185
16.4349110098556
19.7543280432001
11.7051959532944
11.3042430272236
32.9282453283668
7.18421713884662
17.5879021770254
20.4194366931915
11.1380095826462
14.6952257724479
18.5314426664263
15.9570169402286
16.3132625556013
3.90031247974416
11.9464316638187
11.5057608578354
10.0943384692073
14.549171179533
5.41147989562526
13.0227008328516
7.243832340464
26.3724856166944
18.2996558491141
9.8823998356238
13.7582751094603
0.736033766485865
12.8918384176357
9.34894867241383
15.3006620071726
0.72932115290314
13.1144624901935
5.93385165557265
27.5836084736511
15.5631322629574
7.07769074966808
6.9221222307533
11.1790829105303
19.6734534576535
4.28416596259922
9.51256277039647
24.6411445550621
18.7336346600205
12.2239292832091
13.0568936467171
21.6372549301013
7.31482178042711
11.8627136068226
4.78532472141907
16.1489751422778
11.8611153780055
26.9268026808277
17.3068829113618
13.8568964700716
14.4718376221135
17.4845744855702
11.763635758112
11.7929708212614
17.9180237697437
11.5006399410609
15.8393052173778
10.0541801657528
23.8727514864877
20.226772967726
10.5643647176587
18.7219246462639
9.6407481469214
10.4137119837105
13.1019541062415
10.8303175602166
14.3157126381993
10.1389028244155
24.5034888153896
2.64810412190855
8.98200925439596
25.1647260738537
10.2475753519684
4.46155027888809
9.64719864239102
13.6421037095885
18.1442504674299
17.1628529438749
23.7946328542609
18.3885698905215
21.2319792946801
24.9638536479324
23.2591172680259
19.2358641186729
18.5728910379112
11.9570951015132
11.2774388377911
4.4515546250407
18.0520771071315
5.40267836029091
29.3670775135979
15.3907318832353
13.1919672247022
10.8370732981712
6.32739800494164
11.9130954379216
12.6295191701502
11.8074750062078
7.25757237523794
18.0076729273424
15.7199934124947
9.76600470021367
4.06268430656813
14.4822714617476
21.0045329680427
7.92121295817196
24.8876167694107
17.5266763661057
25.1405571587384
14.1890824772418
15.2147442800924
12.1719574273904
9.79550045449287
11.2779176616995
22.6974711753428
24.9238784890622
0.976858460642128
21.0269453063793
20.1582168694586
19.2245879398453
4.11682487465441
5.22312896480395
10.3452804964036
21.8760855961591
11.3072978606577
5.29136911500245
4.62215203318412
15.9504027226152
12.9524882087482
24.1336861858144
7.40791426505893
19.334397977218
4.26454213447869
17.4551294185221
8.95956567862153
14.6355505754424
10.865978943184
24.6735290866017
12.3982070246711
19.379302742891
23.8793854601681
20.2274038922042
17.3174727475271
6.9531811372542
2.28796862065792
2.38353689201176
13.3857349632308
8.6708725662902
16.9386179186404
9.4119907123968
13.57012684457
3.67186656221747
19.8096878230418
17.619455861859
16.2212216062471
5.07309555541724
10.28277722653
6.54430268332362
8.75563169829547
3.42741885688156
14.0814215643331
10.0851218029794
10.4954256443307
22.3714607960098
15.298222983256
15.4820195632055
11.5034388378263
19.6647839142611
10.4482368798926
22.1913402667269
2.17887107642021
5.37142977251198
25.1008331077173
9.97912372669684
18.4447923116276
4.64296063873917
2.79000818263739
21.3157839840278
10.3842796823557
19.3784040631726
16.0622684285045
8.00579060697493
5.71793031413108
5.30259325169027
7.83844940152753
12.3721514287817
21.1881678476944
19.9853951577097
25.7004871786807
13.8219671943222
7.96351570170373
1.97385963316506
21.7652686385494
6.85997754335403
20.509312255308
20.1649356167763
19.9712278554216
17.6099084550515
12.4330822378397
14.7812312468886
10.7549669818435
7.11549935168079
15.3830519966079
3.57653002720326
11.7701762123742
17.9804324405268
4.12219800546946
19.0919179003686
14.2891089985093
11.7579887604234
12.6324927785499
6.38552753025118
17.5848525715992
9.97516285665803
12.7001357730478
22.5907582566825
10.5682500638068
19.7365346131846
11.6255353868252
12.7615057839274
17.6319603109732
13.7501443736255
12.3989967163652
15.6516168965027
16.4272181754244
14.3082407535985
26.8433885416016
12.2081162619975
8.06813147221528
13.6451513613498
19.7750336723402
10.9857443952933
23.6502528928875
15.5300901038572
19.5385077735409
14.0106054954231
9.49925992172211
0.273083103820682
20.3368403017521
9.70387221314013
21.5457119047642
13.1989259039983
9.30073286872357
15.0293692713603
4.64292929973453
17.5949526188142
22.1128607678707
12.6292696921155
4.32255228515714
4.87391970837611
15.13091572408
13.2452392950654
15.3394216671586
4.66888300143182
20.9997419966385
22.164701577276
1.15366235841066
13.1711512571201
22.6523111574352
11.8797901086509
16.3362584542483
8.4392916808182
7.83355934545398
14.7156055206457
8.31905251834542
16.7277199449018
9.34148304046078
14.3475349483471
7.39080857019871
21.4827251152383
14.7252494469285
23.8233186770231
16.5756991133094
10.6122066499665
7.98183875158429
16.9868111377582
19.2228109342977
13.6290009494126
5.87605584878474
14.3657336710021
3.52102790493518
17.7544288570061
19.9654391078486
22.4243652660459
18.5558933531865
9.79615779968733
13.2172374029555
15.3844894375652
5.68705453351425
8.91185880172998
12.9955145530403
7.44435878969697
10.2062396727456
17.4226291943341
3.33028738386929
18.1087431265041
13.7283376207671
13.2395351072773
22.7693426888436
18.0102170445025
13.4986832272261
3.39969074205877
5.46382923849737
21.2298016995192
12.6478928267254
15.3099468210712
24.4693593820557
13.6614538962021
22.9134382445655
22.4111689487472
5.49256512037162
7.05736563540995
17.0311934547499
13.8794934842736
13.9813705211015
20.3244945034385
11.7054674447317
17.3464173499666
14.4598831726336
11.9063127785921
13.5498717783102
18.6187186511233
13.143845484592
6.46950851660222
10.0168287593055
21.1819562595338
15.1131065096706
15.3360505355522
17.8322484018281
5.06514384893491
18.6071490170434
9.03323638304856
5.6091614998877
16.036911145784
13.7008337911627
5.69911960046738
7.60088777169585
9.99939822630701
1.78101237397641
4.52173007652164
11.8009622208774
14.3700486281887
9.91008228156716
18.4556449297816
13.8205421003031
6.6474860313338
16.1326048197225
18.683869511144
25.0629311070742
21.5170142939314
16.7178344912827
7.01383158197964
26.5538447536528
17.5103090936318
10.9062891112026
17.4714162247255
18.1801575701684
11.577434767969
19.1672832006589
10.8461470966298
9.69820318277925
3.77817370463163
19.1936364863068
23.3448126353323
19.1838906379417
10.5206789914519
6.50023599155247
5.90683188324233
21.4464611606672
10.7676952611655
9.75524268578738
20.3944831155241
1.05705405585468
15.084688539345
15.2843629910948
11.3050341140479
5.13990235891058
20.474720861569
7.89713091216981
12.267839233391
5.30448295176029
16.5133659960702
22.6711129536852
26.5623049112037
20.8712378055683
12.5125665683299
12.0752040063962
6.21608337387443
19.1236960651557
10.4172391059664
6.70374247711152
18.5903426259756
15.4375115489396
7.85087277181447
23.1588191818446
9.54732990358025
10.0195219507441
12.6952666556463
7.51497754827142
9.14196644026384
14.9801919006835
7.70982166286558
21.2160961935297
18.8181783949677
4.0093433810398
18.0205362131677
11.6969398781084
20.2102686511353
18.6612215655258
15.3940726204021
14.4349548732862
10.1024332921952
28.3104198751971
12.313964869827
23.2718867016956
19.3993557011709
23.3753059059381
11.5613284520805
9.24924960022433
8.89018825078019
15.700975805521
20.0831722468138
3.23813410941511
15.9354495350271
16.5872187819332
7.71766181569546
22.2229629289359
19.0509317908436
30.2623272174969
24.9139306135476
13.0812250776216
10.7024454482809
15.4094117693603
21.3057400425896
9.37070458900582
20.1378451660275
21.9081846361087
14.9346837547061
8.541330229491
20.1957428531779
21.3795380434021
3.38681529392901
18.976244633086
6.67727968483992
20.0349563034251
15.2647225884721
13.4599762968719
18.3924658129303
17.0888400636613
13.3211985928938
20.1986525440589
13.4966803481802
19.1860892920527
4.99183405180543
13.9372602570802
13.2276956694972
16.0613896971463
11.794359353371
25.0319456448779
7.70712089575095
12.8446482354775
20.2844851531883
19.930639037654
12.0710177114233
11.4179605618119
10.9990352066234
13.1029419135302
17.2113635344431
14.0615029027686
13.0752542754635
12.8137086518109
14.2357070464641
16.6909453046311
17.4809470419845
8.46061140764505
6.58149826340377
16.2573185283691
8.38001684751362
19.2691315663978
2.13551544721717
13.143443246372
16.2315050133167
14.353803120381
12.2190839610994
18.9452043848156
12.9911427386105
19.9538065120578
8.97268073167652
7.80249793166877
12.6309850253165
15.4977243160829
12.026245589368
10.7422075932845
7.75937451257399
21.3304396253079
12.4192902502123
11.6924684153458
7.08644679838533
10.8177817325837
16.3547092558445
6.19716910305462
5.82493406254798
9.04404230710515
18.0035961326212
15.5274991178885
6.95545389316976
11.4052981598938
6.71051830606491
10.5908885313599
10.1079684216529
21.9140287488699
25.2133706817403
10.891202907078
18.2960507670845
15.0046944385394
21.0857108928524
16.2429784191772
10.3586031204436
2.38024432461339
7.04211345873773
10.2940561482683
23.2036592671648
10.0671593332663
21.2337415405568
15.5329953497023
7.26897004385963
17.14834459126
13.6963765868448
7.13838917442283
25.0356652541086
7.93878205792045
6.59625467378646
12.2803716039754
27.7757244650275
1.63232024990346
5.63894491938482
20.8045764360577
6.33791366126388
10.2036571130157
23.8146300660446
9.56165373791009
16.6911932174116
9.91376275019972
19.6935518877581
12.7606391906738
11.3181273918599
13.4577124384117
14.7572586778551
20.4683854244649
6.02746241599364
17.9035533004151
3.85705123189837
21.6574601363391
24.5478655444458
0.650172350112698
10.2173902560025
14.1937045915422
20.8164650714025
21.3264091406018
3.80742894485593
13.681636187414
9.55697461031377
7.81397773063763
15.4084129764536
12.3933935770765
11.2870963478227
12.2910646954551
8.24402419384569
8.16972370524398
20.0485826004297
6.29814120475203
7.85948781324592
2.78146139906288
15.6477357260883
16.9864463387057
12.7222892362624
17.536321724765
14.4753807922825
10.6794361025095
15.3924622340128
12.4576328787953
24.4516274193302
10.6527370400727
18.3376723667607
6.74232805613428
18.4525198157003
2.195225746427
18.0836161598563
8.73755121362807
15.1867372449487
12.1588413137943
15.4195814626291
23.2917383080348
16.1008971924339
19.3864807253703
25.8426045300439
1.00653036497533
15.5062500620261
7.43054200429469
8.38936606887728
18.073876039125
14.4362107617781
14.6423446713015
14.619642868638
11.6904225200415
9.40934149548411
14.2148861195892
18.1340201059356
9.65101320762187
18.2790488703176
11.6933992132545
17.6795448883674
8.81913958583027
2.27908363749252
1.84624310001654
10.1245618712362
6.06370937537369
7.35536648678239
15.8316738437861
9.77235976606607
17.030431330204
19.372952869162
18.0125475867021
6.44072629511356
19.4934396306053
7.50910397619009
13.9930031847988
13.2676695473492
4.84596673373101
12.1837631532621
10.9194344142452
15.974302643593
19.4930576020852
2.55242236244111
25.0188995385543
11.4713544998364
12.1034080395475
10.1030673264675
12.1734718646461
17.8798693541236
11.482127404337
17.2777916770428
18.4966517612338
20.1452674577013
15.275925397113
17.4153321655467
9.84541766811162
17.4226540140808
13.345544506388
11.4128347253427
19.4742576219141
13.7477526674047
6.07624144759029
10.3812989313155
16.2160805426538
9.61283016949892
19.005751042266
16.3454805267975
14.8157758405432
8.15519993193448
15.624436060898
19.6512813608541
15.9035786055028
11.5096276753822
0.0596146564930677
13.0525848362595
14.7341990973014
14.8974718991667
9.75139765068889
11.3501094747335
15.3549323587395
18.5202105436474
20.0326915597543
16.2494172913086
13.0608884384856
8.86145951226354
10.7106537774472
12.0558499686138
13.2374759619248
20.1945670842422
11.9294286705554
14.7697904380038
7.55836577058402
13.5256063263287
2.0733798854053
10.8111756668821
6.84817926958203
6.98221346829087
15.2837078785524
5.85184831087968
10.9175654267542
23.9969338988885
12.1065724175423
8.66321266205229
1.53037837431332
10.3370542531796
23.3799819368869
11.8573972404359
20.4592989375341
6.18348934222013
2.02576821499421
10.8059288174736
24.0158843109384
3.53992340039689
5.48132767435163
14.468408689656
5.66610025707632
9.5222090037437
19.9130055215345
20.9100869484246
16.0160118380093
15.5619435710832
14.4987317733467
12.9565291423341
0.0353996511058383
20.1619269093499
10.1804368663579
17.7201166981831
11.0640046319187
3.81807504840409
19.7548271622509
5.02244373783469
14.2847599927336
4.6343229672877
17.8880891529843
8.49601153956974
23.8526858622208
18.3160638215299
13.6286773718894
7.03478283248842
8.11209338791391
18.5805685352534
22.5008890634574
21.3911236299255
3.22778539266437
17.9550608140645
8.28967720735818
18.2679396355525
25.7831625174731
22.0225758617744
18.7254009147789
8.60595377162099
6.57305060885847
8.14648835528106
4.50089445803314
25.2243090886623
21.579074463807
11.2662504659966
12.5693164300174
14.4323321537908
19.6404422167689
16.9836580684681
13.8661496341228
20.0048444559798
12.5314856339782
14.6057780231433
18.7305879546329
20.343700516969
7.58711094968021
16.9448945438489
6.12755217589438
6.42567287911723
12.6545224105939
12.6905537908897
11.4710565190762
11.848626658918
8.56461881194264
8.77500439528376
14.0465688851616
7.06953485496342
6.465734844096
18.229395058006
14.8735889177549
12.9088464425877
10.0565222115013
24.0471859928221
17.6422911230475
23.8568882923573
25.9372483613631
3.39369405992329
17.1614010818303
7.55655528046191
21.3070650635574
14.6627457060893
18.7319049611688
19.3100817268714
17.8475023247302
6.90746300400752
22.0193697683223
3.86433012317866
3.94586370768873
12.9928177921101
12.5694854702181
16.1218737950549
16.0355767700821
5.65691484442165
21.0793062346056
8.11822249088436
15.0472688023001
18.9230900490656
16.3793849991634
17.053135111928
5.08412366240584
12.8023188992492
16.5842404123396
0.0219195615500212
18.0636868346483
18.7357874820009
10.2169816847891
18.0985202081501
13.6119955219328
17.377222655341
19.5352363865823
4.77637679293102
23.5670747468248
19.0099044237286
17.0931183267385
2.23424172480478
18.0693273898214
19.0828781807795
10.71752961725
5.88862162549049
22.9632992763072
12.0515635469928
17.2737750933527
21.8209348618984
12.5660272547975
7.93376921000372
18.739997711964
14.6221695234999
10.2713524131104
15.8926518401131
11.1035809260173
8.17262238974643
27.1499739028513
17.2839118307575
18.8411796466073
7.72389671841333
12.2270999010652
13.0825829459354
8.92314948141575
9.53453308902681
18.5198198538274
6.41154134646058
8.46173577183143
13.901129998247
10.789852286689
16.2176477489993
4.45373964030296
12.0751883734946
13.017380915975
3.1245790887624
13.8223030787353
7.86522612906992
18.5577182813126
10.7067169539082
18.1802043691278
10.1048288634047
22.950011654757
8.8910540942255
18.6955884759535
9.2627634909911
12.9419481148943
8.00628871656954
12.1577088353641
21.3006731569508
10.5295981269699
12.5392196467146
17.0505889458582
27.2394158644602
17.0161712216213
11.6230326465001
