"x"
25.9084482677281
23.9597031744425
25.7653518812731
31.0535428347066
21.0725283715874
22.8396292775869
22.0594678306952
34.3422313220799
24.0693683503196
29.5981721021235
22.7385878562927
21.4951747562736
19.6551923407242
10.6390494904147
23.2134348712862
21.7186565743759
24.073453922756
22.8253209264949
22.4887711694464
18.6409329297021
28.0747393378988
32.580254948698
23.1837366009131
18.25631219139
26.2970346258953
32.1537591284141
23.5076834392802
25.6734483176842
28.4720008797176
15.0443161837757
25.4017584957182
29.0140154771507
23.1284338832689
16.2671602331102
15.9409088820983
29.702040203847
28.9508331567049
24.8106081504375
21.9931790139526
30.9281424153596
25.0554324826226
28.3968878909945
31.981121795252
30.3833137499169
17.9610108723864
23.6945108743384
21.1289667757228
16.5212721098214
31.2997550005093
35.0317146142429
34.2399186454713
31.4060545394135
15.536377299577
25.5828633205965
28.2152039113853
17.4183116760105
39.1295047917922
20.508168078959
22.6041248828116
26.3722008094192
33.8184186024591
27.132248791881
33.0150982830673
13.0829064657479
21.4385028462857
29.2161717545241
24.6158915106207
21.3455574737848
11.3209282397701
21.3582641677931
31.6198925953358
22.848864691332
13.08337894734
16.2776010316581
19.2871833752109
15.6826076563448
27.2840060293674
21.7195758590283
28.4175158012658
22.1267934190109
31.0558086726815
16.9888869959719
26.9131324719638
18.2908311719075
31.1464597471058
35.325112427672
23.1058940291405
27.7899386128411
21.982266777195
26.7607547808439
29.8107247333974
34.0992772718892
15.7460899431472
32.1611298172015
26.6796351177618
25.8242952870205
28.6317496793345
24.8670661131079
18.9305547624826
29.8393312375993
25.0598753569648
29.2116669937968
27.8177801519632
12.630578991957
31.0039933305234
32.4481818825006
27.4416181491688
21.7061315663159
31.9734811329344
37.0936515635754
21.7859669588506
31.9737626705319
18.3554146438837
22.9779153023961
30.5723608937114
10.1834244094789
25.8002798538655
31.4460023771971
22.715561138466
32.5126534327865
24.1336232117201
23.5664154402912
21.8263519229367
17.6177565842552
27.0746139110997
24.6317082783207
27.3608506424353
20.8617542404681
31.3998824451119
22.933944954284
17.1872929437086
14.1674274642648
11.5845636210903
16.0363798728213
30.3268182091415
14.087497885339
20.3726254869252
23.8248178927926
36.7737560511983
17.4313126830384
18.158135865815
15.0262718288502
24.9389501055703
26.5352353220806
32.9752016579732
26.2172850780189
22.1519164275378
31.6271856892854
27.575758472085
21.8700101366267
24.7075906954706
28.9515209384263
22.4406343692463
24.137152521871
14.8992136353627
24.5933112222701
36.2748951832364
13.5463856393471
34.4739633845165
32.7858628426813
21.4427995174887
28.9060339460555
8.12441492734329
26.1187852360308
19.9542973190546
33.423270098865
41.0601522274765
30.5963575607166
19.3959000287578
23.0748079717159
32.5256675947458
22.5295300020042
32.1989672956988
18.9481728710234
27.865330616516
30.3571409080178
29.1233864845708
18.4269806416085
19.5981066906825
25.6046845810488
35.2747773180623
24.0408762358129
30.2901319228113
34.5744142076001
20.5417348537594
34.2308033956215
29.0813724743202
21.8583121069162
17.2375099861277
22.6814543362707
23.4073252184317
25.0711268745363
30.1953704794869
20.3161434270442
34.3234238680452
28.5500671947375
22.1618342678994
17.1143687163798
24.6793882222846
29.6554325381294
31.4246595371515
33.4541419753805
36.8967357214325
16.5020239956779
22.4850025726482
19.1591356415302
26.5093996422365
17.7001954754815
16.0083694849163
30.6464886758476
24.4368096115068
29.3905485188589
29.7784307273105
32.7789325267076
23.4857535921037
25.7292526345219
21.0511223430932
16.0578544484451
25.1447587274015
24.917231220752
30.3273032419384
30.1422098884359
14.7965613865205
28.3404163317755
37.220639779926
25.451482529752
21.4468000965293
25.6589877186343
24.9562378274277
26.4459267658113
27.1100597223267
28.0305488966405
21.4223451679572
36.1067702878382
26.7430936219171
17.5519351614639
18.7973706440529
18.6724552751987
15.6176863471046
17.6379075506702
30.4067614488304
30.122026684694
26.7169373808429
19.799433182925
22.5807366427034
26.0084888603597
21.0981172486437
22.0455380855128
26.0051493300125
16.9951872918701
26.0536088841036
37.0844895464784
30.4835131624714
16.212135576643
7.72319545503706
29.4076315825805
25.7851725211367
17.5048149190843
22.4729136642409
33.9681927580386
17.7388109499589
20.7529038190842
27.3563357070088
21.1327402153984
10.5965790338814
16.3616770645604
20.3280619811267
20.3187430277467
33.4134448086843
26.1297702090815
29.9789757467806
32.1648627752438
18.3754830388352
28.0917540891096
29.2461712146178
22.4026016192511
29.0159208932891
23.0192553717643
32.624580943957
22.1296877256568
12.9337035818025
20.7293981220573
13.3477727184072
28.0004651751369
19.127141452478
27.936254744418
21.8803076539189
20.4688301953728
29.4373583979905
29.429816454649
26.7002282965307
19.9780822409693
33.510768865479
22.8098812047392
18.3399937581271
24.1753393551335
27.7319138869643
16.5334559904676
23.5214033629745
26.707365969196
23.1762778712437
15.1872984396084
34.5069841481745
31.9354559993371
29.2140781180933
29.4956829631701
24.1150572239847
10.3070212062448
24.1680146528052
23.6280382378027
31.9786180509254
25.860171020031
24.1897744126618
25.8075342979282
18.2070445269346
15.1332298992202
20.5409548943862
24.0935469977558
24.9341230140999
30.7790499180555
23.9656752673909
20.1257127337158
31.6604683641344
19.1903454251587
13.3063583465743
31.6056515788659
23.5406872816384
21.1907710880041
21.056414139457
29.17681557592
18.8807443854751
28.3262901939452
18.5637028189376
26.7666842322797
21.3828851701692
13.0849718581885
26.3092225883156
21.6483546886593
30.6081506190822
28.1679926905781
18.466997971106
26.5118403360248
18.8202822348103
18.6322594061494
25.5972250211469
18.0481743239137
15.6536561204121
30.6556781753898
20.1125397854187
18.0363598978147
27.6676859879069
33.3859938429669
32.6054682023823
30.1543822512031
17.3709710855888
19.1945459228009
22.1042005097569
27.6942280785618
24.1509412415326
22.1762392437086
16.6884854901582
30.6598026305437
19.8772798758
21.2996027898043
23.3298553852364
17.828254820779
11.5997109470092
29.358993913047
24.4147180302542
19.0980428829789
23.6391300795387
14.8576128995046
30.0107680726796
30.3690429078415
17.6820149561162
26.4148892707951
14.5566266468637
29.8100559972227
29.8668764764443
30.971026676707
29.3008996639401
24.0217311540619
19.4673739140853
24.5425147470087
10.1026163436472
24.5661591878161
21.8490888131782
30.9600698295981
20.8585387095809
26.085282349959
26.291221100837
14.8802450858057
31.4649435225874
25.579805392772
22.9387824889272
27.8211720986292
24.2443948813164
23.2930791098624
23.401586082764
22.3157462019862
27.3224485572428
21.2112389471533
29.1786131216213
28.5257507814094
17.9547057487071
26.6050911042839
26.3547465670854
14.3673230711885
20.3239211061046
17.3610814847052
31.2066564690939
20.6037907162681
23.5836064908653
28.5354272695258
11.5201511418293
20.0897239381447
19.0810602574319
18.8573684522511
25.7784598739818
23.0448640417308
29.1331508662552
22.9370123838879
23.2216402868446
18.4325892536598
29.6456805663183
19.7273359633982
25.014023835044
22.5670589134097
16.5765888057649
38.5346388019891
23.6407271302387
15.0450459914282
17.3643315210938
24.5061347261071
13.4640004689811
36.5331496091044
26.9993934547529
34.7014002083827
27.4960780981928
15.4446895932779
27.445304999128
14.0609122114256
9.41378908988981
22.2647489281371
20.2637569746003
31.0352882137522
25.0858728541061
20.4162927810103
21.086857547771
24.1628897465859
22.010843991302
32.0879589999095
23.2103586895391
17.1389043929193
30.4686069488525
29.7787307063118
27.0421627676114
27.7401765808463
20.5119917634875
31.4177167601883
19.8964009992778
15.3214242714703
19.0947605296969
20.3091169350338
27.0457652630284
24.4949902977161
31.9474299903959
24.834118084982
30.3206164157018
22.9844895191491
18.026531820548
36.2826393665422
15.0059551752419
29.2052911827341
12.0361738372594
26.919726212509
6.37657251209021
29.1701723122969
18.4559031622484
22.1405128249899
29.9245708389208
23.8917176844552
23.5891984911745
33.1393719185144
25.6701585138217
27.7016509324312
23.4839583514258
19.4675036240369
33.6087815696374
19.3055104929954
22.2208522958681
27.9259711969644
23.4377922490239
13.1181647535414
32.8982214909047
12.5701505457982
34.32896588929
23.5862626926973
12.4186581177641
26.979462383315
26.2311954749748
22.5202115252614
10.540882164837
30.2154504228383
37.1920288053757
30.233585787937
18.7453389167786
28.5671768244356
21.5965992771089
31.3859166111797
26.828973623924
26.9426774000749
25.6839061155915
19.9992802692577
22.2827549325302
38.9159025751242
23.6429414246231
27.2352285915986
31.905581522733
10.0364550948143
32.8381980536506
23.9053172059357
26.3215163256973
27.5856656488031
28.5990680800751
25.7045864593238
19.6905653458089
22.1733070909977
28.0059804208577
18.9490270335227
25.1909564791338
24.0286580752581
10.9327099053189
20.3538151457906
17.3086191760376
26.0687097907066
20.0699786993685
25.2600343263212
16.6271944026765
32.8792721731588
28.0141515890136
26.0938731022179
21.0406232055712
27.5811488041654
22.4705418338999
24.4368175975978
24.8514615232125
32.8874882077798
36.0826673595315
31.768047479946
30.6456466671079
26.2651508441195
22.2451588720904
22.7079486707225
13.6838395488176
27.6334626600146
19.7509021498263
26.8449510447681
24.89499154035
23.2808292369602
17.7195879427781
32.8529444755986
20.3002313850448
26.3473237864673
16.4379299385473
12.7773291796069
27.1152659785002
18.2584898117418
26.6326039098203
35.0143090947655
36.9439459384835
16.7197028174996
16.903580352664
27.8047952335328
17.5994691671804
23.1081670382991
32.3170909198223
22.9685832270403
28.9882079232484
27.7257939567789
29.7810839489102
16.1471912404522
25.6738115334883
27.1304838756327
30.7225343072787
25.3019620198756
28.0953001463786
24.8816118808463
27.0035486901179
30.9587112162262
37.322638274864
20.3524270327762
13.1962842773646
32.369020069018
23.4336269553751
25.7815683027729
25.3988230407666
16.8374720132329
25.1043284151614
27.3732119007036
33.7455835426226
21.8810271810012
23.6831728834659
38.3618235101408
36.9192510356611
10.8650354435667
19.3877829937264
18.3468744624406
18.8915855949745
16.532629285939
10.5591336963698
23.7964620505149
31.631945585832
33.5732305189595
27.2955414373428
23.2991429977119
17.0993745559826
21.3193993084133
30.3125686943531
21.8718808377162
20.0260092038661
19.2185300868005
27.6163393398747
27.9743138002232
23.5418183496222
21.2588392896578
24.8425157275051
24.9598790891469
19.2512050038204
25.1851489767432
9.73291487898678
20.6359803763947
26.6930714045996
18.7636486953124
24.7556107886135
24.7718448750675
24.404585454613
17.4580656032402
19.2043990231801
30.4050036240369
20.7562095746795
20.6831380154218
25.7172682322562
23.9010262535885
21.6877073282376
23.5244715586305
20.7316617699893
20.8820460597053
18.9828190719709
24.2214828263968
23.2495328644291
26.4305454213172
22.7397972717881
20.6971331499517
28.7518695928156
29.2365030618384
35.0401656681156
24.2696683621034
22.83875873299
16.6604908646095
25.2293047071944
22.1568887354806
24.2819118080661
12.2981596632368
16.1343648848113
32.8467790735886
16.7389773065224
26.7587027046829
11.3726584473625
27.2276729810983
14.7502033178172
27.1420149711112
39.7279799675409
21.8656219774857
27.4830954616235
23.4039293369278
23.7620338215128
22.7233157958835
32.2305693947545
21.0821820423007
28.3303442411125
23.7445157719776
38.3517671082091
15.342432132837
33.4577874513343
14.0554221850247
24.157057389117
21.6797276167199
24.4929896201938
28.0590981245041
24.8934775823727
23.1493100779457
24.6959551703185
27.2637886460871
26.9679110031575
31.7016704706475
25.4021483731147
34.2575828777626
33.5721832932904
8.6199495010078
33.8911234633997
28.5946914389816
21.0178706096485
25.5764375806481
26.7308030743152
30.2883626893163
27.399764675647
18.1485975161195
18.0515427059517
17.4318889144803
34.1075371252373
33.279060292989
27.5958955753595
17.8173406760373
17.242812755752
19.6700955741107
26.0270314989612
22.2959197984083
17.0073505359354
23.4457792481408
14.0923543833196
16.0128585994244
18.2867361294757
34.5475863665342
18.1069655576721
18.0013220189481
22.7041402831674
34.2755031771958
26.3120098964181
29.9232962774113
41.6088848353779
15.1676214532927
18.7016006818741
12.9026133101434
21.4499621186405
25.2915451768786
26.714998180978
21.9579106196761
20.5118029378355
19.5451399544254
34.7373999406962
19.6361497277394
26.0208137799054
23.8342725568812
33.1749110715464
30.4806658765301
27.6792288484178
24.1298210807145
21.8000038074026
19.9400228913873
23.9841434234968
31.8563116947189
28.054437879473
23.3697701012716
30.4229846922681
24.2351488210261
20.7396845798939
24.3141666520387
31.658025435172
29.1591563262045
22.4834763716706
33.0238322727382
20.1343543826433
15.9525142749771
13.356408634271
18.45005848445
26.9424381433055
22.1345742465928
25.649210345
23.3564582886174
33.8546582730487
17.7010063651644
26.6997163183987
14.8413798538968
16.5885904425121
21.9913550419733
28.3691962249577
21.6454266104847
9.94105664095067
22.877804050222
22.073475504294
13.8543376000598
25.2694893162698
29.0362007915974
33.9712145272642
23.6956653418019
19.0972013399005
26.3000536244363
20.4011484008111
25.1816946780309
35.855992101902
30.2060377784073
8.35246795322746
22.4191945744678
25.2380426740274
19.7279228596017
32.8629590570927
23.1980313314125
26.4027818904605
26.7381283221766
20.6510691030918
30.9729434782639
26.1393620166928
22.7029370338389
22.5639994023368
37.2910259270525
15.2446722611785
28.4680911339819
19.3144342001333
22.8832090669891
33.2214923808351
19.6373483166099
25.8793190121651
23.8524198997766
22.8318924782798
18.8615660415962
19.4079890520148
32.9609980573878
22.1412529542541
23.982879682444
26.3843874214217
21.4880134677514
31.7829590057954
9.92070800065611
19.2216855596056
24.0256699500605
26.2787331128493
25.8529429323971
22.6491454523057
29.7660844400525
18.2593317702413
23.1382474768907
20.7861821632832
21.5893838787451
24.1036859340966
33.5875895339996
18.4621075633913
21.6230045771226
27.9262394411489
21.3776996126398
33.1113881664351
27.369273151271
19.7070409078151
31.2951841857284
18.6943272361532
24.6810011100024
31.2467771743324
22.1258386969566
34.0971778845415
34.6892633912593
30.0183937884867
23.5390756744891
22.9042249653738
27.7322354260832
23.4401006469014
28.7201478611678
18.1639136746526
27.7824542718008
23.7983674509451
20.0044241404793
21.5354233744353
20.6842661136761
18.8990637427196
12.0320972055197
22.3204022971913
26.0328573640436
28.5680389497429
27.6169617427513
8.34107577001401
7.03008605632931
25.0078085111454
7.7996115689801
30.9800622984767
25.1068374607712
30.7165631093085
24.9190490460023
14.7254153387621
22.6831486215815
20.7934964681044
22.5079206284136
23.5245140036568
10.546826897189
23.1911313952878
17.8931705866844
23.477437114343
31.439881795086
19.5613007294014
22.3230653675273
16.3262829184532
22.5034506991506
28.6999998148531
27.1428478111391
16.8951411498711
20.1828390414755
27.0816659791162
19.5436168694869
32.4474702589214
26.717253215611
11.6006818599999
16.4854005677626
26.2465523788705
25.9875143878162
26.6658854437992
27.1495710359886
27.9792892746627
22.7643606485799
33.2926134113222
24.8099836753681
22.7416806155816
33.4855188848451
20.6708359764889
22.4089892813936
28.7958611501381
22.3519122926518
28.6504822474985
21.9710682582835
29.3830182403326
34.1872994089499
24.9238694319502
23.3857244019735
21.8454943737015
36.7808589690781
23.5794817795977
30.4035097826272
17.8234284510836
24.2760423101497
33.4693375742063
29.2969697155058
31.7558330716565
26.7640616744757
19.4812770781858
16.1941419122741
24.4034909876063
17.1738176349791
28.0591694870964
31.4195430837572
34.7206450046456
21.7913025058806
24.1961394203827
20.0799898942932
18.1168964120139
21.9526061143081
28.1569244107231
25.36255840963
31.3918096754016
19.5397195639089
30.463665863499
18.6614205129445
21.4373740134761
30.4916828870773
23.3157786307856
13.6829861905426
22.9387894505635
31.837896630168
27.143119399408
21.518330113031
26.2326342752203
23.7758722621948
29.9239284591749
27.3557025240734
24.5009143304479
27.385545684956
25.5435385508463
17.7055692691802
22.1184437861666
24.6875106124207
19.9873486533761
28.0861512059346
27.2061347262934
25.3668171899787
26.8355966545641
29.4831958599389
12.1330693131313
21.0310713155195
23.0979050975293
18.8301218637086
31.7929053446278
25.1837571384385
29.1483025532216
17.0084494631737
25.344538455829
24.7463351814076
35.9078269949273
19.0699435767475
27.4582962971181
28.0271166702732
27.8509847652745
22.3502621985972
22.9227517731488
18.1069836951792
16.1407652399701
30.5956905972803
23.3763281192357
41.0762575239842
22.1015844726935
23.904794557763
7.15044597163796
31.2093849061057
12.7256110776216
27.4964968208224
23.183645735993
29.5580444158986
23.250597063452
22.7322817081586
25.0355734955519
26.589472242631
16.346743539907
16.5384261170402
8.10404525039612
8.12464856571679
17.1941516455263
17.6160919247195
30.9132264461368
23.2320407405496
9.01958548929542
23.5104728490114
25.8644624147564
22.0943449996412
33.28575885389
18.4895802487997
16.0612281014404
26.4072002377361
26.1894391616806
25.2909556638329
23.3902779873461
32.9447978176177
19.7180264163762
28.951081330888
32.7470091637224
24.2571803741157
31.4478769432753
25.5838236073032
10.799522139132
23.8653826992959
22.1414698986337
32.9432992264628
21.2808839511126
33.0307251540944
23.6409224802628
25.6097654579207
33.3549390546978
25.7911637658253
28.8409455912188
21.2538516614586
27.6621527914886
31.6218440886587
26.9409931497648
20.5431650754193
13.2133808685467
16.7733936834865
25.242392718792
17.0982154640507
18.7628488515729
25.1088806660846
19.562677689828
26.0771828936413
31.9769063731655
32.1900848299265
13.7966187903658
17.1641565393656
14.1598103567958
17.1752299472347
27.7656861348078
13.9921452151611
31.1048418382199
27.1734463283792
17.8703386772741
32.8937476035208
23.057831521146
19.8022734140977
26.7946937819943
47.1486547475165
20.0450226367564
24.9330933438614
19.9348176596686
16.455249208957
16.1340438062325
26.2801767559722
33.8381097652018
24.6141713671767
30.5033430689946
26.3957450632006
29.2347001144662
24.2277191951871
21.6286128486296
14.829035080038
14.8562116548419
25.601578457281
23.76957423985
32.5697646243498
26.6385355265811
32.7853053575382
30.4763440741226
18.0740409065038
28.6327569046989
28.434900380671
19.2022596951574
20.6995936110616
32.6232713181525
27.8316886164248
15.2310925543131
28.0299656325951
25.1807228429243
22.3469489254057
14.696530578658
22.9778053006157
30.8964711613953
29.0747929364443
23.9805437624454
23.6607286147773
25.7689179619774
30.704321549274
31.2859351281077
20.0856378606825
14.4147409691939
35.058350812406
16.0607188474387
21.7578218085691
17.8444132907316
14.6658143945033
26.4071348821744
25.8778224233538
29.6504152938724
27.5462078861892
15.3693464439413
22.2115952754393
25.1239794406771
18.6992589384317
19.8426176323391
20.0184410630401
30.5990333436057
21.2738718604669
23.0156098725274
15.22237341851
24.2954438572655
15.3035984840244
27.4440161185339
22.7803879417479
23.7919535022229
29.2337079299614
29.8175084870309
21.3106530252844
23.8511639647186
30.5822971044108
25.5167088005692
18.692688504234
24.2614777164536
27.5908262701705
33.4799821488559
29.9499094951898
26.5938743948936
29.5456812949851
19.4183375919238
14.1905329469906
28.6256044404581
21.0871708346531
20.6792726414278
23.2495715143159
37.216108460258
25.1300276024267
23.8068798789755
16.1182491108775
30.518806935288
25.3283902071416
17.679386259988
25.3883090568706
14.6694786148146
16.5838048017406
13.5360272158951
12.2268508886918
24.0973367208628
33.0752333626151
37.5603173838413
20.8648017607629
27.2810071939602
16.5325316367671
27.039088960737
28.8431314285845
22.1262762788683
19.0923821887093
20.25445131585
27.0522082224488
27.671763766557
25.3628181060776
23.6127127660438
28.587211552076
18.7986430246383
32.1739480597898
29.6265296638012
33.2644315669313
19.7789336321875
21.891394793056
16.6427898686379
25.8382797474042
35.0639394724781
10.3823226765349
17.6671393959907
29.5593957649544
19.4528282050035
17.9971711477265
22.9125027777627
16.6244850493968
30.2929729456082
19.1542710876092
15.1980666210875
22.5576732773334
18.3203340275213
27.8153629973531
20.5372024094686
13.2343651033741
29.6622394118458
17.0916987815872
19.1260762279853
17.1818351838738
20.4983020695939
35.6319235574664
28.7402971182019
15.8764806110412
20.7955355755985
25.5473914343731
18.4361989883176
27.4982371134683
32.7672587241977
16.1573562538251
23.9504355937243
26.0311334161088
35.4800290407097
24.6755218366161
26.2408394832164
15.880419984663
19.3763481754492
20.4302168828953
27.1278383443132
26.3617310207337
21.9561526551843
24.3321192683652
31.5553646767512
18.2177301232236
33.3275713259354
24.0684818243608
25.4037167644128
31.3840796938166
33.9772947831079
38.0359459486307
30.0984299550594
25.8248964324594
31.2937739305198
25.9953374275938
25.1517528900877
21.9509160611778
30.8643558285222
28.6365780513734
24.1165638202801
24.8026823847457
17.1970721101388
30.5666660191491
31.9613499799743
28.5049598198384
27.788279321976
24.0692545427009
20.6442660652101
24.9161772429943
25.9834308875725
15.6723245978355
31.7765029845759
30.896434141323
24.272589944303
28.0501802219078
33.1953726027092
29.1768471477553
23.0947597883642
21.309946780093
27.1057321690023
9.76660265840902
20.3046148875728
10.9040595358238
5.5045019602403
25.6138338008896
30.7563737500459
32.6707316795364
22.9408634128049
24.9726881971583
15.3399883387134
22.4642072571442
34.4108072808012
19.8578146053478
21.4863607523337
18.3572374051437
25.4419642034918
36.5782139336175
22.6115443278104
31.37236838229
24.9143157501696
16.6638837611664
23.3430433577807
26.2546519050375
32.0772286271676
24.6186271109522
29.2373711337895
29.3531036470085
29.5461612986401
33.4926409646869
36.1773916862984
28.1056230189279
28.5861171083525
26.8120117718354
21.2796342530054
22.2407712601125
25.6164109101519
16.6218963917345
27.9759737895802
16.8662064010277
30.2097272593528
25.0117701245472
23.1604436412454
29.9814275931567
23.365429995412
15.4643207322806
20.1587678864598
33.6420126275173
18.6434209113941
28.8021135842428
22.5155340973288
11.0639249207452
18.2933043017669
28.9158256491646
30.127396970056
21.1850546533242
18.3001325698569
19.1379342926666
28.6795241991058
33.4175602067262
25.2076636068523
30.0282059237361
24.9885435914621
19.6622485336368
12.6680304146038
22.2004715353251
29.1164729511365
25.5914597539231
32.0336980046704
28.2324751839042
21.4800043730065
23.5408844659105
20.9069990095153
33.3158296067268
19.851510412991
15.7524357095239
18.8124916516244
29.3785979039967
37.7731633817262
29.9134367611259
31.0485800495371
27.3421958088875
18.4357502264902
23.735010321252
16.2387183418986
27.3722631754816
24.9898995738477
25.2351519651711
24.4506064802408
22.3234375938773
17.7573533659922
12.7132325406297
27.7720656478778
29.3055422604084
21.6893878998235
35.3007970832382
24.3176736358672
25.5763179533467
25.5023774923757
25.8694781921804
29.4095534132794
34.6757274565703
28.1417975667864
25.0661210389808
22.8412335040048
24.1943802917376
24.7381619410589
25.7741024484858
33.1034046830609
25.4741681274027
11.9672640692443
28.79726246465
24.3913150858134
21.466788626276
28.9387073833495
16.6355959139764
18.1699527893215
24.3778111477733
34.8760355079878
20.8144812146202
19.7148245992139
29.3530876515433
16.173951793462
23.1621030950919
25.1148384762928
17.8464858559892
24.6304640811349
18.5470836683933
34.3483553966507
30.5226889206097
29.672605660744
40.2277820722616
26.2668131617829
25.3087294243032
22.9301860323176
29.6292313117311
25.7155567873269
21.7403640970588
26.4389402233064
20.5296252621338
26.3903860934079
26.189546380192
21.1378080304712
20.5578756910814
28.2370452303439
30.9111040085554
23.5122980674783
24.0647640312091
16.5646639186889
15.6222962143964
21.5826900908723
26.3326774271901
19.601195724681
33.2262306474149
25.2777796021794
28.6752094747499
26.5108821215108
26.3743948657066
23.2378238812089
15.8449543832074
15.4866586439312
25.7823718711734
25.8833535946906
27.5994442868978
29.8809220548719
18.3860947493131
25.3376155160367
30.4888281971216
14.7192338015884
17.0971668026531
29.5300241792575
29.1466174651165
22.2825991672619
22.0734532224014
25.8032182071345
27.1536417072639
34.6849312368093
27.8406171360984
26.6354916850105
23.9944781410596
19.813912990503
9.28768939338624
29.0034114383161
32.1376779349521
17.0716197462752
10.924970804562
30.9310495853424
28.7772144190967
28.6867161514238
31.9629030302167
35.8399075434831
37.6509206170484
32.688768254593
20.6021847317214
22.5128176389262
23.9784269593656
19.0700137522072
16.5630917996168
31.7759905941784
24.0420608315617
34.8959430099881
23.6689623910934
23.1329451082274
30.8038509218022
12.1039016870782
37.5696328913277
25.6475078174844
10.7518282486126
34.7945037526524
28.4550461452454
30.2558044437319
30.506763025187
20.6257892539725
25.1931802397156
31.8255957448855
9.35397511348128
30.2127695409581
24.7345434501767
28.3534572925419
29.4058492872864
19.1427272511646
29.2072959011421
18.6437143478543
23.1949324952438
15.6056121457368
31.1889392556623
15.8318526577204
20.1215907265294
29.6255165711045
22.9689403669909
21.3001250258658
29.5425666728988
22.1239681588486
24.2083769990131
17.069448181428
27.3780472343788
27.1229669917375
23.8625137833878
24.5402115862817
15.2106297496299
27.6271030073985
19.5083240512758
20.6322543389851
27.2529129637405
12.4426225446878
22.0339686842635
20.9301297007193
21.7788097914308
29.4040473178029
25.4604491405189
21.1703785927966
37.8686805234707
34.6089282771572
21.7791265109554
22.1315697301179
18.1776755023748
29.5459802262485
21.4903910178691
20.8678700961173
12.7644564427603
36.056500810892
31.2774111516774
32.9832121270164
18.6009760247543
30.991483409889
25.6159915123135
21.8377264682204
15.3975356603041
14.6964686689898
39.4553018112368
14.033202198334
20.2835188014433
19.9816550593823
31.8937835050747
26.4377424027771
30.5290060117841
25.9868823224679
29.7821742948145
29.9675350775942
21.0133487358689
26.2972101802006
33.3583333296701
28.1053904211149
19.0989245660603
27.4649596307427
29.3690154096112
31.3590192003176
26.9448706647381
32.4199067894369
23.9807981599896
31.4423167612404
24.5770085602999
30.9766045664681
20.4777803272009
31.4461677800864
20.7837677327916
9.82251674961809
7.49503020197153
24.0034658915196
30.8167014736682
18.1742929387838
28.3341440139338
26.1602544225752
25.5447933916003
18.0590674979612
8.9833322464267
22.4188327789307
19.8685416253284
28.4246399067342
31.0464980660846
22.0030202297494
36.0551583413703
22.2766547929496
30.2786534419283
21.2590482318774
24.3443406186998
27.3830123012885
14.8302960209548
18.8409271882847
23.9337049191818
16.3906411500648
21.0880601793905
22.8290712460876
20.6513556884602
22.8708328679204
32.845253450796
22.4026420619339
21.2864059023559
24.0959344629491
22.8485426399857
25.592279760167
28.0954767251387
29.0963301900774
19.0294592529283
21.0730070713907
25.2580572851002
21.5733811050928
23.3855568995435
22.3118537338451
15.6933132423315
25.3180992720299
27.3346597328782
35.8765386023975
27.2834729636088
24.5851047104225
24.3727759923786
22.8659614003586
19.8445874266326
25.8878886197426
31.372337276116
26.0396673576906
24.6878121281043
17.528737943161
25.64566730811
27.0912072388455
26.6780936159194
28.2752815168351
23.0608225334436
20.2374232001603
32.5099097306391
22.5869763716807
22.5293681491166
27.6394755462596
22.7461788859795
19.702671409773
17.0730926794931
33.5461848881096
11.1273893620819
20.9307569311932
28.1544353114441
17.7283722441643
29.6978666447103
15.0553903567033
39.7815358233635
21.4272156357765
26.5182639705017
28.5528203705326
31.1658803839236
28.8065703352913
30.3214206593111
27.3591981069837
22.7756196207903
18.1323748547584
27.4329587114287
32.4405141174793
18.0897186743096
23.2269732048735
26.5757672954351
17.8970409091562
19.5812984835356
19.0451188903307
26.0623494163156
21.8709118431434
21.7523050028831
24.6107885381207
22.5809884024784
28.6101894685999
19.9439658084884
32.9372561593627
26.4364548260346
21.3129880838096
29.6971587231383
17.060753935948
14.5546386716887
30.6790451752022
27.8936553513631
19.7033343138173
16.7413010727614
23.4553383896127
29.0969127323478
27.5639316765592
28.7082668859512
18.5677144443616
29.5565651496872
34.1915372293442
22.0886900009992
20.4577660538695
29.6022427501157
28.6875908263028
18.8390090868888
14.8881110362709
27.534598344937
24.3753076298162
19.6558228570297
27.0076208747923
21.0465030977502
20.1047665672377
24.5331016112693
16.5717809386115
22.4933418516477
13.3162633338207
17.957425606437
31.6363097634166
32.1964670438319
25.0333861169693
15.14494670555
23.4782714396715
18.3787275338545
24.6865436434746
25.1380647066981
29.35287123546
21.6623176587746
27.7121646693401
27.9789512744173
33.6189587134868
24.6659343363717
25.3748713992536
22.1958599053323
32.3511577909812
19.371085241437
16.698260290194
17.4451542086899
27.9011298436671
25.9580456884578
29.604367473094
28.1969794770703
28.9148055482656
20.1242507202551
21.3776051998138
21.89318863675
28.6976743585547
11.6500202566385
29.5091693056747
17.9667258402333
36.6951085606074
18.7648430000991
15.6492105685174
32.2436940856278
26.477285916917
29.6597332227975
27.7707050088793
24.0334819536656
22.5882824975997
18.2937644422054
29.1831746231765
22.9954107609439
24.3301313137636
22.6339987209043
30.3100577089936
23.6684928881004
31.4731818623841
28.3990457653999
28.9587711682543
26.9340983126312
30.7068863185123
15.9156305948272
24.0594629350834
30.3375149378553
24.9293894506991
28.2284358050674
31.3372704200447
26.9283420512787
17.1364807756618
30.5269825970754
22.0566704404787
24.5089802891016
27.1039156476036
36.4668285453177
28.1521388562396
30.9575123945251
20.2826805412769
30.8643440250307
33.4507981780916
27.0914081484079
23.5970986075699
25.0440810807049
26.4778589131311
26.1747932294384
30.9720233781263
14.1835375921801
34.2806779546663
23.7638196675107
25.6325193913653
33.6298092268407
13.9344193506986
33.3836644422263
27.9182494385168
13.9374948823073
35.095606461283
35.7114989767325
20.4940228257328
24.0174632752314
31.1675657751039
30.6309398962185
35.781331497938
27.3432404035702
27.0841203629971
31.6710834624246
12.9956458695233
29.1092597413808
25.3773597301915
18.6926059353353
15.5637675663456
36.0026053536949
12.8533196208129
33.7101388024166
32.287424034439
22.1896362723783
21.5555984759703
15.0628189579428
25.2460776828229
15.6202728628305
22.497625160031
28.3117357641459
22.5637671537697
16.6123417904601
24.7062357879557
25.5302749574184
35.2532603291279
18.5596527997404
30.8411605190486
34.8929411244995
28.4324500476941
18.3758693514392
19.2224328173324
35.4776382537976
12.7266835654154
13.948809333348
19.8240929516032
24.7963941423222
24.6442873729393
20.293244952336
25.2807954559103
21.2773754028603
19.2666655639187
20.1881851512844
23.6187136964872
25.5305961243628
17.9158330429345
24.961713841185
18.182001269081
23.2916499953717
34.0965426992625
19.5910027734598
17.3315182328224
24.0921090589836
15.0685259606689
20.7574722176474
15.721941110678
13.5350290220231
23.1194256572053
20.2546519692987
19.2597630433738
25.9370830841362
19.7623736457899
20.881342039852
18.576837843284
14.2431555315852
32.4656344950199
22.9895864380524
24.6683416272059
23.4902146578224
21.0204550763592
26.3346737716347
23.1817852938548
30.0631059100851
28.8396174320951
16.1556944931859
28.8865921553224
34.7547829051994
29.3367219623178
32.6712983893231
24.6422318508849
24.43717867136
22.4168358836323
25.4658442223445
18.3960817521438
21.7330505140126
34.1560383560136
17.8722376236692
22.6272471714765
18.9665951826558
22.0433446811512
29.4561230111867
27.4378434522077
23.2157669728622
24.6438885076257
24.7979983687401
21.7650374164805
27.1467950660735
27.1294862497598
25.9965143632144
27.2831966402009
23.3494975604117
24.2172581143677
29.9738545436412
17.317191331032
21.2667394662276
35.2158251694839
33.6798069532961
36.1155374560443
34.3425565864891
16.838206956163
20.2900208765641
23.2328528388254
15.791783997617
27.6583687402308
30.2989542717114
21.6358361998573
25.0347950030118
20.2470265096053
22.480766591616
29.914486175403
11.7895469302312
30.6620363611728
30.4398138308898
39.0402342192323
35.373081777007
24.1284603878826
21.5527480933815
20.9327173419297
18.2133120018989
28.044912382029
33.986385515891
38.0875292571699
36.4459926133268
34.6548754954711
10.5468155117705
34.2093832558021
22.6419862126932
32.3652374558151
22.3351321415976
17.3612707294524
26.9159732153639
18.9965605502948
22.4301848793402
18.9284561900422
20.9501490462571
20.4809399787337
26.6443747794256
17.2400569543242
30.0081535708159
22.6044856710359
22.3012628732249
16.5096506243572
22.2637153463438
17.9223902989179
17.3589941812679
19.0461141755804
26.2988767819479
35.4717921865961
13.9589548110962
20.6223745131865
21.685435785912
25.6153061054647
24.9152266283515
23.5741052310914
26.5776666346937
27.7343931607902
28.1117133605199
22.2482972079888
22.7876427011977
38.4235857033587
18.4329958977226
34.2912863940001
17.267288856685
20.2380387499103
28.6278480431065
19.3522791381824
18.5049228835851
21.0708830039948
23.2753830356135
35.291087485612
9.77295276606652
21.0797191506645
28.0415308661759
26.4609373640269
26.8910897662863
22.1764600835741
30.7523692725226
23.898341646418
25.5409798119217
29.9298855243251
26.3383553130552
31.4969578525051
18.2700273348019
35.8466695725225
32.6541503891349
15.8758452860638
28.3892120467499
24.8925588559359
17.281859065406
23.1419501360506
19.8528616689146
20.807569869794
12.744481000118
28.7843059515581
20.4728230368346
