"x"
23.6029150895774
7.04924185227797
21.0384274367243
3.07828172465631
10.2198393643283
15.9442475065589
9.2736815782511
1.84004940092564
3.61664320098909
6.86877244152129
7.79690737063079
0.994180282577872
8.20430591702461
7.6089970767498
15.8624003124212
4.58331690169871
14.8130447138101
0.127450004220009
11.3454811740667
16.4937239605933
14.4735537935048
8.77976427904517
19.6098188044459
10.9532339951922
6.78720762953162
16.0231031943113
22.3487159237266
1.52860330689165
12.0002805721015
0.2740167394093
3.7970048841089
0.343283859985124
10.2635232524605
4.88984708499366
0.404188130050898
13.2705112919211
5.90225181583559
4.77631471584297
6.41610937637481
12.0123465545475
0.651994695535
11.6353014208081
16.2249387707561
20.705465786159
15.2887577955528
3.21689327247441
11.2129793036729
29.0111421081851
4.23837176157555
0.00129789113998413
27.9110721312463
8.28715055249631
8.97776032797992
11.991980439052
8.0467936117202
3.93106364388918
18.0078339079052
14.8706624345304
18.8557086627808
10.6535486876965
4.98226128551211
16.3658519680752
1.808678265661
2.11687067895264
18.4505248442292
12.5617292709649
13.626058634231
2.3972192329272
1.11928935638131
20.7292271183771
1.31006563491737
3.85726989077949
20.9361688699573
5.40734464302659
6.47315285168588
7.42250583134592
14.2092259857791
19.5624857209623
8.98945177397357
11.5739151451218
17.6884603218037
4.76446398751191
0.827559126067652
4.12393229067314
7.57878781296313
0.167346886231225
4.05399945324251
15.1782545726746
0.926557064547799
5.71426595561206
5.88575261645019
3.31646848551552
2.41359706181124
19.2944044712931
2.90876827202737
7.17433351092041
16.0725407368897
2.67299123770772
3.23526761494577
5.50820212811232
6.32423618808389
8.21271379537401
7.60217836397479
14.6130932960659
1.02567477151752
4.49804563538259
3.01309219647451
0.238528475165367
12.512073200196
5.68185914307833
4.16798344813287
23.5951559307885
7.79261831194162
7.2918082553895
20.3266111202538
5.78690972179174
2.36513440794708
12.2350641991943
5.89388096705079
4.08003671265043
11.0500131195685
7.27712454275758
9.69155943021178
11.2544481488589
3.31824920140207
14.2815589439124
0.991473253816366
1.2260521762073
9.17226490080899
13.5627386625856
5.22567559964955
15.8742441795766
4.88436225593082
3.27478125691414
7.26148573220604
2.7482305187732
1.40850823372602
3.58635210432112
4.49702180922031
7.51429886528541
7.25000849924982
0.986262643709779
4.65076271187389
11.1275895161937
20.2619391027838
10.0184316746891
1.51132941505174
19.4803496822715
3.50670673572417
12.9267798053972
3.35008450783789
12.2264411553306
11.9343976104225
22.4093020544602
8.11963208661722
7.58495177142322
6.16109297065416
16.2556213769999
2.71416753530502
6.28891233360707
7.95961720868945
6.55651157721877
15.6282277999886
6.57036644406617
7.97407170757651
28.2460389881312
10.9717040788382
10.0858557969332
10.3090153075755
10.7364270417931
3.24059291742742
7.16206727047532
24.086609077039
6.84227556921542
9.74191231653094
5.7690232526511
4.42293611913458
8.20197366028127
0.176788493990898
8.46482631750405
0.363903733499568
0.480136766648262
9.73876994103193
6.41073505394161
13.180221663788
19.1237410530448
14.6139108575881
5.13926125131547
19.2561136272217
14.0436935451302
9.08084530547952
5.19277481362224
4.47755503197741
11.0696628224105
6.88060293905437
6.22067144985744
10.7076095417142
2.15888895158338
5.62123097479343
11.4220230374485
7.37052182551144
10.6848658431227
6.13550897687674
12.3126143589616
27.0991296930567
9.78465207407297
18.0220688693225
2.37041199579835
0.00585336238145828
16.0566715989262
9.08759515732527
9.70214549452066
13.2165334653109
4.95147222795678
11.5677686499903
12.8171823453158
7.01635819934926
15.0678516831249
4.81536770239472
1.59704418005376
0.0335956229836618
14.386072056368
8.14767149277031
5.38390418514609
1.37336673821839
16.9196982868016
6.20810645979159
13.8635520973844
4.83683081487246
8.30158749595284
11.8458966953091
2.76625659316778
6.98597482405603
12.5261863422202
7.89834176824518
1.85504565015435
16.5175413247198
8.81683710031211
18.9795785414704
4.08078502681101
2.36538804203412
4.66165963337256
0.886757718399167
11.9874272594352
3.65674698491552
2.63901348225772
10.8534788986039
7.72836241969907
18.2007249444723
16.0090789664537
5.53572286624823
1.88787481747568
9.13600195199251
7.19369384018047
6.33262063942655
5.91367015905213
16.7039655239862
19.4615805579836
10.2001151180278
9.10107964420743
9.17148902080953
1.25504850235593
1.53413969875089
11.4810669794679
24.8661306397142
11.366568133235
9.20086572878063
0.884269874584904
11.3207865510155
4.46250960230827
3.04649458266795
5.39105131282307
10.6905059888959
6.67925608117708
19.2795343208263
5.25906579568982
8.0917589366436
1.06422402895987
9.51420953497291
8.44683065079153
9.88414264284074
8.11944953165948
0.637259000503337
11.9673253055645
11.6206445731223
8.78618573769927
4.58836127072573
8.23919754475355
8.4124764445205
9.82268778607249
11.5063307806849
15.952284094932
14.6984220482409
3.54618795738657
20.044785970822
8.36512436775607
2.7390776519135
15.566387771694
7.98118333332241
5.94271132657205
4.67988662421703
10.2783991918429
7.93164954333012
6.13104459370615
7.67899337224662
1.53448600322008
7.17552832349705
5.75866474340945
21.3203710650717
9.97129860029076
9.53970095142722
1.41460769809783
3.1860105227679
3.95819133943599
14.6834342089595
3.360391035676
8.23762938380241
6.32208255119622
5.19017651677132
21.344418823719
2.76750949081354
2.39414223469794
6.71320764077244
9.86767918802798
12.1558184735477
1.60297069005921
4.04186888175357
2.00174450874329
3.5011057088103
10.340470534554
9.23655275255442
2.00457124969425
16.9805967311821
15.2562859833131
1.50558138171774
0.666859559714794
6.78732683882117
15.9498927649111
4.19806325808167
12.0614860672504
5.62766990624368
4.76221350949366
9.36295101419091
2.1255427505821
18.4883784160405
15.17842733888
6.60409971460108
7.12207739272008
4.03399981803507
8.93735596910119
22.1950601320714
23.8914530258626
7.1104214248982
9.94324700271961
1.60200353711843
14.9471270851791
3.69453439489007
4.00616000406444
7.03083011321723
14.2970187718222
1.86386853070227
3.61139028347057
3.8079631049186
5.28930872678757
16.9682715444313
5.34070548601449
11.5452703575212
1.72512844182982
9.88909020088613
4.88279105118333
15.6617255881429
10.501621896401
2.93453113603203
7.22144078463316
12.6018842682242
5.54582844488323
8.59402296636401
12.1403844095767
5.28572446472394
9.77822546142759
7.89408390410244
1.67081304825842
10.5513806920499
7.89853373677823
9.19296517968178
12.56964974493
13.7813911791015
2.44384570978582
0.735828088220262
8.39448315091431
13.6820002924651
28.3244982361794
2.95571959577501
0.904981657371788
16.9084324967116
7.07135209813714
8.10476108454168
8.8306050671778
6.69710139208798
7.4124944097927
6.29258411936462
7.43222297169268
4.23443992622197
0.367768748380583
8.71931759209308
1.16672548292465
6.18195200194003
4.31303787045181
9.39264935441315
4.79116356000304
4.00272343960344
11.5789566654712
1.7845927271992
19.303322955966
4.9253757721992
4.77428142912686
4.25039553083479
0.351890005405266
36.0775267746716
17.6356800831854
4.53159604221582
11.2634728808988
8.61121243723744
4.60282485000789
2.76409727521241
2.73249032907188
1.39080258086324
15.9843848086894
12.3231226112694
11.108745355159
14.6080275328461
27.8195462655276
5.49636812271895
0.835629366338253
10.0131330059608
2.90068279886099
2.69286788071757
12.8644303418696
30.4204131431625
14.0081602148712
11.6984202060848
23.5211972147226
19.3138151429594
1.99864933918707
1.32764941081405
9.13466727361083
4.63268824911762
7.97658333301312
8.66009527817369
5.29842632617515
4.75259920246859
2.12143026292324
2.62109283357859
3.55848872645007
18.4666461776942
1.82444982993916
7.96093006228455
3.59347544751214
0.16881954874561
16.2010223307619
6.90470972013545
4.26890500821173
7.9096718817879
4.05555626236734
4.28486428087564
5.27342739515007
8.57012581315445
20.7683828085322
3.41584365814924
12.2857052832842
2.68449271097779
6.81220963597298
6.30911281332374
10.711669943793
20.9645866882056
23.906392371282
10.248962463811
2.75864382274449
3.36619080044329
12.5803934410214
9.98027436435223
24.0946084760138
5.77385909855366
0.376343121752143
4.02875831350684
0.591581920161843
2.21634488552809
3.56651581823826
2.82259434461594
3.4503280185163
15.2161126025021
6.46329498849809
7.12852577632393
7.21647297640011
9.1789701487869
1.73968141898513
0.160985328243831
11.4370255265385
19.4437728984041
20.8445085879575
2.39995769225061
19.6391490141202
21.9788219314069
2.77965595014393
4.41404756452068
16.9503245037049
4.52975878862534
5.95624092966318
5.61273251660168
4.81121307238936
2.62689837254584
7.66412096915006
9.19836828002187
20.5825238488615
3.59127633273602
12.9730860702693
10.9810604713857
2.71322219632566
7.74325837093359
0.00444906763732433
9.35379263733325
1.53237962407972
4.39211407430044
21.5227076418656
11.327902313749
8.1710449885577
16.3156093098223
15.4124668854661
17.757362453267
1.00032514116012
1.98689131066203
5.43598216027021
15.5940498966626
8.01964837075706
11.5452536847442
30.5996328126639
6.55359031628413
12.1338325552642
7.13542126343677
6.8763273768127
1.63889995321756
20.2341766964607
6.47442261688411
11.4307914394885
7.18276500701904
7.19766705296934
9.7661419662069
1.49938277507781
8.41585397720337
10.6337221982023
13.9382490305683
1.39654846861959
4.46501285769045
0.127842602523116
1.36715732514858
7.64392783224349
6.18533021770418
1.34434366205833
24.2987806722206
10.1435181219131
3.16370129585266
12.9321109969169
17.5474488642067
14.0474768355489
18.3935283217579
5.98296136595309
20.2934693545103
22.0870398916304
17.4384460784495
3.04680692225546
17.1089946141858
6.29495981848631
4.37167479161279
13.8713498599827
13.5713174939156
20.2547499909997
6.44539794884622
3.62410786390885
8.60821986570954
1.93881597369909
7.58481719531119
2.39822526423819
2.94956937432289
8.42698006662193
4.0617847815156
23.4433051415538
1.18625327013433
0.772659247741103
7.58304283954203
1.11456363819603
5.68964318372309
29.0694642812014
13.5590914171189
15.5667732004076
3.16517112082344
2.53442190587521
4.1867620018866
16.8930185027421
15.3492172714323
11.4495108835399
10.9971941759923
12.0025606254734
2.59044761769474
1.68578042648733
13.4344310965389
0.771551812067628
4.14695451036096
4.63074241927072
14.3946803640574
3.26979993842542
25.0383792515978
10.6466807425022
9.82805705508551
4.74507064686936
16.3973404094577
9.36651509255171
1.59720727242529
7.87781975232065
14.1618113964796
3.14682239886157
18.889893963933
18.8059595211813
7.58897378109396
21.1258518439526
18.4693781469062
5.74906479972985
10.8286487404257
22.2847128286958
20.3718001488596
8.42096623964608
2.47050936518424
7.68821751698852
14.8471841907124
3.86290894021239
7.24572679027915
10.2309167798223
17.9548725485802
0.813675839104775
0.179581996053457
21.8286206480116
10.4582461994141
9.45107964798808
0.45039807446301
3.6509535741061
1.20979705825448
6.63087358769153
9.5146244391799
12.4759902246296
7.56500418609006
0.895329118026015
17.1644611749798
1.8544165417552
7.61985513958594
10.3301517199725
10.6208066921681
13.5009555611759
9.29178670432917
4.44787079004503
1.41141340136528
11.4221934229136
0.642291083931923
14.8029529955238
17.9663662333041
15.1804527733475
0.359331735388039
7.01066263257272
3.54633168317378
1.6176313890612
21.2122722528875
13.4452676889138
8.31563231390199
1.34634976954045
16.3532436825335
1.36012914590538
7.10284208115492
5.90946008451283
0.238311028005448
20.1144490391016
0.791573281011296
20.5379909835756
17.1895218547434
8.27774894179986
5.46507621183991
5.19615767640619
6.82742018252611
3.72977047227323
4.74057379178703
14.7777213090348
10.179804963991
11.1245801693767
9.80366246210345
9.10331038758159
4.71259308978915
14.8492121137679
0.123950885608792
15.2815816458315
5.11630995070392
1.14607526920736
0.580815458670259
10.1666805904537
1.20676434598863
14.09693043679
2.20985217019916
15.0291020981967
10.8869331888855
9.96201978996396
3.70231810957193
1.12033907485657
7.18368296511471
2.42583969967205
1.52177633717656
7.05754719674587
2.48451298102736
14.2174158362594
8.92705916034304
5.06682177074254
16.3911704792202
5.56396273896098
1.3238376462993
8.30294885672629
24.293988769676
4.38800005710784
18.6607547104359
18.1273465931218
1.78056810982525
12.6094230912176
7.82880828023448
1.19388016219464
31.7015571813763
6.18057926957752
22.8536547891253
5.00449827806378
13.8467698357999
21.1057289260529
6.09224573709071
16.0718987230211
0.398137094452977
13.1835387754184
18.8708579633385
10.6711066457816
8.28709016773644
2.18123667873442
4.02600765228271
6.7510677035898
3.02000525407493
16.6182224034808
12.8535111900419
31.534898154146
7.9148552581203
10.7185108587146
11.689977068454
0.86418529972434
8.77451538108289
1.14990474656512
11.5092586260289
11.8072879035026
2.80463430099189
3.33181731402874
22.0557687804103
0.137745635583997
4.67720112822388
13.8807576615363
0.00756454465586645
12.112087945194
7.13860839296579
22.3085024394095
10.6150897598208
8.16209684126079
3.51468891482292
4.98109428790027
9.05761625617743
17.8881300613284
10.9521631617099
4.02268604375422
5.03264372237027
13.5066825896502
2.67993528395891
9.48819226845092
0.36328197816506
12.3857767968617
2.40773305656648
8.19279169663787
8.50000951222793
11.6695713302381
0.869702221825719
1.28671089187264
7.5861350633204
5.35830190068947
9.78482370264828
24.8460508882999
8.16570930182934
9.13655315357232
5.94424954615533
17.5640770699829
21.0834769066423
13.9811357691653
5.68603382415527
6.93266652524471
6.64169848896563
10.0932207424194
8.58247617610632
1.27479676287899
3.60120818950236
1.06423247447167
7.58027006609419
4.19519865983015
9.38261533156037
9.20534115284681
1.17921261116862
4.37608296051621
21.4776035863906
2.98874916628884
12.8138180822134
8.79837558604777
12.1468143071979
4.16302005350111
15.1440989691764
17.9625592227768
4.60809258543752
16.0125032116205
22.461323486641
1.7108588013798
9.51838027648324
7.53656486049294
9.13357664830983
2.92606055736542
1.19764937840292
5.7876440230757
5.36371301859617
1.00917355157435
7.39181730896235
5.43265007436275
15.211668331176
11.082712728012
10.5782811995596
15.6021711416543
1.90583911379831
3.9263085462153
0.187159394482744
4.01179400524009
9.06677776947618
13.7598598375916
3.5529084376249
0.752933230251074
9.05923135934959
9.61267920614526
3.61223025247455
5.47448452562094
8.74974960461259
19.7435377165675
8.66272023331211
9.02596744708717
1.86470978700508
0.441213407640899
1.18137136670062
3.74754848890007
7.26638585329056
19.7292181663215
11.3820193325683
6.0126880183816
18.798637555678
15.7934608403593
12.5477906316519
15.2396080896173
16.2650353072863
23.2232926879078
4.04266659170389
7.32369930483401
6.35012546554208
9.17034382755979
17.9778348020738
16.9503310695291
9.12164398469031
6.52446600274637
5.4967628326267
12.1339512164073
32.7704661060125
4.09495234489441
20.6684732344002
11.7904959712178
11.7347280494869
17.7701371953441
0.678268214687705
5.62776792794466
10.3578321635723
3.66115313954651
5.04211029037833
15.3140996582806
10.7637485295337
11.8518497794867
5.15168569982052
2.34779827296734
10.4964231140912
9.23192804305761
24.258650932461
4.27742878038876
11.7576211690903
3.83418646143749
14.7018530369582
1.04453703388572
13.3235540241003
18.725782939422
12.0733818970621
15.8341837945945
8.42317747883499
2.30902060866356
9.90255028009415
1.34441987611353
2.74350495142333
15.8799025653155
10.9257482923567
1.36459286442802
22.6350315342061
4.02792268432677
18.8561133056583
11.475080717355
1.11056291498244
12.0874085929245
5.39186634123325
3.13809192174084
9.35203894041479
9.83455803435554
26.1269095819443
8.01221206784248
14.9412091821432
1.45070119760931
15.2282996502016
9.18825609748235
9.54939648509026
5.90857112299327
3.783946480749
3.08049653638973
10.4085251688957
6.47472488202634
13.6031451635063
0.530988448329425
19.554261630401
5.51063830010995
9.58699905313551
5.45871499988633
4.41035646945238
9.24483118578792
14.9971913080662
6.28151712007821
6.2602034304291
1.96130010299385
0.969804242423217
18.3214365039021
19.0181435551494
5.73269645683467
1.68505094766719
11.312449226096
1.84872290119529
9.33744423091412
11.9060552679002
13.26496776021
12.8228985704482
2.76067978459525
8.49597877822816
1.86839131638408
2.98798605799675
0.0997745274511408
4.64373407885432
19.264176255092
1.58063489705699
37.4913529492915
14.2532749567181
0.470458663775265
7.40140932612121
11.8872232269496
13.7119423218589
15.8782426733524
5.61496173031628
8.59355089645564
14.648555664869
8.97661463885747
4.10006945021451
5.80000103148623
1.76729873998231
15.6518417876214
2.40338048897684
6.34916792623699
23.1688763516539
3.22140492557802
3.51248509250581
10.7773959509975
18.9375213813037
15.6547027640045
12.9101972095668
4.79381375715784
12.6335812266916
9.91536603846496
5.36289542768062
20.730624999851
2.33453323586142
1.1179825017449
14.2974041868001
1.62875951200622
5.20745656177645
5.86090074480999
17.958923522383
15.1767426170409
2.19332679918527
1.69820175242669
4.03809332307925
3.18099057061755
1.59122981131077
0.00858063030868848
15.3796343132854
29.3245512060821
25.2660575322807
2.08652834407985
3.76538434065878
14.7727603558451
10.8005478402401
3.27521269209683
7.12306778877974
25.3764083381265
0.475910182787484
8.73998268507421
0.928074726834893
16.6309241205454
7.27601519219073
1.8233041029895
3.75598235987127
16.8830640148371
8.34454824216664
1.6340369117664
17.5788238245189
12.2317964211106
9.57070817239583
9.13746612977095
3.18761189535634
9.98446194473502
20.6844718661159
18.6308941338211
16.3245864477175
16.9832604937255
2.86100222729146
17.912710877262
15.7875242643058
19.5941391400993
11.6737442210086
11.2270751144605
7.10267662070692
0.757190212607384
1.76693466491997
6.49537118151784
7.22313025034964
13.1899921223521
13.8478967361152
6.48281541652977
1.70835479787714
1.53938997536898
4.3548545071338
0.0735615845769644
24.6568157848386
7.33765359036624
28.0611982733498
6.22824430465698
27.2554983192935
6.15819936980768
2.7139840181917
0.791402067989111
12.38704030402
5.05988472141325
5.49679910764098
13.3660432416946
7.4112072121352
5.23376627825201
15.3016922529787
10.1377976126969
21.4033178985119
6.81364424526691
9.51254470743481
4.66552748864549
9.61795398034155
4.32134209472235
3.57733046621067
6.11060870012249
5.30688072042958
4.37143803574145
5.65451383590698
2.22197000520403
3.84069817287015
3.79248550577159
12.5157457070884
0.206752111271338
8.36538657143461
13.2919631432742
11.2118780494059
0.430118820686768
0.0658129807561636
1.48060508938259
24.2647515144199
5.20087704062462
12.760537299047
15.7006577130991
15.0836578886143
0.157499602514859
4.38581506948951
5.83271863870323
3.27716474421322
11.1706619938278
6.31984053179622
14.5532091148198
1.53489877735128
8.5826818831265
0.210435315966606
2.55866032093763
15.7919688732395
18.2194075081497
18.983453232795
4.68711093999445
23.2039466965944
9.82348245866092
12.0704343076795
16.8421879410744
6.45113387145102
9.08283758218964
11.2530311569571
6.01855087195769
2.94699124139875
26.0138930287212
0.688319580098893
4.43112003061357
5.1593495067209
12.4016660731286
20.4737030894334
35.3509315289557
7.65347476117313
15.4136488214135
4.14807579946545
7.68961317994374
2.24113510921597
7.33844839437616
3.05758048780262
0.840790704472203
0.484842279318332
3.41895245946944
13.3628761501738
3.03606917150319
1.920130384327
4.2375074916428
18.9803234181112
10.346045345068
16.3920703992992
10.1535662750472
3.93804600503424
10.1845051794145
8.53488232711881
3.69223132327458
0.105264643207192
5.44580249755297
0.0414131723215374
7.50253377482295
8.2835797822413
4.47169207036495
3.98489412203564
5.62642469776878
2.79105366077343
13.5997647550968
7.61739984671667
3.4230194054544
7.37623125314713
9.7079841025639
10.5649725534022
19.2689195275307
8.79198322072625
18.1640334339917
11.9726860895753
11.6865776013583
4.28444990642802
2.24634127792293
3.87155680388877
2.22565993251758
20.7338574897702
29.4446942862123
12.3247646726668
10.8375309966505
0.858368905573072
6.99474292985492
5.85809409868869
3.87729542842455
11.2682009581476
7.46854227036238
1.30267064087093
17.7013181304541
13.7505042409953
8.43280006193061
1.95992128940096
13.9620566740632
14.9223424293649
9.01972069405019
3.23684620670974
2.44087777100503
14.6533166058362
5.27830682694912
10.622741188854
4.22020187133412
19.1042606754159
0.917719164863229
6.24846210703254
21.8435138990545
7.12371920235455
1.27474647015333
6.95577100850642
10.3545031357554
14.0220550360656
14.0051202382892
24.6723100743129
7.69089418463409
6.02607210166752
8.04678397253156
14.4071872811764
1.56690608710051
10.4954566484425
9.12519066601722
6.64060189771932
6.74715670756996
0.917412340641022
9.52764902401025
8.75527337095548
1.93513296322843
6.96199191734195
30.6202391201378
5.69299359127375
4.97309700308089
22.4256257222348
3.38452402502298
3.44578786753118
7.06609259359539
8.92923679202795
9.54034670556653
4.00330055559685
16.1925569945432
2.44734201517205
6.91471207956715
13.2005421910435
0.363126256906101
2.52921879743202
16.3388234097511
16.1513041591175
3.40239997021854
3.24803059920669
9.84786120354719
11.4460203796625
14.3159672617912
27.4133171420544
4.7289428370281
1.63622321560979
15.4916404215536
1.54582494869828
3.45392609015107
12.1231012046337
4.29971410801875
13.3860655132233
13.4828203357756
3.37732518949582
8.88099263527567
16.5586005430669
4.43834177547033
13.3060348888758
12.0119783096015
0.285304617136717
3.77055238932371
8.82756500504911
12.4169901013374
8.93998854364199
10.8298496298567
9.14547911743881
7.49904317781329
6.99064484145106
7.12772943079472
12.7517301589251
14.178897999227
5.20352078601718
3.70511966757476
9.44730406627059
4.12618643604219
1.12956032651196
8.56601903215051
4.30975928902626
10.7523721642792
4.59056776016951
3.43567593954504
5.57296117767692
17.5530675379702
18.2842893991619
9.82741428730627
2.51072621904314
12.8464057575911
27.0866598933935
5.73424207977951
3.33337399789052
11.6044026369765
22.7322139777243
4.65774060262941
16.1160385147972
7.98654899329021
5.47779199187948
13.5344850830734
12.4901794362813
3.94740401510486
3.72331752455671
10.3154900300467
17.7610347978771
23.8051799153272
0.425694556906819
10.913934931159
26.2932968215697
24.9381118454039
10.8411402907223
19.9310072395945
0.148899331541629
2.47910098587301
21.8316194190048
0.953514268621802
11.5218384191394
12.5525656106362
5.12223462574184
13.7847185529813
17.0925987907734
7.20533576742869
6.96731950156391
4.52201925218105
12.0578506495804
5.01926423295248
7.31408727283063
3.31637724302709
9.83417127303613
1.17933982983232
10.7980001252145
7.938567527638
7.90281021036208
7.81633052974939
8.8519682357512
1.62982118917698
17.5799891275787
9.4930256716907
13.3690906688571
21.8089911301898
6.143843755126
2.78197857551277
10.8303590283247
0.628302898257971
15.7424450425009
11.698916554451
5.21944058127701
8.65282779381975
4.85808393439779
6.02314812696323
15.0093032512814
28.5460971761495
19.7041721534348
8.42368501833876
10.1250495295972
3.80710045186973
4.46774149313569
10.5846303980798
7.47208632528782
5.95713509492808
2.53437604538653
10.2027863775141
0.3480137903425
15.5841630883515
22.6231681182981
1.41015336848795
5.23468881925059
18.6820924747735
0.25753833482976
19.5459487028624
10.5921753682196
2.34004920348525
9.82877662641655
7.59385364329438
7.48943016893259
16.299601892424
13.8217227999121
2.90009304881096
4.56786965029802
6.73603785563076
1.49475652724504
8.17716675810516
20.8914456608693
8.12799464911222
3.67383752018213
11.415481263469
6.09663319773972
17.5213937181979
1.63451106355293
1.7403572332114
7.01881988310034
16.6671243030578
11.6194620262831
2.6845021173358
10.682403575629
1.96942035075184
1.37977958656847
1.86320566572249
13.7294448912144
14.909137878567
7.75734689086676
14.9522304069251
0.286599202081561
3.78926107659936
5.45655889436603
5.10156457312405
2.40684607997537
16.3625531110847
0.327978375880104
17.9011387750506
1.53912358596711
14.6193427020541
0.408925535157323
15.4688371345401
16.6692940983921
10.5318376328796
1.47362802169518
16.8153267524292
2.26816260493976
10.5129381955254
14.4563129048987
3.90002091996964
5.7638808810804
5.21850110296168
3.06946826167405
10.4300270910054
10.2864066138864
12.8646725788713
7.87128107622266
6.08097035437822
22.1635539550334
5.25185117729211
19.0216911491007
3.55671338467237
15.2421887032688
12.0074670761824
1.0213315661923
23.2829386368394
15.5120509291346
3.40609988197684
15.96714053303
9.79192177765071
8.95116040483117
2.4726683535334
16.3037135049666
13.1583623588085
17.1513552185965
7.73245406880534
11.6318581625819
12.5998294446617
30.1300467851252
6.4612615853548
4.47924703407418
11.5074120927602
9.35143851675093
20.949067408219
4.01096225456704
0.925874244421721
2.65659675933421
3.67912426590919
16.2839736789465
15.8331300253331
5.92693761354318
10.7007021084428
6.35135983458362
12.3407858442915
15.1864083949476
7.56364897824824
7.36967645386808
37.7368001267314
1.70514122582972
16.605161684333
15.0097925681621
0.193843449922495
10.097162627767
11.7859046440572
4.70959524928939
10.1291772982946
1.67671359047048
2.2313523106277
1.87698944679231
1.03096753120571
4.52198954299092
18.676018435508
24.5321523393808
16.3513109087944
13.8293838594109
19.8656553402543
7.19969938509166
3.67699977941811
4.1996895801276
0.114809480364956
7.39116328768432
3.13872679774935
3.31691838800907
13.842434445187
3.57050794166512
6.66087209247053
10.8879384041941
5.0428469418663
26.9431276246905
12.8727360162884
16.650860151276
1.29770142957568
16.4173870383677
12.0921466025752
5.8783121407032
11.5969507396818
4.55495710484684
5.53326955842558
8.29449384473264
2.15526949614286
5.89111899025738
10.4307620585517
11.273793829605
16.6636223439127
1.60980986963008
46.6807075310498
7.00188116170466
15.6046196818352
5.5118041113019
1.07695053906766
3.21155097335577
15.2079536113888
6.75450079039703
3.52663891389966
8.10143509968248
14.2064212355763
10.1340837311
0.635933473517808
4.22595650888979
19.0460471902043
3.36813937818498
0.0816325085553705
5.01909158231217
5.36715197376907
2.04118224792182
7.74523029103875
3.56267890892923
26.8974023405463
6.89132463145882
4.96453315690624
9.25192818976939
4.97998967766762
7.53863425925374
11.2181384116411
14.8636177182198
10.8675159056405
7.10213044658303
11.044641956687
0.310974740875356
15.7521437387913
3.36733149648716
40.130280982703
5.93831201137801
6.52058124542236
12.3145611997102
2.73727606981993
9.18413628653579
4.67365644872189
0.805859593674541
0.070000086936914
5.4249510514046
5.40387014677763
11.3760492806459
7.42274164005684
27.0504366606474
5.27263958610631
4.76942951790988
7.95772932469845
5.27077151198805
4.95085678281113
0.817431579590058
1.93943007272934
0.483917817473412
7.33030810952187
3.12921847216785
13.6480410117656
12.4118818222108
0.197096812226604
15.498083188928
3.63959587547151
3.75295987070835
12.4504864117802
5.25813533459985
8.43389853835106
8.01471616141498
11.5987504345925
21.7267646085369
1.67773214532764
8.42045181313409
23.7034450285137
26.2195428178082
12.0833725835375
0.316221913055682
17.4931610934436
12.6339582029064
2.64435298740864
14.1232429072261
4.14879745803773
1.19938128627837
6.43853726796806
2.79707433655858
16.5514488704503
0.688355020443455
5.8484346843034
0.155796250328422
22.7991726185591
2.2189803151902
5.23542542941868
7.38732881179193
6.81298513772422
6.32727784104645
12.6282337319145
19.8870383668691
13.5525049587924
14.026287663728
6.19569718837738
11.5063054487109
9.17410203255713
23.8438404165208
10.1526394486427
13.0665446165949
19.691105285484
28.9445248957404
3.50610400778777
6.40402580611408
14.0771162230521
9.80184897780418
0.388152897357941
8.71590321507235
16.0090256016701
4.10793174975593
5.71715378736856
6.32969705307907
8.77915015726393
3.65100427731636
14.214128163312
1.41910230921203
10.4983600322157
5.00948010012507
16.6659240145236
17.8257709834725
6.54278023654051
15.1188584044576
3.10534690506756
4.68312324853274
11.3473842386156
5.47263328917325
6.38280807286463
2.93490332420429
8.5303524043411
10.8465071727899
1.34844894827352
16.3495964370668
4.30096932686865
2.48451787147019
12.9142553079873
4.97754653915763
5.44401258230209
16.3967245724052
14.9629091971732
16.4997058920562
17.5259494222701
11.5692334715277
11.2557252403349
9.94818052276969
3.06518766318072
0.456782112155663
9.67493718490005
6.04920042678714
7.43123334673232
20.6352406156871
2.74167060852051
2.53436340887023
19.8721020462449
15.534286001194
16.6577278814446
1.13522452302277
4.15858783172121
3.05468738079071
9.43561069126267
4.41136439330876
21.8228583689779
0.67807836458087
14.4160723779351
18.058397481218
18.3228786569089
0.279204731378557
2.54046292975545
10.8848583418876
13.1437033762507
15.4400747202165
3.75984167229651
3.4501273650676
15.4546301794704
14.6328777074814
3.47731304354966
4.52234633404559
16.9539439136584
7.96110881492496
1.88566390424967
14.2302480813826
5.0811937820081
11.4089449084087
3.61113604158163
9.97705731737162
11.7372406012537
19.47448592706
5.71230257550418
12.7810458808419
10.6185473967344
9.9702544496292
1.10301654785872
6.82319290935993
7.99507098272443
15.7120001967996
3.6940208170563
9.59393344819546
4.14814911782742
13.6697025503963
9.5762986689806
14.6403966005892
8.89547513797879
4.70281852606345
3.28393765445057
5.86840347386897
12.3070488956715
0.0821568537503481
3.55877291088877
2.11751630326238
6.3074461184442
4.68282289803028
8.39525749906898
6.42840767623398
26.0368603281677
2.11262243710352
26.6201584715471
2.41634978890194
5.19601670093834
16.2276713718555
1.67876160703599
8.01971949352504
5.05374349217739
3.10027706436813
12.092838125036
4.18354858259378
1.6597204616881
5.32912951894104
5.61177581548691
3.10669536702335
17.69073237665
6.31794645451009
33.2924024667591
14.2098034729601
10.4963059094862
10.2088998853667
10.6624307110906
2.36842167742966
15.2667479589581
16.4397145621479
8.51189448664786
10.1492509711534
0.231791473925114
13.8231001717854
0.704870698973536
3.57203424885406
7.54109146073461
3.13879470340908
0.786816515028477
2.46376582290021
0.137936184182763
0.957920774817467
1.42306289635599
6.26075740064146
1.70245887050054
1.47531223483384
5.82798967241616
5.50297703593969
1.61818689666688
17.1379926148802
23.3950531110168
6.35667378082871
12.7730989484247
5.24334463925204
0.969412736594677
13.548464840278
2.55661383271217
16.7560575995594
18.5409369878471
1.44444429315627
1.62828287487676
24.3403353262693
0.670330942366471
4.63016377011122
3.81844150833786
3.49041040672174
19.1517509985715
4.38489117659628
9.63569701597862
13.861173446681
10.8990841827571
9.5395709387958
7.16240551919193
7.86863882094622
6.74866946579787
9.45255551487207
6.27835183404386
11.6042136379441
10.5348535813391
8.5769311501012
4.63563704394333
7.1927584707737
10.7471246737987
24.3897058535367
28.4197402668156
0.748550542512843
3.3684522844851
7.97408717723291
19.6610314257018
23.8402843475342
3.57223693341114
29.0279392153025
1.95296846187636
14.2713117413223
24.9157416511182
2.60483088552428
10.1509210793844
1.11373274286828
21.6895550871392
4.57687693652164
2.09006937220693
25.7910527754575
8.62744185564398
5.46626904979348
3.33224274218082
24.1556952707469
16.1230522673577
21.3902061671988
5.66457437275143
14.920098008588
13.6427849531174
18.6559784691781
3.13171256288821
1.82922217063606
9.3049842948623
3.66818169131875
8.79305340766315
6.42836306917006
8.50885304017455
4.68224190397133
4.71741988346846
0.824654288589954
4.56043973376344
2.85612107254565
4.57443129452944
6.25729183666408
23.1957419309765
4.31368220597506
18.233939120546
14.0880384482443
21.7785043641925
20.9359112700442
6.86990190297365
15.1141678448766
2.21176521943269
21.0302646737546
1.23159913346171
3.67601341567934
5.22324400953948
2.05697510391474
19.829975347966
15.4704052489251
7.31456570134362
5.24685522541404
32.1036658715457
1.86856696382165
15.4245358426124
10.1505434140563
10.8918724581599
5.72574785910547
13.1809712225142
4.19384893029928
3.02303105055291
13.742801921193
0.672516817607272
3.53773443461603
7.97852869145572
16.7139613150116
7.62089067138731
18.2535981293768
14.6722500678152
9.64017683046167
13.6288331821561
3.61049070230199
1.42592236455324
7.40885865972718
3.95854882535237
6.780742155388
13.5825956240296
4.9304445968168
8.74418392777443
30.6824574692689
2.7560988941204
0.00596601727479876
1.94949684664607
5.98085885867476
5.94645105302334
10.7409817632288
19.6955409366637
14.6600866231695
3.43365180306137
5.19383405829616
11.1002122696232
7.52217597328126
6.32210285402834
17.418940924108
16.1772715859115
1.22803431004286
15.9832024225965
12.3406376113385
8.48851486575588
12.0320790912956
1.46024227133635
8.32684631459415
1.17344514009486
6.49616604840724
1.31224049255252
13.7022677343339
3.18547162777207
17.208863934502
20.9785908926278
12.0307866018265
11.6866140529089
26.0266503666034
4.26330664228768
11.3620964524969
11.6333955898881
6.59666215069592
6.27734404988587
6.46654814481735
11.0567409751426
0.0304659791137094
13.7675232253969
13.3693640087698
22.8602512273937
8.96445588938966
3.77761167474091
3.50583126560967
0.150917749851942
15.0018222630024
16.8222045060247
1.33244250901043
3.11216187098907
5.79740325920284
4.82489666901529
0.903587379991071
3.32432892173529
9.80729474686086
16.6088293888076
16.1633551028013
11.5477188883211
6.74493997357786
24.7207386757513
4.29128548130393
10.2033167561496
13.4164688643068
14.2909036483616
5.9707240140017
8.54170671664178
10.3720787912607
3.05064666410388
3.24046458472505
13.7936913671757
4.6198055613786
13.0287179723382
0.641069794073701
7.80970677372249
2.2078207693994
7.79862026683986
2.50322362408042
1.31173407467213
16.1235828418285
6.70812763273716
16.1866770125926
3.63665823824704
11.894842563197
6.28155218419887
2.64792750648968
16.3402436724007
7.30220775325426
3.3483600243926
3.21139126913301
0.666793992751507
11.5376726258546
11.3538954872638
13.9960364904255
27.0830442197621
