"x"
156.945986262057
48.8236339424005
145.780547427479
197.137228677483
58.688521893695
123.689965377096
105.213035949972
60.7725667173153
122.546888973098
72.6449601491913
78.7711552698165
149.673010698985
49.8011798973114
56.7100623955699
104.384281103095
88.2599132642462
124.818181043956
106.422800095752
93.9311002343095
87.4785283785313
68.9428218109533
108.603504480395
142.544806076679
144.918030492609
100.170890131965
118.310982445255
127.06696757907
145.101865494624
139.251492467243
91.8697383554012
106.868460849859
82.3817525762133
104.217681813519
92.6520407139324
165.318626726512
90.5858271550387
142.722527049948
28.9419493109825
164.975332722533
46.2757841516286
135.144733360503
82.7693184829146
116.663549166173
140.095812947955
111.031992770266
72.513722742442
105.725234634428
76.0190984937362
127.110094834585
80.0120604661689
117.968088468961
71.4748892099596
76.0583962240582
60.4466471266933
112.492332616355
95.0525035159662
141.072781337946
133.572389859706
101.259021526203
106.554458982539
78.7778704078156
110.740742803551
91.1467738976664
145.191379342228
79.5374081670306
98.7279756967909
94.4128207415167
96.6179102958015
157.331136556808
84.703033324331
134.67470317008
84.8269036165438
146.198041919153
79.8748361085444
115.451072112657
134.024948698003
104.84755615718
121.50419581309
90.9157803291455
109.193767111748
114.301468435675
156.062509159092
57.0300336428918
89.9816238465719
113.587520965375
155.376865435392
41.2732209870592
117.383733325638
62.4612197812573
97.9607486245443
66.4310230859555
146.904021983966
121.189981263804
97.4168814201839
97.3412011954933
137.632446990152
107.748204720207
86.8260397254489
91.7129560824057
146.815387469251
