"x"
3.98223805913027
3.34736174717546
0.33503390243277
4.34432220412418
0.802344795979251
0.0735509825534032
4.87119131553621
0.951430837939778
0.523104840997402
0.690264155815931
2.91052874565653
4.11153648979962
4.78522525168955
3.02579046785831
6.32364299101755
5.09107513509577
0.393806943019824
3.13945328677073
4.06880263891071
4.0999861350283
2.08662278916473
1.68309073755518
5.46125227195336
4.2739339284483
1.44315042005281
1.40439899158185
1.09475770044883
3.20598214845723
9.87736863596365
1.10516053391621
1.92693398234064
1.34058112884034
6.31205363525078
2.98683563992381
8.98628600322342
0.160110116992325
0.292876680381596
4.49107775910658
10.0120044602081
2.35217963235136
6.6107512695019
10.295038213807
6.00732021215566
1.60851138430527
2.39154677465558
1.48806662964649
0.44485003290217
0.51118441429035
4.51892043231055
3.21527198363479
3.15666032203411
3.94116323115304
2.62081190105528
8.46226519206539
0.734257521573454
5.97524281125516
6.91605714848265
0.00532424799015366
3.96040701633319
0.824610516351575
9.10258260508999
6.02896006917581
2.19035405432805
2.18497739695161
1.8313611467498
7.23015576414764
2.27797631593421
7.03254818762892
3.8670001069362
2.93902283933049
2.09098633075231
8.07046158146113
4.43194891652092
4.00796220228707
5.01951616303995
1.82136253081262
1.01426702924073
2.2541536479257
3.59387336737574
8.1247907099314
3.69210926117375
4.20411412134754
4.60959694208577
2.42974789415867
5.77745188018599
6.03375556971878
3.78088671667501
3.61922919965662
4.19456158606839
2.19819810375611
5.27530102338642
0.512569325510412
3.83923567598686
2.18017237905874
2.96199458325282
5.83528648177162
2.23617731907348
6.0172370262444
2.86225490598008
3.6338920276612
