"x"
4.25583406225962
9.18402776028961
14.2797637120821
9.54590167757124
12.0031926381732
11.6704603359103
14.3732356769914
8.58518567259348
8.89698938559741
5.75601807748899
15.2356757218949
4.75500693184556
13.1927774031647
11.1595267513767
7.84020541235805
7.10121198557317
8.61974574252963
9.68388421973214
8.08383188210428
11.8588138455525
14.8115913695656
11.8274094695225
11.4190330761485
19.1236780805347
9.85227302308247
15.4325141734444
13.6451738630421
10.0880590667948
9.19286724442513
11.1191904181615
9.76025124465541
11.1452142284252
7.6256095105444
4.50835947319865
11.4836826827377
3.3918377305381
10.5057575611455
12.0862229671329
15.464409142267
12.6631451422443
11.4805470881984
8.84537309442289
12.7332312399603
14.8178161899559
16.2276264117099
15.6234919521958
12.9273218549788
5.93099457258359
12.2447337876074
10.772164111957
5.40047507034615
14.3122839940173
14.7293371813555
15.3947889329866
17.5291784699075
6.67923724511638
9.75150022795424
7.22312286123633
7.73100773866063
10.5482304959554
15.0757790962234
9.27968925610185
6.01367365289479
12.3317537968978
11.3968973583542
16.1522778640249
17.1756965056993
16.259441266302
7.15725024277344
9.51835962037859
12.5908537795767
7.34224548903108
12.6734023913741
12.568504763906
10.4306264352053
7.95719173307893
9.24436296662316
7.63100628342327
9.05762705516008
15.2843013256788
10.8491791086271
5.36321186972782
10.4380767946132
7.59221772104502
13.0968533844292
11.2936232881621
7.94595636008307
12.5192049150355
12.8736351150249
15.1690588658676
16.5470235552639
0.880825658278807
14.6486887754872
6.92134032491595
17.2831902522594
7.81368741346523
10.580549782142
7.11319523630664
9.3903662734665
8.67724086670205
