"x"
0.558343339724447
7.5800222530961
10.6487888130359
11.0950988545083
11.0194136132486
9.82557254345967
4.47702429816127
12.793403161224
11.6775897606276
2.11105008151315
12.6217031269334
5.81310308771208
12.2705780575052
5.97890984779224
5.52473114803433
7.77065264387056
13.5970921609551
1.90474849948939
6.34763048915192
11.0480912765488
9.90923337964341
13.6423102319241
11.6438648127951
3.44686638750136
7.22703667925804
9.28045875253156
9.1796544813551
7.82416572291455
5.66391918229222
9.75101683585279
11.7666217158549
8.59269900094849
6.26408996614438
7.49934071023017
14.2209741496481
7.89709814591333
13.7881285795011
3.67919394699857
13.9905001684092
5.01409837118672
8.81696635857224
7.87549774255604
7.99916131189093
7.62113621737808
9.75845105526969
14.5781394322403
6.39607762504967
12.6463652467355
11.4991071741097
3.31817369365946
11.1181999538094
3.9060931440169
6.30091929109767
9.15218698047101
6.22156391003439
7.79780985927209
5.99530422175303
14.8241659845226
10.6168125214254
10.8905943688005
9.75668984733536
12.7713834531605
7.31864413199946
5.25027375402296
9.83779818125211
15.0215742290924
5.91862020784027
8.59811029862612
2.21154362012486
7.95529903131031
15.6806354764849
13.756951093208
3.84249839466065
13.7697885939851
11.3453966192901
10.5295564457774
10.7441621138714
9.82354973908514
13.0492695816793
11.6150681851432
7.14250784134492
8.89740191353485
1.31393311405554
8.58626686164282
4.09653965150937
4.51512619620189
13.9596240408719
5.90706448210403
10.1669119885191
9.22270870115608
7.78267033165321
9.92331697744869
12.6224299133755
10.9573636455461
9.31675826897845
1.66701502112127
7.45741250679453
6.55594810796902
5.25507445586845
4.47366618217359
