"x"
29.3189189065145
20.0900399934334
22.2009295326862
24.8041623567996
20.2781679537305
24.0813909552825
12.0438088690862
13.5456349491142
17.9677458708175
21.4127823202974
25.7812148758731
14.3064297437668
15.0594079066068
17.7305913157761
20.2769775733185
21.053505577479
11.9820155762136
20.8784081338443
19.2217552129549
24.1228086906364
16.9133420018479
16.1939763226546
17.1141482829116
15.8615555497818
16.2774149794132
17.9552682931535
18.6829317421652
16.35443233978
12.6002209335566
21.9116158166298
13.9288679212332
5.57625678135082
13.3725593565032
23.2141298426149
14.1793529586866
11.998504422605
18.1815215293318
15.489714351017
19.5785328406598
16.0143383913673
18.4504760149866
24.0294397434053
18.4033745932393
20.2307448478249
11.6422503828071
18.6750993565656
19.2871073137802
28.2041026258675
16.7826648666523
23.985607980727
13.9719536863267
20.3689196917993
15.9822840993293
9.73795402050018
15.7767844218761
17.8280416647904
19.2692179268059
16.4125507380813
21.3096422899328
23.6334969008408
12.6611104770564
20.1675838954092
13.246837397106
17.9436741722748
15.0002176850103
18.7244846227455
13.9749287506565
14.6264560958371
24.5658178576313
24.1878375464884
13.6194330518093
17.5679134363309
17.7810341496952
14.1567272767425
15.4991570301354
14.3006427227519
18.5539528350346
11.2879855697975
21.583744801378
25.7160409603101
14.6678258297034
16.3129523294047
19.2168539091653
14.2266862238757
19.0749004835096
22.9924668676985
22.996126866674
12.8549036826007
22.4541830147903
11.7666217158549
19.7870828758759
15.9763934276998
15.3846503589302
14.2209741496481
20.229715156166
22.9391358034293
22.2710865909772
20.9108709867877
20.0218917762694
16.8371572033502
